Device,PTPTime,UnixTime,Protocool,CurrentDeviceTime,AccX,AccY,AccZ,GyroX,GyroY,GyroZ,HeartRate
WATCH,1642571161828,1642571161828,4,1642571161828,-0.030,0.060,0.025,-0.014,-0.000,0.012,71
WATCH,1642571161839,1642571161839,4,1642571161839,0.112,-0.058,0.016,-0.049,-0.018,0.045,71
WATCH,1642571161849,1642571161849,4,1642571161849,-0.133,0.083,-0.039,-0.056,0.020,0.048,71
WATCH,1642571161858,1642571161858,4,1642571161858,-0.177,0.048,-0.024,-0.027,-0.007,-0.017,71
WATCH,1642571161868,1642571161868,4,1642571161868,-0.156,0.116,-0.025,-0.031,0.006,-0.042,71
WATCH,1642571161878,1642571161878,4,1642571161878,-0.003,0.049,-0.021,0.015,-0.008,-0.021,71
WATCH,1642571161888,1642571161888,4,1642571161888,0.035,-0.025,0.007,0.016,0.006,0.024,71
WATCH,1642571161898,1642571161898,4,1642571161898,-0.060,-0.009,0.015,0.008,0.008,0.001,71
WATCH,1642571161908,1642571161908,4,1642571161908,-0.042,0.022,0.029,0.006,0.003,0.002,71
WATCH,1642571161918,1642571161918,4,1642571161918,0.017,0.004,0.042,0.015,0.011,0.017,71
WATCH,1642571161928,1642571161928,4,1642571161928,-0.007,0.025,0.056,-0.005,0.013,0.026,71
WATCH,1642571161938,1642571161938,4,1642571161938,-0.107,0.118,0.010,-0.028,-0.007,0.036,71
WATCH,1642571161948,1642571161948,4,1642571161948,-0.161,0.109,0.012,-0.033,0.023,0.071,71
WATCH,1642571161958,1642571161958,4,1642571161958,-0.195,0.149,-0.011,-0.048,-0.001,0.080,71
WATCH,1642571161968,1642571161968,4,1642571161968,-0.289,0.174,-0.082,-0.053,-0.019,0.068,71
WATCH,1642571161978,1642571161978,4,1642571161978,-0.378,0.177,-0.105,-0.055,-0.001,0.105,71
WATCH,1642571161988,1642571161988,4,1642571161988,-0.492,0.187,-0.149,-0.077,-0.022,0.112,71
WATCH,1642571161998,1642571161998,4,1642571161998,-0.605,0.212,-0.216,-0.080,-0.037,0.097,71
WATCH,1642571162008,1642571162008,4,1642571162008,-0.599,0.137,-0.262,-0.038,-0.046,0.085,71
WATCH,1642571162017,1642571162017,4,1642571162017,-0.704,0.067,-0.305,-0.033,-0.014,0.107,71
WATCH,1642571162028,1642571162028,4,1642571162028,-0.921,0.092,-0.344,-0.026,0.010,0.155,71
WATCH,1642571162038,1642571162038,4,1642571162038,-1.040,0.089,-0.291,-0.029,0.026,0.182,71
WATCH,1642571162048,1642571162048,4,1642571162048,-1.159,0.115,-0.264,-0.027,0.007,0.167,71
WATCH,1642571162058,1642571162058,4,1642571162058,-1.431,0.203,-0.270,-0.012,0.022,0.161,71
WATCH,1642571162067,1642571162067,4,1642571162067,-1.619,0.154,-0.228,0.057,0.033,0.131,71
WATCH,1642571162077,1642571162077,4,1642571162077,-1.701,-0.039,-0.156,0.125,0.030,0.126,71
WATCH,1642571162088,1642571162088,4,1642571162088,-1.960,-0.146,-0.090,0.161,0.042,0.074,71
WATCH,1642571162097,1642571162097,4,1642571162097,-2.184,-0.313,0.082,0.235,0.031,0.037,71
WATCH,1642571162107,1642571162107,4,1642571162107,-2.325,-0.478,0.289,0.279,0.030,0.001,71
WATCH,1642571162118,1642571162118,4,1642571162118,-2.444,-0.389,0.460,0.260,0.068,-0.049,71
WATCH,1642571162127,1642571162127,4,1642571162127,-2.242,-0.375,0.661,0.215,0.094,-0.123,71
WATCH,1642571162137,1642571162137,4,1642571162137,-1.950,-0.300,0.789,0.137,0.101,-0.124,71
WATCH,1642571162147,1642571162147,4,1642571162147,-2.013,-0.182,0.820,0.059,0.034,-0.112,71
WATCH,1642571162157,1642571162157,4,1642571162157,-2.092,-0.171,0.754,0.035,-0.050,-0.052,71
WATCH,1642571162167,1642571162167,4,1642571162167,-2.380,-0.159,0.700,-0.004,-0.042,0.037,71
WATCH,1642571162177,1642571162177,4,1642571162177,-2.326,-0.001,0.519,-0.042,-0.020,-0.012,71
WATCH,1642571162186,1642571162186,4,1642571162186,-1.889,-0.249,0.509,-0.005,0.018,-0.099,71
WATCH,1642571162197,1642571162197,4,1642571162197,-0.410,-1.945,-0.453,-0.151,0.184,-0.301,71
WATCH,1642571162207,1642571162207,4,1642571162207,-1.216,-1.790,0.012,0.016,-0.203,0.039,71
WATCH,1642571162217,1642571162217,4,1642571162217,-0.764,-1.175,0.032,-0.032,0.083,-0.111,71
WATCH,1642571162226,1642571162226,4,1642571162226,-0.727,-0.818,0.178,0.037,0.026,-0.027,71
WATCH,1642571162236,1642571162236,4,1642571162236,-0.747,-0.500,0.237,0.037,-0.017,-0.060,71
WATCH,1642571162246,1642571162246,4,1642571162246,-0.719,-0.267,0.364,0.094,-0.003,-0.056,71
WATCH,1642571162256,1642571162256,4,1642571162256,-0.637,-0.126,0.450,0.135,0.029,-0.006,71
WATCH,1642571162266,1642571162266,4,1642571162266,-0.652,-0.161,0.521,0.156,0.035,0.076,71
WATCH,1642571162276,1642571162276,4,1642571162276,-0.735,-0.088,0.582,0.072,0.008,0.117,71
WATCH,1642571162286,1642571162286,4,1642571162286,-0.560,0.046,0.732,-0.026,-0.039,0.018,71
WATCH,1642571162296,1642571162296,4,1642571162296,-0.460,0.272,0.866,-0.094,-0.030,-0.101,71
WATCH,1642571162306,1642571162306,4,1642571162306,-0.358,0.792,0.883,-0.131,0.013,-0.156,71
WATCH,1642571162316,1642571162316,4,1642571162316,-0.096,1.176,0.860,-0.124,0.016,-0.134,71
WATCH,1642571162326,1642571162326,4,1642571162326,0.141,1.402,0.825,-0.100,0.036,-0.074,71
WATCH,1642571162336,1642571162336,4,1642571162336,0.187,1.691,0.763,-0.083,-0.009,0.032,71
WATCH,1642571162346,1642571162346,4,1642571162346,-0.034,1.901,0.754,-0.053,-0.018,0.124,71
WATCH,1642571162356,1642571162356,4,1642571162356,-0.286,2.076,0.800,0.014,-0.012,0.174,71
WATCH,1642571162366,1642571162366,4,1642571162366,-0.561,2.269,0.847,0.036,-0.039,0.261,71
WATCH,1642571162376,1642571162376,4,1642571162376,-0.802,2.598,0.973,-0.003,-0.045,0.326,71
WATCH,1642571162386,1642571162386,4,1642571162386,-1.085,3.388,1.097,-0.029,-0.062,0.364,71
WATCH,1642571162395,1642571162395,4,1642571162395,-1.441,4.716,1.232,-0.070,-0.056,0.360,71
WATCH,1642571162405,1642571162405,4,1642571162405,-1.798,6.921,1.284,-0.210,-0.047,0.353,71
WATCH,1642571162416,1642571162416,4,1642571162416,-2.158,8.721,1.351,-0.126,-0.012,0.282,71
WATCH,1642571162425,1642571162425,4,1642571162425,-5.031,0.259,1.077,0.765,0.210,-0.728,71
WATCH,1642571162435,1642571162435,4,1642571162435,-1.940,-1.121,-0.096,-0.000,0.277,-1.312,71
WATCH,1642571162445,1642571162445,4,1642571162445,1.378,-0.418,-0.106,-0.319,0.181,-0.923,71
WATCH,1642571162455,1642571162455,4,1642571162455,1.629,0.632,-0.180,-0.216,0.026,-0.268,71
WATCH,1642571162465,1642571162465,4,1642571162465,1.225,0.779,-0.174,-0.059,0.048,0.117,71
WATCH,1642571162475,1642571162475,4,1642571162475,0.470,0.375,-0.224,-0.064,0.012,0.186,71
WATCH,1642571162485,1642571162485,4,1642571162485,0.314,-0.208,-0.332,-0.074,0.042,0.115,71
WATCH,1642571162495,1642571162495,4,1642571162495,0.433,-0.708,-0.458,-0.028,0.025,0.049,71
WATCH,1642571162505,1642571162505,4,1642571162505,0.640,-1.426,-0.547,0.013,-0.034,-0.004,71
WATCH,1642571162515,1642571162515,4,1642571162515,0.314,-1.288,-0.701,0.005,-0.049,-0.085,71
WATCH,1642571162525,1642571162525,4,1642571162525,-0.094,-0.970,-0.693,0.033,-0.048,-0.132,71
WATCH,1642571162535,1642571162535,4,1642571162535,0.179,-1.029,-0.606,0.006,-0.061,-0.044,71
WATCH,1642571162545,1642571162545,4,1642571162545,0.233,-0.720,-0.578,-0.035,-0.081,0.035,71
WATCH,1642571162555,1642571162555,4,1642571162555,0.143,-0.631,-0.528,-0.037,-0.104,0.080,71
WATCH,1642571162565,1642571162565,4,1642571162565,-0.040,-0.669,-0.498,-0.008,-0.084,0.086,71
WATCH,1642571162575,1642571162575,4,1642571162575,-0.268,-0.639,-0.426,0.003,-0.059,0.073,71
WATCH,1642571162585,1642571162585,4,1642571162585,-0.238,-0.547,-0.362,-0.011,-0.036,0.021,71
WATCH,1642571162595,1642571162595,4,1642571162595,-0.086,-0.601,-0.379,0.013,0.023,-0.036,71
WATCH,1642571162605,1642571162605,4,1642571162605,-0.012,-0.148,-0.442,0.014,0.015,0.011,71
WATCH,1642571162615,1642571162615,4,1642571162615,-0.053,-0.455,-0.412,0.046,0.061,0.026,71
WATCH,1642571162624,1642571162624,4,1642571162624,-0.182,-0.549,-0.437,0.064,0.052,0.025,71
WATCH,1642571162634,1642571162634,4,1642571162634,-0.740,-0.694,-0.515,0.129,0.054,0.053,71
WATCH,1642571162644,1642571162644,4,1642571162644,-1.071,-0.777,-0.483,0.121,0.031,0.016,71
WATCH,1642571162654,1642571162654,4,1642571162654,-1.002,-0.661,-0.463,0.093,0.005,0.000,71
WATCH,1642571162664,1642571162664,4,1642571162664,-0.857,-0.409,-0.437,0.077,0.013,-0.003,71
WATCH,1642571162674,1642571162674,4,1642571162674,-0.533,-0.110,-0.405,0.048,0.049,-0.018,71
WATCH,1642571162684,1642571162684,4,1642571162684,-0.140,0.315,-0.358,-0.004,0.056,-0.037,71
WATCH,1642571162694,1642571162694,4,1642571162694,0.418,0.207,-0.268,0.003,0.088,0.003,71
WATCH,1642571162704,1642571162704,4,1642571162704,0.771,-0.036,-0.277,0.052,0.074,0.058,71
WATCH,1642571162715,1642571162715,4,1642571162715,1.493,-0.820,-0.019,-0.007,0.069,0.117,71
WATCH,1642571162724,1642571162724,4,1642571162724,1.715,-1.785,0.022,0.079,0.034,0.160,71
WATCH,1642571162734,1642571162734,4,1642571162734,1.741,-2.830,0.128,0.151,-0.048,0.192,71
WATCH,1642571162744,1642571162744,4,1642571162744,1.763,-4.050,0.253,0.152,-0.033,0.230,71
WATCH,1642571162754,1642571162754,4,1642571162754,1.807,-4.526,0.264,0.084,-0.009,0.285,71
WATCH,1642571162764,1642571162764,4,1642571162764,-1.722,-3.620,0.551,-0.103,0.013,0.105,71
WATCH,1642571162774,1642571162774,4,1642571162774,-2.494,-1.370,0.515,-0.145,0.038,-0.358,71
WATCH,1642571162784,1642571162784,4,1642571162784,-1.259,1.469,0.336,-0.155,0.086,-0.345,71
WATCH,1642571162794,1642571162794,4,1642571162794,-0.335,2.619,0.443,-0.163,0.122,-0.320,71
WATCH,1642571162804,1642571162804,4,1642571162804,0.191,3.820,0.360,-0.139,0.081,-0.163,71
WATCH,1642571162814,1642571162814,4,1642571162814,0.204,4.066,0.200,-0.073,-0.017,-0.001,71
WATCH,1642571162824,1642571162824,4,1642571162824,0.030,4.115,-0.248,-0.074,-0.016,0.112,71
WATCH,1642571162833,1642571162833,4,1642571162833,-0.243,4.315,-0.296,-0.047,0.017,0.227,71
WATCH,1642571162843,1642571162843,4,1642571162843,-0.097,4.614,-0.138,-0.036,-0.034,0.055,71
WATCH,1642571162853,1642571162853,4,1642571162853,-0.014,5.508,-0.220,-0.006,-0.033,-0.025,71
WATCH,1642571162863,1642571162863,4,1642571162863,-0.033,2.993,-0.253,0.079,-0.124,-0.302,71
WATCH,1642571162873,1642571162873,4,1642571162873,-0.057,0.311,-0.109,0.243,-0.030,-0.268,71
WATCH,1642571162883,1642571162883,4,1642571162883,-0.008,-0.174,-0.182,0.097,-0.174,-0.028,71
WATCH,1642571162893,1642571162893,4,1642571162893,-0.012,-0.377,-0.160,0.044,-0.194,0.089,71
WATCH,1642571162903,1642571162903,4,1642571162903,-0.064,-0.459,-0.051,-0.011,-0.156,0.032,71
WATCH,1642571162913,1642571162913,4,1642571162913,-0.188,-0.117,-0.001,-0.053,0.131,0.010,71
WATCH,1642571162923,1642571162923,4,1642571162923,-0.274,0.686,-0.247,-0.034,0.352,-0.082,71
WATCH,1642571162933,1642571162933,4,1642571162933,-0.128,0.732,-0.255,0.011,0.288,-0.038,71
WATCH,1642571162943,1642571162943,4,1642571162943,0.053,0.546,-0.202,0.017,0.002,0.047,71
WATCH,1642571162953,1642571162953,4,1642571162953,0.010,0.519,-0.258,0.027,0.012,0.036,71
WATCH,1642571162963,1642571162963,4,1642571162963,-0.063,0.610,-0.363,0.039,-0.002,-0.026,71
WATCH,1642571162973,1642571162973,4,1642571162973,-0.052,0.415,-0.432,0.048,-0.011,-0.017,71
WATCH,1642571162983,1642571162983,4,1642571162983,-0.039,-0.079,-0.405,0.027,0.001,0.012,71
WATCH,1642571162993,1642571162993,4,1642571162993,0.003,-0.191,-0.388,0.002,0.015,0.024,71
WATCH,1642571163002,1642571163002,4,1642571163002,-0.098,-0.508,-0.149,-0.048,0.041,0.013,71
WATCH,1642571163013,1642571163013,4,1642571163013,-0.001,-0.350,0.008,-0.063,-0.008,-0.027,71
WATCH,1642571163022,1642571163022,4,1642571163022,0.105,-0.129,0.013,-0.039,0.009,0.040,71
WATCH,1642571163032,1642571163032,4,1642571163032,0.023,0.110,-0.004,-0.003,-0.007,-0.031,71
WATCH,1642571163042,1642571163042,4,1642571163042,-0.020,0.038,-0.002,0.014,-0.006,-0.025,71
WATCH,1642571163052,1642571163052,4,1642571163052,-0.016,0.002,-0.000,0.008,0.002,0.011,71
WATCH,1642571163062,1642571163062,4,1642571163062,-0.004,0.010,-0.001,0.007,0.006,0.006,71
WATCH,1642571163072,1642571163072,4,1642571163072,0.001,0.010,-0.000,0.005,0.009,-0.005,71
WATCH,1642571163082,1642571163082,4,1642571163082,0.004,0.007,-0.002,0.004,0.011,-0.011,71
WATCH,1642571163092,1642571163092,4,1642571163092,-0.009,0.007,-0.001,0.003,0.010,-0.004,71
WATCH,1642571163102,1642571163102,4,1642571163102,-0.002,0.007,0.001,0.000,0.006,0.010,71
WATCH,1642571163112,1642571163112,4,1642571163112,0.002,0.008,0.003,0.002,0.003,-0.000,71
WATCH,1642571163122,1642571163122,4,1642571163122,-0.001,0.009,0.001,0.003,-0.001,-0.008,71
WATCH,1642571163132,1642571163132,4,1642571163132,-0.002,0.008,-0.002,0.005,-0.003,-0.005,71
WATCH,1642571163141,1642571163141,4,1642571163141,-0.005,0.009,0.002,0.005,-0.004,-0.003,71
WATCH,1642571163152,1642571163152,4,1642571163152,0.001,0.006,0.000,0.005,-0.002,0.001,71
WATCH,1642571163161,1642571163161,4,1642571163161,0.002,0.001,-0.002,0.003,-0.002,0.005,71
WATCH,1642571163171,1642571163171,4,1642571163171,0.002,0.003,-0.005,0.001,0.001,-0.006,71
WATCH,1642571163182,1642571163182,4,1642571163182,-0.001,0.002,-0.001,-0.001,0.005,-0.007,71
WATCH,1642571163191,1642571163191,4,1642571163191,-0.000,0.007,-0.001,-0.001,0.008,0.004,71
WATCH,1642571163201,1642571163201,4,1642571163201,-0.001,0.003,0.001,-0.000,0.009,0.005,71
WATCH,1642571163211,1642571163211,4,1642571163211,0.003,0.000,-0.000,-0.001,0.011,-0.004,71
WATCH,1642571163221,1642571163221,4,1642571163221,0.002,0.004,0.004,0.000,0.010,-0.008,71
WATCH,1642571163231,1642571163231,4,1642571163231,-0.003,0.008,0.000,0.004,0.008,-0.008,71
WATCH,1642571163241,1642571163241,4,1642571163241,-0.006,0.006,0.002,0.003,0.003,-0.002,71
WATCH,1642571163251,1642571163251,4,1642571163251,-0.001,0.002,0.000,0.003,0.001,0.007,71
WATCH,1642571163261,1642571163261,4,1642571163261,0.002,0.004,-0.001,0.002,-0.002,0.001,71
WATCH,1642571163271,1642571163271,4,1642571163271,0.002,0.002,-0.002,0.001,-0.003,-0.006,71
WATCH,1642571163281,1642571163281,4,1642571163281,-0.001,-0.004,-0.002,-0.000,-0.002,-0.005,71
WATCH,1642571163291,1642571163291,4,1642571163291,-0.004,-0.001,-0.001,0.000,-0.003,0.000,71
WATCH,1642571163301,1642571163301,4,1642571163301,-0.003,0.001,0.001,-0.002,-0.003,0.001,71
WATCH,1642571163311,1642571163311,4,1642571163311,0.001,0.007,0.002,-0.001,-0.002,0.001,71
WATCH,1642571163321,1642571163321,4,1642571163321,0.002,0.005,-0.001,0.000,-0.001,-0.002,71
WATCH,1642571163331,1642571163331,4,1642571163331,-0.003,0.006,-0.000,0.004,0.002,-0.006,71
WATCH,1642571163340,1642571163340,4,1642571163340,0.000,0.007,-0.005,0.006,0.004,-0.002,71
WATCH,1642571163350,1642571163350,4,1642571163350,-0.000,0.003,0.000,0.004,0.005,0.001,71
WATCH,1642571163361,1642571163361,4,1642571163361,0.009,0.002,-0.004,0.004,0.004,-0.003,71
WATCH,1642571163370,1642571163370,4,1642571163370,-0.000,0.004,-0.001,0.001,0.004,-0.004,71
WATCH,1642571163380,1642571163380,4,1642571163380,0.001,-0.003,0.001,-0.000,0.000,-0.001,71
WATCH,1642571163391,1642571163391,4,1642571163391,-0.003,-0.002,0.001,-0.001,0.000,0.002,71
WATCH,1642571163400,1642571163400,4,1642571163400,-0.001,0.002,-0.000,0.000,-0.001,-0.001,71
WATCH,1642571163410,1642571163410,4,1642571163410,-0.000,0.003,-0.000,0.001,-0.002,0.002,71
WATCH,1642571163420,1642571163420,4,1642571163420,0.001,0.003,0.000,0.002,-0.001,-0.003,71
WATCH,1642571163430,1642571163430,4,1642571163430,-0.002,0.003,-0.000,0.001,0.001,-0.007,71
WATCH,1642571163440,1642571163440,4,1642571163440,0.003,0.005,-0.001,0.002,0.001,-0.002,71
WATCH,1642571163450,1642571163450,4,1642571163450,-0.000,0.004,-0.002,0.002,0.005,0.002,71
WATCH,1642571163460,1642571163460,4,1642571163460,0.000,-0.003,-0.002,0.000,0.006,-0.000,71
WATCH,1642571163470,1642571163470,4,1642571163470,0.003,-0.009,0.002,-0.006,0.006,0.017,71
WATCH,1642571163480,1642571163480,4,1642571163480,0.002,-0.015,-0.003,-0.025,-0.005,0.122,71
WATCH,1642571163490,1642571163490,4,1642571163490,0.074,0.013,0.005,-0.005,-0.003,-0.062,71
WATCH,1642571163499,1642571163499,4,1642571163499,-0.024,0.008,0.011,0.008,0.014,-0.164,71
WATCH,1642571163510,1642571163510,4,1642571163510,-0.064,-0.005,0.001,0.004,0.016,-0.025,71
WATCH,1642571163519,1642571163519,4,1642571163519,-0.002,0.018,0.001,0.010,0.008,0.080,71
WATCH,1642571163529,1642571163529,4,1642571163529,0.009,0.009,-0.002,0.013,-0.006,0.073,71
WATCH,1642571163540,1642571163540,4,1642571163540,0.030,-0.010,-0.004,0.012,-0.018,0.027,71
WATCH,1642571163549,1642571163549,4,1642571163549,0.024,-0.005,0.004,0.010,-0.016,-0.127,71
WATCH,1642571163559,1642571163559,4,1642571163559,-0.041,0.004,0.002,0.001,-0.002,-0.060,71
WATCH,1642571163569,1642571163569,4,1642571163569,-0.018,-0.004,-0.000,-0.003,0.007,0.119,71
WATCH,1642571163579,1642571163579,4,1642571163579,0.036,0.006,0.002,0.005,0.003,0.052,71
WATCH,1642571163589,1642571163589,4,1642571163589,0.010,-0.008,0.003,0.005,-0.001,-0.063,71
WATCH,1642571163599,1642571163599,4,1642571163599,-0.002,0.011,0.004,0.003,-0.005,-0.035,71
WATCH,1642571163609,1642571163609,4,1642571163609,-0.005,0.021,-0.000,0.008,-0.005,-0.025,71
WATCH,1642571163619,1642571163619,4,1642571163619,-0.022,-0.004,-0.003,0.004,0.002,0.018,71
WATCH,1642571163629,1642571163629,4,1642571163629,-0.000,-0.026,-0.005,-0.004,0.012,0.094,71
WATCH,1642571163639,1642571163639,4,1642571163639,0.042,-0.001,-0.002,-0.007,0.017,-0.009,71
WATCH,1642571163649,1642571163649,4,1642571163649,0.010,0.017,-0.001,-0.003,0.015,-0.115,71
WATCH,1642571163659,1642571163659,4,1642571163659,-0.027,-0.002,-0.003,-0.003,0.013,-0.023,71
WATCH,1642571163668,1642571163668,4,1642571163668,-0.009,-0.012,0.002,-0.006,0.010,0.066,71
WATCH,1642571163678,1642571163678,4,1642571163678,0.010,-0.001,0.001,-0.009,0.001,0.046,71
WATCH,1642571163689,1642571163689,4,1642571163689,0.010,0.014,0.003,0.000,-0.006,0.005,71
WATCH,1642571163698,1642571163698,4,1642571163698,0.006,0.019,0.002,0.010,-0.008,-0.044,71
WATCH,1642571163709,1642571163709,4,1642571163709,-0.015,0.006,-0.001,0.010,-0.007,-0.051,71
WATCH,1642571163719,1642571163719,4,1642571163719,-0.015,-0.006,0.000,0.005,-0.005,0.032,71
WATCH,1642571163728,1642571163728,4,1642571163728,0.019,-0.008,-0.005,-0.003,-0.004,0.043,71
WATCH,1642571163738,1642571163738,4,1642571163738,0.013,-0.003,-0.002,-0.005,-0.004,-0.027,71
WATCH,1642571163748,1642571163748,4,1642571163748,-0.007,-0.009,-0.006,-0.006,0.000,-0.029,71
WATCH,1642571163758,1642571163758,4,1642571163758,-0.006,0.002,0.001,-0.005,0.007,0.009,71
WATCH,1642571163768,1642571163768,4,1642571163768,-0.000,0.011,0.002,-0.004,0.014,0.010,71
WATCH,1642571163778,1642571163778,4,1642571163778,-0.001,-0.002,0.001,-0.001,0.011,0.017,71
WATCH,1642571163788,1642571163788,4,1642571163788,0.009,-0.003,0.000,0.001,0.006,-0.002,71
WATCH,1642571163798,1642571163798,4,1642571163798,0.005,0.016,0.001,0.005,-0.003,-0.043,71
WATCH,1642571163808,1642571163808,4,1642571163808,-0.009,0.006,0.002,0.009,-0.012,-0.016,71
WATCH,1642571163818,1642571163818,4,1642571163818,-0.007,-0.006,0.001,0.005,-0.014,0.031,71
WATCH,1642571163828,1642571163828,4,1642571163828,0.006,-0.010,0.002,-0.000,-0.013,0.020,71
WATCH,1642571163838,1642571163838,4,1642571163838,0.006,-0.003,-0.002,-0.005,-0.007,-0.007,71
WATCH,1642571163847,1642571163847,4,1642571163847,0.004,0.007,0.000,-0.002,-0.000,-0.015,71
WATCH,1642571163858,1642571163858,4,1642571163858,-0.004,0.008,0.002,0.003,0.007,-0.023,71
WATCH,1642571163867,1642571163867,4,1642571163867,-0.011,0.007,0.002,0.004,0.011,0.007,71
WATCH,1642571163877,1642571163877,4,1642571163877,-0.003,-0.010,0.001,-0.001,0.013,0.032,71
WATCH,1642571163887,1642571163887,4,1642571163887,0.007,0.008,-0.001,0.000,0.011,0.001,71
WATCH,1642571163897,1642571163897,4,1642571163897,0.004,0.008,-0.002,0.004,0.011,-0.023,71
WATCH,1642571163907,1642571163907,4,1642571163907,-0.006,0.003,-0.001,0.006,0.012,-0.008,71
WATCH,1642571163917,1642571163917,4,1642571163917,-0.001,0.001,-0.002,0.002,0.013,-0.002,71
WATCH,1642571163928,1642571163928,4,1642571163928,0.001,-0.004,-0.001,-0.001,0.008,0.000,71
WATCH,1642571163937,1642571163937,4,1642571163937,0.002,-0.000,-0.001,-0.002,0.003,0.003,71
WATCH,1642571163947,1642571163947,4,1642571163947,-0.001,0.005,-0.001,0.000,-0.005,-0.006,71
WATCH,1642571163957,1642571163957,4,1642571163957,-0.005,0.004,-0.001,0.002,-0.008,-0.000,71
WATCH,1642571163967,1642571163967,4,1642571163967,-0.004,-0.003,-0.003,0.001,-0.006,0.017,71
WATCH,1642571163977,1642571163977,4,1642571163977,0.002,-0.001,-0.003,0.001,-0.005,0.011,71
WATCH,1642571163987,1642571163987,4,1642571163987,0.006,0.005,-0.002,0.003,-0.003,-0.012,71
WATCH,1642571163997,1642571163997,4,1642571163997,-0.003,-0.000,-0.002,0.004,-0.003,-0.017,71
WATCH,1642571164007,1642571164007,4,1642571164007,-0.004,-0.001,-0.002,0.001,-0.000,-0.012,71
WATCH,1642571164017,1642571164017,4,1642571164017,-0.000,-0.004,-0.001,-0.001,-0.000,-0.005,71
WATCH,1642571164027,1642571164027,4,1642571164027,-0.001,-0.005,0.001,-0.006,0.003,0.007,71
WATCH,1642571164037,1642571164037,4,1642571164037,0.005,0.006,0.004,-0.004,0.008,0.003,71
WATCH,1642571164047,1642571164047,4,1642571164047,0.001,0.009,0.002,0.000,0.006,-0.012,71
WATCH,1642571164056,1642571164056,4,1642571164056,-0.007,0.003,0.001,0.003,0.002,-0.005,71
WATCH,1642571164066,1642571164066,4,1642571164066,-0.003,-0.000,-0.003,0.001,-0.001,0.005,71
WATCH,1642571164076,1642571164076,4,1642571164076,0.002,-0.008,0.002,0.000,-0.008,-0.006,71
WATCH,1642571164086,1642571164086,4,1642571164086,-0.007,0.000,0.000,-0.002,-0.013,-0.004,71
WATCH,1642571164096,1642571164096,4,1642571164096,-0.009,-0.001,-0.001,0.002,-0.012,-0.003,71
WATCH,1642571164106,1642571164106,4,1642571164106,-0.001,-0.000,0.001,-0.001,-0.006,-0.011,71
WATCH,1642571164116,1642571164116,4,1642571164116,-0.006,-0.011,0.001,-0.003,0.004,0.006,71
WATCH,1642571164126,1642571164126,4,1642571164126,-0.004,-0.005,0.000,-0.005,0.011,0.021,71
WATCH,1642571164136,1642571164136,4,1642571164136,0.006,0.002,-0.000,-0.005,0.014,0.004,71
WATCH,1642571164146,1642571164146,4,1642571164146,0.001,0.007,0.003,0.001,0.014,-0.002,71
WATCH,1642571164156,1642571164156,4,1642571164156,-0.001,0.008,-0.001,0.004,0.014,0.000,71
WATCH,1642571164166,1642571164166,4,1642571164166,-0.006,0.005,0.002,0.006,0.008,-0.003,71
WATCH,1642571164176,1642571164176,4,1642571164176,-0.006,0.003,-0.002,0.004,0.006,0.000,71
WATCH,1642571164186,1642571164186,4,1642571164186,0.001,0.002,0.000,0.006,0.003,0.002,71
WATCH,1642571164196,1642571164196,4,1642571164196,0.007,0.003,-0.000,0.006,-0.002,-0.014,71
WATCH,1642571164206,1642571164206,4,1642571164206,-0.002,-0.000,-0.002,0.005,-0.005,-0.011,71
WATCH,1642571164216,1642571164216,4,1642571164216,0.001,-0.005,0.003,0.001,-0.004,0.007,71
WATCH,1642571164225,1642571164225,4,1642571164225,0.001,-0.001,-0.003,-0.002,-0.007,0.009,71
WATCH,1642571164235,1642571164235,4,1642571164235,-0.001,-0.001,0.002,-0.003,-0.005,0.004,71
WATCH,1642571164245,1642571164245,4,1642571164245,-0.000,0.003,-0.001,-0.001,-0.004,0.000,71
WATCH,1642571164255,1642571164255,4,1642571164255,0.002,0.006,-0.001,0.000,-0.001,-0.011,71
WATCH,1642571164265,1642571164265,4,1642571164265,-0.004,0.007,-0.000,0.002,-0.004,-0.010,71
WATCH,1642571164276,1642571164276,4,1642571164276,0.001,-0.001,0.002,0.002,-0.005,0.003,71
WATCH,1642571164285,1642571164285,4,1642571164285,0.005,0.007,-0.001,0.004,-0.002,0.002,71
WATCH,1642571164295,1642571164295,4,1642571164295,0.001,-0.001,-0.002,0.005,-0.001,-0.006,71
WATCH,1642571164305,1642571164305,4,1642571164305,-0.002,-0.001,-0.002,0.004,0.001,-0.004,71
WATCH,1642571164315,1642571164315,4,1642571164315,0.000,-0.004,-0.000,0.003,0.006,-0.002,71
WATCH,1642571164325,1642571164325,4,1642571164325,-0.001,-0.007,0.002,-0.002,0.007,0.002,71
WATCH,1642571164335,1642571164335,4,1642571164335,0.001,-0.001,0.000,-0.005,0.004,0.004,71
WATCH,1642571164345,1642571164345,4,1642571164345,0.003,0.000,0.002,-0.006,0.002,-0.002,71
WATCH,1642571164355,1642571164355,4,1642571164355,0.003,0.003,-0.000,-0.005,-0.002,-0.005,71
WATCH,1642571164365,1642571164365,4,1642571164365,0.001,0.002,0.003,-0.003,-0.002,0.001,71
WATCH,1642571164375,1642571164375,4,1642571164375,0.003,0.002,0.003,-0.002,0.000,0.002,71
WATCH,1642571164385,1642571164385,4,1642571164385,0.004,0.009,0.002,0.002,0.004,-0.003,71
WATCH,1642571164395,1642571164395,4,1642571164395,0.005,0.005,-0.000,0.006,0.008,-0.004,71
WATCH,1642571164405,1642571164405,4,1642571164405,-0.002,0.004,-0.002,0.005,0.012,-0.004,71
WATCH,1642571164415,1642571164415,4,1642571164415,-0.002,-0.001,-0.003,0.004,0.011,0.000,71
WATCH,1642571164425,1642571164425,4,1642571164425,-0.001,-0.005,-0.003,0.001,0.010,0.005,71
WATCH,1642571164434,1642571164434,4,1642571164434,0.002,-0.005,0.000,0.000,0.006,0.002,71
WATCH,1642571164444,1642571164444,4,1642571164444,-0.000,-0.002,-0.003,-0.002,0.002,-0.004,71
WATCH,1642571164455,1642571164455,4,1642571164455,-0.003,-0.003,0.003,-0.001,-0.002,-0.007,71
WATCH,1642571164464,1642571164464,4,1642571164464,-0.005,0.000,0.001,-0.001,-0.007,-0.005,71
WATCH,1642571164474,1642571164474,4,1642571164474,-0.003,-0.001,-0.000,-0.001,-0.009,-0.003,71
WATCH,1642571164485,1642571164485,4,1642571164485,0.000,0.002,0.003,-0.000,-0.009,-0.000,71
WATCH,1642571164494,1642571164494,4,1642571164494,0.006,0.007,-0.000,0.002,-0.008,-0.001,71
WATCH,1642571164504,1642571164504,4,1642571164504,0.002,0.000,-0.002,0.004,-0.009,-0.000,71
WATCH,1642571164514,1642571164514,4,1642571164514,-0.000,0.000,-0.002,0.001,-0.003,-0.001,71
WATCH,1642571164524,1642571164524,4,1642571164524,-0.001,-0.005,-0.004,0.000,-0.001,-0.000,71
WATCH,1642571164534,1642571164534,4,1642571164534,-0.001,0.000,0.001,0.001,0.001,-0.002,71
WATCH,1642571164544,1642571164544,4,1642571164544,0.000,0.006,0.000,0.001,0.004,-0.007,71
WATCH,1642571164554,1642571164554,4,1642571164554,-0.001,0.000,0.004,0.001,0.005,-0.005,71
WATCH,1642571164564,1642571164564,4,1642571164564,-0.003,0.002,0.001,0.003,0.006,-0.000,71
WATCH,1642571164574,1642571164574,4,1642571164574,0.005,0.002,-0.000,0.003,0.007,0.000,71
WATCH,1642571164584,1642571164584,4,1642571164584,0.004,-0.001,-0.002,0.004,0.008,0.000,71
WATCH,1642571164594,1642571164594,4,1642571164594,0.003,0.000,-0.002,0.004,0.007,-0.002,71
WATCH,1642571164604,1642571164604,4,1642571164604,-0.001,-0.000,-0.003,0.001,0.006,-0.002,71
WATCH,1642571164613,1642571164613,4,1642571164613,0.001,-0.006,-0.003,-0.004,0.003,0.001,71
WATCH,1642571164623,1642571164623,4,1642571164623,0.002,-0.005,-0.002,-0.005,0.001,0.001,71
WATCH,1642571164634,1642571164634,4,1642571164634,-0.001,0.001,0.000,-0.006,0.001,-0.001,71
WATCH,1642571164643,1642571164643,4,1642571164643,-0.001,0.004,0.001,-0.004,-0.000,-0.002,71
WATCH,1642571164653,1642571164653,4,1642571164653,-0.002,0.007,0.003,0.001,0.001,-0.004,71
WATCH,1642571164664,1642571164664,4,1642571164664,-0.002,0.005,0.001,0.003,0.003,-0.001,71
WATCH,1642571164673,1642571164673,4,1642571164673,0.002,0.002,-0.000,0.003,0.003,-0.001,71
WATCH,1642571164683,1642571164683,4,1642571164683,0.001,0.004,0.001,0.005,0.002,-0.002,71
WATCH,1642571164693,1642571164693,4,1642571164693,-0.000,-0.002,0.002,0.005,0.001,-0.001,71
WATCH,1642571164703,1642571164703,4,1642571164703,-0.000,-0.005,-0.003,0.004,-0.000,-0.002,71
WATCH,1642571164713,1642571164713,4,1642571164713,-0.001,-0.002,0.000,0.000,-0.003,-0.001,71
WATCH,1642571164723,1642571164723,4,1642571164723,0.001,-0.003,-0.003,-0.003,-0.004,-0.002,71
WATCH,1642571164733,1642571164733,4,1642571164733,0.001,-0.003,0.000,-0.004,-0.006,-0.003,71
WATCH,1642571164743,1642571164743,4,1642571164743,0.002,-0.002,-0.002,-0.005,-0.008,-0.004,71
WATCH,1642571164753,1642571164753,4,1642571164753,0.001,0.001,0.001,-0.003,-0.007,-0.002,71
WATCH,1642571164763,1642571164763,4,1642571164763,-0.001,0.003,0.001,-0.001,-0.004,0.001,71
WATCH,1642571164773,1642571164773,4,1642571164773,0.001,0.000,0.001,0.000,0.000,0.002,71
WATCH,1642571164782,1642571164782,4,1642571164782,-0.002,0.005,-0.000,0.004,0.001,-0.001,71
WATCH,1642571164792,1642571164792,4,1642571164792,-0.006,0.004,-0.000,0.006,0.005,-0.001,71
WATCH,1642571164802,1642571164802,4,1642571164802,0.003,-0.003,-0.003,0.007,0.006,-0.002,71
WATCH,1642571164812,1642571164812,4,1642571164812,-0.003,-0.003,0.000,0.005,0.007,-0.004,71
WATCH,1642571164822,1642571164822,4,1642571164822,0.006,-0.002,-0.002,0.001,0.008,-0.003,71
WATCH,1642571164832,1642571164832,4,1642571164832,-0.002,-0.003,-0.001,-0.000,0.009,-0.001,71
WATCH,1642571164842,1642571164842,4,1642571164842,-0.001,-0.004,-0.001,-0.001,0.008,-0.000,71
WATCH,1642571164852,1642571164852,4,1642571164852,0.004,-0.002,0.000,-0.002,0.007,0.000,71
WATCH,1642571164862,1642571164862,4,1642571164862,-0.002,-0.004,-0.002,-0.003,0.005,0.001,71
WATCH,1642571164872,1642571164872,4,1642571164872,0.002,0.001,-0.001,-0.004,0.002,-0.000,71
WATCH,1642571164882,1642571164882,4,1642571164882,0.003,-0.000,-0.002,-0.002,-0.001,0.002,71
WATCH,1642571164892,1642571164892,4,1642571164892,0.000,0.007,0.000,0.000,-0.004,-0.001,71
WATCH,1642571164902,1642571164902,4,1642571164902,0.001,0.000,-0.004,0.001,-0.006,-0.001,71
WATCH,1642571164912,1642571164912,4,1642571164912,-0.000,0.002,0.001,0.001,-0.005,-0.002,71
WATCH,1642571164922,1642571164922,4,1642571164922,0.000,-0.000,-0.001,-0.000,-0.004,-0.002,71
WATCH,1642571164932,1642571164932,4,1642571164932,-0.001,0.005,-0.001,0.001,-0.001,-0.002,71
WATCH,1642571164942,1642571164942,4,1642571164942,-0.000,0.002,-0.002,0.002,0.001,-0.001,71
WATCH,1642571164952,1642571164952,4,1642571164952,0.002,0.001,0.001,0.002,0.003,-0.002,71
WATCH,1642571164962,1642571164962,4,1642571164962,0.003,-0.003,0.001,0.000,0.003,-0.001,71
WATCH,1642571164971,1642571164971,4,1642571164971,0.002,0.006,0.002,0.001,0.000,0.002,71
WATCH,1642571164982,1642571164982,4,1642571164982,0.001,0.004,0.002,-0.000,-0.002,0.000,71
WATCH,1642571164991,1642571164991,4,1642571164991,-0.003,-0.005,0.001,0.002,-0.002,-0.001,71
WATCH,1642571165001,1642571165001,4,1642571165001,-0.003,0.005,0.001,0.002,-0.004,-0.004,71
WATCH,1642571165011,1642571165011,4,1642571165011,0.003,0.003,0.003,0.000,-0.003,-0.001,71
WATCH,1642571165021,1642571165021,4,1642571165021,0.001,-0.005,-0.000,0.001,-0.000,-0.002,71
WATCH,1642571165031,1642571165031,4,1642571165031,0.002,0.001,-0.001,-0.000,0.001,0.001,71
WATCH,1642571165041,1642571165041,4,1642571165041,-0.000,0.004,0.001,0.002,0.003,0.001,71
WATCH,1642571165051,1642571165051,4,1642571165051,0.002,-0.002,-0.005,0.002,0.006,0.001,71
WATCH,1642571165061,1642571165061,4,1642571165061,-0.004,0.003,-0.002,0.001,0.008,0.001,71
WATCH,1642571165071,1642571165071,4,1642571165071,0.001,-0.003,0.000,-0.000,0.008,-0.001,71
WATCH,1642571165081,1642571165081,4,1642571165081,0.002,0.001,0.002,0.001,0.008,-0.001,71
WATCH,1642571165091,1642571165091,4,1642571165091,0.003,0.002,0.003,0.001,0.005,-0.004,71
WATCH,1642571165101,1642571165101,4,1642571165101,-0.003,0.002,0.001,0.001,0.003,-0.003,71
WATCH,1642571165111,1642571165111,4,1642571165111,-0.000,-0.003,0.002,0.000,0.001,-0.002,71
WATCH,1642571165121,1642571165121,4,1642571165121,0.001,-0.002,0.002,-0.001,0.000,-0.002,71
WATCH,1642571165131,1642571165131,4,1642571165131,0.003,-0.002,-0.000,-0.002,-0.002,-0.001,71
WATCH,1642571165140,1642571165140,4,1642571165140,-0.001,0.003,0.001,-0.001,-0.002,-0.000,71
WATCH,1642571165150,1642571165150,4,1642571165150,-0.006,0.004,-0.003,-0.001,-0.004,-0.002,71
WATCH,1642571165161,1642571165161,4,1642571165161,-0.000,-0.002,0.001,-0.002,-0.005,-0.001,71
WATCH,1642571165170,1642571165170,4,1642571165170,-0.000,0.002,0.001,-0.001,-0.007,-0.002,71
WATCH,1642571165180,1642571165180,4,1642571165180,0.001,0.004,-0.000,0.001,-0.005,-0.002,71
WATCH,1642571165190,1642571165190,4,1642571165190,-0.001,0.001,0.001,0.003,-0.002,-0.002,71
WATCH,1642571165200,1642571165200,4,1642571165200,0.003,0.005,-0.001,0.004,-0.000,-0.003,71
WATCH,1642571165210,1642571165210,4,1642571165210,0.001,-0.001,-0.001,0.005,0.002,-0.004,71
WATCH,1642571165220,1642571165220,4,1642571165220,0.003,-0.002,-0.002,0.003,0.004,-0.002,71
WATCH,1642571165230,1642571165230,4,1642571165230,0.004,-0.004,0.001,0.004,0.004,-0.000,71
WATCH,1642571165240,1642571165240,4,1642571165240,0.004,-0.001,0.000,-0.000,0.004,0.000,71
WATCH,1642571165250,1642571165250,4,1642571165250,0.001,-0.006,0.002,-0.003,0.003,-0.001,71
WATCH,1642571165260,1642571165260,4,1642571165260,0.005,-0.000,-0.002,-0.003,0.001,-0.001,71
WATCH,1642571165270,1642571165270,4,1642571165270,0.002,0.001,0.001,-0.004,0.002,0.000,71
WATCH,1642571165280,1642571165280,4,1642571165280,-0.002,0.000,0.004,-0.004,0.000,-0.001,71
WATCH,1642571165290,1642571165290,4,1642571165290,-0.002,0.005,0.004,-0.002,0.001,-0.002,71
WATCH,1642571165300,1642571165300,4,1642571165300,0.000,0.002,0.000,-0.001,0.001,-0.002,71
WATCH,1642571165310,1642571165310,4,1642571165310,0.004,0.001,0.001,0.001,0.002,-0.002,71
WATCH,1642571165320,1642571165320,4,1642571165320,-0.002,0.003,-0.000,0.003,0.002,-0.000,71
WATCH,1642571165329,1642571165329,4,1642571165329,0.002,0.000,-0.000,0.002,0.004,0.001,71
WATCH,1642571165339,1642571165339,4,1642571165339,0.002,0.000,-0.001,0.000,0.004,-0.003,71
WATCH,1642571165349,1642571165349,4,1642571165349,0.001,-0.000,-0.002,-0.001,0.003,-0.003,71
WATCH,1642571165359,1642571165359,4,1642571165359,-0.001,0.001,-0.001,-0.001,0.003,-0.003,71
WATCH,1642571165369,1642571165369,4,1642571165369,0.002,-0.007,-0.001,-0.002,0.002,-0.003,71
WATCH,1642571165379,1642571165379,4,1642571165379,0.001,-0.003,0.001,-0.003,-0.001,-0.001,71
WATCH,1642571165389,1642571165389,4,1642571165389,-0.004,0.005,0.002,-0.001,-0.003,-0.001,71
WATCH,1642571165399,1642571165399,4,1642571165399,0.003,0.005,0.001,0.000,-0.003,-0.002,71
WATCH,1642571165409,1642571165409,4,1642571165409,-0.001,0.006,-0.001,0.000,-0.004,-0.001,71
WATCH,1642571165419,1642571165419,4,1642571165419,0.004,0.001,-0.001,0.003,-0.003,-0.002,71
WATCH,1642571165429,1642571165429,4,1642571165429,0.004,-0.002,0.001,0.004,-0.004,-0.002,71
WATCH,1642571165439,1642571165439,4,1642571165439,-0.002,0.000,-0.003,0.004,-0.004,-0.000,71
WATCH,1642571165449,1642571165449,4,1642571165449,0.001,0.002,-0.001,0.002,-0.000,-0.002,71
WATCH,1642571165459,1642571165459,4,1642571165459,-0.001,-0.004,-0.003,0.000,0.001,-0.003,71
WATCH,1642571165469,1642571165469,4,1642571165469,-0.000,-0.001,0.000,0.000,0.003,-0.002,71
WATCH,1642571165479,1642571165479,4,1642571165479,-0.002,-0.001,-0.000,0.001,0.004,-0.003,71
WATCH,1642571165489,1642571165489,4,1642571165489,0.001,-0.009,0.003,0.001,0.005,-0.002,71
WATCH,1642571165499,1642571165499,4,1642571165499,0.003,-0.001,0.000,-0.000,0.007,-0.000,71
WATCH,1642571165508,1642571165508,4,1642571165508,-0.000,-0.005,-0.002,-0.002,0.004,-0.000,71
WATCH,1642571165518,1642571165518,4,1642571165518,-0.002,-0.002,-0.001,-0.003,0.003,-0.000,71
WATCH,1642571165528,1642571165528,4,1642571165528,-0.000,-0.004,0.003,-0.001,0.001,0.001,71
WATCH,1642571165538,1642571165538,4,1642571165538,0.000,0.005,-0.002,-0.003,0.001,-0.003,71
WATCH,1642571165548,1642571165548,4,1642571165548,-0.002,0.004,0.000,-0.002,0.001,-0.002,71
WATCH,1642571165558,1642571165558,4,1642571165558,0.002,0.000,-0.003,-0.003,-0.000,-0.003,71
WATCH,1642571165568,1642571165568,4,1642571165568,-0.002,0.002,0.002,-0.002,-0.001,-0.002,71
WATCH,1642571165578,1642571165578,4,1642571165578,-0.005,0.000,0.001,0.001,-0.001,0.000,71
WATCH,1642571165588,1642571165588,4,1642571165588,-0.002,0.005,0.002,0.003,0.002,-0.000,71
WATCH,1642571165598,1642571165598,4,1642571165598,0.002,-0.002,0.000,0.002,0.000,-0.001,71
WATCH,1642571165608,1642571165608,4,1642571165608,0.002,0.003,0.000,0.003,0.000,-0.003,71
WATCH,1642571165618,1642571165618,4,1642571165618,0.000,0.003,-0.000,0.004,-0.001,-0.003,71
WATCH,1642571165628,1642571165628,4,1642571165628,-0.005,-0.000,-0.005,0.004,-0.000,-0.003,71
WATCH,1642571165638,1642571165638,4,1642571165638,0.004,-0.005,-0.001,0.003,-0.001,-0.002,71
WATCH,1642571165648,1642571165648,4,1642571165648,0.001,-0.007,-0.002,0.001,-0.002,-0.001,71
WATCH,1642571165658,1642571165658,4,1642571165658,0.001,-0.003,-0.002,-0.001,-0.001,-0.001,71
WATCH,1642571165668,1642571165668,4,1642571165668,-0.003,-0.003,-0.001,-0.001,-0.003,-0.001,71
WATCH,1642571165678,1642571165678,4,1642571165678,-0.003,0.002,-0.002,-0.002,-0.003,0.002,71
WATCH,1642571165687,1642571165687,4,1642571165687,-0.006,0.002,0.002,-0.001,0.001,0.001,71
WATCH,1642571165697,1642571165697,4,1642571165697,0.002,-0.003,0.001,-0.000,-0.001,-0.003,71
WATCH,1642571165707,1642571165707,4,1642571165707,0.001,0.001,-0.002,0.000,-0.000,-0.001,71
WATCH,1642571165717,1642571165717,4,1642571165717,0.001,0.003,0.003,0.003,0.001,-0.000,71
WATCH,1642571165727,1642571165727,4,1642571165727,-0.000,0.004,-0.001,0.003,0.002,-0.001,71
WATCH,1642571165737,1642571165737,4,1642571165737,0.002,0.001,0.001,0.001,0.003,-0.001,71
WATCH,1642571165747,1642571165747,4,1642571165747,-0.000,-0.002,0.001,0.001,0.004,-0.003,71
WATCH,1642571165757,1642571165757,4,1642571165757,0.002,-0.003,-0.002,-0.001,0.005,-0.002,71
WATCH,1642571165767,1642571165767,4,1642571165767,0.002,0.001,-0.001,-0.002,0.004,0.000,71
WATCH,1642571165777,1642571165777,4,1642571165777,-0.001,-0.003,0.001,-0.001,0.004,-0.001,71
WATCH,1642571165787,1642571165787,4,1642571165787,0.002,0.005,0.002,-0.002,0.001,0.001,71
WATCH,1642571165797,1642571165797,4,1642571165797,0.002,0.001,-0.001,-0.001,0.001,-0.001,71
WATCH,1642571165807,1642571165807,4,1642571165807,-0.002,0.001,0.000,0.001,-0.001,-0.001,71
WATCH,1642571165817,1642571165817,4,1642571165817,-0.003,0.006,0.002,0.002,-0.003,-0.002,71
WATCH,1642571165827,1642571165827,4,1642571165827,-0.002,0.006,-0.003,0.003,-0.002,-0.002,71
WATCH,1642571165837,1642571165837,4,1642571165837,0.003,0.006,0.000,0.003,-0.001,-0.002,71
WATCH,1642571165847,1642571165847,4,1642571165847,-0.000,-0.000,-0.007,0.004,-0.001,-0.002,71
WATCH,1642571165857,1642571165857,4,1642571165857,0.001,-0.000,-0.002,0.003,0.002,-0.001,71
WATCH,1642571165867,1642571165867,4,1642571165867,-0.001,-0.001,0.002,0.001,0.001,-0.002,71
WATCH,1642571165876,1642571165876,4,1642571165876,-0.000,-0.001,-0.000,0.000,0.002,-0.000,71
WATCH,1642571165886,1642571165886,4,1642571165886,0.003,0.001,-0.000,0.001,0.001,-0.001,71
WATCH,1642571165897,1642571165897,4,1642571165897,0.001,-0.002,-0.001,-0.002,0.000,-0.002,71
WATCH,1642571165906,1642571165906,4,1642571165906,0.006,-0.007,-0.002,-0.001,-0.001,-0.002,71
WATCH,1642571165916,1642571165916,4,1642571165916,0.001,0.001,0.001,-0.001,-0.000,-0.002,71
WATCH,1642571165927,1642571165927,4,1642571165927,0.002,0.002,-0.001,-0.002,-0.002,-0.001,71
WATCH,1642571165936,1642571165936,4,1642571165936,0.004,-0.003,-0.002,-0.001,-0.002,-0.001,71
WATCH,1642571165946,1642571165946,4,1642571165946,-0.000,0.001,-0.000,-0.000,-0.000,-0.000,71
WATCH,1642571165956,1642571165956,4,1642571165956,-0.003,0.002,-0.000,-0.002,0.003,-0.002,71
WATCH,1642571165966,1642571165966,4,1642571165966,-0.000,-0.001,0.001,-0.002,0.004,-0.000,71
WATCH,1642571165976,1642571165976,4,1642571165976,-0.000,0.002,-0.001,-0.002,0.004,-0.001,71
WATCH,1642571165986,1642571165986,4,1642571165986,-0.001,-0.004,-0.000,-0.001,0.004,-0.002,71
WATCH,1642571165996,1642571165996,4,1642571165996,-0.004,-0.001,0.002,-0.001,0.004,-0.002,71
WATCH,1642571166006,1642571166006,4,1642571166006,0.000,0.001,-0.000,0.000,0.003,-0.001,71
WATCH,1642571166016,1642571166016,4,1642571166016,-0.000,-0.004,-0.001,0.000,0.004,-0.002,71
WATCH,1642571166026,1642571166026,4,1642571166026,-0.003,0.001,0.003,0.000,0.002,-0.001,71
WATCH,1642571166036,1642571166036,4,1642571166036,0.004,-0.002,-0.000,0.001,0.001,-0.002,71
WATCH,1642571166046,1642571166046,4,1642571166046,0.001,-0.003,-0.002,0.000,0.000,-0.004,71
WATCH,1642571166055,1642571166055,4,1642571166055,-0.000,0.001,-0.002,0.000,-0.003,-0.002,71
WATCH,1642571166065,1642571166065,4,1642571166065,0.000,0.001,-0.001,-0.000,-0.002,-0.000,71
WATCH,1642571166076,1642571166076,4,1642571166076,0.001,-0.001,-0.001,-0.001,-0.004,-0.001,71
WATCH,1642571166085,1642571166085,4,1642571166085,-0.001,-0.000,-0.001,-0.000,-0.002,-0.001,71
WATCH,1642571166095,1642571166095,4,1642571166095,-0.000,0.004,-0.001,-0.000,-0.001,-0.002,71
WATCH,1642571166106,1642571166106,4,1642571166106,-0.002,0.000,-0.000,0.001,-0.002,-0.002,71
WATCH,1642571166115,1642571166115,4,1642571166115,-0.000,-0.004,-0.001,0.001,0.001,-0.001,71
WATCH,1642571166125,1642571166125,4,1642571166125,0.002,-0.000,-0.000,0.002,0.001,-0.002,71
WATCH,1642571166136,1642571166136,4,1642571166136,0.003,0.001,0.006,-0.001,0.002,-0.002,71
WATCH,1642571166145,1642571166145,4,1642571166145,0.004,-0.001,-0.001,-0.000,0.003,-0.002,71
WATCH,1642571166155,1642571166155,4,1642571166155,0.004,-0.003,0.000,-0.000,0.002,-0.002,71
WATCH,1642571166165,1642571166165,4,1642571166165,-0.002,0.001,0.004,-0.003,0.003,-0.002,71
WATCH,1642571166175,1642571166175,4,1642571166175,0.005,-0.000,0.000,-0.002,0.001,-0.001,71
WATCH,1642571166185,1642571166185,4,1642571166185,0.003,0.001,0.001,-0.001,0.002,-0.002,71
WATCH,1642571166195,1642571166195,4,1642571166195,0.002,0.001,0.001,-0.001,0.002,-0.000,71
WATCH,1642571166205,1642571166205,4,1642571166205,0.001,-0.002,-0.000,-0.001,0.002,0.000,71
WATCH,1642571166215,1642571166215,4,1642571166215,0.006,0.003,0.002,0.001,0.002,-0.001,71
WATCH,1642571166225,1642571166225,4,1642571166225,-0.000,-0.002,0.002,0.001,0.002,-0.000,71
WATCH,1642571166234,1642571166234,4,1642571166234,0.006,0.003,-0.003,0.003,0.004,-0.002,71
WATCH,1642571166245,1642571166245,4,1642571166245,-0.001,-0.002,0.001,0.002,0.004,-0.001,71
WATCH,1642571166254,1642571166254,4,1642571166254,0.002,-0.002,0.000,-0.000,0.002,-0.001,71
WATCH,1642571166264,1642571166264,4,1642571166264,0.000,-0.004,-0.000,0.002,0.001,0.000,71
WATCH,1642571166274,1642571166274,4,1642571166274,0.001,-0.001,-0.002,0.002,0.002,-0.002,71
WATCH,1642571166284,1642571166284,4,1642571166284,0.004,-0.003,0.001,0.001,-0.000,-0.002,71
WATCH,1642571166294,1642571166294,4,1642571166294,-0.002,0.002,-0.002,0.001,-0.000,-0.001,71
WATCH,1642571166304,1642571166304,4,1642571166304,-0.000,-0.000,-0.002,0.001,-0.003,-0.002,71
WATCH,1642571166314,1642571166314,4,1642571166314,-0.001,0.007,0.000,-0.000,-0.003,-0.004,71
WATCH,1642571166324,1642571166324,4,1642571166324,0.000,-0.001,-0.002,0.001,-0.003,-0.002,71
WATCH,1642571166334,1642571166334,4,1642571166334,-0.000,0.000,-0.001,-0.000,-0.003,0.000,71
WATCH,1642571166344,1642571166344,4,1642571166344,-0.003,0.001,0.000,0.000,-0.002,-0.001,71
WATCH,1642571166354,1642571166354,4,1642571166354,0.001,-0.001,-0.000,-0.001,-0.000,-0.002,71
WATCH,1642571166364,1642571166364,4,1642571166364,0.002,-0.001,0.000,-0.002,-0.001,-0.002,71
WATCH,1642571166374,1642571166374,4,1642571166374,0.001,0.003,-0.004,0.001,0.002,-0.003,71
WATCH,1642571166384,1642571166384,4,1642571166384,0.000,-0.002,-0.001,-0.000,0.003,-0.001,71
WATCH,1642571166394,1642571166394,4,1642571166394,-0.002,0.005,-0.002,0.001,0.003,-0.002,71
WATCH,1642571166403,1642571166403,4,1642571166403,0.003,0.003,0.001,0.000,0.004,-0.003,71
WATCH,1642571166414,1642571166414,4,1642571166414,0.004,-0.003,0.001,-0.001,0.004,-0.001,71
WATCH,1642571166424,1642571166424,4,1642571166424,0.001,-0.004,-0.001,-0.000,0.005,-0.000,71
WATCH,1642571166433,1642571166433,4,1642571166433,0.000,0.003,0.001,-0.002,0.004,-0.001,71
WATCH,1642571166443,1642571166443,4,1642571166443,0.000,0.002,-0.002,-0.001,0.003,-0.001,71
WATCH,1642571166454,1642571166454,4,1642571166454,-0.000,-0.000,-0.001,-0.000,0.002,-0.001,71
WATCH,1642571166463,1642571166463,4,1642571166463,0.002,0.003,-0.000,0.001,0.001,-0.002,71
WATCH,1642571166473,1642571166473,4,1642571166473,0.004,-0.001,-0.000,-0.000,0.001,-0.000,71
WATCH,1642571166484,1642571166484,4,1642571166484,0.002,0.002,-0.002,0.001,0.001,0.000,71
WATCH,1642571166493,1642571166493,4,1642571166493,-0.003,-0.001,-0.001,0.002,0.000,-0.002,71
WATCH,1642571166503,1642571166503,4,1642571166503,-0.002,-0.000,-0.000,0.001,-0.000,-0.002,71
WATCH,1642571166513,1642571166513,4,1642571166513,-0.002,-0.002,-0.004,0.001,0.001,-0.001,71
WATCH,1642571166523,1642571166523,4,1642571166523,0.002,-0.001,0.000,0.000,-0.000,-0.002,71
WATCH,1642571166533,1642571166533,4,1642571166533,0.000,0.003,-0.001,-0.000,0.001,-0.003,71
WATCH,1642571166543,1642571166543,4,1642571166543,-0.003,0.005,0.007,0.000,-0.000,-0.003,71
WATCH,1642571166553,1642571166553,4,1642571166553,-0.002,0.001,0.002,0.000,-0.001,-0.001,71
WATCH,1642571166563,1642571166563,4,1642571166563,-0.001,-0.001,-0.001,-0.000,-0.002,-0.000,71
WATCH,1642571166573,1642571166573,4,1642571166573,0.004,0.003,-0.003,-0.001,-0.003,-0.001,71
WATCH,1642571166583,1642571166583,4,1642571166583,0.003,0.002,-0.000,0.000,-0.001,-0.001,71
WATCH,1642571166592,1642571166592,4,1642571166592,-0.004,0.004,0.000,-0.001,-0.002,-0.000,71
WATCH,1642571166603,1642571166603,4,1642571166603,0.003,-0.005,-0.002,-0.001,-0.001,-0.001,71
WATCH,1642571166613,1642571166613,4,1642571166613,-0.001,0.006,-0.002,-0.001,-0.000,-0.000,71
WATCH,1642571166622,1642571166622,4,1642571166622,-0.001,0.003,0.000,-0.001,0.002,-0.001,71
WATCH,1642571166633,1642571166633,4,1642571166633,0.005,0.002,0.004,0.001,0.005,-0.001,71
WATCH,1642571166642,1642571166642,4,1642571166642,-0.000,0.002,-0.000,0.002,0.004,-0.003,71
WATCH,1642571166652,1642571166652,4,1642571166652,-0.000,-0.001,-0.001,0.002,0.005,-0.001,71
WATCH,1642571166662,1642571166662,4,1642571166662,0.003,0.001,-0.000,0.002,0.005,-0.002,71
WATCH,1642571166672,1642571166672,4,1642571166672,0.003,-0.004,-0.001,0.002,0.003,0.001,71
WATCH,1642571166682,1642571166682,4,1642571166682,0.004,-0.001,-0.001,-0.001,0.004,-0.001,71
WATCH,1642571166692,1642571166692,4,1642571166692,0.002,-0.002,-0.001,-0.002,0.003,-0.000,71
WATCH,1642571166702,1642571166702,4,1642571166702,0.002,-0.005,0.001,-0.001,0.002,-0.003,71
WATCH,1642571166712,1642571166712,4,1642571166712,0.000,0.000,0.002,-0.000,0.003,-0.002,71
WATCH,1642571166722,1642571166722,4,1642571166722,0.005,-0.002,-0.002,-0.001,-0.001,-0.002,71
WATCH,1642571166732,1642571166732,4,1642571166732,-0.002,-0.001,-0.000,-0.002,-0.001,-0.000,71
WATCH,1642571166742,1642571166742,4,1642571166742,-0.006,0.002,-0.001,-0.000,-0.002,-0.001,71
WATCH,1642571166752,1642571166752,4,1642571166752,0.001,0.003,0.001,0.001,-0.001,-0.002,71
WATCH,1642571166762,1642571166762,4,1642571166762,-0.002,0.003,-0.000,0.000,-0.001,-0.001,71
WATCH,1642571166772,1642571166772,4,1642571166772,0.002,-0.001,-0.001,0.002,0.000,-0.003,71
WATCH,1642571166782,1642571166782,4,1642571166782,0.002,-0.002,-0.000,0.002,-0.000,-0.002,71
WATCH,1642571166791,1642571166791,4,1642571166791,-0.001,-0.000,-0.002,-0.000,0.001,-0.002,71
WATCH,1642571166801,1642571166801,4,1642571166801,0.001,0.002,0.000,-0.001,0.000,-0.003,71
WATCH,1642571166811,1642571166811,4,1642571166811,0.001,0.001,-0.000,-0.002,-0.000,-0.001,71
WATCH,1642571166821,1642571166821,4,1642571166821,-0.001,0.002,-0.000,-0.001,0.001,0.001,71
WATCH,1642571166831,1642571166831,4,1642571166831,0.003,0.003,-0.003,0.000,-0.000,-0.000,71
WATCH,1642571166841,1642571166841,4,1642571166841,-0.001,0.003,0.001,-0.000,0.001,-0.001,71
WATCH,1642571166851,1642571166851,4,1642571166851,0.004,0.002,-0.002,0.002,0.000,-0.003,71
WATCH,1642571166861,1642571166861,4,1642571166861,0.003,0.002,-0.001,0.001,0.002,-0.001,71
WATCH,1642571166871,1642571166871,4,1642571166871,0.003,0.000,0.001,0.001,0.001,0.001,71
WATCH,1642571166881,1642571166881,4,1642571166881,0.002,0.005,0.002,0.001,0.003,0.001,71
WATCH,1642571166891,1642571166891,4,1642571166891,-0.001,-0.001,-0.001,0.001,0.003,0.000,71
WATCH,1642571166901,1642571166901,4,1642571166901,0.001,-0.002,0.002,-0.001,0.005,-0.003,71
WATCH,1642571166911,1642571166911,4,1642571166911,-0.002,0.005,0.000,0.001,0.004,-0.002,71
WATCH,1642571166921,1642571166921,4,1642571166921,0.007,0.003,-0.000,0.001,0.004,0.000,71
WATCH,1642571166931,1642571166931,4,1642571166931,-0.002,-0.000,0.001,-0.000,0.002,0.001,71
WATCH,1642571166941,1642571166941,4,1642571166941,-0.001,0.002,-0.003,-0.000,0.002,-0.003,71
WATCH,1642571166951,1642571166951,4,1642571166951,-0.002,-0.000,-0.003,-0.001,-0.000,-0.002,71
WATCH,1642571166961,1642571166961,4,1642571166961,-0.001,0.002,0.001,-0.001,-0.000,-0.002,71
WATCH,1642571166971,1642571166971,4,1642571166971,0.002,0.001,-0.001,-0.002,-0.002,-0.000,71
WATCH,1642571166981,1642571166981,4,1642571166981,0.002,-0.001,-0.002,-0.002,-0.002,-0.001,71
WATCH,1642571166990,1642571166990,4,1642571166990,0.004,-0.001,-0.000,-0.002,0.000,-0.001,71
WATCH,1642571167000,1642571167000,4,1642571167000,-0.001,-0.002,-0.000,-0.002,-0.001,-0.002,71
WATCH,1642571167011,1642571167011,4,1642571167011,0.002,0.002,-0.000,-0.001,-0.001,-0.001,71
WATCH,1642571167020,1642571167020,4,1642571167020,-0.003,0.004,-0.002,-0.000,0.000,-0.001,71
WATCH,1642571167030,1642571167030,4,1642571167030,-0.001,0.003,0.002,0.002,0.001,-0.003,71
WATCH,1642571167040,1642571167040,4,1642571167040,-0.002,0.001,0.000,0.002,0.002,-0.001,71
WATCH,1642571167050,1642571167050,4,1642571167050,0.002,0.003,0.002,0.002,0.002,-0.002,71
WATCH,1642571167060,1642571167060,4,1642571167060,-0.002,-0.002,-0.003,0.002,0.002,-0.001,71
WATCH,1642571167070,1642571167070,4,1642571167070,-0.001,-0.002,-0.003,-0.000,0.003,-0.001,71
WATCH,1642571167080,1642571167080,4,1642571167080,-0.003,-0.004,0.003,0.000,0.001,-0.002,71
WATCH,1642571167090,1642571167090,4,1642571167090,0.002,-0.001,-0.003,-0.001,0.002,-0.001,71
WATCH,1642571167100,1642571167100,4,1642571167100,-0.002,-0.004,-0.002,-0.001,0.003,0.000,71
WATCH,1642571167110,1642571167110,4,1642571167110,0.002,0.001,0.001,-0.002,0.002,0.002,71
WATCH,1642571167120,1642571167120,4,1642571167120,0.004,-0.004,-0.003,0.000,0.002,0.000,71
WATCH,1642571167130,1642571167130,4,1642571167130,0.003,0.004,-0.000,0.000,0.000,-0.001,71
WATCH,1642571167140,1642571167140,4,1642571167140,0.000,-0.001,-0.000,0.002,0.001,-0.001,71
WATCH,1642571167150,1642571167150,4,1642571167150,-0.001,-0.003,0.001,0.001,0.000,-0.002,71
WATCH,1642571167160,1642571167160,4,1642571167160,0.001,0.002,0.002,0.001,0.001,-0.001,71
WATCH,1642571167169,1642571167169,4,1642571167169,0.002,-0.003,-0.001,0.001,-0.001,-0.001,71
WATCH,1642571167179,1642571167179,4,1642571167179,-0.001,-0.001,-0.002,0.001,0.002,-0.001,71
WATCH,1642571167189,1642571167189,4,1642571167189,0.004,-0.002,-0.003,-0.000,-0.000,-0.001,71
WATCH,1642571167199,1642571167199,4,1642571167199,-0.001,-0.003,-0.002,-0.000,0.001,-0.001,71
WATCH,1642571167209,1642571167209,4,1642571167209,0.000,-0.002,-0.006,-0.001,-0.000,-0.001,71
WATCH,1642571167219,1642571167219,4,1642571167219,0.003,0.001,0.001,-0.002,-0.000,-0.002,71
WATCH,1642571167229,1642571167229,4,1642571167229,-0.001,0.002,-0.001,-0.002,0.000,-0.001,71
WATCH,1642571167239,1642571167239,4,1642571167239,-0.003,0.002,0.000,0.000,-0.002,-0.003,71
WATCH,1642571167249,1642571167249,4,1642571167249,0.001,0.001,-0.000,-0.001,-0.001,-0.001,71
WATCH,1642571167259,1642571167259,4,1642571167259,0.002,0.001,-0.003,-0.001,-0.000,-0.000,71
WATCH,1642571167269,1642571167269,4,1642571167269,-0.002,-0.000,-0.002,-0.002,0.000,-0.002,71
WATCH,1642571167279,1642571167279,4,1642571167279,-0.002,-0.000,0.000,-0.000,0.003,-0.002,71
WATCH,1642571167289,1642571167289,4,1642571167289,0.001,0.001,-0.000,0.001,0.003,-0.002,71
WATCH,1642571167299,1642571167299,4,1642571167299,-0.002,-0.003,-0.002,0.001,0.003,-0.001,71
WATCH,1642571167309,1642571167309,4,1642571167309,0.001,0.002,0.001,0.001,0.004,0.000,71
WATCH,1642571167319,1642571167319,4,1642571167319,0.000,-0.004,0.000,0.000,0.003,-0.001,71
WATCH,1642571167328,1642571167328,4,1642571167328,0.003,-0.001,0.001,-0.000,0.003,-0.002,71
WATCH,1642571167338,1642571167338,4,1642571167338,0.001,-0.000,0.003,-0.001,0.001,-0.003,71
WATCH,1642571167348,1642571167348,4,1642571167348,0.005,0.000,0.002,-0.000,0.003,-0.003,71
WATCH,1642571167358,1642571167358,4,1642571167358,-0.001,0.000,0.000,0.000,0.000,0.000,71
WATCH,1642571167368,1642571167368,4,1642571167368,-0.000,-0.001,-0.002,-0.001,0.001,0.000,71
WATCH,1642571167378,1642571167378,4,1642571167378,0.000,0.000,-0.002,-0.001,-0.001,-0.001,71
WATCH,1642571167388,1642571167388,4,1642571167388,0.003,-0.003,-0.003,0.000,-0.000,-0.002,71
WATCH,1642571167398,1642571167398,4,1642571167398,0.002,0.000,-0.002,-0.002,-0.000,-0.003,71
WATCH,1642571167408,1642571167408,4,1642571167408,0.002,0.003,-0.002,-0.002,0.001,-0.001,71
WATCH,1642571167418,1642571167418,4,1642571167418,-0.003,-0.001,0.000,-0.000,0.001,-0.001,71
WATCH,1642571167428,1642571167428,4,1642571167428,0.001,0.001,-0.002,-0.000,0.000,-0.001,71
WATCH,1642571167438,1642571167438,4,1642571167438,-0.001,0.003,0.000,0.001,0.001,-0.002,71
