Device,PTPTime,UnixTime,Protocool,CurrentDeviceTime,AccX,AccY,AccZ,GyroX,GyroY,GyroZ,
AIRPOT,1642571178281,1642571178282,4,1642571178282,-0.113,0.182,-0.977,0.009,0.002,-0.006
AIRPOT,1642571178292,1642571178293,4,1642571178293,-0.113,0.179,-0.977,-0.012,0.015,0.001
AIRPOT,1642571178345,1642571178346,4,1642571178346,-0.114,0.177,-0.978,-0.001,-0.001,-0.024
AIRPOT,1642571178382,1642571178383,4,1642571178383,-0.113,0.175,-0.978,-0.007,0.010,-0.006
AIRPOT,1642571178425,1642571178426,4,1642571178426,-0.112,0.175,-0.978,0.009,-0.022,0.008
AIRPOT,1642571178472,1642571178473,4,1642571178473,-0.110,0.173,-0.979,0.003,-0.008,0.007
AIRPOT,1642571178499,1642571178500,4,1642571178500,-0.108,0.172,-0.979,0.001,-0.011,0.010
AIRPOT,1642571178534,1642571178535,4,1642571178535,-0.108,0.171,-0.979,0.006,-0.012,0.003
AIRPOT,1642571178581,1642571178582,4,1642571178582,-0.109,0.171,-0.979,-0.004,0.005,0.003
AIRPOT,1642571178616,1642571178617,4,1642571178617,-0.110,0.172,-0.979,-0.002,-0.004,0.005
AIRPOT,1642571178679,1642571178680,4,1642571178680,-0.112,0.172,-0.979,-0.008,0.009,-0.003
AIRPOT,1642571178714,1642571178715,4,1642571178715,-0.112,0.172,-0.979,-0.005,0.007,-0.006
AIRPOT,1642571178758,1642571178759,4,1642571178759,-0.112,0.171,-0.979,-0.010,-0.005,0.006
AIRPOT,1642571178799,1642571178800,4,1642571178800,-0.111,0.170,-0.979,-0.003,-0.005,-0.014
AIRPOT,1642571178840,1642571178841,4,1642571178841,-0.110,0.168,-0.980,0.029,-0.038,-0.004
AIRPOT,1642571178884,1642571178885,4,1642571178885,-0.106,0.166,-0.980,0.049,-0.056,-0.002
AIRPOT,1642571178928,1642571178929,4,1642571178929,-0.102,0.161,-0.982,0.052,-0.051,0.026
AIRPOT,1642571178961,1642571178962,4,1642571178962,-0.102,0.158,-0.982,0.045,-0.024,0.022
AIRPOT,1642571178974,1642571178975,4,1642571178975,-0.103,0.158,-0.982,0.025,-0.006,0.001
AIRPOT,1642571179054,1642571179055,4,1642571179055,-0.107,0.162,-0.981,0.005,0.005,0.008
AIRPOT,1642571179068,1642571179069,4,1642571179069,-0.112,0.165,-0.980,-0.005,0.008,-0.012
AIRPOT,1642571179126,1642571179127,4,1642571179127,-0.116,0.165,-0.979,-0.008,-0.002,0.002
AIRPOT,1642571179180,1642571179181,4,1642571179181,-0.119,0.166,-0.979,-0.028,0.032,0.003
AIRPOT,1642571179188,1642571179189,4,1642571179189,-0.122,0.170,-0.978,-0.008,0.027,-0.002
AIRPOT,1642571179218,1642571179219,4,1642571179219,-0.123,0.174,-0.977,-0.039,0.026,0.045
AIRPOT,1642571179279,1642571179280,4,1642571179280,-0.128,0.175,-0.976,-0.006,0.024,-0.041
AIRPOT,1642571179310,1642571179311,4,1642571179311,-0.127,0.177,-0.976,-0.034,0.032,0.005
AIRPOT,1642571179346,1642571179347,4,1642571179347,-0.128,0.182,-0.975,-0.002,0.014,-0.003
AIRPOT,1642571179376,1642571179377,4,1642571179377,-0.127,0.190,-0.974,-0.021,-0.010,0.020
AIRPOT,1642571179431,1642571179432,4,1642571179432,-0.129,0.198,-0.972,-0.012,-0.009,0.024
AIRPOT,1642571179481,1642571179482,4,1642571179482,-0.134,0.200,-0.971,0.001,-0.044,0.013
AIRPOT,1642571179519,1642571179520,4,1642571179520,-0.142,0.194,-0.971,-0.033,0.039,0.023
AIRPOT,1642571179549,1642571179550,4,1642571179550,-0.153,0.186,-0.970,0.009,0.009,-0.011
AIRPOT,1642571179578,1642571179579,4,1642571179579,-0.162,0.178,-0.971,-0.005,-0.003,0.003
AIRPOT,1642571179638,1642571179639,4,1642571179639,-0.167,0.171,-0.971,-0.007,0.039,-0.037
AIRPOT,1642571179681,1642571179682,4,1642571179682,-0.165,0.170,-0.972,-0.019,0.007,-0.012
AIRPOT,1642571179729,1642571179730,4,1642571179730,-0.160,0.169,-0.973,0.006,-0.035,0.003
AIRPOT,1642571179736,1642571179737,4,1642571179737,-0.158,0.164,-0.974,-0.001,-0.006,0.019
AIRPOT,1642571179812,1642571179813,4,1642571179813,-0.156,0.157,-0.975,0.020,-0.041,0.020
AIRPOT,1642571179814,1642571179815,4,1642571179815,-0.159,0.151,-0.976,0.010,0.050,0.014
AIRPOT,1642571179874,1642571179875,4,1642571179875,-0.161,0.148,-0.976,0.016,0.008,-0.011
AIRPOT,1642571179906,1642571179907,4,1642571179907,-0.162,0.148,-0.976,-0.002,0.008,0.006
AIRPOT,1642571179941,1642571179942,4,1642571179942,-0.167,0.144,-0.975,0.025,0.009,-0.048
AIRPOT,1642571179985,1642571179986,4,1642571179986,-0.170,0.138,-0.976,0.020,-0.025,0.007
AIRPOT,1642571180030,1642571180031,4,1642571180031,-0.167,0.137,-0.976,0.001,-0.068,0.004
AIRPOT,1642571180086,1642571180087,4,1642571180087,-0.170,0.137,-0.976,0.028,-0.032,-0.019
AIRPOT,1642571180098,1642571180099,4,1642571180099,-0.168,0.139,-0.976,-0.056,0.167,0.008
AIRPOT,1642571180137,1642571180138,4,1642571180138,-0.160,0.153,-0.975,-0.123,0.272,-0.054
AIRPOT,1642571180199,1642571180200,4,1642571180200,-0.138,0.181,-0.974,-0.281,0.351,0.016
AIRPOT,1642571180240,1642571180241,4,1642571180241,-0.099,0.222,-0.970,0.082,-0.214,-0.238
AIRPOT,1642571180275,1642571180276,4,1642571180276,-0.027,0.242,-0.970,-0.248,-0.167,0.209
AIRPOT,1642571180393,1642571180394,4,1642571180394,0.014,0.246,-0.969,-0.090,-0.172,0.030
AIRPOT,1642571180396,1642571180397,4,1642571180397,0.049,0.248,-0.968,-0.048,-0.187,-0.009
AIRPOT,1642571180417,1642571180418,4,1642571180418,0.079,0.247,-0.966,-0.011,-0.204,-0.005
AIRPOT,1642571180460,1642571180461,4,1642571180461,0.103,0.246,-0.964,-0.027,-0.108,0.044
AIRPOT,1642571180466,1642571180467,4,1642571180467,0.119,0.247,-0.962,0.030,-0.117,0.006
AIRPOT,1642571180499,1642571180500,4,1642571180500,0.132,0.247,-0.960,0.021,-0.038,0.029
AIRPOT,1642571180539,1642571180540,4,1642571180540,0.142,0.249,-0.958,0.047,-0.015,-0.011
AIRPOT,1642571180585,1642571180586,4,1642571180586,0.152,0.255,-0.955,0.036,-0.017,0.001
AIRPOT,1642571180622,1642571180623,4,1642571180623,0.160,0.261,-0.952,0.031,-0.004,0.001
AIRPOT,1642571180685,1642571180686,4,1642571180686,0.166,0.267,-0.949,0.021,0.031,-0.003
AIRPOT,1642571180731,1642571180732,4,1642571180732,0.170,0.272,-0.947,-0.002,-0.016,0.014
AIRPOT,1642571180739,1642571180740,4,1642571180740,0.170,0.275,-0.946,-0.007,-0.016,-0.002
AIRPOT,1642571180794,1642571180795,4,1642571180795,0.168,0.275,-0.947,-0.017,-0.014,-0.008
AIRPOT,1642571180831,1642571180832,4,1642571180832,0.167,0.275,-0.947,-0.025,-0.014,-0.005
AIRPOT,1642571180882,1642571180883,4,1642571180883,0.165,0.277,-0.946,-0.038,0.008,0.000
AIRPOT,1642571180914,1642571180915,4,1642571180915,0.165,0.280,-0.946,-0.035,0.002,-0.008
AIRPOT,1642571180986,1642571180987,4,1642571180987,0.165,0.282,-0.945,-0.032,0.007,-0.010
AIRPOT,1642571180994,1642571180995,4,1642571180995,0.165,0.285,-0.944,-0.028,0.010,-0.003
AIRPOT,1642571181043,1642571181044,4,1642571181044,0.166,0.288,-0.943,-0.022,0.008,0.007
AIRPOT,1642571181083,1642571181084,4,1642571181084,0.166,0.290,-0.943,-0.008,0.012,0.009
AIRPOT,1642571181127,1642571181128,4,1642571181128,0.166,0.291,-0.942,-0.000,0.021,0.018
AIRPOT,1642571181170,1642571181171,4,1642571181171,0.166,0.292,-0.942,0.013,0.017,0.007
AIRPOT,1642571181179,1642571181180,4,1642571181180,0.166,0.294,-0.941,0.009,0.031,0.004
AIRPOT,1642571181223,1642571181224,4,1642571181224,0.167,0.297,-0.940,0.020,0.020,-0.017
AIRPOT,1642571181290,1642571181291,4,1642571181291,0.168,0.298,-0.940,0.009,0.023,0.010
AIRPOT,1642571181303,1642571181304,4,1642571181304,0.166,0.298,-0.940,-0.006,0.029,0.015
AIRPOT,1642571181357,1642571181358,4,1642571181358,0.163,0.297,-0.941,-0.021,0.035,0.002
AIRPOT,1642571181399,1642571181400,4,1642571181400,0.161,0.296,-0.941,-0.026,0.033,-0.004
AIRPOT,1642571181436,1642571181437,4,1642571181437,0.161,0.295,-0.942,-0.029,0.018,-0.003
AIRPOT,1642571181475,1642571181476,4,1642571181476,0.163,0.292,-0.942,-0.016,0.014,-0.014
AIRPOT,1642571181517,1642571181518,4,1642571181518,0.167,0.289,-0.943,-0.001,0.012,-0.012
AIRPOT,1642571181587,1642571181588,4,1642571181588,0.172,0.284,-0.943,0.006,-0.001,-0.001
AIRPOT,1642571181588,1642571181589,4,1642571181589,0.177,0.277,-0.945,0.018,-0.027,0.003
AIRPOT,1642571181638,1642571181639,4,1642571181639,0.180,0.269,-0.946,0.021,-0.023,0.004
AIRPOT,1642571181669,1642571181670,4,1642571181670,0.183,0.262,-0.948,0.026,-0.053,0.010
AIRPOT,1642571181724,1642571181725,4,1642571181725,0.186,0.256,-0.949,0.025,-0.037,0.010
AIRPOT,1642571181744,1642571181745,4,1642571181745,0.188,0.252,-0.949,0.029,-0.032,0.010
AIRPOT,1642571181795,1642571181796,4,1642571181796,0.189,0.251,-0.949,0.017,0.000,0.001
AIRPOT,1642571181824,1642571181825,4,1642571181825,0.190,0.252,-0.949,0.009,-0.003,0.010
AIRPOT,1642571181885,1642571181886,4,1642571181886,0.188,0.252,-0.949,0.005,-0.021,-0.009
AIRPOT,1642571181926,1642571181927,4,1642571181927,0.183,0.252,-0.950,0.007,-0.031,-0.011
AIRPOT,1642571181964,1642571181965,4,1642571181965,0.170,0.249,-0.953,0.058,-0.206,-0.003
AIRPOT,1642571182024,1642571182025,4,1642571182025,0.140,0.243,-0.960,0.024,-0.296,0.032
AIRPOT,1642571182026,1642571182027,4,1642571182027,0.088,0.230,-0.969,-0.127,-0.226,0.083
AIRPOT,1642571182070,1642571182071,4,1642571182071,0.019,0.204,-0.979,-0.196,-0.042,0.000
AIRPOT,1642571182102,1642571182103,4,1642571182103,-0.045,0.176,-0.983,-0.176,0.137,-0.023
AIRPOT,1642571182178,1642571182179,4,1642571182179,-0.094,0.153,-0.984,-0.069,0.086,-0.051
AIRPOT,1642571182188,1642571182189,4,1642571182189,-0.125,0.133,-0.983,-0.087,0.125,0.022
AIRPOT,1642571182242,1642571182243,4,1642571182243,-0.148,0.119,-0.982,-0.033,0.046,-0.005
AIRPOT,1642571182278,1642571182279,4,1642571182279,-0.161,0.105,-0.981,0.024,0.011,-0.025
AIRPOT,1642571182313,1642571182314,4,1642571182314,-0.164,0.096,-0.982,-0.027,0.067,-0.005
AIRPOT,1642571182353,1642571182354,4,1642571182354,-0.167,0.096,-0.981,-0.027,0.023,0.000
AIRPOT,1642571182394,1642571182395,4,1642571182395,-0.169,0.098,-0.981,-0.045,0.016,0.004
AIRPOT,1642571182430,1642571182431,4,1642571182431,-0.169,0.101,-0.980,-0.021,-0.027,-0.005
AIRPOT,1642571182478,1642571182479,4,1642571182479,-0.166,0.102,-0.981,-0.019,-0.003,-0.001
AIRPOT,1642571182524,1642571182525,4,1642571182525,-0.163,0.103,-0.981,0.003,-0.009,-0.014
AIRPOT,1642571182572,1642571182573,4,1642571182573,-0.159,0.104,-0.982,0.004,0.009,-0.001
AIRPOT,1642571182590,1642571182591,4,1642571182591,-0.153,0.106,-0.983,0.025,0.022,-0.010
AIRPOT,1642571182630,1642571182631,4,1642571182631,-0.146,0.108,-0.983,0.028,0.024,0.003
AIRPOT,1642571182694,1642571182695,4,1642571182695,-0.139,0.111,-0.984,0.030,0.030,-0.002
AIRPOT,1642571182707,1642571182708,4,1642571182708,-0.133,0.113,-0.985,0.025,0.024,-0.002
AIRPOT,1642571182796,1642571182797,4,1642571182796,-0.128,0.116,-0.985,0.021,0.019,-0.006
AIRPOT,1642571182796,1642571182797,4,1642571182797,-0.125,0.119,-0.985,0.013,0.014,0.006
AIRPOT,1642571182833,1642571182834,4,1642571182834,-0.122,0.121,-0.985,0.021,-0.006,-0.007
AIRPOT,1642571182912,1642571182913,4,1642571182913,-0.119,0.121,-0.985,-0.008,0.016,0.013
AIRPOT,1642571182912,1642571182913,4,1642571182913,-0.117,0.122,-0.986,-0.010,0.008,-0.005
AIRPOT,1642571182950,1642571182951,4,1642571182951,-0.115,0.124,-0.986,-0.016,0.029,0.004
AIRPOT,1642571182990,1642571182991,4,1642571182991,-0.114,0.129,-0.985,0.009,0.009,-0.007
AIRPOT,1642571183023,1642571183024,4,1642571183024,-0.112,0.137,-0.984,0.020,-0.003,-0.010
AIRPOT,1642571183083,1642571183084,4,1642571183084,-0.109,0.142,-0.984,0.024,-0.010,-0.025
AIRPOT,1642571183133,1642571183134,4,1642571183134,-0.106,0.144,-0.984,0.004,0.005,-0.002
AIRPOT,1642571183143,1642571183144,4,1642571183144,-0.106,0.145,-0.984,-0.012,0.016,0.002
AIRPOT,1642571183212,1642571183213,4,1642571183213,-0.107,0.149,-0.983,-0.040,0.084,0.000
AIRPOT,1642571183246,1642571183247,4,1642571183247,-0.103,0.157,-0.982,-0.056,0.281,-0.034
AIRPOT,1642571183294,1642571183295,4,1642571183295,-0.080,0.179,-0.981,-0.054,0.225,-0.075
AIRPOT,1642571183308,1642571183309,4,1642571183309,-0.027,0.208,-0.978,-0.096,0.047,-0.047
AIRPOT,1642571183353,1642571183354,4,1642571183354,0.045,0.227,-0.973,-0.076,-0.270,0.020
AIRPOT,1642571183386,1642571183387,4,1642571183387,0.108,0.228,-0.968,-0.103,-0.241,0.111
AIRPOT,1642571183463,1642571183464,4,1642571183464,0.144,0.225,-0.964,-0.033,-0.190,0.025
AIRPOT,1642571183465,1642571183466,4,1642571183466,0.164,0.226,-0.960,-0.004,-0.148,0.001
AIRPOT,1642571183514,1642571183515,4,1642571183515,0.171,0.230,-0.958,-0.016,-0.033,0.020
AIRPOT,1642571183576,1642571183577,4,1642571183577,0.171,0.230,-0.958,0.028,-0.016,-0.040
AIRPOT,1642571183617,1642571183618,4,1642571183618,0.172,0.228,-0.958,0.002,-0.033,0.006
AIRPOT,1642571183625,1642571183626,4,1642571183626,0.166,0.226,-0.960,0.019,-0.087,-0.005
AIRPOT,1642571183693,1642571183694,4,1642571183694,0.154,0.224,-0.962,0.026,-0.189,0.025
AIRPOT,1642571183728,1642571183729,4,1642571183729,0.128,0.222,-0.967,0.031,-0.332,0.007
AIRPOT,1642571183759,1642571183760,4,1642571183760,0.091,0.210,-0.973,-0.134,-0.219,0.073
AIRPOT,1642571183811,1642571183812,4,1642571183812,0.037,0.192,-0.981,-0.180,0.016,0.032
AIRPOT,1642571183848,1642571183849,4,1642571183849,-0.018,0.168,-0.986,-0.138,0.144,-0.041
AIRPOT,1642571183882,1642571183883,4,1642571183883,-0.061,0.148,-0.987,-0.081,0.169,-0.054
AIRPOT,1642571183920,1642571183921,4,1642571183921,-0.090,0.134,-0.987,-0.044,0.159,-0.017
AIRPOT,1642571183955,1642571183956,4,1642571183956,-0.109,0.127,-0.986,-0.014,0.129,-0.030
AIRPOT,1642571183993,1642571183994,4,1642571183994,-0.118,0.126,-0.985,0.006,0.082,-0.044
AIRPOT,1642571184027,1642571184028,4,1642571184028,-0.119,0.125,-0.985,-0.019,0.065,-0.005
AIRPOT,1642571184072,1642571184073,4,1642571184073,-0.116,0.124,-0.985,-0.007,0.021,-0.023
AIRPOT,1642571184112,1642571184113,4,1642571184113,-0.110,0.124,-0.986,-0.028,0.018,0.003
AIRPOT,1642571184150,1642571184151,4,1642571184151,-0.106,0.124,-0.987,-0.009,-0.008,-0.009
AIRPOT,1642571184226,1642571184227,4,1642571184227,-0.102,0.124,-0.987,-0.016,-0.026,0.009
AIRPOT,1642571184261,1642571184262,4,1642571184262,-0.098,0.125,-0.987,-0.002,-0.015,0.002
AIRPOT,1642571184267,1642571184268,4,1642571184268,-0.093,0.126,-0.988,0.010,-0.014,0.000
AIRPOT,1642571184311,1642571184312,4,1642571184312,-0.087,0.127,-0.988,0.007,-0.015,0.012
AIRPOT,1642571184352,1642571184353,4,1642571184353,-0.081,0.127,-0.989,0.001,-0.016,0.020
AIRPOT,1642571184412,1642571184413,4,1642571184413,-0.078,0.127,-0.989,-0.007,-0.006,-0.002
AIRPOT,1642571184448,1642571184449,4,1642571184449,-0.076,0.130,-0.989,0.001,-0.004,-0.000
AIRPOT,1642571184483,1642571184484,4,1642571184484,-0.073,0.132,-0.989,0.009,-0.009,-0.002
AIRPOT,1642571184532,1642571184533,4,1642571184533,-0.070,0.132,-0.989,0.001,0.003,0.002
AIRPOT,1642571184579,1642571184580,4,1642571184580,-0.068,0.132,-0.989,0.006,-0.006,0.003
AIRPOT,1642571184597,1642571184598,4,1642571184598,-0.066,0.131,-0.989,0.003,-0.010,0.013
AIRPOT,1642571184636,1642571184637,4,1642571184637,-0.063,0.130,-0.990,0.002,-0.004,0.000
AIRPOT,1642571184670,1642571184671,4,1642571184671,-0.060,0.130,-0.990,0.004,-0.009,0.003
AIRPOT,1642571184741,1642571184742,4,1642571184742,-0.057,0.130,-0.990,0.004,-0.007,0.005
AIRPOT,1642571184751,1642571184752,4,1642571184752,-0.056,0.131,-0.990,0.003,-0.002,0.007
AIRPOT,1642571184799,1642571184800,4,1642571184800,-0.055,0.132,-0.990,0.005,0.001,0.003
AIRPOT,1642571184830,1642571184831,4,1642571184831,-0.055,0.133,-0.990,0.008,-0.002,0.006
AIRPOT,1642571184915,1642571184916,4,1642571184916,-0.056,0.133,-0.990,0.004,-0.004,0.005
AIRPOT,1642571184915,1642571184916,4,1642571184916,-0.057,0.133,-0.990,0.002,-0.001,0.000
AIRPOT,1642571184971,1642571184972,4,1642571184972,-0.057,0.133,-0.990,0.000,-0.008,-0.000
AIRPOT,1642571185042,1642571185043,4,1642571185043,-0.058,0.132,-0.990,-0.002,-0.004,-0.002
AIRPOT,1642571185046,1642571185047,4,1642571185047,-0.058,0.132,-0.989,-0.001,-0.003,0.001
AIRPOT,1642571185076,1642571185077,4,1642571185077,-0.059,0.132,-0.990,0.001,0.004,-0.003
AIRPOT,1642571185134,1642571185135,4,1642571185135,-0.059,0.130,-0.990,0.007,0.008,-0.008
AIRPOT,1642571185165,1642571185166,4,1642571185166,-0.058,0.128,-0.990,0.001,0.008,0.008
AIRPOT,1642571185198,1642571185199,4,1642571185199,-0.059,0.128,-0.990,0.004,-0.001,0.004
AIRPOT,1642571185227,1642571185228,4,1642571185228,-0.060,0.128,-0.990,-0.003,-0.002,0.011
AIRPOT,1642571185281,1642571185282,4,1642571185282,-0.061,0.130,-0.990,0.006,-0.003,-0.005
AIRPOT,1642571185315,1642571185316,4,1642571185316,-0.063,0.131,-0.989,-0.008,0.043,0.009
AIRPOT,1642571185369,1642571185370,4,1642571185370,-0.065,0.130,-0.989,-0.035,0.044,0.025
AIRPOT,1642571185404,1642571185405,4,1642571185405,-0.069,0.121,-0.990,-0.022,0.066,-0.013
AIRPOT,1642571185472,1642571185473,4,1642571185473,-0.069,0.096,-0.993,0.002,0.148,-0.056
AIRPOT,1642571185472,1642571185473,4,1642571185473,-0.053,0.062,-0.997,0.014,0.085,-0.040
AIRPOT,1642571185534,1642571185535,4,1642571185535,-0.034,0.028,-0.999,-0.002,-0.035,0.018
AIRPOT,1642571185577,1642571185578,4,1642571185578,-0.022,-0.004,-1.000,0.000,-0.098,0.039
AIRPOT,1642571185607,1642571185608,4,1642571185608,-0.018,-0.028,-0.999,0.009,-0.071,0.038
AIRPOT,1642571185636,1642571185637,4,1642571185637,-0.020,-0.044,-0.999,-0.001,-0.037,0.035
AIRPOT,1642571185694,1642571185695,4,1642571185695,-0.028,-0.056,-0.998,-0.001,-0.028,0.010
AIRPOT,1642571185723,1642571185724,4,1642571185724,-0.037,-0.065,-0.997,0.000,-0.029,-0.003
AIRPOT,1642571185785,1642571185786,4,1642571185786,-0.044,-0.073,-0.996,-0.006,-0.020,0.010
AIRPOT,1642571185818,1642571185819,4,1642571185819,-0.051,-0.079,-0.996,0.001,-0.005,-0.008
AIRPOT,1642571185848,1642571185849,4,1642571185849,-0.058,-0.083,-0.995,-0.005,-0.019,0.001
AIRPOT,1642571185878,1642571185879,4,1642571185879,-0.064,-0.085,-0.994,-0.002,-0.025,0.011
AIRPOT,1642571185910,1642571185911,4,1642571185911,-0.070,-0.088,-0.994,-0.006,-0.002,0.014
AIRPOT,1642571185975,1642571185976,4,1642571185976,-0.075,-0.093,-0.993,-0.001,-0.018,-0.001
AIRPOT,1642571186022,1642571186023,4,1642571186023,-0.078,-0.099,-0.992,-0.011,-0.017,-0.008
AIRPOT,1642571186067,1642571186068,4,1642571186068,-0.079,-0.105,-0.991,-0.010,-0.036,0.003
AIRPOT,1642571186075,1642571186076,4,1642571186076,-0.080,-0.111,-0.991,-0.013,0.001,0.001
AIRPOT,1642571186139,1642571186140,4,1642571186140,-0.081,-0.114,-0.990,-0.008,-0.023,0.017
AIRPOT,1642571186179,1642571186180,4,1642571186180,-0.083,-0.118,-0.990,-0.011,-0.011,0.014
AIRPOT,1642571186214,1642571186215,4,1642571186215,-0.085,-0.120,-0.989,-0.007,-0.016,0.006
AIRPOT,1642571186250,1642571186251,4,1642571186251,-0.088,-0.121,-0.989,-0.009,-0.022,0.007
AIRPOT,1642571186288,1642571186289,4,1642571186289,-0.091,-0.124,-0.988,-0.006,-0.004,0.002
AIRPOT,1642571186362,1642571186363,4,1642571186363,-0.092,-0.125,-0.988,-0.009,-0.007,0.000
AIRPOT,1642571186362,1642571186363,4,1642571186363,-0.093,-0.126,-0.988,-0.012,-0.006,0.003
AIRPOT,1642571186414,1642571186415,4,1642571186415,-0.094,-0.127,-0.987,-0.011,0.003,0.002
AIRPOT,1642571186448,1642571186449,4,1642571186449,-0.095,-0.127,-0.987,-0.007,-0.010,0.007
AIRPOT,1642571186485,1642571186486,4,1642571186486,-0.095,-0.128,-0.987,-0.012,0.000,0.002
AIRPOT,1642571186519,1642571186520,4,1642571186520,-0.095,-0.126,-0.987,-0.004,-0.009,-0.002
AIRPOT,1642571186564,1642571186565,4,1642571186565,-0.095,-0.124,-0.988,-0.005,-0.012,0.006
AIRPOT,1642571186593,1642571186594,4,1642571186594,-0.094,-0.123,-0.988,0.001,-0.008,0.002
AIRPOT,1642571186661,1642571186662,4,1642571186662,-0.093,-0.123,-0.988,0.001,0.002,0.001
AIRPOT,1642571186727,1642571186728,4,1642571186728,-0.092,-0.123,-0.988,-0.000,-0.007,0.007
AIRPOT,1642571186741,1642571186742,4,1642571186742,-0.092,-0.122,-0.988,0.004,-0.014,0.012
AIRPOT,1642571186754,1642571186755,4,1642571186755,-0.093,-0.122,-0.988,-0.002,-0.010,0.012
AIRPOT,1642571186810,1642571186811,4,1642571186811,-0.094,-0.122,-0.988,-0.003,-0.015,0.006
AIRPOT,1642571186842,1642571186843,4,1642571186843,-0.094,-0.121,-0.988,-0.005,-0.007,0.001
AIRPOT,1642571186888,1642571186889,4,1642571186889,-0.095,-0.120,-0.988,-0.005,0.000,0.002
AIRPOT,1642571186916,1642571186917,4,1642571186917,-0.095,-0.119,-0.988,-0.001,-0.013,-0.000
AIRPOT,1642571186986,1642571186987,4,1642571186987,-0.095,-0.117,-0.989,-0.006,-0.019,0.011
AIRPOT,1642571186997,1642571186998,4,1642571186998,-0.096,-0.117,-0.988,-0.001,-0.010,-0.000
AIRPOT,1642571187041,1642571187042,4,1642571187042,-0.096,-0.116,-0.989,-0.001,-0.002,0.003
AIRPOT,1642571187080,1642571187081,4,1642571187081,-0.097,-0.115,-0.989,0.001,-0.005,0.000
AIRPOT,1642571187138,1642571187139,4,1642571187139,-0.098,-0.113,-0.989,-0.002,-0.003,0.007
AIRPOT,1642571187171,1642571187172,4,1642571187172,-0.098,-0.111,-0.989,-0.002,-0.003,0.003
AIRPOT,1642571187204,1642571187205,4,1642571187205,-0.099,-0.109,-0.989,-0.004,0.001,0.003
AIRPOT,1642571187271,1642571187272,4,1642571187272,-0.101,-0.108,-0.989,-0.000,-0.003,-0.003
AIRPOT,1642571187279,1642571187280,4,1642571187280,-0.101,-0.107,-0.989,-0.006,-0.000,0.001
AIRPOT,1642571187315,1642571187316,4,1642571187316,-0.102,-0.106,-0.989,-0.002,-0.007,-0.004
AIRPOT,1642571187379,1642571187380,4,1642571187380,-0.103,-0.106,-0.989,-0.003,-0.005,0.003
AIRPOT,1642571187411,1642571187412,4,1642571187412,-0.103,-0.106,-0.989,-0.001,-0.004,-0.003
AIRPOT,1642571187468,1642571187469,4,1642571187469,-0.104,-0.106,-0.989,-0.001,-0.006,0.006
AIRPOT,1642571187476,1642571187477,4,1642571187477,-0.104,-0.106,-0.989,-0.001,-0.007,0.000
AIRPOT,1642571187518,1642571187519,4,1642571187519,-0.104,-0.106,-0.989,-0.002,-0.008,0.008
AIRPOT,1642571187562,1642571187563,4,1642571187563,-0.105,-0.106,-0.989,-0.003,-0.005,0.005
AIRPOT,1642571187625,1642571187626,4,1642571187626,-0.106,-0.105,-0.989,0.000,-0.004,0.003
AIRPOT,1642571187636,1642571187637,4,1642571187637,-0.107,-0.105,-0.989,-0.004,-0.013,-0.001
AIRPOT,1642571187696,1642571187697,4,1642571187697,-0.108,-0.104,-0.989,-0.002,-0.009,0.004
AIRPOT,1642571187726,1642571187727,4,1642571187727,-0.109,-0.104,-0.989,-0.000,-0.001,0.010
AIRPOT,1642571187757,1642571187758,4,1642571187758,-0.109,-0.104,-0.989,0.006,-0.017,-0.013
AIRPOT,1642571187815,1642571187816,4,1642571187816,-0.109,-0.104,-0.989,-0.005,0.000,0.005
AIRPOT,1642571187861,1642571187862,4,1642571187862,-0.110,-0.104,-0.988,-0.004,-0.005,0.007
AIRPOT,1642571187879,1642571187880,4,1642571187880,-0.111,-0.104,-0.988,-0.004,-0.010,0.006
AIRPOT,1642571187941,1642571187942,4,1642571187942,-0.112,-0.105,-0.988,-0.004,-0.012,0.002
AIRPOT,1642571187974,1642571187975,4,1642571187975,-0.112,-0.106,-0.988,-0.008,-0.005,0.006
AIRPOT,1642571188045,1642571188046,4,1642571188046,-0.112,-0.107,-0.988,-0.004,-0.007,0.004
AIRPOT,1642571188045,1642571188046,4,1642571188046,-0.111,-0.108,-0.988,-0.009,-0.009,0.005
AIRPOT,1642571188081,1642571188082,4,1642571188082,-0.111,-0.108,-0.988,-0.007,-0.013,0.000
AIRPOT,1642571188119,1642571188120,4,1642571188120,-0.110,-0.108,-0.988,-0.006,-0.005,0.003
AIRPOT,1642571188160,1642571188161,4,1642571188161,-0.109,-0.107,-0.988,-0.003,-0.002,0.002
AIRPOT,1642571188213,1642571188214,4,1642571188214,-0.108,-0.106,-0.988,-0.003,-0.005,0.005
AIRPOT,1642571188261,1642571188262,4,1642571188262,-0.108,-0.106,-0.988,-0.003,-0.001,0.002
AIRPOT,1642571188293,1642571188294,4,1642571188294,-0.107,-0.106,-0.989,-0.002,-0.001,0.007
AIRPOT,1642571188330,1642571188331,4,1642571188331,-0.107,-0.106,-0.989,-0.000,-0.004,0.000
AIRPOT,1642571188365,1642571188366,4,1642571188366,-0.106,-0.106,-0.989,-0.002,-0.004,0.005
AIRPOT,1642571188402,1642571188403,4,1642571188403,-0.106,-0.107,-0.989,-0.002,0.001,0.006
AIRPOT,1642571188475,1642571188476,4,1642571188476,-0.106,-0.107,-0.989,0.003,-0.012,-0.009
AIRPOT,1642571188475,1642571188476,4,1642571188476,-0.105,-0.107,-0.989,-0.004,0.001,0.000
AIRPOT,1642571188521,1642571188522,4,1642571188522,-0.105,-0.106,-0.989,0.003,-0.002,0.005
AIRPOT,1642571188586,1642571188587,4,1642571188587,-0.105,-0.106,-0.989,-0.001,-0.008,0.009
AIRPOT,1642571188600,1642571188601,4,1642571188601,-0.106,-0.106,-0.989,-0.001,-0.005,0.002
AIRPOT,1642571188655,1642571188656,4,1642571188656,-0.106,-0.107,-0.989,-0.002,-0.004,0.001
AIRPOT,1642571188695,1642571188696,4,1642571188696,-0.107,-0.106,-0.989,-0.000,-0.010,0.000
AIRPOT,1642571188764,1642571188765,4,1642571188765,-0.106,-0.107,-0.989,-0.002,-0.014,0.007
AIRPOT,1642571188778,1642571188779,4,1642571188779,-0.106,-0.107,-0.989,-0.004,-0.010,0.005
AIRPOT,1642571188816,1642571188817,4,1642571188817,-0.106,-0.107,-0.989,-0.005,-0.012,0.004
AIRPOT,1642571188854,1642571188855,4,1642571188855,-0.107,-0.107,-0.988,-0.001,-0.009,0.002
AIRPOT,1642571188884,1642571188885,4,1642571188885,-0.107,-0.108,-0.988,-0.000,-0.009,0.003
AIRPOT,1642571188924,1642571188925,4,1642571188925,-0.107,-0.107,-0.988,-0.001,-0.012,0.002
AIRPOT,1642571188996,1642571188997,4,1642571188997,-0.105,-0.106,-0.989,-0.001,-0.051,-0.007
AIRPOT,1642571189006,1642571189007,4,1642571189007,-0.101,-0.100,-0.990,-0.004,-0.160,0.004
AIRPOT,1642571189067,1642571189068,4,1642571189068,-0.097,-0.089,-0.991,-0.028,-0.159,0.008
AIRPOT,1642571189083,1642571189084,4,1642571189084,-0.092,-0.072,-0.993,-0.067,-0.075,0.031
AIRPOT,1642571189121,1642571189122,4,1642571189122,-0.089,-0.052,-0.995,-0.046,0.018,0.017
AIRPOT,1642571189179,1642571189180,4,1642571189180,-0.086,-0.033,-0.996,-0.036,0.066,0.008
AIRPOT,1642571189214,1642571189215,4,1642571189215,-0.082,-0.015,-0.996,-0.015,0.089,0.008
AIRPOT,1642571189256,1642571189257,4,1642571189257,-0.077,0.001,-0.997,0.002,0.073,-0.007
AIRPOT,1642571189315,1642571189316,4,1642571189316,-0.071,0.015,-0.997,0.007,0.046,0.009
AIRPOT,1642571189369,1642571189370,4,1642571189370,-0.065,0.025,-0.998,0.008,0.023,0.005
AIRPOT,1642571189382,1642571189383,4,1642571189383,-0.062,0.033,-0.998,-0.002,0.014,0.017
AIRPOT,1642571189421,1642571189422,4,1642571189422,-0.060,0.038,-0.997,0.005,-0.009,0.003
AIRPOT,1642571189440,1642571189441,4,1642571189441,-0.060,0.041,-0.997,-0.005,-0.005,0.004
AIRPOT,1642571189514,1642571189515,4,1642571189515,-0.060,0.044,-0.997,-0.005,-0.011,0.005
AIRPOT,1642571189517,1642571189518,4,1642571189518,-0.060,0.047,-0.997,-0.002,-0.005,0.001
AIRPOT,1642571189564,1642571189565,4,1642571189565,-0.060,0.051,-0.997,0.003,0.006,-0.001
AIRPOT,1642571189599,1642571189600,4,1642571189600,-0.060,0.055,-0.997,0.008,0.007,-0.001
AIRPOT,1642571189666,1642571189667,4,1642571189667,-0.058,0.059,-0.997,0.009,0.006,0.000
AIRPOT,1642571189710,1642571189711,4,1642571189711,-0.057,0.062,-0.996,0.007,0.003,0.002
AIRPOT,1642571189746,1642571189747,4,1642571189747,-0.057,0.065,-0.996,0.006,0.001,0.002
AIRPOT,1642571189782,1642571189783,4,1642571189783,-0.057,0.067,-0.996,-0.000,0.020,0.010
AIRPOT,1642571189817,1642571189818,4,1642571189818,-0.059,0.070,-0.996,-0.021,0.091,0.022
AIRPOT,1642571189859,1642571189860,4,1642571189860,-0.065,0.079,-0.995,-0.032,0.225,-0.009
AIRPOT,1642571189898,1642571189899,4,1642571189899,-0.067,0.099,-0.993,-0.064,0.254,-0.033
AIRPOT,1642571189973,1642571189974,4,1642571189974,-0.055,0.134,-0.989,-0.074,0.086,-0.080
AIRPOT,1642571189976,1642571189977,4,1642571189977,-0.022,0.169,-0.985,-0.082,-0.088,-0.062
AIRPOT,1642571190028,1642571190029,4,1642571190029,0.027,0.196,-0.980,-0.079,-0.178,-0.011
AIRPOT,1642571190064,1642571190065,4,1642571190065,0.078,0.211,-0.974,-0.083,-0.210,0.034
AIRPOT,1642571190140,1642571190141,4,1642571190141,0.134,0.222,-0.966,-0.015,-0.142,0.034
AIRPOT,1642571190182,1642571190183,4,1642571190183,0.140,0.224,-0.964,0.009,-0.075,-0.001
AIRPOT,1642571190217,1642571190218,4,1642571190218,0.139,0.228,-0.964,0.001,-0.044,-0.000
AIRPOT,1642571190260,1642571190261,4,1642571190261,0.134,0.231,-0.964,-0.005,-0.040,0.003
AIRPOT,1642571190304,1642571190305,4,1642571190305,0.126,0.232,-0.964,-0.003,-0.033,0.001
AIRPOT,1642571190340,1642571190341,4,1642571190341,0.118,0.233,-0.965,-0.004,0.013,-0.010
AIRPOT,1642571190376,1642571190377,4,1642571190377,0.114,0.235,-0.965,-0.001,0.006,-0.016
AIRPOT,1642571190408,1642571190409,4,1642571190409,0.113,0.240,-0.964,-0.014,0.004,0.008
AIRPOT,1642571190450,1642571190451,4,1642571190451,0.110,0.246,-0.963,-0.007,0.017,0.004
AIRPOT,1642571190492,1642571190493,4,1642571190493,0.107,0.250,-0.962,-0.001,0.009,-0.012
AIRPOT,1642571190567,1642571190568,4,1642571190568,0.105,0.253,-0.962,-0.014,0.025,0.001
AIRPOT,1642571190568,1642571190569,4,1642571190569,0.103,0.255,-0.961,-0.009,0.006,-0.000
AIRPOT,1642571190636,1642571190637,4,1642571190637,0.101,0.256,-0.961,-0.016,0.019,0.004
AIRPOT,1642571190643,1642571190644,4,1642571190644,0.101,0.255,-0.962,-0.012,0.012,-0.005
AIRPOT,1642571190696,1642571190697,4,1642571190697,0.102,0.254,-0.962,-0.015,0.015,0.001
AIRPOT,1642571190724,1642571190725,4,1642571190725,0.102,0.252,-0.962,-0.008,0.010,-0.005
AIRPOT,1642571190787,1642571190788,4,1642571190788,0.104,0.249,-0.963,-0.013,-0.006,0.005
AIRPOT,1642571190859,1642571190860,4,1642571190860,0.105,0.248,-0.963,-0.017,-0.007,0.009
AIRPOT,1642571190873,1642571190874,4,1642571190874,0.104,0.247,-0.964,-0.037,-0.028,0.005
AIRPOT,1642571190884,1642571190885,4,1642571190885,0.098,0.245,-0.964,-0.096,-0.090,0.044
AIRPOT,1642571190953,1642571190954,4,1642571190954,0.082,0.247,-0.965,-0.080,-0.127,-0.010
AIRPOT,1642571191004,1642571191005,4,1642571191005,0.065,0.257,-0.964,-0.038,-0.158,-0.019
AIRPOT,1642571191043,1642571191044,4,1642571191044,0.049,0.272,-0.961,0.010,0.002,-0.068
AIRPOT,1642571191043,1642571191044,4,1642571191044,0.043,0.295,-0.955,0.014,0.050,-0.002
AIRPOT,1642571191107,1642571191108,4,1642571191108,0.036,0.315,-0.948,-0.011,0.044,0.049
AIRPOT,1642571191171,1642571191172,4,1642571191172,0.026,0.326,-0.945,0.015,0.114,-0.010
AIRPOT,1642571191172,1642571191173,4,1642571191173,0.015,0.335,-0.942,0.046,0.081,0.019
AIRPOT,1642571191209,1642571191210,4,1642571191210,0.012,0.335,-0.942,0.128,-0.023,-0.013
AIRPOT,1642571191256,1642571191257,4,1642571191257,0.015,0.331,-0.944,0.077,0.022,0.027
AIRPOT,1642571191308,1642571191309,4,1642571191309,0.016,0.334,-0.942,0.046,0.031,0.017
AIRPOT,1642571191341,1642571191342,4,1642571191342,0.014,0.343,-0.939,-0.007,-0.024,0.018
AIRPOT,1642571191378,1642571191379,4,1642571191379,0.006,0.349,-0.937,-0.034,-0.055,0.005
AIRPOT,1642571191422,1642571191423,4,1642571191423,-0.005,0.348,-0.937,-0.031,0.008,-0.007
AIRPOT,1642571191488,1642571191489,4,1642571191489,-0.012,0.348,-0.937,-0.019,-0.002,-0.038
AIRPOT,1642571191488,1642571191489,4,1642571191489,-0.013,0.350,-0.937,-0.042,0.011,0.025
AIRPOT,1642571191539,1642571191540,4,1642571191540,-0.012,0.352,-0.936,-0.017,-0.007,-0.016
AIRPOT,1642571191587,1642571191588,4,1642571191588,-0.006,0.356,-0.934,-0.033,0.090,-0.005
AIRPOT,1642571191621,1642571191622,4,1642571191622,0.008,0.358,-0.934,-0.048,0.213,-0.012
AIRPOT,1642571191660,1642571191661,4,1642571191661,0.040,0.351,-0.936,-0.035,0.106,-0.032
AIRPOT,1642571191704,1642571191705,4,1642571191705,0.082,0.336,-0.938,-0.063,-0.001,0.030
AIRPOT,1642571191772,1642571191773,4,1642571191773,0.117,0.315,-0.942,-0.051,-0.117,0.033
AIRPOT,1642571191783,1642571191784,4,1642571191784,0.142,0.294,-0.945,-0.016,-0.150,0.029
AIRPOT,1642571191838,1642571191839,4,1642571191839,0.159,0.280,-0.947,0.002,-0.114,0.028
AIRPOT,1642571191889,1642571191890,4,1642571191890,0.168,0.274,-0.947,-0.008,-0.009,0.009
AIRPOT,1642571191889,1642571191890,4,1642571191890,0.173,0.276,-0.945,0.004,-0.026,-0.015
AIRPOT,1642571191925,1642571191926,4,1642571191926,0.177,0.279,-0.944,0.013,-0.021,-0.028
AIRPOT,1642571191972,1642571191973,4,1642571191973,0.179,0.281,-0.943,0.016,-0.015,-0.017
AIRPOT,1642571192062,1642571192063,4,1642571192063,0.180,0.280,-0.943,0.015,-0.021,-0.002
AIRPOT,1642571192062,1642571192063,4,1642571192063,0.180,0.276,-0.944,0.007,-0.009,0.016
AIRPOT,1642571192106,1642571192107,4,1642571192107,0.176,0.274,-0.946,0.007,-0.024,0.012
AIRPOT,1642571192143,1642571192144,4,1642571192144,0.171,0.274,-0.946,-0.010,0.008,0.006
AIRPOT,1642571192178,1642571192179,4,1642571192179,0.166,0.276,-0.947,-0.000,-0.003,-0.004
AIRPOT,1642571192209,1642571192210,4,1642571192210,0.163,0.278,-0.947,-0.005,-0.011,-0.003
AIRPOT,1642571192254,1642571192255,4,1642571192255,0.161,0.278,-0.947,-0.012,0.011,-0.002
AIRPOT,1642571192290,1642571192291,4,1642571192291,0.159,0.277,-0.947,-0.006,-0.013,0.003
AIRPOT,1642571192326,1642571192327,4,1642571192327,0.157,0.277,-0.948,-0.017,-0.014,0.018
AIRPOT,1642571192366,1642571192367,4,1642571192367,0.151,0.276,-0.949,-0.010,-0.002,0.001
AIRPOT,1642571192406,1642571192407,4,1642571192407,0.145,0.275,-0.950,0.003,-0.038,-0.009
AIRPOT,1642571192475,1642571192476,4,1642571192476,0.138,0.273,-0.952,-0.021,0.008,0.018
AIRPOT,1642571192490,1642571192491,4,1642571192491,0.127,0.270,-0.955,0.016,-0.036,-0.016
AIRPOT,1642571192526,1642571192527,4,1642571192527,0.117,0.265,-0.957,-0.010,-0.057,0.017
AIRPOT,1642571192599,1642571192600,4,1642571192600,0.097,0.262,-0.960,0.020,-0.117,-0.002
AIRPOT,1642571192611,1642571192612,4,1642571192612,0.069,0.263,-0.962,-0.006,-0.286,0.029
AIRPOT,1642571192661,1642571192662,4,1642571192662,0.020,0.260,-0.965,-0.130,-0.290,0.112
AIRPOT,1642571192707,1642571192708,4,1642571192708,-0.052,0.242,-0.969,-0.181,-0.085,0.012
AIRPOT,1642571192740,1642571192741,4,1642571192741,-0.121,0.209,-0.970,-0.172,0.122,-0.054
AIRPOT,1642571192780,1642571192781,4,1642571192781,-0.167,0.174,-0.970,-0.110,0.280,-0.095
AIRPOT,1642571192816,1642571192817,4,1642571192817,-0.188,0.151,-0.971,-0.015,0.222,-0.090
AIRPOT,1642571192849,1642571192850,4,1642571192850,-0.187,0.140,-0.972,-0.004,0.130,-0.013
AIRPOT,1642571192896,1642571192897,4,1642571192897,-0.179,0.135,-0.975,0.017,0.064,0.011
AIRPOT,1642571192964,1642571192965,4,1642571192965,-0.169,0.132,-0.977,0.010,0.032,0.006
AIRPOT,1642571192978,1642571192979,4,1642571192979,-0.161,0.132,-0.978,0.001,0.003,0.020
AIRPOT,1642571193031,1642571193032,4,1642571193032,-0.157,0.131,-0.979,-0.001,-0.008,0.009
AIRPOT,1642571193062,1642571193063,4,1642571193063,-0.156,0.130,-0.979,-0.002,-0.009,0.008
AIRPOT,1642571193094,1642571193095,4,1642571193095,-0.155,0.129,-0.979,0.002,-0.019,-0.004
AIRPOT,1642571193144,1642571193145,4,1642571193145,-0.154,0.127,-0.980,0.001,-0.001,0.002
AIRPOT,1642571193187,1642571193188,4,1642571193188,-0.153,0.127,-0.980,0.014,-0.015,-0.003
AIRPOT,1642571193208,1642571193209,4,1642571193209,-0.150,0.127,-0.980,0.006,-0.001,0.002
AIRPOT,1642571193269,1642571193270,4,1642571193270,-0.148,0.128,-0.981,0.006,-0.012,0.002
AIRPOT,1642571193314,1642571193315,4,1642571193315,-0.147,0.128,-0.981,0.005,-0.007,-0.000
AIRPOT,1642571193340,1642571193341,4,1642571193341,-0.146,0.129,-0.981,0.006,-0.005,0.001
AIRPOT,1642571193385,1642571193386,4,1642571193386,-0.146,0.128,-0.981,0.006,-0.000,0.002
AIRPOT,1642571193421,1642571193422,4,1642571193422,-0.145,0.128,-0.981,0.008,0.007,0.000
AIRPOT,1642571193456,1642571193457,4,1642571193457,-0.144,0.129,-0.981,0.009,-0.007,0.005
AIRPOT,1642571193489,1642571193490,4,1642571193490,-0.143,0.130,-0.981,0.004,-0.002,0.004
AIRPOT,1642571193568,1642571193569,4,1642571193569,-0.143,0.130,-0.981,0.003,-0.003,0.001
AIRPOT,1642571193570,1642571193571,4,1642571193571,-0.143,0.131,-0.981,0.004,-0.005,-0.003
AIRPOT,1642571193620,1642571193621,4,1642571193621,-0.144,0.132,-0.981,0.002,-0.007,0.003
AIRPOT,1642571193656,1642571193657,4,1642571193657,-0.144,0.132,-0.981,0.003,-0.005,-0.003
AIRPOT,1642571193701,1642571193702,4,1642571193702,-0.144,0.132,-0.981,0.001,-0.003,0.002
AIRPOT,1642571193736,1642571193737,4,1642571193737,-0.144,0.132,-0.981,-0.000,-0.003,0.002
AIRPOT,1642571193772,1642571193773,4,1642571193773,-0.145,0.132,-0.981,-0.003,-0.006,0.005
AIRPOT,1642571193812,1642571193813,4,1642571193813,-0.145,0.131,-0.981,-0.001,-0.006,-0.001
AIRPOT,1642571193865,1642571193866,4,1642571193866,-0.145,0.132,-0.981,-0.001,-0.013,0.005
AIRPOT,1642571193906,1642571193907,4,1642571193907,-0.146,0.131,-0.981,0.001,-0.009,-0.004
AIRPOT,1642571193929,1642571193930,4,1642571193930,-0.146,0.132,-0.981,-0.001,-0.008,-0.001
AIRPOT,1642571193997,1642571193998,4,1642571193998,-0.146,0.132,-0.980,-0.002,-0.011,0.003
AIRPOT,1642571194031,1642571194032,4,1642571194032,-0.146,0.132,-0.980,-0.003,-0.008,0.002
AIRPOT,1642571194086,1642571194087,4,1642571194087,-0.146,0.132,-0.980,-0.000,-0.007,-0.000
AIRPOT,1642571194092,1642571194093,4,1642571194093,-0.146,0.132,-0.980,-0.000,-0.004,0.000
AIRPOT,1642571194164,1642571194165,4,1642571194165,-0.146,0.132,-0.980,0.001,-0.003,0.002
AIRPOT,1642571194208,1642571194209,4,1642571194209,-0.145,0.133,-0.980,-0.000,-0.007,0.007
AIRPOT,1642571194214,1642571194215,4,1642571194215,-0.145,0.133,-0.980,0.001,-0.003,0.003
AIRPOT,1642571194276,1642571194277,4,1642571194277,-0.146,0.134,-0.980,0.001,-0.005,0.000
AIRPOT,1642571194289,1642571194290,4,1642571194290,-0.146,0.134,-0.980,-0.001,-0.001,0.001
AIRPOT,1642571194364,1642571194365,4,1642571194365,-0.146,0.134,-0.980,-0.000,-0.001,-0.001
AIRPOT,1642571194372,1642571194373,4,1642571194373,-0.146,0.134,-0.980,-0.002,-0.007,0.001
AIRPOT,1642571194426,1642571194427,4,1642571194427,-0.146,0.134,-0.980,-0.001,-0.009,0.001
AIRPOT,1642571194505,1642571194506,4,1642571194506,-0.146,0.133,-0.980,-0.001,-0.002,0.002
AIRPOT,1642571194516,1642571194517,4,1642571194517,-0.146,0.133,-0.980,-0.001,-0.002,0.002
AIRPOT,1642571194554,1642571194555,4,1642571194555,-0.145,0.132,-0.981,0.000,-0.005,0.001
AIRPOT,1642571194591,1642571194592,4,1642571194592,-0.145,0.132,-0.981,-0.001,-0.011,0.002
AIRPOT,1642571194633,1642571194634,4,1642571194634,-0.145,0.131,-0.981,0.001,-0.010,0.003
AIRPOT,1642571194673,1642571194674,4,1642571194674,-0.145,0.130,-0.981,0.003,-0.010,-0.002
AIRPOT,1642571194717,1642571194718,4,1642571194718,-0.144,0.130,-0.981,-0.000,-0.009,0.001
AIRPOT,1642571194745,1642571194746,4,1642571194746,-0.145,0.130,-0.981,-0.001,-0.007,0.002
AIRPOT,1642571194817,1642571194818,4,1642571194818,-0.145,0.130,-0.981,0.002,-0.014,0.001
AIRPOT,1642571194817,1642571194818,4,1642571194818,-0.145,0.130,-0.981,0.001,-0.008,0.004
AIRPOT,1642571194872,1642571194873,4,1642571194873,-0.145,0.130,-0.981,0.002,-0.003,0.001
AIRPOT,1642571194921,1642571194922,4,1642571194922,-0.145,0.130,-0.981,0.004,-0.003,0.002
AIRPOT,1642571194934,1642571194935,4,1642571194935,-0.145,0.129,-0.981,0.001,-0.002,0.002
AIRPOT,1642571195038,1642571195039,4,1642571195039,-0.145,0.129,-0.981,0.002,-0.003,0.001
AIRPOT,1642571195039,1642571195040,4,1642571195040,-0.146,0.129,-0.981,0.001,-0.003,0.003
AIRPOT,1642571195100,1642571195101,4,1642571195101,-0.147,0.129,-0.981,0.000,0.000,0.000
AIRPOT,1642571195100,1642571195101,4,1642571195101,-0.148,0.130,-0.980,-0.030,0.091,0.019
AIRPOT,1642571195173,1642571195174,4,1642571195174,-0.149,0.133,-0.980,-0.032,0.293,-0.045
AIRPOT,1642571195175,1642571195176,4,1642571195176,-0.137,0.147,-0.980,-0.089,0.487,-0.072
AIRPOT,1642571195220,1642571195221,4,1642571195221,-0.098,0.175,-0.980,-0.060,0.131,-0.105
AIRPOT,1642571195266,1642571195267,4,1642571195267,-0.031,0.194,-0.981,-0.138,-0.188,0.038
AIRPOT,1642571195309,1642571195310,4,1642571195310,0.030,0.197,-0.980,-0.105,-0.341,0.070
AIRPOT,1642571195352,1642571195353,4,1642571195353,0.068,0.188,-0.980,-0.067,-0.370,0.086
AIRPOT,1642571195384,1642571195385,4,1642571195385,0.075,0.181,-0.981,-0.028,-0.294,0.029
AIRPOT,1642571195418,1642571195419,4,1642571195419,0.059,0.185,-0.981,-0.050,-0.286,0.056
AIRPOT,1642571195451,1642571195452,4,1642571195452,0.020,0.187,-0.982,-0.094,-0.192,0.025
AIRPOT,1642571195518,1642571195519,4,1642571195519,-0.026,0.178,-0.984,-0.157,-0.073,0.012
AIRPOT,1642571195556,1642571195557,4,1642571195557,-0.069,0.159,-0.985,-0.103,0.069,-0.050
AIRPOT,1642571195624,1642571195625,4,1642571195625,-0.097,0.139,-0.986,-0.049,0.129,-0.034
AIRPOT,1642571195624,1642571195625,4,1642571195625,-0.113,0.126,-0.986,-0.020,0.136,-0.009
AIRPOT,1642571195668,1642571195669,4,1642571195669,-0.123,0.120,-0.985,-0.001,0.109,-0.002
AIRPOT,1642571195753,1642571195754,4,1642571195753,-0.130,0.115,-0.985,-0.002,0.095,-0.003
AIRPOT,1642571195753,1642571195754,4,1642571195754,-0.132,0.113,-0.985,-0.006,0.069,-0.004
AIRPOT,1642571195793,1642571195794,4,1642571195794,-0.133,0.111,-0.985,-0.015,0.036,-0.008
AIRPOT,1642571195823,1642571195824,4,1642571195824,-0.133,0.109,-0.985,-0.026,0.009,-0.002
AIRPOT,1642571195855,1642571195856,4,1642571195856,-0.132,0.106,-0.986,-0.022,-0.020,-0.004
AIRPOT,1642571195903,1642571195904,4,1642571195904,-0.130,0.103,-0.986,-0.017,-0.023,-0.000
AIRPOT,1642571195938,1642571195939,4,1642571195939,-0.128,0.101,-0.987,-0.008,-0.024,0.002
AIRPOT,1642571195989,1642571195990,4,1642571195990,-0.124,0.102,-0.987,-0.003,-0.008,0.001
AIRPOT,1642571196036,1642571196037,4,1642571196037,-0.120,0.104,-0.987,-0.001,0.013,0.001
AIRPOT,1642571196071,1642571196072,4,1642571196072,-0.116,0.111,-0.987,-0.008,0.073,0.011
AIRPOT,1642571196107,1642571196108,4,1642571196108,-0.114,0.131,-0.985,-0.019,0.137,-0.006
AIRPOT,1642571196149,1642571196150,4,1642571196150,-0.109,0.171,-0.979,-0.019,0.057,-0.046
AIRPOT,1642571196209,1642571196210,4,1642571196210,-0.094,0.225,-0.970,-0.022,-0.119,-0.037
AIRPOT,1642571196224,1642571196225,4,1642571196225,-0.073,0.274,-0.959,-0.028,-0.163,0.009
AIRPOT,1642571196257,1642571196258,4,1642571196258,-0.050,0.304,-0.951,-0.024,-0.151,-0.001
AIRPOT,1642571196320,1642571196321,4,1642571196321,-0.030,0.322,-0.946,-0.040,-0.056,0.014
AIRPOT,1642571196342,1642571196343,4,1642571196343,-0.016,0.337,-0.941,-0.007,-0.023,-0.005
AIRPOT,1642571196391,1642571196392,4,1642571196392,-0.002,0.352,-0.936,0.022,0.001,-0.032
AIRPOT,1642571196430,1642571196431,4,1642571196431,0.013,0.366,-0.931,0.003,0.051,0.019
AIRPOT,1642571196465,1642571196466,4,1642571196466,0.028,0.377,-0.926,0.029,0.016,-0.017
AIRPOT,1642571196547,1642571196548,4,1642571196548,0.042,0.385,-0.922,0.004,0.016,0.010
AIRPOT,1642571196548,1642571196549,4,1642571196549,0.055,0.391,-0.919,0.017,-0.032,0.007
AIRPOT,1642571196600,1642571196601,4,1642571196601,0.065,0.396,-0.916,0.003,-0.002,0.005
AIRPOT,1642571196639,1642571196640,4,1642571196640,0.073,0.403,-0.912,-0.013,-0.017,0.020
AIRPOT,1642571196707,1642571196708,4,1642571196708,0.079,0.410,-0.909,0.005,-0.034,-0.007
AIRPOT,1642571196707,1642571196708,4,1642571196708,0.085,0.417,-0.905,0.011,-0.025,0.009
AIRPOT,1642571196748,1642571196749,4,1642571196749,0.090,0.423,-0.901,0.028,-0.057,0.011
AIRPOT,1642571196779,1642571196780,4,1642571196780,0.093,0.426,-0.900,0.023,-0.013,0.002
AIRPOT,1642571196831,1642571196832,4,1642571196832,0.094,0.430,-0.898,0.004,0.000,0.006
AIRPOT,1642571196876,1642571196877,4,1642571196877,0.093,0.433,-0.896,0.000,-0.009,-0.005
AIRPOT,1642571196926,1642571196927,4,1642571196927,0.092,0.435,-0.896,0.000,0.011,-0.005
AIRPOT,1642571196935,1642571196936,4,1642571196936,0.091,0.438,-0.895,0.003,0.016,-0.002
AIRPOT,1642571196992,1642571196993,4,1642571196993,0.091,0.439,-0.894,-0.017,-0.012,0.015
