Device,PTPTime,UnixTime,Protocool,CurrentDeviceTime,GyroX,GyroY,GyroZ,AccX,AccY,AccZ,
AIRPOT,1645080388480,1645080388023,4,1645080388023,-0.185,-0.463,-0.867,-0.002,0.000,0.001
AIRPOT,1645080388588,1645080388131,4,1645080388131,-0.184,-0.465,-0.866,-0.005,0.001,-0.004
AIRPOT,1645080388663,1645080388206,4,1645080388206,-0.183,-0.465,-0.866,-0.001,-0.004,-0.000
AIRPOT,1645080388729,1645080388272,4,1645080388272,-0.183,-0.466,-0.866,-0.003,-0.003,-0.001
AIRPOT,1645080388782,1645080388325,4,1645080388325,-0.183,-0.467,-0.865,-0.001,-0.001,-0.001
AIRPOT,1645080388785,1645080388328,4,1645080388328,-0.183,-0.467,-0.865,-0.001,-0.000,0.000
AIRPOT,1645080388834,1645080388377,4,1645080388377,-0.184,-0.468,-0.865,-0.003,-0.000,0.001
AIRPOT,1645080388889,1645080388432,4,1645080388432,-0.184,-0.468,-0.865,0.000,-0.002,0.002
AIRPOT,1645080388990,1645080388533,4,1645080388533,-0.182,-0.468,-0.865,-0.001,0.000,0.002
AIRPOT,1645080389050,1645080388593,4,1645080388593,-0.182,-0.468,-0.865,-0.004,-0.004,-0.001
AIRPOT,1645080389109,1645080388652,4,1645080388652,-0.183,-0.469,-0.864,-0.001,-0.006,-0.000
AIRPOT,1645080389160,1645080388703,4,1645080388703,-0.183,-0.469,-0.864,-0.001,0.003,0.002
AIRPOT,1645080389240,1645080388783,4,1645080388783,-0.183,-0.469,-0.864,0.002,0.001,0.003
AIRPOT,1645080389292,1645080388835,4,1645080388835,-0.183,-0.469,-0.864,-0.002,-0.009,-0.001
AIRPOT,1645080389347,1645080388890,4,1645080388890,-0.184,-0.470,-0.863,0.000,0.000,0.001
AIRPOT,1645080389398,1645080388941,4,1645080388941,-0.184,-0.470,-0.863,-0.002,-0.001,-0.000
AIRPOT,1645080389458,1645080389001,4,1645080389001,-0.184,-0.470,-0.863,-0.003,-0.002,-0.002
AIRPOT,1645080389513,1645080389056,4,1645080389056,-0.184,-0.470,-0.863,-0.003,-0.003,0.001
AIRPOT,1645080389564,1645080389107,4,1645080389107,-0.184,-0.470,-0.863,-0.001,-0.000,-0.001
AIRPOT,1645080389677,1645080389220,4,1645080389220,-0.184,-0.471,-0.863,-0.002,-0.004,0.001
AIRPOT,1645080389795,1645080389338,4,1645080389338,-0.185,-0.472,-0.862,0.000,-0.001,0.001
AIRPOT,1645080389847,1645080389390,4,1645080389390,-0.185,-0.471,-0.862,0.000,-0.006,0.003
AIRPOT,1645080389893,1645080389436,4,1645080389436,-0.185,-0.472,-0.862,-0.004,-0.003,-0.003
AIRPOT,1645080390116,1645080389659,4,1645080389659,-0.186,-0.472,-0.861,-0.000,0.001,0.001
AIRPOT,1645080390181,1645080389724,4,1645080389724,-0.186,-0.472,-0.862,-0.002,-0.001,0.000
AIRPOT,1645080390291,1645080389834,4,1645080389834,-0.185,-0.472,-0.862,-0.002,-0.005,0.003
AIRPOT,1645080390345,1645080389888,4,1645080389888,-0.184,-0.473,-0.862,0.001,0.007,0.004
AIRPOT,1645080390412,1645080389955,4,1645080389955,-0.183,-0.472,-0.862,0.001,-0.004,-0.000
AIRPOT,1645080390499,1645080390042,4,1645080390042,-0.184,-0.473,-0.862,-0.001,0.000,-0.001
AIRPOT,1645080390575,1645080390118,4,1645080390118,-0.185,-0.473,-0.861,-0.003,0.002,-0.002
AIRPOT,1645080390718,1645080390261,4,1645080390261,-0.184,-0.473,-0.862,-0.001,0.000,-0.001
AIRPOT,1645080390780,1645080390323,4,1645080390323,-0.184,-0.473,-0.862,-0.002,-0.004,-0.002
AIRPOT,1645080390849,1645080390392,4,1645080390392,-0.185,-0.473,-0.862,-0.000,-0.001,0.003
AIRPOT,1645080390898,1645080390441,4,1645080390441,-0.185,-0.473,-0.861,-0.002,-0.004,-0.003
AIRPOT,1645080390948,1645080390491,4,1645080390491,-0.186,-0.473,-0.861,-0.003,0.004,-0.002
AIRPOT,1645080391087,1645080390630,4,1645080390630,-0.187,-0.473,-0.861,-0.004,-0.002,-0.000
AIRPOT,1645080391242,1645080390785,4,1645080390785,-0.186,-0.474,-0.861,-0.001,-0.002,-0.002
AIRPOT,1645080391295,1645080390838,4,1645080390838,-0.186,-0.474,-0.861,-0.001,-0.001,-0.001
AIRPOT,1645080391347,1645080390890,4,1645080390890,-0.185,-0.474,-0.861,0.000,-0.001,-0.001
AIRPOT,1645080391451,1645080390994,4,1645080390994,-0.186,-0.474,-0.860,-0.004,-0.005,-0.001
AIRPOT,1645080391570,1645080391113,4,1645080391113,-0.187,-0.475,-0.860,0.001,0.000,0.004
AIRPOT,1645080391628,1645080391171,4,1645080391171,-0.187,-0.475,-0.860,-0.004,-0.004,-0.001
AIRPOT,1645080391671,1645080391214,4,1645080391214,-0.187,-0.475,-0.860,-0.001,0.000,0.001
AIRPOT,1645080391739,1645080391282,4,1645080391282,-0.187,-0.476,-0.859,-0.003,-0.002,-0.001
AIRPOT,1645080391787,1645080391330,4,1645080391330,-0.187,-0.476,-0.859,-0.002,0.001,-0.001
AIRPOT,1645080391972,1645080391515,4,1645080391515,-0.186,-0.476,-0.860,-0.002,-0.002,-0.001
AIRPOT,1645080392147,1645080391690,4,1645080391690,-0.186,-0.477,-0.859,-0.001,-0.006,-0.001
AIRPOT,1645080392309,1645080391852,4,1645080391852,-0.186,-0.477,-0.859,-0.002,0.002,-0.002
AIRPOT,1645080392456,1645080391999,4,1645080391999,-0.187,-0.476,-0.859,0.000,0.000,-0.000
AIRPOT,1645080392504,1645080392047,4,1645080392047,-0.186,-0.476,-0.859,-0.001,-0.003,0.001
AIRPOT,1645080392625,1645080392168,4,1645080392168,-0.187,-0.476,-0.859,-0.007,-0.003,-0.002
AIRPOT,1645080392747,1645080392290,4,1645080392290,-0.186,-0.477,-0.859,-0.002,-0.004,-0.002
AIRPOT,1645080392816,1645080392359,4,1645080392359,-0.186,-0.476,-0.859,-0.004,-0.006,-0.002
AIRPOT,1645080392865,1645080392408,4,1645080392408,-0.187,-0.477,-0.859,-0.000,0.002,0.002
AIRPOT,1645080392989,1645080392532,4,1645080392532,-0.185,-0.479,-0.858,-0.004,0.000,-0.004
AIRPOT,1645080393107,1645080392650,4,1645080392650,-0.185,-0.477,-0.859,-0.000,-0.003,0.000
AIRPOT,1645080393226,1645080392769,4,1645080392769,-0.186,-0.477,-0.859,-0.003,-0.001,0.000
AIRPOT,1645080393260,1645080392803,4,1645080392803,-0.187,-0.477,-0.859,-0.003,-0.001,0.002
AIRPOT,1645080393341,1645080392884,4,1645080392884,-0.187,-0.478,-0.858,-0.005,0.004,-0.005
AIRPOT,1645080393400,1645080392943,4,1645080392943,-0.187,-0.478,-0.858,0.002,-0.005,0.004
AIRPOT,1645080393467,1645080393010,4,1645080393010,-0.187,-0.478,-0.858,-0.002,0.001,0.000
AIRPOT,1645080393509,1645080393052,4,1645080393052,-0.188,-0.478,-0.858,0.001,-0.001,0.001
AIRPOT,1645080393595,1645080393138,4,1645080393138,-0.188,-0.478,-0.858,-0.001,-0.003,-0.000
AIRPOT,1645080393675,1645080393218,4,1645080393218,-0.188,-0.478,-0.858,-0.004,-0.001,-0.001
AIRPOT,1645080393712,1645080393255,4,1645080393255,-0.188,-0.478,-0.858,-0.003,-0.001,0.000
AIRPOT,1645080393827,1645080393370,4,1645080393370,-0.188,-0.479,-0.858,-0.002,-0.001,0.002
AIRPOT,1645080393943,1645080393486,4,1645080393486,-0.187,-0.480,-0.857,-0.002,0.007,0.001
AIRPOT,1645080393987,1645080393530,4,1645080393530,-0.187,-0.480,-0.857,-0.003,-0.005,-0.003
AIRPOT,1645080394065,1645080393608,4,1645080393608,-0.187,-0.480,-0.857,-0.003,-0.004,-0.002
AIRPOT,1645080394126,1645080393669,4,1645080393669,-0.187,-0.480,-0.857,-0.000,-0.000,0.003
AIRPOT,1645080394187,1645080393730,4,1645080393730,-0.187,-0.480,-0.857,-0.003,0.001,-0.002
AIRPOT,1645080394245,1645080393788,4,1645080393788,-0.187,-0.480,-0.857,-0.000,-0.002,0.000
AIRPOT,1645080394361,1645080393904,4,1645080393904,-0.187,-0.480,-0.857,0.000,-0.001,0.001
AIRPOT,1645080394419,1645080393962,4,1645080393962,-0.187,-0.480,-0.857,-0.000,0.001,-0.001
AIRPOT,1645080394422,1645080393965,4,1645080393965,-0.187,-0.480,-0.857,-0.003,-0.001,0.000
AIRPOT,1645080394607,1645080394150,4,1645080394150,-0.187,-0.481,-0.856,-0.004,0.007,-0.005
AIRPOT,1645080394667,1645080394210,4,1645080394210,-0.187,-0.481,-0.857,-0.001,-0.005,0.003
AIRPOT,1645080394730,1645080394273,4,1645080394273,-0.187,-0.481,-0.856,-0.004,-0.001,-0.001
AIRPOT,1645080394838,1645080394381,4,1645080394381,-0.187,-0.481,-0.857,-0.003,-0.002,-0.002
AIRPOT,1645080394887,1645080394430,4,1645080394430,-0.187,-0.481,-0.857,0.001,-0.003,-0.000
AIRPOT,1645080394975,1645080394518,4,1645080394518,-0.187,-0.481,-0.857,0.003,-0.000,-0.002
AIRPOT,1645080394981,1645080394524,4,1645080394524,-0.187,-0.481,-0.857,0.002,-0.001,-0.007
AIRPOT,1645080395082,1645080394625,4,1645080394625,-0.188,-0.484,-0.854,-0.006,-0.000,0.004
AIRPOT,1645080395134,1645080394677,4,1645080394677,-0.190,-0.485,-0.854,0.001,0.003,0.012
AIRPOT,1645080395187,1645080394730,4,1645080394730,-0.191,-0.484,-0.854,-0.004,-0.009,0.015
AIRPOT,1645080395236,1645080394779,4,1645080394779,-0.189,-0.483,-0.855,-0.005,0.011,0.001
AIRPOT,1645080395297,1645080394840,4,1645080394840,-0.186,-0.480,-0.857,-0.005,0.003,-0.011
AIRPOT,1645080395449,1645080394992,4,1645080394992,-0.178,-0.462,-0.869,0.002,0.004,0.003
AIRPOT,1645080395566,1645080395109,4,1645080395109,-0.171,-0.456,-0.873,-0.003,0.009,0.006
AIRPOT,1645080395686,1645080395229,4,1645080395229,-0.158,-0.467,-0.870,0.014,-0.008,-0.029
AIRPOT,1645080395866,1645080395409,4,1645080395409,-0.157,-0.481,-0.863,-0.016,-0.059,-0.013
AIRPOT,1645080395936,1645080395479,4,1645080395479,-0.168,-0.489,-0.856,-0.019,0.014,0.004
AIRPOT,1645080396041,1645080395584,4,1645080395584,-0.173,-0.481,-0.859,0.023,0.014,-0.015
AIRPOT,1645080396165,1645080395708,4,1645080395708,-0.193,-0.435,-0.880,0.015,-0.001,0.020
AIRPOT,1645080396319,1645080395862,4,1645080395862,-0.193,-0.428,-0.883,-0.016,0.070,-0.012
AIRPOT,1645080396377,1645080395920,4,1645080395920,-0.187,-0.428,-0.884,-0.027,-0.001,-0.026
AIRPOT,1645080396437,1645080395980,4,1645080395980,-0.184,-0.429,-0.884,0.004,-0.019,-0.001
AIRPOT,1645080396496,1645080396039,4,1645080396039,-0.186,-0.428,-0.885,0.007,-0.041,0.028
AIRPOT,1645080396524,1645080396067,4,1645080396067,-0.185,-0.426,-0.886,0.003,-0.008,0.013
AIRPOT,1645080396575,1645080396118,4,1645080396118,-0.182,-0.426,-0.886,-0.002,0.003,0.022
AIRPOT,1645080396647,1645080396190,4,1645080396190,-0.165,-0.424,-0.890,0.009,0.025,0.018
AIRPOT,1645080396770,1645080396313,4,1645080396313,-0.130,-0.422,-0.897,-0.010,-0.024,-0.046
AIRPOT,1645080396827,1645080396370,4,1645080396370,-0.131,-0.422,-0.897,-0.011,0.003,-0.035
AIRPOT,1645080396885,1645080396428,4,1645080396428,-0.140,-0.424,-0.895,-0.003,-0.002,0.002
AIRPOT,1645080396947,1645080396490,4,1645080396490,-0.143,-0.423,-0.895,0.002,0.006,0.009
AIRPOT,1645080397009,1645080396552,4,1645080396552,-0.145,-0.423,-0.894,0.005,0.018,-0.002
AIRPOT,1645080397066,1645080396609,4,1645080396609,-0.145,-0.422,-0.895,-0.008,-0.019,-0.013
AIRPOT,1645080397126,1645080396669,4,1645080396669,-0.153,-0.419,-0.895,-0.004,-0.002,-0.006
AIRPOT,1645080397188,1645080396731,4,1645080396731,-0.158,-0.418,-0.895,-0.007,-0.004,0.004
AIRPOT,1645080397221,1645080396764,4,1645080396764,-0.163,-0.417,-0.894,-0.009,0.021,-0.005
AIRPOT,1645080397297,1645080396840,4,1645080396840,-0.172,-0.416,-0.893,0.007,0.019,0.011
AIRPOT,1645080397404,1645080396947,4,1645080396947,-0.174,-0.414,-0.894,-0.008,-0.014,0.005
AIRPOT,1645080397488,1645080397031,4,1645080397031,-0.173,-0.414,-0.894,-0.001,-0.005,-0.003
AIRPOT,1645080397546,1645080397089,4,1645080397089,-0.173,-0.415,-0.893,0.003,0.002,0.006
AIRPOT,1645080397606,1645080397149,4,1645080397149,-0.172,-0.415,-0.893,0.006,-0.005,-0.007
AIRPOT,1645080397657,1645080397200,4,1645080397200,-0.171,-0.414,-0.894,0.009,-0.010,-0.002
AIRPOT,1645080397726,1645080397269,4,1645080397269,-0.166,-0.415,-0.895,0.007,-0.016,-0.005
AIRPOT,1645080397766,1645080397309,4,1645080397309,-0.165,-0.414,-0.895,0.002,-0.015,0.004
AIRPOT,1645080397847,1645080397390,4,1645080397390,-0.162,-0.413,-0.896,-0.013,0.005,-0.009
AIRPOT,1645080397908,1645080397451,4,1645080397451,-0.162,-0.413,-0.896,-0.012,0.003,-0.005
AIRPOT,1645080398018,1645080397561,4,1645080397561,-0.167,-0.414,-0.895,0.007,0.002,0.006
AIRPOT,1645080398086,1645080397629,4,1645080397629,-0.167,-0.414,-0.895,0.004,-0.002,0.001
AIRPOT,1645080398156,1645080397699,4,1645080397699,-0.165,-0.414,-0.895,0.004,-0.005,0.001
AIRPOT,1645080398266,1645080397809,4,1645080397809,-0.163,-0.416,-0.895,-0.008,-0.001,-0.010
AIRPOT,1645080398314,1645080397857,4,1645080397857,-0.162,-0.417,-0.894,-0.001,0.005,-0.004
AIRPOT,1645080398382,1645080397925,4,1645080397925,-0.162,-0.418,-0.894,-0.005,-0.002,0.001
AIRPOT,1645080398501,1645080398044,4,1645080398044,-0.162,-0.419,-0.894,-0.005,0.012,0.009
AIRPOT,1645080398636,1645080398179,4,1645080398179,-0.150,-0.417,-0.896,-0.006,0.012,-0.007
AIRPOT,1645080398777,1645080398320,4,1645080398320,-0.133,-0.412,-0.901,0.001,-0.003,0.001
AIRPOT,1645080398834,1645080398377,4,1645080398377,-0.131,-0.412,-0.902,-0.000,0.001,-0.006
AIRPOT,1645080398900,1645080398443,4,1645080398443,-0.123,-0.411,-0.903,-0.002,-0.011,-0.015
AIRPOT,1645080399015,1645080398558,4,1645080398558,-0.117,-0.410,-0.905,-0.007,-0.004,-0.009
AIRPOT,1645080399070,1645080398613,4,1645080398613,-0.117,-0.409,-0.905,-0.002,-0.006,-0.007
AIRPOT,1645080399136,1645080398679,4,1645080398679,-0.119,-0.409,-0.905,0.001,0.001,0.002
AIRPOT,1645080399196,1645080398739,4,1645080398739,-0.119,-0.408,-0.905,0.003,0.002,0.000
AIRPOT,1645080399271,1645080398814,4,1645080398814,-0.119,-0.407,-0.906,-0.001,-0.001,-0.005
AIRPOT,1645080399316,1645080398859,4,1645080398859,-0.120,-0.406,-0.906,-0.000,-0.005,-0.000
AIRPOT,1645080399379,1645080398922,4,1645080398922,-0.121,-0.405,-0.906,-0.004,0.001,-0.002
AIRPOT,1645080399428,1645080398971,4,1645080398971,-0.122,-0.405,-0.906,0.007,0.002,0.002
AIRPOT,1645080399556,1645080399099,4,1645080399099,-0.126,-0.405,-0.906,-0.001,0.001,0.002
AIRPOT,1645080399603,1645080399146,4,1645080399146,-0.127,-0.405,-0.906,0.001,0.000,0.010
AIRPOT,1645080399715,1645080399258,4,1645080399258,-0.127,-0.404,-0.906,-0.002,0.002,-0.009
AIRPOT,1645080399824,1645080399367,4,1645080399367,-0.129,-0.404,-0.906,-0.002,0.004,-0.004
AIRPOT,1645080399887,1645080399430,4,1645080399430,-0.129,-0.403,-0.906,0.001,0.001,-0.001
AIRPOT,1645080399951,1645080399494,4,1645080399494,-0.128,-0.403,-0.906,-0.003,-0.003,-0.001
AIRPOT,1645080400006,1645080399549,4,1645080399549,-0.128,-0.403,-0.906,-0.006,-0.008,-0.004
AIRPOT,1645080400165,1645080399708,4,1645080399708,-0.131,-0.405,-0.905,-0.001,0.000,-0.003
AIRPOT,1645080400277,1645080399820,4,1645080399820,-0.134,-0.407,-0.903,-0.001,0.001,-0.003
AIRPOT,1645080400345,1645080399888,4,1645080399888,-0.136,-0.409,-0.903,0.005,0.003,0.002
AIRPOT,1645080400397,1645080399940,4,1645080399940,-0.136,-0.409,-0.902,0.002,-0.000,-0.001
AIRPOT,1645080400518,1645080400061,4,1645080400061,-0.140,-0.411,-0.901,-0.013,-0.006,0.005
AIRPOT,1645080400650,1645080400193,4,1645080400193,-0.141,-0.413,-0.900,0.002,0.005,-0.006
AIRPOT,1645080400767,1645080400310,4,1645080400310,-0.141,-0.412,-0.900,-0.000,-0.005,-0.005
AIRPOT,1645080400804,1645080400347,4,1645080400347,-0.143,-0.412,-0.900,-0.003,-0.002,-0.000
AIRPOT,1645080400996,1645080400539,4,1645080400539,-0.147,-0.413,-0.899,-0.007,0.001,0.002
AIRPOT,1645080401117,1645080400660,4,1645080400660,-0.146,-0.412,-0.899,-0.003,-0.006,-0.007
AIRPOT,1645080401238,1645080400781,4,1645080400781,-0.155,-0.410,-0.899,-0.009,-0.017,-0.015
AIRPOT,1645080401295,1645080400838,4,1645080400838,-0.160,-0.409,-0.898,0.016,-0.012,0.012
AIRPOT,1645080401326,1645080400869,4,1645080400869,-0.162,-0.410,-0.898,-0.002,0.007,-0.010
AIRPOT,1645080401360,1645080400903,4,1645080400903,-0.166,-0.410,-0.897,-0.005,-0.017,-0.002
AIRPOT,1645080401418,1645080400961,4,1645080400961,-0.171,-0.409,-0.896,-0.018,-0.011,-0.030
AIRPOT,1645080401477,1645080401020,4,1645080401020,-0.198,-0.402,-0.894,0.027,-0.003,0.016
AIRPOT,1645080401607,1645080401150,4,1645080401150,-0.218,-0.399,-0.891,-0.027,0.016,0.010
AIRPOT,1645080401720,1645080401263,4,1645080401263,-0.228,-0.392,-0.891,-0.009,-0.015,0.007
AIRPOT,1645080401777,1645080401320,4,1645080401320,-0.232,-0.392,-0.890,-0.004,0.007,0.025
AIRPOT,1645080401837,1645080401380,4,1645080401380,-0.233,-0.392,-0.890,-0.022,-0.013,-0.021
AIRPOT,1645080401897,1645080401440,4,1645080401440,-0.235,-0.392,-0.889,0.013,0.006,0.012
AIRPOT,1645080401956,1645080401499,4,1645080401499,-0.240,-0.391,-0.889,0.011,-0.032,-0.005
AIRPOT,1645080402010,1645080401553,4,1645080401553,-0.245,-0.387,-0.889,0.003,-0.046,-0.005
AIRPOT,1645080402076,1645080401619,4,1645080401619,-0.257,-0.386,-0.886,-0.013,0.014,-0.009
AIRPOT,1645080402139,1645080401682,4,1645080401682,-0.263,-0.388,-0.884,-0.014,0.047,-0.011
AIRPOT,1645080402196,1645080401739,4,1645080401739,-0.270,-0.385,-0.883,-0.010,0.047,-0.014
AIRPOT,1645080402383,1645080401926,4,1645080401926,-0.287,-0.376,-0.881,-0.036,0.002,-0.043
AIRPOT,1645080402440,1645080401983,4,1645080401983,-0.295,-0.378,-0.877,-0.012,0.004,0.001
AIRPOT,1645080402558,1645080402101,4,1645080402101,-0.299,-0.382,-0.874,0.003,-0.038,-0.006
AIRPOT,1645080402611,1645080402154,4,1645080402154,-0.302,-0.386,-0.872,0.011,-0.020,0.022
AIRPOT,1645080402736,1645080402279,4,1645080402279,-0.313,-0.401,-0.861,-0.010,-0.016,-0.024
AIRPOT,1645080402856,1645080402399,4,1645080402399,-0.334,-0.390,-0.858,-0.013,0.016,0.031
AIRPOT,1645080402976,1645080402519,4,1645080402519,-0.339,-0.358,-0.870,-0.009,-0.058,0.004
AIRPOT,1645080403098,1645080402641,4,1645080402641,-0.337,-0.329,-0.882,-0.029,-0.015,0.022
AIRPOT,1645080403161,1645080402704,4,1645080402704,-0.331,-0.316,-0.889,-0.012,0.010,0.001
AIRPOT,1645080403216,1645080402759,4,1645080402759,-0.326,-0.312,-0.892,-0.025,0.001,-0.014
AIRPOT,1645080403336,1645080402879,4,1645080402879,-0.318,-0.294,-0.901,-0.008,0.005,-0.010
AIRPOT,1645080403454,1645080402997,4,1645080402997,-0.317,-0.275,-0.908,0.001,0.012,-0.020
AIRPOT,1645080403576,1645080403119,4,1645080403119,-0.318,-0.261,-0.911,-0.005,-0.004,0.011
AIRPOT,1645080403697,1645080403240,4,1645080403240,-0.319,-0.248,-0.915,-0.019,-0.006,-0.034
AIRPOT,1645080403940,1645080403483,4,1645080403483,-0.314,-0.245,-0.917,0.022,0.006,0.075
AIRPOT,1645080404057,1645080403600,4,1645080403600,-0.291,-0.244,-0.925,-0.059,-0.017,-0.074
AIRPOT,1645080404178,1645080403721,4,1645080403721,-0.287,-0.245,-0.926,0.105,0.028,0.132
AIRPOT,1645080404230,1645080403773,4,1645080403773,-0.278,-0.244,-0.929,-0.098,-0.030,-0.077
AIRPOT,1645080404298,1645080403841,4,1645080403841,-0.272,-0.245,-0.931,-0.056,-0.019,-0.079
AIRPOT,1645080404357,1645080403900,4,1645080403900,-0.276,-0.249,-0.929,0.095,0.065,0.136
AIRPOT,1645080404391,1645080403934,4,1645080403934,-0.265,-0.252,-0.931,-0.079,-0.033,-0.102
AIRPOT,1645080404419,1645080403962,4,1645080403962,-0.267,-0.261,-0.928,0.078,0.019,0.109
AIRPOT,1645080404476,1645080404019,4,1645080404019,-0.257,-0.265,-0.929,-0.049,-0.016,-0.084
AIRPOT,1645080404537,1645080404080,4,1645080404080,-0.249,-0.273,-0.929,-0.032,-0.029,-0.056
AIRPOT,1645080404610,1645080404153,4,1645080404153,-0.240,-0.280,-0.930,-0.025,-0.025,-0.052
AIRPOT,1645080404660,1645080404203,4,1645080404203,-0.238,-0.284,-0.929,0.039,0.012,0.057
AIRPOT,1645080404719,1645080404262,4,1645080404262,-0.231,-0.283,-0.931,-0.003,0.002,-0.107
AIRPOT,1645080404898,1645080404441,4,1645080404441,-0.235,-0.290,-0.928,0.014,-0.001,0.005
AIRPOT,1645080404945,1645080404488,4,1645080404488,-0.237,-0.288,-0.928,-0.011,-0.014,-0.030
AIRPOT,1645080405002,1645080404545,4,1645080404545,-0.238,-0.290,-0.927,-0.019,-0.015,-0.012
AIRPOT,1645080405151,1645080404694,4,1645080404694,-0.244,-0.296,-0.924,-0.018,-0.023,-0.007
AIRPOT,1645080405311,1645080404854,4,1645080404854,-0.274,-0.302,-0.913,0.006,0.016,0.020
AIRPOT,1645080405352,1645080404895,4,1645080404895,-0.283,-0.304,-0.910,0.038,0.024,-0.020
AIRPOT,1645080405435,1645080404978,4,1645080404978,-0.293,-0.309,-0.905,0.021,0.018,0.011
AIRPOT,1645080405438,1645080404981,4,1645080404981,-0.300,-0.310,-0.902,-0.014,-0.026,-0.042
AIRPOT,1645080405500,1645080405043,4,1645080405043,-0.316,-0.307,-0.898,-0.023,-0.019,0.000
AIRPOT,1645080405550,1645080405093,4,1645080405093,-0.322,-0.304,-0.897,-0.019,0.006,-0.005
AIRPOT,1645080405669,1645080405212,4,1645080405212,-0.343,-0.281,-0.897,0.021,0.048,0.066
AIRPOT,1645080405798,1645080405341,4,1645080405341,-0.347,-0.249,-0.904,-0.033,0.016,-0.033
AIRPOT,1645080405919,1645080405462,4,1645080405462,-0.347,-0.223,-0.911,-0.025,-0.019,-0.027
AIRPOT,1645080405970,1645080405513,4,1645080405513,-0.349,-0.221,-0.911,0.012,0.021,0.024
AIRPOT,1645080405997,1645080405540,4,1645080405540,-0.347,-0.216,-0.913,-0.045,-0.032,-0.061
AIRPOT,1645080406037,1645080405580,4,1645080405580,-0.352,-0.217,-0.911,0.004,0.005,0.017
AIRPOT,1645080406064,1645080405607,4,1645080405607,-0.354,-0.216,-0.910,-0.069,-0.021,0.027
AIRPOT,1645080406129,1645080405672,4,1645080405672,-0.354,-0.217,-0.910,0.044,0.045,0.030
AIRPOT,1645080406206,1645080405749,4,1645080405749,-0.349,-0.217,-0.912,-0.045,-0.010,-0.074
AIRPOT,1645080406277,1645080405820,4,1645080405820,-0.342,-0.223,-0.913,-0.061,-0.008,-0.075
AIRPOT,1645080406326,1645080405869,4,1645080405869,-0.340,-0.230,-0.912,0.089,0.098,0.146
AIRPOT,1645080406395,1645080405938,4,1645080405938,-0.321,-0.246,-0.915,0.033,0.044,0.097
AIRPOT,1645080406517,1645080406060,4,1645080406060,-0.289,-0.268,-0.919,-0.057,-0.069,-0.098
AIRPOT,1645080406722,1645080406265,4,1645080406265,-0.252,-0.279,-0.927,-0.007,0.029,-0.004
AIRPOT,1645080406788,1645080406331,4,1645080406331,-0.243,-0.281,-0.928,-0.005,0.014,0.048
AIRPOT,1645080406847,1645080406390,4,1645080406390,-0.234,-0.281,-0.931,-0.006,-0.012,-0.017
AIRPOT,1645080406906,1645080406449,4,1645080406449,-0.224,-0.281,-0.933,0.021,-0.034,-0.085
AIRPOT,1645080406967,1645080406510,4,1645080406510,-0.223,-0.284,-0.933,-0.005,-0.033,-0.043
AIRPOT,1645080407086,1645080406629,4,1645080406629,-0.220,-0.300,-0.928,0.000,-0.020,0.060
AIRPOT,1645080407209,1645080406752,4,1645080406752,-0.214,-0.324,-0.922,-0.023,0.003,-0.030
AIRPOT,1645080407283,1645080406826,4,1645080406826,-0.217,-0.343,-0.914,-0.012,-0.029,-0.043
AIRPOT,1645080407313,1645080406856,4,1645080406856,-0.223,-0.353,-0.909,0.035,-0.005,0.024
AIRPOT,1645080407475,1645080407018,4,1645080407018,-0.263,-0.365,-0.893,0.009,0.030,0.036
AIRPOT,1645080407537,1645080407080,4,1645080407080,-0.271,-0.366,-0.890,-0.021,-0.034,-0.052
AIRPOT,1645080407738,1645080407281,4,1645080407281,-0.329,-0.358,-0.874,-0.001,0.024,0.023
AIRPOT,1645080407776,1645080407319,4,1645080407319,-0.337,-0.355,-0.872,-0.004,-0.031,0.027
AIRPOT,1645080407834,1645080407377,4,1645080407377,-0.346,-0.351,-0.870,-0.002,0.002,0.014
AIRPOT,1645080407888,1645080407431,4,1645080407431,-0.351,-0.345,-0.871,-0.007,-0.007,0.034
AIRPOT,1645080408039,1645080407582,4,1645080407582,-0.360,-0.309,-0.880,-0.027,-0.006,0.025
AIRPOT,1645080408089,1645080407632,4,1645080407632,-0.360,-0.298,-0.884,0.011,-0.038,-0.010
AIRPOT,1645080408137,1645080407680,4,1645080407680,-0.363,-0.286,-0.887,-0.005,-0.037,0.003
AIRPOT,1645080408281,1645080407824,4,1645080407824,-0.373,-0.202,-0.905,-0.027,0.057,0.001
AIRPOT,1645080408334,1645080407877,4,1645080407877,-0.378,-0.183,-0.907,-0.008,0.075,0.035
AIRPOT,1645080408440,1645080407983,4,1645080407983,-0.381,-0.169,-0.909,-0.006,0.013,-0.049
AIRPOT,1645080408505,1645080408048,4,1645080408048,-0.382,-0.170,-0.908,0.019,-0.022,-0.011
AIRPOT,1645080408557,1645080408100,4,1645080408100,-0.382,-0.177,-0.907,-0.041,-0.006,-0.016
AIRPOT,1645080408616,1645080408159,4,1645080408159,-0.384,-0.185,-0.905,0.012,0.048,0.086
AIRPOT,1645080408730,1645080408273,4,1645080408273,-0.375,-0.206,-0.904,-0.083,-0.041,-0.061
AIRPOT,1645080408845,1645080408388,4,1645080408388,-0.365,-0.236,-0.901,0.094,0.052,0.119
AIRPOT,1645080408900,1645080408443,4,1645080408443,-0.357,-0.244,-0.902,-0.021,-0.007,-0.048
AIRPOT,1645080408964,1645080408507,4,1645080408507,-0.353,-0.270,-0.896,-0.067,-0.054,-0.058
AIRPOT,1645080409088,1645080408631,4,1645080408631,-0.358,-0.304,-0.883,0.050,0.044,0.105
AIRPOT,1645080409148,1645080408691,4,1645080408691,-0.350,-0.310,-0.884,-0.050,-0.069,-0.036
AIRPOT,1645080409242,1645080408785,4,1645080408785,-0.350,-0.330,-0.877,0.057,0.035,0.087
AIRPOT,1645080409299,1645080408842,4,1645080408842,-0.348,-0.328,-0.878,-0.042,-0.049,-0.048
AIRPOT,1645080409349,1645080408892,4,1645080408892,-0.353,-0.329,-0.876,0.001,0.014,0.052
AIRPOT,1645080409441,1645080408984,4,1645080408984,-0.353,-0.319,-0.880,-0.010,-0.028,-0.008
AIRPOT,1645080409503,1645080409046,4,1645080409046,-0.351,-0.319,-0.881,0.006,0.034,-0.001
AIRPOT,1645080409617,1645080409160,4,1645080409160,-0.348,-0.321,-0.881,0.015,-0.012,-0.007
AIRPOT,1645080409725,1645080409268,4,1645080409268,-0.346,-0.322,-0.881,-0.019,-0.036,-0.030
AIRPOT,1645080409778,1645080409321,4,1645080409321,-0.350,-0.322,-0.880,-0.004,0.017,0.052
AIRPOT,1645080409873,1645080409416,4,1645080409416,-0.351,-0.320,-0.880,-0.016,0.037,0.027
AIRPOT,1645080409988,1645080409531,4,1645080409531,-0.363,-0.321,-0.875,0.028,-0.088,0.027
AIRPOT,1645080410027,1645080409570,4,1645080409570,-0.368,-0.327,-0.870,0.003,0.056,0.004
AIRPOT,1645080410187,1645080409730,4,1645080409730,-0.381,-0.312,-0.870,0.014,-0.015,-0.017
AIRPOT,1645080410259,1645080409802,4,1645080409802,-0.385,-0.305,-0.871,0.019,-0.032,0.001
AIRPOT,1645080410303,1645080409846,4,1645080409846,-0.385,-0.301,-0.872,-0.024,0.015,0.007
AIRPOT,1645080410420,1645080409963,4,1645080409963,-0.384,-0.278,-0.881,0.004,-0.037,-0.005
AIRPOT,1645080410478,1645080410021,4,1645080410021,-0.383,-0.269,-0.884,-0.027,0.057,0.048
AIRPOT,1645080410531,1645080410074,4,1645080410074,-0.373,-0.244,-0.895,-0.003,0.001,-0.023
AIRPOT,1645080410589,1645080410132,4,1645080410132,-0.374,-0.230,-0.899,0.008,-0.002,-0.025
AIRPOT,1645080410696,1645080410239,4,1645080410239,-0.375,-0.206,-0.904,-0.011,0.025,-0.044
AIRPOT,1645080410871,1645080410414,4,1645080410414,-0.365,-0.205,-0.908,-0.035,-0.028,-0.048
AIRPOT,1645080410922,1645080410465,4,1645080410465,-0.363,-0.212,-0.907,0.097,0.071,0.089
AIRPOT,1645080410973,1645080410516,4,1645080410516,-0.354,-0.222,-0.909,0.068,0.055,0.098
AIRPOT,1645080411024,1645080410567,4,1645080410567,-0.345,-0.221,-0.912,-0.052,-0.007,-0.109
AIRPOT,1645080411176,1645080410719,4,1645080410719,-0.333,-0.240,-0.912,-0.032,-0.008,-0.088
AIRPOT,1645080411227,1645080410770,4,1645080410770,-0.339,-0.246,-0.908,0.046,0.005,0.058
AIRPOT,1645080411283,1645080410826,4,1645080410826,-0.334,-0.251,-0.909,-0.026,-0.025,-0.024
AIRPOT,1645080411429,1645080410972,4,1645080410972,-0.334,-0.277,-0.901,-0.033,-0.021,-0.012
AIRPOT,1645080411618,1645080411161,4,1645080411161,-0.341,-0.298,-0.891,-0.018,0.011,0.018
AIRPOT,1645080411682,1645080411225,4,1645080411225,-0.347,-0.306,-0.887,-0.012,0.002,-0.001
AIRPOT,1645080411823,1645080411366,4,1645080411366,-0.354,-0.319,-0.879,-0.004,-0.038,-0.049
AIRPOT,1645080411874,1645080411417,4,1645080411417,-0.361,-0.321,-0.876,-0.003,0.001,0.023
AIRPOT,1645080411981,1645080411524,4,1645080411524,-0.372,-0.320,-0.871,0.024,-0.018,0.027
AIRPOT,1645080412033,1645080411576,4,1645080411576,-0.372,-0.321,-0.871,0.030,0.027,0.012
AIRPOT,1645080412084,1645080411627,4,1645080411627,-0.370,-0.319,-0.872,-0.024,-0.041,-0.026
AIRPOT,1645080412184,1645080411727,4,1645080411727,-0.372,-0.323,-0.870,0.001,0.050,0.025
AIRPOT,1645080412238,1645080411781,4,1645080411781,-0.368,-0.324,-0.871,-0.003,0.019,-0.001
AIRPOT,1645080412301,1645080411844,4,1645080411844,-0.363,-0.329,-0.872,0.033,0.000,0.015
AIRPOT,1645080412360,1645080411903,4,1645080411903,-0.360,-0.337,-0.870,-0.005,-0.018,-0.018
AIRPOT,1645080412411,1645080411954,4,1645080411954,-0.360,-0.341,-0.868,-0.026,0.008,0.003
AIRPOT,1645080412510,1645080412053,4,1645080412053,-0.369,-0.345,-0.863,0.009,-0.060,-0.017
AIRPOT,1645080412667,1645080412210,4,1645080412210,-0.392,-0.333,-0.858,0.009,0.007,0.030
AIRPOT,1645080412772,1645080412315,4,1645080412315,-0.397,-0.316,-0.862,0.021,-0.003,0.040
AIRPOT,1645080412811,1645080412354,4,1645080412354,-0.397,-0.305,-0.866,0.005,-0.033,-0.030
AIRPOT,1645080412920,1645080412463,4,1645080412463,-0.409,-0.280,-0.869,-0.014,0.018,0.030
AIRPOT,1645080412969,1645080412512,4,1645080412512,-0.410,-0.274,-0.870,-0.019,-0.014,-0.010
AIRPOT,1645080413115,1645080412658,4,1645080412658,-0.407,-0.282,-0.869,-0.048,-0.031,-0.021
AIRPOT,1645080413286,1645080412829,4,1645080412829,-0.401,-0.303,-0.865,-0.041,0.005,-0.048
AIRPOT,1645080413335,1645080412878,4,1645080412878,-0.401,-0.304,-0.864,0.032,0.024,0.034
AIRPOT,1645080413431,1645080412974,4,1645080412974,-0.395,-0.292,-0.871,-0.065,-0.009,-0.093
AIRPOT,1645080413490,1645080413033,4,1645080413033,-0.399,-0.289,-0.870,0.044,0.001,0.157
AIRPOT,1645080413598,1645080413141,4,1645080413141,-0.384,-0.277,-0.881,-0.034,-0.037,-0.073
AIRPOT,1645080413649,1645080413192,4,1645080413192,-0.388,-0.279,-0.879,0.030,0.034,0.031
AIRPOT,1645080413810,1645080413353,4,1645080413353,-0.391,-0.290,-0.873,0.009,-0.001,0.052
AIRPOT,1645080413900,1645080413443,4,1645080413443,-0.395,-0.293,-0.871,0.032,0.024,0.081
AIRPOT,1645080413957,1645080413500,4,1645080413500,-0.394,-0.289,-0.873,0.046,0.030,0.033
AIRPOT,1645080414007,1645080413550,4,1645080413550,-0.391,-0.286,-0.875,-0.021,-0.003,-0.038
AIRPOT,1645080414075,1645080413618,4,1645080413618,-0.388,-0.282,-0.878,-0.020,-0.066,-0.010
AIRPOT,1645080414209,1645080413752,4,1645080413752,-0.386,-0.261,-0.885,-0.025,-0.006,0.025
AIRPOT,1645080414268,1645080413811,4,1645080413811,-0.385,-0.249,-0.889,-0.022,-0.029,-0.001
AIRPOT,1645080414455,1645080413998,4,1645080413998,-0.392,-0.215,-0.894,0.026,0.087,0.019
AIRPOT,1645080414557,1645080414100,4,1645080414100,-0.392,-0.201,-0.898,0.010,0.015,0.030
AIRPOT,1645080414557,1645080414100,4,1645080414100,-0.390,-0.193,-0.900,-0.022,0.021,-0.007
AIRPOT,1645080414620,1645080414163,4,1645080414163,-0.390,-0.194,-0.900,0.003,0.025,0.021
AIRPOT,1645080414679,1645080414222,4,1645080414222,-0.389,-0.194,-0.901,0.051,-0.020,0.002
AIRPOT,1645080414736,1645080414279,4,1645080414279,-0.392,-0.189,-0.900,-0.030,-0.009,-0.015
AIRPOT,1645080414786,1645080414329,4,1645080414329,-0.394,-0.190,-0.899,0.004,-0.018,0.015
AIRPOT,1645080414844,1645080414387,4,1645080414387,-0.392,-0.181,-0.902,0.038,-0.027,-0.055
AIRPOT,1645080414894,1645080414437,4,1645080414437,-0.395,-0.183,-0.900,0.052,0.063,0.016
AIRPOT,1645080415003,1645080414546,4,1645080414546,-0.395,-0.171,-0.903,-0.007,0.002,0.018
AIRPOT,1645080415425,1645080414968,4,1645080414968,-0.378,-0.147,-0.914,0.032,-0.015,0.024
AIRPOT,1645080415525,1645080415068,4,1645080415068,-0.359,-0.155,-0.920,-0.016,0.011,-0.072
AIRPOT,1645080415648,1645080415191,4,1645080415191,-0.345,-0.155,-0.926,0.016,0.033,0.062
AIRPOT,1645080415696,1645080415239,4,1645080415239,-0.340,-0.153,-0.928,-0.021,0.056,-0.041
AIRPOT,1645080415766,1645080415309,4,1645080415309,-0.341,-0.151,-0.928,0.020,0.029,-0.011
AIRPOT,1645080415827,1645080415370,4,1645080415370,-0.342,-0.149,-0.928,0.004,-0.055,-0.003
AIRPOT,1645080415858,1645080415401,4,1645080415401,-0.341,-0.151,-0.928,-0.031,-0.002,-0.016
AIRPOT,1645080415930,1645080415473,4,1645080415473,-0.346,-0.149,-0.926,0.048,0.004,0.061
AIRPOT,1645080415983,1645080415526,4,1645080415526,-0.341,-0.143,-0.929,-0.021,-0.004,-0.083
AIRPOT,1645080416134,1645080415677,4,1645080415677,-0.352,-0.144,-0.925,-0.007,0.046,0.001
AIRPOT,1645080416193,1645080415736,4,1645080415736,-0.353,-0.148,-0.924,0.003,0.053,0.007
AIRPOT,1645080416336,1645080415879,4,1645080415879,-0.348,-0.177,-0.920,-0.012,-0.013,0.009
AIRPOT,1645080416378,1645080415921,4,1645080415921,-0.346,-0.187,-0.919,0.010,0.011,0.031
AIRPOT,1645080416434,1645080415977,4,1645080415977,-0.340,-0.194,-0.920,-0.011,-0.039,-0.031
AIRPOT,1645080416469,1645080416012,4,1645080416012,-0.338,-0.204,-0.919,0.025,0.026,0.019
AIRPOT,1645080416519,1645080416062,4,1645080416062,-0.333,-0.212,-0.919,0.009,0.005,-0.018
AIRPOT,1645080416679,1645080416222,4,1645080416222,-0.339,-0.243,-0.909,0.026,0.010,0.004
AIRPOT,1645080416777,1645080416320,4,1645080416320,-0.362,-0.269,-0.892,-0.026,-0.042,-0.028
AIRPOT,1645080416828,1645080416371,4,1645080416371,-0.373,-0.276,-0.886,0.022,0.027,0.027
AIRPOT,1645080416931,1645080416474,4,1645080416474,-0.395,-0.281,-0.875,-0.010,0.007,0.014
AIRPOT,1645080416934,1645080416477,4,1645080416477,-0.410,-0.279,-0.868,-0.004,-0.076,0.054
AIRPOT,1645080416984,1645080416527,4,1645080416527,-0.418,-0.277,-0.865,-0.017,0.009,0.032
AIRPOT,1645080417099,1645080416642,4,1645080416642,-0.437,-0.249,-0.865,0.030,-0.023,-0.023
AIRPOT,1645080417150,1645080416693,4,1645080416693,-0.440,-0.243,-0.864,0.004,0.022,-0.035
AIRPOT,1645080417197,1645080416740,4,1645080416740,-0.447,-0.233,-0.864,-0.037,-0.062,0.033
AIRPOT,1645080417362,1645080416905,4,1645080416905,-0.449,-0.187,-0.874,-0.002,0.033,-0.043
AIRPOT,1645080417430,1645080416973,4,1645080416973,-0.454,-0.181,-0.872,0.015,0.066,0.041
AIRPOT,1645080417483,1645080417026,4,1645080417026,-0.455,-0.178,-0.873,-0.032,-0.012,-0.035
AIRPOT,1645080417515,1645080417058,4,1645080417058,-0.456,-0.183,-0.871,0.048,0.007,0.034
AIRPOT,1645080417622,1645080417165,4,1645080417165,-0.458,-0.196,-0.867,-0.033,0.015,-0.039
AIRPOT,1645080417680,1645080417223,4,1645080417223,-0.455,-0.210,-0.865,-0.002,0.053,0.026
AIRPOT,1645080417787,1645080417330,4,1645080417330,-0.421,-0.279,-0.863,-0.041,0.027,-0.008
AIRPOT,1645080417847,1645080417390,4,1645080417390,-0.410,-0.302,-0.861,-0.016,0.015,-0.015
AIRPOT,1645080417922,1645080417465,4,1645080417465,-0.393,-0.337,-0.855,0.027,-0.134,-0.011
AIRPOT,1645080417996,1645080417539,4,1645080417539,-0.385,-0.349,-0.854,0.019,0.049,0.029
AIRPOT,1645080418050,1645080417593,4,1645080417593,-0.376,-0.367,-0.851,0.006,-0.012,-0.032
AIRPOT,1645080418110,1645080417653,4,1645080417653,-0.372,-0.374,-0.850,-0.019,0.053,-0.009
AIRPOT,1645080418251,1645080417794,4,1645080417794,-0.372,-0.382,-0.846,-0.015,-0.052,-0.033
AIRPOT,1645080418340,1645080417883,4,1645080417883,-0.369,-0.370,-0.853,0.009,-0.087,-0.042
AIRPOT,1645080418343,1645080417886,4,1645080417886,-0.371,-0.365,-0.854,0.048,-0.030,0.024
AIRPOT,1645080418403,1645080417946,4,1645080417946,-0.367,-0.363,-0.856,0.007,0.004,0.003
AIRPOT,1645080418566,1645080418109,4,1645080418109,-0.364,-0.358,-0.860,-0.016,0.007,0.029
AIRPOT,1645080418634,1645080418177,4,1645080418177,-0.369,-0.357,-0.858,0.012,0.041,0.012
AIRPOT,1645080418685,1645080418228,4,1645080418228,-0.371,-0.358,-0.857,-0.006,-0.028,-0.035
AIRPOT,1645080419000,1645080418543,4,1645080418543,-0.391,-0.380,-0.838,0.015,0.026,0.014
AIRPOT,1645080419051,1645080418594,4,1645080418594,-0.393,-0.377,-0.839,-0.004,-0.009,0.040
AIRPOT,1645080419084,1645080418627,4,1645080418627,-0.393,-0.373,-0.840,-0.011,0.084,0.031
AIRPOT,1645080419191,1645080418734,4,1645080418734,-0.388,-0.349,-0.853,0.015,-0.023,-0.044
AIRPOT,1645080419319,1645080418862,4,1645080418862,-0.410,-0.321,-0.853,0.039,0.066,-0.020
AIRPOT,1645080419369,1645080418912,4,1645080418912,-0.421,-0.314,-0.851,-0.001,-0.031,0.015
AIRPOT,1645080419486,1645080419029,4,1645080419029,-0.447,-0.276,-0.851,-0.054,-0.014,-0.012
AIRPOT,1645080419538,1645080419081,4,1645080419081,-0.454,-0.268,-0.850,0.012,0.039,0.031
AIRPOT,1645080419637,1645080419180,4,1645080419180,-0.471,-0.245,-0.847,-0.003,-0.013,0.013
AIRPOT,1645080419688,1645080419231,4,1645080419231,-0.475,-0.238,-0.847,-0.038,-0.034,-0.055
AIRPOT,1645080419794,1645080419337,4,1645080419337,-0.483,-0.240,-0.842,0.031,0.034,0.101
AIRPOT,1645080419900,1645080419443,4,1645080419443,-0.476,-0.246,-0.844,0.034,0.080,0.115
AIRPOT,1645080420159,1645080419702,4,1645080419702,-0.383,-0.280,-0.881,0.009,-0.029,-0.069
AIRPOT,1645080420210,1645080419753,4,1645080419753,-0.372,-0.280,-0.885,0.016,-0.022,-0.045
AIRPOT,1645080420376,1645080419919,4,1645080419919,-0.381,-0.276,-0.882,0.033,0.054,0.025
AIRPOT,1645080420440,1645080419983,4,1645080419983,-0.384,-0.274,-0.882,0.025,0.055,0.051
AIRPOT,1645080420644,1645080420187,4,1645080420187,-0.385,-0.283,-0.878,0.010,-0.001,-0.052
AIRPOT,1645080420696,1645080420239,4,1645080420239,-0.393,-0.284,-0.875,0.005,-0.048,0.053
AIRPOT,1645080420851,1645080420394,4,1645080420394,-0.400,-0.259,-0.879,0.005,0.016,-0.016
AIRPOT,1645080420902,1645080420445,4,1645080420445,-0.400,-0.253,-0.881,0.009,-0.009,0.012
AIRPOT,1645080421008,1645080420551,4,1645080420551,-0.394,-0.229,-0.890,0.000,0.008,-0.001
AIRPOT,1645080421163,1645080420706,4,1645080420706,-0.387,-0.210,-0.898,0.004,-0.026,0.019
AIRPOT,1645080421229,1645080420772,4,1645080420772,-0.385,-0.204,-0.900,0.006,0.002,-0.015
AIRPOT,1645080421278,1645080420821,4,1645080420821,-0.385,-0.201,-0.901,0.011,0.022,0.050
AIRPOT,1645080421330,1645080420873,4,1645080420873,-0.386,-0.195,-0.902,0.002,0.012,0.010
AIRPOT,1645080421388,1645080420931,4,1645080420931,-0.387,-0.192,-0.902,-0.031,0.027,-0.014
AIRPOT,1645080421492,1645080421035,4,1645080421035,-0.397,-0.182,-0.900,0.026,0.002,0.019
AIRPOT,1645080421543,1645080421086,4,1645080421086,-0.399,-0.181,-0.899,0.005,0.014,-0.033
AIRPOT,1645080421689,1645080421232,4,1645080421232,-0.410,-0.171,-0.896,-0.020,-0.031,-0.018
AIRPOT,1645080421785,1645080421328,4,1645080421328,-0.416,-0.162,-0.895,0.014,0.021,0.012
AIRPOT,1645080421887,1645080421430,4,1645080421430,-0.414,-0.149,-0.898,0.015,-0.010,-0.019
AIRPOT,1645080421940,1645080421483,4,1645080421483,-0.414,-0.146,-0.898,-0.022,0.026,-0.017
AIRPOT,1645080421991,1645080421534,4,1645080421534,-0.416,-0.144,-0.898,-0.007,-0.024,0.023
AIRPOT,1645080422052,1645080421595,4,1645080421595,-0.412,-0.144,-0.900,-0.058,-0.006,-0.013
AIRPOT,1645080422106,1645080421649,4,1645080421649,-0.409,-0.151,-0.900,0.013,0.018,0.010
AIRPOT,1645080422215,1645080421758,4,1645080421758,-0.401,-0.144,-0.905,-0.024,0.031,-0.036
AIRPOT,1645080422266,1645080421809,4,1645080421809,-0.401,-0.142,-0.905,0.018,-0.018,-0.005
AIRPOT,1645080422318,1645080421861,4,1645080421861,-0.401,-0.139,-0.905,-0.018,0.049,-0.030
AIRPOT,1645080422438,1645080421981,4,1645080421981,-0.407,-0.132,-0.904,-0.008,-0.027,-0.025
AIRPOT,1645080422534,1645080422077,4,1645080422077,-0.419,-0.145,-0.896,0.040,0.093,0.058
AIRPOT,1645080422587,1645080422130,4,1645080422130,-0.418,-0.145,-0.897,-0.021,-0.069,-0.110
AIRPOT,1645080422638,1645080422181,4,1645080422181,-0.427,-0.155,-0.891,0.061,-0.001,0.088
AIRPOT,1645080422692,1645080422235,4,1645080422235,-0.428,-0.166,-0.889,0.041,0.057,0.082
AIRPOT,1645080422748,1645080422291,4,1645080422291,-0.422,-0.170,-0.891,-0.022,-0.060,-0.045
AIRPOT,1645080422798,1645080422341,4,1645080422341,-0.421,-0.179,-0.889,0.042,0.039,0.025
AIRPOT,1645080422857,1645080422400,4,1645080422400,-0.415,-0.192,-0.889,-0.009,0.009,0.009
AIRPOT,1645080422899,1645080422442,4,1645080422442,-0.413,-0.198,-0.889,-0.028,-0.017,0.055
AIRPOT,1645080422944,1645080422487,4,1645080422487,-0.407,-0.204,-0.891,-0.054,-0.024,0.008
AIRPOT,1645080422997,1645080422540,4,1645080422540,-0.401,-0.208,-0.892,-0.027,0.020,0.040
AIRPOT,1645080423076,1645080422619,4,1645080422619,-0.380,-0.216,-0.900,0.002,0.032,0.014
AIRPOT,1645080423233,1645080422776,4,1645080422776,-0.314,-0.229,-0.921,0.009,0.011,-0.015
AIRPOT,1645080423283,1645080422826,4,1645080422826,-0.301,-0.228,-0.926,0.015,0.011,-0.008
AIRPOT,1645080423436,1645080422979,4,1645080422979,-0.256,-0.223,-0.941,-0.020,-0.019,-0.018
AIRPOT,1645080423385,1645080422928,4,1645080422928,-0.268,-0.225,-0.937,-0.034,-0.032,0.019
AIRPOT,1645080423585,1645080423128,4,1645080423128,-0.230,-0.214,-0.949,0.043,-0.015,-0.036
AIRPOT,1645080423745,1645080423288,4,1645080423288,-0.226,-0.249,-0.942,-0.016,-0.013,-0.060
AIRPOT,1645080423796,1645080423339,4,1645080423339,-0.226,-0.266,-0.937,-0.037,0.023,-0.023
AIRPOT,1645080424041,1645080423584,4,1645080423584,-0.250,-0.370,-0.895,-0.016,-0.165,-0.082
AIRPOT,1645080424187,1645080423730,4,1645080423730,-0.362,-0.351,-0.863,0.035,-0.118,-0.043
AIRPOT,1645080424245,1645080423788,4,1645080423788,-0.391,-0.348,-0.852,0.037,0.064,0.044
AIRPOT,1645080424322,1645080423865,4,1645080423865,-0.431,-0.345,-0.834,0.000,0.063,0.051
AIRPOT,1645080424366,1645080423909,4,1645080423909,-0.442,-0.344,-0.828,0.008,-0.026,-0.037
AIRPOT,1645080424465,1645080424008,4,1645080424008,-0.458,-0.366,-0.810,-0.001,0.121,0.007
AIRPOT,1645080424634,1645080424177,4,1645080424177,-0.484,-0.351,-0.802,0.011,-0.000,0.038
AIRPOT,1645080424684,1645080424227,4,1645080424227,-0.484,-0.336,-0.808,-0.014,-0.025,-0.029
AIRPOT,1645080424790,1645080424333,4,1645080424333,-0.498,-0.307,-0.811,0.028,-0.029,0.004
AIRPOT,1645080424840,1645080424383,4,1645080424383,-0.505,-0.297,-0.811,0.005,-0.010,-0.017
AIRPOT,1645080424966,1645080424509,4,1645080424509,-0.517,-0.281,-0.809,-0.023,-0.033,0.007
AIRPOT,1645080425079,1645080424622,4,1645080424622,-0.526,-0.270,-0.806,-0.018,-0.007,0.009
AIRPOT,1645080425174,1645080424717,4,1645080424717,-0.527,-0.265,-0.808,0.004,-0.008,0.010
AIRPOT,1645080425230,1645080424773,4,1645080424773,-0.527,-0.263,-0.808,-0.017,-0.013,-0.014
AIRPOT,1645080425391,1645080424934,4,1645080424934,-0.528,-0.258,-0.809,0.011,-0.018,0.026
AIRPOT,1645080425445,1645080424988,4,1645080424988,-0.528,-0.256,-0.810,-0.011,-0.011,-0.030
AIRPOT,1645080425617,1645080425160,4,1645080425160,-0.534,-0.249,-0.808,-0.013,-0.007,-0.030
AIRPOT,1645080425759,1645080425302,4,1645080425302,-0.557,-0.242,-0.795,0.025,0.014,0.032
AIRPOT,1645080425926,1645080425469,4,1645080425469,-0.577,-0.233,-0.783,0.018,0.019,0.045
AIRPOT,1645080425976,1645080425519,4,1645080425519,-0.579,-0.230,-0.783,-0.035,0.015,-0.033
AIRPOT,1645080426080,1645080425623,4,1645080425623,-0.582,-0.228,-0.780,-0.001,0.020,0.091
AIRPOT,1645080426130,1645080425673,4,1645080425673,-0.576,-0.226,-0.785,-0.032,0.011,-0.059
AIRPOT,1645080426244,1645080425787,4,1645080425787,-0.571,-0.230,-0.788,-0.003,0.037,0.027
AIRPOT,1645080426304,1645080425847,4,1645080425847,-0.569,-0.232,-0.789,0.004,-0.005,-0.013
AIRPOT,1645080426384,1645080425927,4,1645080425927,-0.565,-0.240,-0.789,0.025,-0.022,-0.045
AIRPOT,1645080426445,1645080425988,4,1645080425988,-0.570,-0.245,-0.784,-0.002,-0.044,0.004
AIRPOT,1645080426495,1645080426038,4,1645080426038,-0.573,-0.246,-0.782,-0.033,0.066,0.053
AIRPOT,1645080426599,1645080426142,4,1645080426142,-0.578,-0.245,-0.778,0.031,-0.053,-0.034
AIRPOT,1645080426657,1645080426200,4,1645080426200,-0.584,-0.247,-0.773,-0.001,0.040,0.009
AIRPOT,1645080426729,1645080426272,4,1645080426272,-0.592,-0.243,-0.768,-0.036,0.029,0.062
AIRPOT,1645080426779,1645080426322,4,1645080426322,-0.593,-0.242,-0.767,0.019,-0.036,-0.039
AIRPOT,1645080426888,1645080426431,4,1645080426431,-0.607,-0.240,-0.758,0.003,0.023,0.020
AIRPOT,1645080426940,1645080426483,4,1645080426483,-0.612,-0.234,-0.756,-0.008,-0.049,0.049
AIRPOT,1645080427054,1645080426597,4,1645080426597,-0.613,-0.233,-0.755,-0.044,-0.027,-0.033
AIRPOT,1645080427091,1645080426634,4,1645080426634,-0.619,-0.232,-0.750,0.041,0.026,0.011
AIRPOT,1645080427140,1645080426683,4,1645080426683,-0.622,-0.236,-0.747,-0.007,-0.086,-0.033
AIRPOT,1645080427164,1645080426707,4,1645080426707,-0.627,-0.238,-0.742,0.000,0.100,0.052
AIRPOT,1645080427244,1645080426787,4,1645080426787,-0.628,-0.241,-0.740,0.009,0.095,0.049
AIRPOT,1645080427346,1645080426889,4,1645080426889,-0.631,-0.243,-0.737,-0.029,0.068,-0.019
AIRPOT,1645080427415,1645080426958,4,1645080426958,-0.638,-0.242,-0.731,0.007,-0.164,-0.041
AIRPOT,1645080427464,1645080427007,4,1645080427007,-0.647,-0.241,-0.723,0.057,0.092,-0.015
AIRPOT,1645080427526,1645080427069,4,1645080427069,-0.660,-0.227,-0.716,-0.004,0.133,0.088
AIRPOT,1645080427583,1645080427126,4,1645080427126,-0.660,-0.222,-0.717,-0.108,-0.120,0.026
AIRPOT,1645080427688,1645080427231,4,1645080427231,-0.651,-0.227,-0.724,-0.017,0.069,0.052
AIRPOT,1645080427786,1645080427329,4,1645080427329,-0.634,-0.232,-0.737,0.028,0.026,-0.020
AIRPOT,1645080427894,1645080427437,4,1645080427437,-0.606,-0.247,-0.756,-0.003,0.027,-0.039
AIRPOT,1645080427946,1645080427489,4,1645080427489,-0.600,-0.252,-0.759,0.049,-0.076,-0.030
AIRPOT,1645080427996,1645080427539,4,1645080427539,-0.598,-0.257,-0.759,-0.007,0.010,-0.056
AIRPOT,1645080428051,1645080427594,4,1645080427594,-0.607,-0.256,-0.752,-0.034,-0.001,-0.005
AIRPOT,1645080428114,1645080427657,4,1645080427657,-0.614,-0.248,-0.749,0.014,-0.048,0.030
AIRPOT,1645080428168,1645080427711,4,1645080427711,-0.621,-0.239,-0.747,-0.045,-0.001,-0.055
AIRPOT,1645080428169,1645080427712,4,1645080427712,-0.632,-0.230,-0.740,0.013,0.046,0.075
AIRPOT,1645080428227,1645080427770,4,1645080427770,-0.636,-0.221,-0.739,-0.049,-0.011,0.023
AIRPOT,1645080428262,1645080427805,4,1645080427805,-0.641,-0.214,-0.737,-0.012,0.046,0.039
AIRPOT,1645080428333,1645080427876,4,1645080427876,-0.647,-0.211,-0.733,-0.009,0.031,0.035
AIRPOT,1645080428385,1645080427928,4,1645080427928,-0.647,-0.211,-0.733,-0.000,-0.027,0.006
AIRPOT,1645080428498,1645080428041,4,1645080428041,-0.647,-0.209,-0.734,0.001,0.025,0.008
AIRPOT,1645080428553,1645080428096,4,1645080428096,-0.647,-0.207,-0.734,-0.002,-0.017,0.009
AIRPOT,1645080428653,1645080428196,4,1645080428196,-0.646,-0.205,-0.735,-0.011,0.030,-0.004
AIRPOT,1645080428754,1645080428297,4,1645080428297,-0.644,-0.208,-0.736,-0.015,-0.024,0.015
AIRPOT,1645080428861,1645080428404,4,1645080428404,-0.638,-0.210,-0.741,-0.012,0.016,0.015
AIRPOT,1645080428914,1645080428457,4,1645080428457,-0.635,-0.210,-0.744,-0.024,0.035,0.025
AIRPOT,1645080429016,1645080428559,4,1645080428559,-0.616,-0.217,-0.757,0.044,-0.045,0.042
AIRPOT,1645080429221,1645080428764,4,1645080428764,-0.604,-0.242,-0.760,0.002,0.003,0.013
AIRPOT,1645080429278,1645080428821,4,1645080428821,-0.602,-0.241,-0.761,0.006,-0.006,-0.026
AIRPOT,1645080429584,1645080429127,4,1645080429127,-0.622,-0.218,-0.752,0.002,0.049,-0.013
AIRPOT,1645080429648,1645080429191,4,1645080429191,-0.625,-0.219,-0.750,-0.001,0.067,0.014
AIRPOT,1645080429797,1645080429340,4,1645080429340,-0.619,-0.225,-0.753,0.006,0.045,0.006
AIRPOT,1645080429861,1645080429404,4,1645080429404,-0.617,-0.228,-0.753,-0.032,0.085,0.032
AIRPOT,1645080430029,1645080429572,4,1645080429572,-0.607,-0.231,-0.761,-0.022,0.052,-0.019
AIRPOT,1645080430127,1645080429670,4,1645080429670,-0.605,-0.230,-0.762,-0.011,0.047,0.006
AIRPOT,1645080430152,1645080429695,4,1645080429695,-0.603,-0.229,-0.764,-0.000,-0.033,-0.067
AIRPOT,1645080430228,1645080429771,4,1645080429771,-0.606,-0.230,-0.761,0.004,-0.012,-0.038
AIRPOT,1645080430276,1645080429819,4,1645080429819,-0.606,-0.232,-0.761,-0.020,0.011,-0.018
AIRPOT,1645080430326,1645080429869,4,1645080429869,-0.608,-0.237,-0.757,0.058,-0.032,0.058
AIRPOT,1645080430469,1645080430012,4,1645080430012,-0.623,-0.281,-0.730,0.022,0.021,0.091
AIRPOT,1645080430530,1645080430073,4,1645080430073,-0.630,-0.293,-0.720,0.031,0.049,0.012
AIRPOT,1645080430627,1645080430170,4,1645080430170,-0.658,-0.274,-0.701,-0.059,-0.014,-0.027
AIRPOT,1645080430690,1645080430233,4,1645080430233,-0.667,-0.269,-0.694,0.034,0.018,0.037
AIRPOT,1645080430727,1645080430270,4,1645080430270,-0.670,-0.270,-0.691,-0.036,0.054,0.060
AIRPOT,1645080430805,1645080430348,4,1645080430348,-0.670,-0.264,-0.694,-0.058,0.096,-0.092
AIRPOT,1645080430962,1645080430505,4,1645080430505,-0.674,-0.285,-0.681,-0.025,0.020,-0.125
AIRPOT,1645080431013,1645080430556,4,1645080430556,-0.676,-0.285,-0.679,0.045,-0.050,-0.016
AIRPOT,1645080431122,1645080430665,4,1645080430665,-0.686,-0.294,-0.666,-0.013,-0.014,0.072
AIRPOT,1645080431174,1645080430717,4,1645080430717,-0.689,-0.290,-0.665,-0.006,-0.006,-0.035
AIRPOT,1645080431455,1645080430998,4,1645080430998,-0.713,-0.290,-0.638,-0.005,0.070,0.019
AIRPOT,1645080431565,1645080431108,4,1645080431108,-0.721,-0.284,-0.632,0.003,0.046,-0.021
AIRPOT,1645080431617,1645080431160,4,1645080431160,-0.724,-0.284,-0.629,-0.006,0.013,-0.039
AIRPOT,1645080431774,1645080431317,4,1645080431317,-0.732,-0.283,-0.620,-0.013,-0.018,0.071
AIRPOT,1645080431876,1645080431419,4,1645080431419,-0.719,-0.293,-0.630,-0.007,0.020,-0.013
AIRPOT,1645080431934,1645080431477,4,1645080431477,-0.716,-0.299,-0.631,-0.006,0.025,-0.044
AIRPOT,1645080432161,1645080431704,4,1645080431704,-0.708,-0.293,-0.643,0.032,-0.037,-0.004
AIRPOT,1645080432214,1645080431757,4,1645080431757,-0.710,-0.287,-0.643,0.002,-0.001,-0.012
AIRPOT,1645080432325,1645080431868,4,1645080431868,-0.715,-0.282,-0.640,0.007,0.010,0.003
AIRPOT,1645080432374,1645080431917,4,1645080431917,-0.717,-0.280,-0.639,-0.012,0.024,0.042
AIRPOT,1645080432427,1645080431970,4,1645080431970,-0.715,-0.277,-0.642,-0.018,0.018,0.015
AIRPOT,1645080432478,1645080432021,4,1645080432021,-0.711,-0.276,-0.647,0.016,-0.046,0.023
AIRPOT,1645080432535,1645080432078,4,1645080432078,-0.709,-0.281,-0.647,0.009,-0.015,-0.003
AIRPOT,1645080432651,1645080432194,4,1645080432194,-0.693,-0.315,-0.648,-0.036,0.051,-0.063
AIRPOT,1645080432733,1645080432276,4,1645080432276,-0.697,-0.297,-0.652,-0.002,-0.065,0.064
AIRPOT,1645080432885,1645080432428,4,1645080432428,-0.695,-0.310,-0.648,0.004,-0.068,-0.002
AIRPOT,1645080432937,1645080432480,4,1645080432480,-0.697,-0.302,-0.651,-0.004,0.057,-0.032
AIRPOT,1645080432987,1645080432530,4,1645080432530,-0.700,-0.300,-0.648,0.013,-0.026,0.066
AIRPOT,1645080433099,1645080432642,4,1645080432642,-0.699,-0.296,-0.652,-0.008,-0.026,0.015
AIRPOT,1645080433155,1645080432698,4,1645080432698,-0.697,-0.293,-0.655,0.012,0.031,-0.003
AIRPOT,1645080433254,1645080432797,4,1645080432797,-0.691,-0.298,-0.659,-0.000,-0.026,0.010
AIRPOT,1645080433391,1645080432934,4,1645080432934,-0.691,-0.305,-0.655,0.006,-0.012,0.009
AIRPOT,1645080433445,1645080432988,4,1645080432988,-0.692,-0.306,-0.653,0.011,-0.010,-0.002
AIRPOT,1645080433673,1645080433216,4,1645080433216,-0.696,-0.296,-0.654,0.003,-0.000,0.018
AIRPOT,1645080433825,1645080433368,4,1645080433368,-0.697,-0.289,-0.656,-0.008,0.021,-0.012
AIRPOT,1645080433872,1645080433415,4,1645080433415,-0.697,-0.284,-0.658,-0.010,0.051,-0.012
AIRPOT,1645080433906,1645080433449,4,1645080433449,-0.699,-0.281,-0.658,0.007,-0.056,0.033
AIRPOT,1645080434014,1645080433557,4,1645080433557,-0.698,-0.310,-0.645,0.016,0.065,-0.027
AIRPOT,1645080434067,1645080433610,4,1645080433610,-0.697,-0.320,-0.642,0.005,-0.052,-0.007
AIRPOT,1645080434170,1645080433713,4,1645080433713,-0.698,-0.318,-0.641,-0.029,0.002,0.045
AIRPOT,1645080434227,1645080433770,4,1645080433770,-0.694,-0.322,-0.644,0.003,0.074,0.015
AIRPOT,1645080434279,1645080433822,4,1645080433822,-0.687,-0.328,-0.648,-0.008,0.001,0.028
AIRPOT,1645080434331,1645080433874,4,1645080433874,-0.671,-0.341,-0.659,0.009,0.071,0.061
AIRPOT,1645080434382,1645080433925,4,1645080433925,-0.655,-0.371,-0.658,-0.062,0.108,0.010
AIRPOT,1645080434494,1645080434037,4,1645080434037,-0.484,-0.527,-0.699,-0.026,0.040,0.143
AIRPOT,1645080434534,1645080434077,4,1645080434077,-0.382,-0.570,-0.728,0.034,0.038,0.074
AIRPOT,1645080434579,1645080434122,4,1645080434122,-0.275,-0.598,-0.753,0.025,-0.054,-0.014
AIRPOT,1645080434759,1645080434302,4,1645080434302,0.035,-0.616,-0.787,0.037,-0.029,-0.110
AIRPOT,1645080434876,1645080434419,4,1645080434419,0.060,-0.597,-0.800,0.068,-0.031,0.034
AIRPOT,1645080434922,1645080434465,4,1645080434465,0.061,-0.601,-0.797,0.088,-0.021,0.050
AIRPOT,1645080435136,1645080434679,4,1645080434679,0.047,-0.636,-0.770,-0.032,0.009,-0.017
AIRPOT,1645080435185,1645080434728,4,1645080434728,0.040,-0.643,-0.765,-0.005,-0.064,0.012
AIRPOT,1645080435345,1645080434888,4,1645080434888,0.024,-0.686,-0.727,-0.017,0.010,-0.034
AIRPOT,1645080435396,1645080434939,4,1645080434939,0.018,-0.695,-0.719,0.002,0.010,-0.004
AIRPOT,1645080435555,1645080435098,4,1645080435098,-0.001,-0.718,-0.696,-0.006,0.018,0.032
AIRPOT,1645080435613,1645080435156,4,1645080435156,-0.001,-0.723,-0.691,-0.009,0.017,-0.005
AIRPOT,1645080435668,1645080435211,4,1645080435211,0.000,-0.723,-0.691,-0.008,0.034,-0.052
AIRPOT,1645080435729,1645080435272,4,1645080435272,-0.001,-0.712,-0.702,-0.028,0.045,-0.074
AIRPOT,1645080435790,1645080435333,4,1645080435333,-0.023,-0.673,-0.739,0.017,0.010,0.050
AIRPOT,1645080435918,1645080435461,4,1645080435461,-0.042,-0.647,-0.762,-0.025,0.030,-0.028
AIRPOT,1645080436031,1645080435574,4,1645080435574,-0.049,-0.668,-0.743,-0.010,-0.008,-0.012
AIRPOT,1645080436207,1645080435750,4,1645080435750,-0.052,-0.686,-0.726,0.011,-0.015,0.024
AIRPOT,1645080436269,1645080435812,4,1645080435812,-0.054,-0.698,-0.714,-0.002,-0.002,0.001
AIRPOT,1645080436324,1645080435867,4,1645080435867,-0.054,-0.702,-0.710,-0.021,-0.017,-0.025
AIRPOT,1645080436490,1645080436033,4,1645080436033,-0.061,-0.721,-0.690,-0.019,-0.005,-0.021
AIRPOT,1645080436701,1645080436244,4,1645080436244,-0.078,-0.730,-0.679,-0.005,-0.031,0.020
AIRPOT,1645080436762,1645080436305,4,1645080436305,-0.084,-0.733,-0.675,-0.005,0.025,0.017
AIRPOT,1645080436815,1645080436358,4,1645080436358,-0.086,-0.730,-0.677,-0.002,-0.029,-0.002
AIRPOT,1645080436871,1645080436414,4,1645080436414,-0.094,-0.732,-0.674,0.007,-0.006,0.015
AIRPOT,1645080436928,1645080436471,4,1645080436471,-0.095,-0.733,-0.674,-0.006,0.005,-0.018
AIRPOT,1645080437030,1645080436573,4,1645080436573,-0.099,-0.738,-0.668,-0.001,-0.012,0.023
AIRPOT,1645080437120,1645080436663,4,1645080436663,-0.095,-0.748,-0.657,-0.004,0.015,0.008
AIRPOT,1645080437206,1645080436749,4,1645080436749,-0.088,-0.753,-0.652,-0.036,-0.007,-0.026
AIRPOT,1645080437260,1645080436803,4,1645080436803,-0.095,-0.750,-0.654,-0.028,0.004,-0.048
AIRPOT,1645080437320,1645080436863,4,1645080436863,-0.121,-0.730,-0.673,0.020,-0.026,0.051
AIRPOT,1645080437364,1645080436907,4,1645080436907,-0.127,-0.723,-0.679,0.027,-0.025,0.083
AIRPOT,1645080437477,1645080437020,4,1645080437020,-0.131,-0.707,-0.695,-0.013,-0.004,0.006
AIRPOT,1645080437537,1645080437080,4,1645080437080,-0.136,-0.701,-0.700,-0.003,0.003,0.014
AIRPOT,1645080437596,1645080437139,4,1645080437139,-0.145,-0.691,-0.708,-0.007,-0.005,-0.022
AIRPOT,1645080437650,1645080437193,4,1645080437193,-0.152,-0.683,-0.715,-0.011,0.010,-0.025
AIRPOT,1645080437677,1645080437220,4,1645080437220,-0.159,-0.673,-0.722,-0.011,-0.003,-0.000
AIRPOT,1645080437727,1645080437270,4,1645080437270,-0.165,-0.663,-0.730,-0.019,-0.003,-0.005
AIRPOT,1645080437799,1645080437342,4,1645080437342,-0.185,-0.636,-0.749,-0.000,-0.012,-0.020
AIRPOT,1645080437916,1645080437459,4,1645080437459,-0.215,-0.596,-0.774,-0.017,-0.057,0.026
AIRPOT,1645080438006,1645080437549,4,1645080437549,-0.240,-0.535,-0.810,0.009,-0.129,0.047
AIRPOT,1645080438117,1645080437660,4,1645080437660,-0.298,-0.383,-0.875,0.002,0.011,-0.011
AIRPOT,1645080438167,1645080437710,4,1645080437710,-0.315,-0.339,-0.886,-0.024,0.011,-0.021
AIRPOT,1645080438217,1645080437760,4,1645080437760,-0.331,-0.306,-0.893,-0.030,-0.017,0.010
AIRPOT,1645080438375,1645080437918,4,1645080437918,-0.377,-0.222,-0.899,-0.010,-0.018,-0.024
AIRPOT,1645080438441,1645080437984,4,1645080437984,-0.391,-0.210,-0.896,-0.001,-0.028,0.006
AIRPOT,1645080438518,1645080438061,4,1645080438061,-0.401,-0.203,-0.893,-0.011,-0.004,-0.014
AIRPOT,1645080438578,1645080438121,4,1645080438121,-0.407,-0.198,-0.892,0.019,0.020,0.016
AIRPOT,1645080438744,1645080438287,4,1645080438287,-0.416,-0.177,-0.892,0.006,0.058,0.002
AIRPOT,1645080438766,1645080438309,4,1645080438309,-0.417,-0.169,-0.893,0.004,0.044,0.009
AIRPOT,1645080438817,1645080438360,4,1645080438360,-0.419,-0.161,-0.893,0.029,0.002,0.019
AIRPOT,1645080438942,1645080438485,4,1645080438485,-0.420,-0.114,-0.900,-0.020,0.063,0.008
AIRPOT,1645080439060,1645080438603,4,1645080438603,-0.414,-0.052,-0.909,0.019,0.081,-0.013
AIRPOT,1645080439127,1645080438670,4,1645080438670,-0.406,-0.017,-0.914,0.020,0.091,-0.008
AIRPOT,1645080439177,1645080438720,4,1645080438720,-0.400,-0.003,-0.916,-0.012,0.059,-0.020
AIRPOT,1645080439229,1645080438772,4,1645080438772,-0.396,0.008,-0.918,-0.002,0.031,0.015
AIRPOT,1645080439285,1645080438828,4,1645080438828,-0.380,0.022,-0.925,-0.002,0.018,0.005
AIRPOT,1645080439450,1645080438993,4,1645080438993,-0.349,0.047,-0.936,-0.013,-0.015,0.008
AIRPOT,1645080439509,1645080439052,4,1645080439052,-0.342,0.054,-0.938,-0.016,-0.009,-0.001
AIRPOT,1645080439612,1645080439155,4,1645080439155,-0.322,0.070,-0.944,-0.013,0.003,-0.009
AIRPOT,1645080439779,1645080439322,4,1645080439322,-0.302,0.095,-0.949,0.009,-0.004,-0.011
AIRPOT,1645080439889,1645080439432,4,1645080439432,-0.284,0.119,-0.951,0.025,0.043,0.016
AIRPOT,1645080440002,1645080439545,4,1645080439545,-0.270,0.141,-0.952,0.009,0.044,-0.001
AIRPOT,1645080440055,1645080439598,4,1645080439598,-0.258,0.158,-0.953,0.014,0.032,-0.020
AIRPOT,1645080440107,1645080439650,4,1645080439650,-0.256,0.165,-0.953,0.016,0.035,-0.012
AIRPOT,1645080440215,1645080439758,4,1645080439758,-0.251,0.179,-0.951,0.014,0.038,0.003
AIRPOT,1645080440264,1645080439807,4,1645080439807,-0.250,0.181,-0.951,0.020,0.037,0.030
AIRPOT,1645080440320,1645080439863,4,1645080439863,-0.247,0.180,-0.952,0.014,0.044,0.017
AIRPOT,1645080440376,1645080439919,4,1645080439919,-0.239,0.183,-0.954,0.047,0.076,0.004
AIRPOT,1645080440482,1645080440025,4,1645080440025,-0.232,0.185,-0.955,0.043,0.095,0.013
AIRPOT,1645080440549,1645080440092,4,1645080440092,-0.233,0.173,-0.957,0.048,0.128,-0.010
AIRPOT,1645080440599,1645080440142,4,1645080440142,-0.239,0.165,-0.957,0.046,0.058,0.004
AIRPOT,1645080440652,1645080440195,4,1645080440195,-0.245,0.138,-0.960,0.029,0.021,-0.009
AIRPOT,1645080440706,1645080440249,4,1645080440249,-0.249,0.119,-0.961,0.018,-0.006,-0.010
AIRPOT,1645080440875,1645080440418,4,1645080440418,-0.289,0.047,-0.956,0.014,-0.027,-0.001
AIRPOT,1645080440958,1645080440501,4,1645080440501,-0.316,0.005,-0.949,-0.003,-0.035,0.001
AIRPOT,1645080440989,1645080440532,4,1645080440532,-0.328,-0.021,-0.945,-0.062,-0.106,-0.064
AIRPOT,1645080441039,1645080440582,4,1645080440582,-0.347,-0.058,-0.936,-0.128,-0.202,-0.082
AIRPOT,1645080441100,1645080440643,4,1645080440643,-0.401,-0.147,-0.904,0.000,-0.065,0.131
AIRPOT,1645080441257,1645080440800,4,1645080440800,-0.454,-0.187,-0.871,-0.032,-0.014,0.015
AIRPOT,1645080441324,1645080440867,4,1645080440867,-0.466,-0.198,-0.862,-0.032,-0.033,0.003
AIRPOT,1645080441374,1645080440917,4,1645080440917,-0.478,-0.210,-0.853,-0.027,-0.046,0.021
AIRPOT,1645080441377,1645080440920,4,1645080440920,-0.490,-0.222,-0.843,-0.012,-0.049,0.020
AIRPOT,1645080441446,1645080440989,4,1645080440989,-0.503,-0.232,-0.833,-0.008,-0.017,0.025
AIRPOT,1645080441485,1645080441028,4,1645080441028,-0.512,-0.238,-0.825,-0.009,0.026,-0.008
AIRPOT,1645080441520,1645080441063,4,1645080441063,-0.523,-0.245,-0.816,0.010,0.038,-0.003
AIRPOT,1645080441664,1645080441207,4,1645080441207,-0.534,-0.310,-0.786,0.008,-0.048,-0.002
AIRPOT,1645080441839,1645080441382,4,1645080441382,-0.550,-0.334,-0.765,-0.004,0.012,-0.010
AIRPOT,1645080441991,1645080441534,4,1645080441534,-0.558,-0.333,-0.760,0.003,-0.029,0.025
AIRPOT,1645080442083,1645080441626,4,1645080441626,-0.555,-0.335,-0.761,0.001,-0.019,0.007
AIRPOT,1645080442360,1645080441903,4,1645080441903,-0.552,-0.335,-0.764,-0.010,-0.019,0.007
AIRPOT,1645080442361,1645080441904,4,1645080441904,-0.554,-0.333,-0.763,-0.012,-0.008,0.006
AIRPOT,1645080442362,1645080441905,4,1645080441905,-0.557,-0.331,-0.762,-0.004,-0.011,0.010
AIRPOT,1645080442388,1645080441931,4,1645080441931,-0.563,-0.326,-0.759,-0.004,-0.013,0.004
AIRPOT,1645080442449,1645080441992,4,1645080441992,-0.566,-0.325,-0.758,0.003,0.003,0.018
AIRPOT,1645080442547,1645080442090,4,1645080442090,-0.568,-0.320,-0.758,-0.004,-0.007,0.011
AIRPOT,1645080442607,1645080442150,4,1645080442150,-0.569,-0.319,-0.758,-0.004,-0.012,0.008
AIRPOT,1645080442750,1645080442293,4,1645080442293,-0.569,-0.316,-0.759,-0.006,-0.010,0.008
AIRPOT,1645080442878,1645080442421,4,1645080442421,-0.572,-0.312,-0.759,-0.008,-0.002,0.008
AIRPOT,1645080442937,1645080442480,4,1645080442480,-0.573,-0.311,-0.758,-0.004,-0.004,0.004
AIRPOT,1645080443056,1645080442599,4,1645080442599,-0.575,-0.311,-0.757,-0.003,0.001,0.005
AIRPOT,1645080443121,1645080442664,4,1645080442664,-0.576,-0.310,-0.756,-0.006,-0.001,0.003
