Device,PTPTime,UnixTime,Protocool,CurrentDeviceTime,GyroX,GyroY,GyroZ,AccX,AccY,AccZ,
AIRPOT,1644990059085,1644990058163,4,1644990058163,0.009,-0.172,-0.985,-0.010,-0.025,-0.017
AIRPOT,1644990059150,1644990058228,4,1644990058228,0.002,-0.162,-0.987,-0.013,-0.056,-0.042
AIRPOT,1644990059173,1644990058251,4,1644990058251,-0.011,-0.152,-0.988,0.015,-0.041,0.009
AIRPOT,1644990059347,1644990058425,4,1644990058425,-0.040,-0.126,-0.991,0.001,0.048,0.001
AIRPOT,1644990059467,1644990058545,4,1644990058545,-0.034,-0.107,-0.994,0.034,0.026,0.014
AIRPOT,1644990059567,1644990058645,4,1644990058645,-0.023,-0.094,-0.995,0.003,-0.011,-0.013
AIRPOT,1644990059608,1644990058686,4,1644990058686,-0.024,-0.094,-0.995,-0.005,-0.007,-0.004
AIRPOT,1644990059837,1644990058915,4,1644990058915,-0.027,-0.097,-0.995,-0.001,-0.003,-0.002
AIRPOT,1644990059896,1644990058974,4,1644990058974,-0.028,-0.093,-0.995,-0.004,0.010,-0.003
AIRPOT,1644990059947,1644990059025,4,1644990059025,-0.028,-0.093,-0.995,-0.003,-0.005,0.008
AIRPOT,1644990060008,1644990059086,4,1644990059086,-0.028,-0.101,-0.995,-0.002,-0.003,-0.004
AIRPOT,1644990060075,1644990059153,4,1644990059153,-0.027,-0.104,-0.994,0.002,0.001,-0.001
AIRPOT,1644990060134,1644990059212,4,1644990059212,-0.025,-0.109,-0.994,0.002,0.004,-0.003
AIRPOT,1644990060189,1644990059267,4,1644990059267,-0.025,-0.110,-0.994,0.005,-0.007,0.004
AIRPOT,1644990060233,1644990059311,4,1644990059311,-0.023,-0.112,-0.993,0.003,-0.006,-0.006
AIRPOT,1644990060281,1644990059359,4,1644990059359,-0.023,-0.113,-0.993,0.000,-0.001,0.001
AIRPOT,1644990060345,1644990059423,4,1644990059423,-0.021,-0.115,-0.993,-0.000,-0.008,0.012
AIRPOT,1644990060460,1644990059538,4,1644990059538,-0.019,-0.117,-0.993,-0.002,-0.001,-0.004
AIRPOT,1644990060585,1644990059663,4,1644990059663,-0.016,-0.121,-0.993,-0.004,-0.003,-0.010
AIRPOT,1644990060706,1644990059784,4,1644990059784,-0.015,-0.120,-0.993,0.004,-0.002,-0.005
AIRPOT,1644990060825,1644990059903,4,1644990059903,-0.016,-0.119,-0.993,0.000,0.003,-0.010
AIRPOT,1644990060862,1644990059940,4,1644990059940,-0.017,-0.118,-0.993,-0.002,0.000,0.002
AIRPOT,1644990060938,1644990060016,4,1644990060016,-0.018,-0.119,-0.993,-0.007,-0.014,-0.035
AIRPOT,1644990061076,1644990060154,4,1644990060154,-0.019,-0.118,-0.993,-0.004,-0.009,-0.001
AIRPOT,1644990061143,1644990060221,4,1644990060221,-0.018,-0.121,-0.992,0.002,-0.003,-0.001
AIRPOT,1644990061187,1644990060265,4,1644990060265,-0.017,-0.123,-0.992,0.000,-0.002,-0.003
AIRPOT,1644990061397,1644990060475,4,1644990060475,-0.017,-0.128,-0.992,-0.002,0.005,-0.001
AIRPOT,1644990061484,1644990060562,4,1644990060562,-0.016,-0.128,-0.992,0.009,-0.001,0.010
AIRPOT,1644990061505,1644990060583,4,1644990060583,-0.015,-0.130,-0.991,0.004,-0.015,-0.038
AIRPOT,1644990061635,1644990060713,4,1644990060713,-0.018,-0.129,-0.992,0.003,-0.013,0.006
AIRPOT,1644990061761,1644990060839,4,1644990060839,-0.019,-0.130,-0.991,0.006,0.019,-0.005
AIRPOT,1644990061867,1644990060945,4,1644990060945,-0.021,-0.131,-0.991,-0.008,-0.017,0.002
AIRPOT,1644990061927,1644990061005,4,1644990061005,-0.022,-0.132,-0.991,0.004,-0.003,0.002
AIRPOT,1644990062122,1644990061200,4,1644990061200,-0.022,-0.141,-0.990,-0.012,0.017,-0.022
AIRPOT,1644990062168,1644990061246,4,1644990061246,-0.025,-0.138,-0.990,-0.007,0.018,-0.003
AIRPOT,1644990062251,1644990061329,4,1644990061329,-0.030,-0.138,-0.990,0.003,-0.001,0.006
AIRPOT,1644990062272,1644990061350,4,1644990061350,-0.030,-0.140,-0.990,-0.000,-0.020,-0.005
AIRPOT,1644990062328,1644990061406,4,1644990061406,-0.031,-0.142,-0.989,-0.007,-0.006,-0.011
AIRPOT,1644990062404,1644990061482,4,1644990061482,-0.033,-0.140,-0.990,-0.011,-0.003,-0.003
AIRPOT,1644990062474,1644990061552,4,1644990061552,-0.034,-0.140,-0.990,-0.001,0.007,-0.004
AIRPOT,1644990062595,1644990061673,4,1644990061673,-0.035,-0.143,-0.989,-0.002,-0.006,-0.000
AIRPOT,1644990062716,1644990061794,4,1644990061794,-0.033,-0.146,-0.989,-0.006,0.012,-0.009
AIRPOT,1644990062798,1644990061876,4,1644990061876,-0.031,-0.144,-0.989,-0.001,-0.008,0.002
AIRPOT,1644990062829,1644990061907,4,1644990061907,-0.031,-0.144,-0.989,0.000,-0.017,0.005
AIRPOT,1644990062953,1644990062031,4,1644990062031,-0.031,-0.141,-0.989,-0.000,0.002,-0.009
AIRPOT,1644990062990,1644990062068,4,1644990062068,-0.034,-0.141,-0.989,0.001,0.005,-0.006
AIRPOT,1644990063077,1644990062155,4,1644990062155,-0.037,-0.141,-0.989,-0.002,-0.003,0.003
AIRPOT,1644990063136,1644990062214,4,1644990062214,-0.036,-0.141,-0.989,0.002,-0.006,0.001
AIRPOT,1644990063196,1644990062274,4,1644990062274,-0.033,-0.142,-0.989,0.005,-0.001,-0.004
AIRPOT,1644990063256,1644990062334,4,1644990062334,-0.032,-0.145,-0.989,-0.000,-0.007,-0.015
AIRPOT,1644990063317,1644990062395,4,1644990062395,-0.029,-0.147,-0.989,-0.008,-0.002,-0.010
AIRPOT,1644990063373,1644990062451,4,1644990062451,-0.029,-0.147,-0.989,-0.008,-0.011,-0.001
AIRPOT,1644990063429,1644990062507,4,1644990062507,-0.030,-0.149,-0.988,-0.008,-0.010,0.005
AIRPOT,1644990063431,1644990062509,4,1644990062509,-0.030,-0.153,-0.988,-0.004,-0.002,-0.000
AIRPOT,1644990063476,1644990062554,4,1644990062554,-0.030,-0.154,-0.988,-0.002,0.006,-0.001
AIRPOT,1644990063615,1644990062693,4,1644990062693,-0.025,-0.157,-0.987,0.006,-0.002,0.010
AIRPOT,1644990063678,1644990062756,4,1644990062756,-0.021,-0.155,-0.988,0.004,-0.014,0.004
AIRPOT,1644990063741,1644990062819,4,1644990062819,-0.020,-0.154,-0.988,0.002,0.010,-0.003
AIRPOT,1644990063794,1644990062872,4,1644990062872,-0.016,-0.152,-0.988,-0.005,-0.043,-0.004
AIRPOT,1644990063857,1644990062935,4,1644990062935,-0.018,-0.153,-0.988,0.006,-0.063,0.003
AIRPOT,1644990063914,1644990062992,4,1644990062992,-0.028,-0.151,-0.988,0.012,-0.084,0.023
AIRPOT,1644990063976,1644990063054,4,1644990063054,-0.034,-0.151,-0.988,0.014,-0.027,0.015
AIRPOT,1644990064036,1644990063114,4,1644990063114,-0.043,-0.149,-0.988,0.014,0.036,-0.013
AIRPOT,1644990064125,1644990063203,4,1644990063203,-0.052,-0.145,-0.988,0.010,0.041,-0.014
AIRPOT,1644990064184,1644990063262,4,1644990063262,-0.057,-0.143,-0.988,0.009,0.024,-0.002
AIRPOT,1644990064245,1644990063323,4,1644990063323,-0.065,-0.140,-0.988,-0.001,-0.002,-0.001
AIRPOT,1644990064374,1644990063452,4,1644990063452,-0.075,-0.150,-0.986,-0.004,0.016,-0.004
AIRPOT,1644990064416,1644990063494,4,1644990063494,-0.078,-0.152,-0.985,0.008,0.013,0.004
AIRPOT,1644990064613,1644990063691,4,1644990063691,-0.076,-0.141,-0.987,0.002,0.033,-0.015
AIRPOT,1644990064686,1644990063764,4,1644990063764,-0.067,-0.131,-0.989,0.006,0.027,0.003
AIRPOT,1644990064737,1644990063815,4,1644990063815,-0.060,-0.126,-0.990,0.008,0.015,-0.001
AIRPOT,1644990064816,1644990063894,4,1644990063894,-0.050,-0.124,-0.991,0.003,-0.014,-0.006
AIRPOT,1644990064863,1644990063941,4,1644990063941,-0.046,-0.124,-0.991,0.008,-0.023,0.009
AIRPOT,1644990064928,1644990064006,4,1644990064006,-0.035,-0.127,-0.991,-0.001,-0.043,0.017
AIRPOT,1644990065056,1644990064134,4,1644990064134,-0.011,-0.144,-0.990,0.005,-0.003,-0.023
AIRPOT,1644990065125,1644990064203,4,1644990064203,-0.003,-0.147,-0.989,-0.003,-0.010,0.002
AIRPOT,1644990065201,1644990064279,4,1644990064279,0.002,-0.154,-0.988,0.006,0.021,0.002
AIRPOT,1644990065303,1644990064381,4,1644990064381,0.007,-0.165,-0.986,-0.002,0.008,-0.003
AIRPOT,1644990065380,1644990064458,4,1644990064458,0.010,-0.172,-0.985,-0.013,-0.015,-0.019
AIRPOT,1644990065458,1644990064536,4,1644990064536,0.014,-0.175,-0.984,0.008,-0.007,-0.000
AIRPOT,1644990065507,1644990064585,4,1644990064585,0.016,-0.180,-0.983,0.005,-0.002,-0.004
AIRPOT,1644990065623,1644990064701,4,1644990064701,0.027,-0.212,-0.977,0.010,0.019,0.014
AIRPOT,1644990065687,1644990064765,4,1644990064765,0.034,-0.241,-0.970,-0.001,0.033,-0.013
AIRPOT,1644990065748,1644990064826,4,1644990064826,0.037,-0.256,-0.966,-0.005,0.011,-0.035
AIRPOT,1644990065867,1644990064945,4,1644990064945,0.040,-0.299,-0.954,0.003,-0.027,0.005
AIRPOT,1644990065950,1644990065028,4,1644990065028,0.041,-0.319,-0.947,0.009,-0.039,0.012
AIRPOT,1644990066052,1644990065130,4,1644990065130,0.044,-0.334,-0.942,-0.019,-0.018,-0.007
AIRPOT,1644990066102,1644990065180,4,1644990065180,0.046,-0.330,-0.943,0.002,-0.024,-0.006
AIRPOT,1644990066156,1644990065234,4,1644990065234,0.048,-0.323,-0.945,0.004,-0.014,0.006
AIRPOT,1644990066252,1644990065330,4,1644990065330,0.050,-0.291,-0.955,0.001,-0.009,-0.020
AIRPOT,1644990066307,1644990065385,4,1644990065385,0.049,-0.280,-0.959,0.002,-0.004,0.004
AIRPOT,1644990066358,1644990065436,4,1644990065436,0.047,-0.271,-0.961,0.013,0.017,-0.030
AIRPOT,1644990066468,1644990065546,4,1644990065546,0.047,-0.243,-0.969,0.029,0.084,-0.072
AIRPOT,1644990066513,1644990065591,4,1644990065591,0.043,-0.226,-0.973,-0.045,0.023,-0.087
AIRPOT,1644990066577,1644990065655,4,1644990065655,0.027,-0.188,-0.982,-0.026,-0.015,0.042
AIRPOT,1644990066628,1644990065706,4,1644990065706,0.021,-0.176,-0.984,-0.005,-0.007,0.009
AIRPOT,1644990066718,1644990065796,4,1644990065796,0.018,-0.158,-0.987,0.004,0.020,0.031
AIRPOT,1644990066831,1644990065909,4,1644990065909,0.006,-0.168,-0.986,0.003,-0.058,0.030
AIRPOT,1644990066856,1644990065934,4,1644990065934,0.005,-0.177,-0.984,-0.023,0.017,-0.055
AIRPOT,1644990066907,1644990065985,4,1644990065985,-0.001,-0.183,-0.983,-0.014,-0.048,0.065
AIRPOT,1644990067035,1644990066113,4,1644990066113,-0.001,-0.209,-0.978,-0.016,-0.053,-0.031
AIRPOT,1644990067095,1644990066173,4,1644990066173,-0.003,-0.221,-0.975,-0.048,-0.051,-0.057
AIRPOT,1644990067153,1644990066231,4,1644990066231,-0.006,-0.225,-0.974,0.020,-0.003,0.086
AIRPOT,1644990067181,1644990066259,4,1644990066259,-0.007,-0.225,-0.974,-0.003,0.026,-0.014
AIRPOT,1644990067238,1644990066316,4,1644990066316,-0.007,-0.227,-0.974,-0.004,-0.002,0.024
AIRPOT,1644990067299,1644990066377,4,1644990066377,-0.005,-0.224,-0.975,-0.031,-0.085,-0.079
AIRPOT,1644990067361,1644990066439,4,1644990066439,-0.008,-0.220,-0.975,0.004,-0.047,0.029
AIRPOT,1644990067421,1644990066499,4,1644990066499,-0.005,-0.219,-0.976,0.011,-0.006,-0.013
AIRPOT,1644990067486,1644990066564,4,1644990066564,0.001,-0.217,-0.976,-0.004,0.015,0.041
AIRPOT,1644990067547,1644990066625,4,1644990066625,0.008,-0.218,-0.976,-0.004,-0.025,-0.062
AIRPOT,1644990067606,1644990066684,4,1644990066684,0.005,-0.219,-0.976,0.011,0.002,0.070
AIRPOT,1644990067666,1644990066744,4,1644990066744,0.011,-0.221,-0.975,0.015,-0.016,0.057
AIRPOT,1644990067724,1644990066802,4,1644990066802,0.009,-0.224,-0.974,0.010,-0.021,-0.006
AIRPOT,1644990067798,1644990066876,4,1644990066876,0.014,-0.230,-0.973,-0.008,0.009,-0.041
AIRPOT,1644990067827,1644990066905,4,1644990066905,0.017,-0.235,-0.972,0.018,-0.033,0.011
AIRPOT,1644990067908,1644990066986,4,1644990066986,0.016,-0.238,-0.971,-0.006,-0.003,-0.065
AIRPOT,1644990067965,1644990067043,4,1644990067043,0.018,-0.235,-0.972,-0.012,-0.010,-0.101
AIRPOT,1644990068026,1644990067104,4,1644990067104,0.013,-0.229,-0.973,-0.020,-0.039,-0.068
AIRPOT,1644990068090,1644990067168,4,1644990067168,0.013,-0.224,-0.975,-0.004,-0.054,0.041
AIRPOT,1644990068145,1644990067223,4,1644990067223,0.013,-0.214,-0.977,0.049,-0.008,0.019
AIRPOT,1644990068207,1644990067285,4,1644990067285,0.013,-0.207,-0.978,-0.046,-0.018,-0.027
AIRPOT,1644990068268,1644990067346,4,1644990067346,0.011,-0.202,-0.979,-0.044,-0.024,-0.047
AIRPOT,1644990068325,1644990067403,4,1644990067403,0.009,-0.201,-0.980,0.015,0.021,0.034
AIRPOT,1644990068479,1644990067557,4,1644990067557,0.011,-0.194,-0.981,0.040,-0.013,0.039
AIRPOT,1644990068599,1644990067677,4,1644990067677,0.014,-0.196,-0.980,0.005,0.043,0.006
AIRPOT,1644990068715,1644990067793,4,1644990067793,0.007,-0.194,-0.981,0.008,-0.002,0.047
AIRPOT,1644990068834,1644990067912,4,1644990067912,-0.002,-0.186,-0.982,-0.019,0.046,0.015
AIRPOT,1644990068911,1644990067989,4,1644990067989,-0.005,-0.178,-0.984,0.002,-0.002,-0.032
AIRPOT,1644990068956,1644990068034,4,1644990068034,-0.008,-0.175,-0.985,0.005,0.087,-0.018
AIRPOT,1644990069004,1644990068082,4,1644990068082,-0.011,-0.173,-0.985,0.008,-0.005,-0.010
AIRPOT,1644990069073,1644990068151,4,1644990068151,-0.017,-0.174,-0.985,-0.017,0.005,0.026
AIRPOT,1644990069073,1644990068151,4,1644990068151,-0.019,-0.178,-0.984,-0.022,-0.002,-0.039
AIRPOT,1644990069249,1644990068327,4,1644990068327,-0.023,-0.198,-0.980,0.011,0.019,-0.044
AIRPOT,1644990069315,1644990068393,4,1644990068393,-0.026,-0.211,-0.977,-0.001,-0.016,-0.018
AIRPOT,1644990069377,1644990068455,4,1644990068455,-0.028,-0.216,-0.976,-0.029,0.008,-0.037
AIRPOT,1644990069430,1644990068508,4,1644990068508,-0.026,-0.227,-0.974,0.001,-0.027,0.028
AIRPOT,1644990069555,1644990068633,4,1644990068633,-0.018,-0.225,-0.974,0.029,-0.022,0.018
AIRPOT,1644990069615,1644990068693,4,1644990068693,-0.016,-0.223,-0.975,-0.014,-0.029,0.002
AIRPOT,1644990069737,1644990068815,4,1644990068815,-0.013,-0.206,-0.979,-0.015,-0.015,-0.003
AIRPOT,1644990069801,1644990068879,4,1644990068879,-0.012,-0.196,-0.981,0.018,0.076,0.100
AIRPOT,1644990069855,1644990068933,4,1644990068933,-0.008,-0.189,-0.982,0.002,-0.070,-0.063
AIRPOT,1644990069915,1644990068993,4,1644990068993,-0.005,-0.188,-0.982,0.038,-0.016,0.047
AIRPOT,1644990069976,1644990069054,4,1644990069054,-0.002,-0.190,-0.982,0.003,0.008,-0.062
AIRPOT,1644990070035,1644990069113,4,1644990069113,0.000,-0.193,-0.981,0.013,-0.013,-0.025
AIRPOT,1644990070086,1644990069164,4,1644990069164,0.002,-0.195,-0.981,-0.033,-0.020,-0.070
AIRPOT,1644990070156,1644990069234,4,1644990069234,-0.001,-0.196,-0.981,0.012,0.008,0.059
AIRPOT,1644990070216,1644990069294,4,1644990069294,-0.001,-0.194,-0.981,-0.057,-0.041,-0.061
AIRPOT,1644990070277,1644990069355,4,1644990069355,-0.001,-0.192,-0.981,0.005,-0.014,0.039
AIRPOT,1644990070358,1644990069436,4,1644990069436,-0.001,-0.190,-0.982,0.009,0.050,0.027
AIRPOT,1644990070416,1644990069494,4,1644990069494,0.002,-0.189,-0.982,0.004,0.014,0.018
AIRPOT,1644990070562,1644990069640,4,1644990069640,0.004,-0.188,-0.982,0.003,-0.001,0.008
AIRPOT,1644990070624,1644990069702,4,1644990069702,0.006,-0.188,-0.982,0.019,0.029,0.037
AIRPOT,1644990070700,1644990069778,4,1644990069778,0.008,-0.190,-0.982,0.040,0.003,0.057
AIRPOT,1644990070817,1644990069895,4,1644990069895,0.005,-0.196,-0.981,-0.028,-0.001,-0.047
AIRPOT,1644990070936,1644990070014,4,1644990070014,0.002,-0.194,-0.981,-0.013,-0.035,-0.026
AIRPOT,1644990070967,1644990070045,4,1644990070045,-0.000,-0.195,-0.981,-0.018,0.004,-0.009
AIRPOT,1644990071086,1644990070164,4,1644990070164,-0.004,-0.198,-0.980,0.017,0.006,-0.001
AIRPOT,1644990071146,1644990070224,4,1644990070224,-0.005,-0.200,-0.980,0.016,0.108,0.021
AIRPOT,1644990071205,1644990070283,4,1644990070283,-0.010,-0.218,-0.976,-0.029,-0.002,-0.037
AIRPOT,1644990071300,1644990070378,4,1644990070378,-0.015,-0.240,-0.971,0.016,0.042,0.024
AIRPOT,1644990071411,1644990070489,4,1644990070489,-0.018,-0.256,-0.966,0.002,0.011,-0.033
AIRPOT,1644990071445,1644990070523,4,1644990070523,-0.022,-0.258,-0.966,0.050,0.017,0.061
AIRPOT,1644990071503,1644990070581,4,1644990070581,-0.021,-0.256,-0.966,-0.076,-0.045,-0.079
AIRPOT,1644990071577,1644990070655,4,1644990070655,-0.014,-0.251,-0.968,-0.058,-0.014,0.019
AIRPOT,1644990071628,1644990070706,4,1644990070706,-0.008,-0.250,-0.968,0.056,0.011,0.036
AIRPOT,1644990071688,1644990070766,4,1644990070766,0.004,-0.241,-0.971,-0.001,-0.040,-0.080
AIRPOT,1644990071745,1644990070823,4,1644990070823,0.007,-0.233,-0.972,0.038,0.046,0.063
AIRPOT,1644990071804,1644990070882,4,1644990070882,0.015,-0.216,-0.976,0.005,-0.050,0.047
AIRPOT,1644990071866,1644990070944,4,1644990070944,0.016,-0.211,-0.977,0.001,-0.048,-0.019
AIRPOT,1644990072028,1644990071106,4,1644990071106,0.014,-0.188,-0.982,0.019,0.000,0.013
AIRPOT,1644990072045,1644990071123,4,1644990071123,0.018,-0.183,-0.983,0.016,0.001,0.011
AIRPOT,1644990072104,1644990071182,4,1644990071182,0.020,-0.181,-0.983,0.009,0.018,0.007
AIRPOT,1644990072196,1644990071274,4,1644990071274,0.023,-0.184,-0.983,-0.016,-0.008,-0.055
AIRPOT,1644990072247,1644990071325,4,1644990071325,0.019,-0.183,-0.983,-0.005,0.059,0.046
AIRPOT,1644990072307,1644990071385,4,1644990071385,0.017,-0.180,-0.984,-0.017,0.007,-0.049
AIRPOT,1644990072503,1644990071581,4,1644990071581,0.019,-0.181,-0.983,-0.006,-0.030,-0.046
AIRPOT,1644990072555,1644990071633,4,1644990071633,0.018,-0.181,-0.983,0.006,-0.017,-0.022
AIRPOT,1644990072657,1644990071735,4,1644990071735,0.011,-0.183,-0.983,0.061,-0.017,0.080
AIRPOT,1644990072783,1644990071861,4,1644990071861,0.010,-0.185,-0.983,-0.019,0.040,-0.038
AIRPOT,1644990072837,1644990071915,4,1644990071915,0.010,-0.185,-0.983,-0.025,-0.083,-0.022
AIRPOT,1644990072886,1644990071964,4,1644990071964,0.007,-0.189,-0.982,0.013,0.041,0.046
AIRPOT,1644990072895,1644990071973,4,1644990071973,0.008,-0.191,-0.982,-0.032,-0.028,-0.051
AIRPOT,1644990072943,1644990072021,4,1644990072021,0.006,-0.195,-0.981,-0.011,-0.004,0.010
AIRPOT,1644990072996,1644990072074,4,1644990072074,0.006,-0.201,-0.980,-0.004,0.047,0.020
AIRPOT,1644990073101,1644990072179,4,1644990072179,0.011,-0.216,-0.976,-0.028,-0.057,-0.029
AIRPOT,1644990073159,1644990072237,4,1644990072237,0.010,-0.220,-0.975,0.015,0.034,-0.004
AIRPOT,1644990073316,1644990072394,4,1644990072394,0.014,-0.217,-0.976,-0.024,0.100,-0.015
AIRPOT,1644990073362,1644990072440,4,1644990072440,0.014,-0.212,-0.977,0.005,-0.057,0.027
AIRPOT,1644990073383,1644990072461,4,1644990072461,0.019,-0.212,-0.977,-0.033,0.023,-0.044
AIRPOT,1644990073422,1644990072500,4,1644990072500,0.018,-0.209,-0.978,0.024,-0.021,0.051
AIRPOT,1644990073536,1644990072614,4,1644990072614,0.026,-0.214,-0.976,-0.007,-0.025,0.009
AIRPOT,1644990073596,1644990072674,4,1644990072674,0.023,-0.215,-0.976,0.048,-0.066,0.048
AIRPOT,1644990073755,1644990072833,4,1644990072833,0.023,-0.222,-0.975,0.047,0.048,0.040
AIRPOT,1644990073757,1644990072835,4,1644990072835,0.019,-0.224,-0.974,-0.001,0.040,-0.070
AIRPOT,1644990073915,1644990072993,4,1644990072993,0.009,-0.243,-0.970,-0.017,0.011,-0.004
AIRPOT,1644990073966,1644990073044,4,1644990073044,0.006,-0.242,-0.970,0.002,-0.075,-0.041
AIRPOT,1644990074026,1644990073104,4,1644990073104,-0.002,-0.238,-0.971,-0.026,-0.060,-0.020
AIRPOT,1644990074080,1644990073158,4,1644990073158,-0.004,-0.230,-0.973,-0.047,-0.053,-0.064
AIRPOT,1644990074182,1644990073260,4,1644990073260,0.001,-0.205,-0.979,-0.003,-0.048,-0.063
AIRPOT,1644990074298,1644990073376,4,1644990073376,0.002,-0.193,-0.981,-0.016,-0.027,0.005
AIRPOT,1644990074407,1644990073485,4,1644990073485,0.014,-0.184,-0.983,-0.001,-0.050,0.008
AIRPOT,1644990074449,1644990073527,4,1644990073527,0.020,-0.182,-0.983,0.034,0.044,-0.021
AIRPOT,1644990074473,1644990073551,4,1644990073551,0.023,-0.182,-0.983,0.008,0.000,0.023
AIRPOT,1644990074588,1644990073666,4,1644990073666,0.013,-0.185,-0.983,0.036,0.068,0.067
AIRPOT,1644990074643,1644990073721,4,1644990073721,0.012,-0.186,-0.983,-0.072,-0.036,-0.102
AIRPOT,1644990074988,1644990074066,4,1644990074066,0.024,-0.216,-0.976,-0.017,0.004,-0.046
AIRPOT,1644990075039,1644990074117,4,1644990074117,0.027,-0.215,-0.976,0.009,-0.039,-0.001
AIRPOT,1644990075207,1644990074285,4,1644990074285,0.031,-0.220,-0.975,-0.004,-0.007,-0.014
AIRPOT,1644990075309,1644990074387,4,1644990074387,0.030,-0.218,-0.976,0.003,-0.041,0.015
AIRPOT,1644990075368,1644990074446,4,1644990074446,0.030,-0.214,-0.976,0.055,0.005,-0.004
AIRPOT,1644990075413,1644990074491,4,1644990074491,0.027,-0.214,-0.976,0.027,0.032,0.051
AIRPOT,1644990075483,1644990074561,4,1644990074561,0.023,-0.208,-0.978,-0.013,-0.022,0.010
AIRPOT,1644990075535,1644990074613,4,1644990074613,0.020,-0.208,-0.978,-0.050,0.026,-0.011
AIRPOT,1644990075636,1644990074714,4,1644990074714,0.013,-0.204,-0.979,0.015,0.031,0.028
AIRPOT,1644990075810,1644990074888,4,1644990074888,0.002,-0.197,-0.980,0.015,-0.063,-0.010
AIRPOT,1644990075856,1644990074934,4,1644990074934,0.001,-0.200,-0.980,-0.010,0.092,-0.060
AIRPOT,1644990075968,1644990075046,4,1644990075046,0.003,-0.198,-0.980,0.061,-0.015,0.043
AIRPOT,1644990076114,1644990075192,4,1644990075192,-0.001,-0.217,-0.976,0.031,0.023,-0.012
AIRPOT,1644990076167,1644990075245,4,1644990075245,-0.001,-0.219,-0.976,-0.008,0.000,0.025
AIRPOT,1644990076314,1644990075392,4,1644990075392,-0.000,-0.218,-0.976,0.015,0.026,0.027
AIRPOT,1644990076371,1644990075449,4,1644990075449,0.003,-0.214,-0.977,0.003,-0.002,-0.087
AIRPOT,1644990076421,1644990075499,4,1644990075499,0.003,-0.212,-0.977,0.010,-0.056,0.040
AIRPOT,1644990076539,1644990075617,4,1644990075617,0.004,-0.198,-0.980,0.043,0.006,0.036
AIRPOT,1644990076598,1644990075676,4,1644990075676,0.009,-0.194,-0.981,0.043,0.033,0.042
AIRPOT,1644990076656,1644990075734,4,1644990075734,0.013,-0.193,-0.981,0.011,0.020,0.006
AIRPOT,1644990076817,1644990075895,4,1644990075895,0.016,-0.198,-0.980,-0.040,0.040,-0.118
AIRPOT,1644990076918,1644990075996,4,1644990075996,0.014,-0.189,-0.982,0.037,-0.003,0.047
AIRPOT,1644990076973,1644990076051,4,1644990076051,0.012,-0.188,-0.982,0.001,-0.009,0.024
AIRPOT,1644990077099,1644990076177,4,1644990076177,0.014,-0.181,-0.983,0.031,-0.057,-0.012
AIRPOT,1644990077149,1644990076227,4,1644990076227,0.011,-0.181,-0.983,-0.018,0.053,0.022
AIRPOT,1644990077162,1644990076240,4,1644990076240,0.010,-0.183,-0.983,-0.005,-0.053,0.021
AIRPOT,1644990077223,1644990076301,4,1644990076301,0.010,-0.182,-0.983,-0.017,-0.001,-0.038
AIRPOT,1644990077301,1644990076379,4,1644990076379,0.006,-0.180,-0.984,-0.057,-0.061,-0.089
AIRPOT,1644990077323,1644990076401,4,1644990076401,0.007,-0.179,-0.984,0.053,0.009,0.050
AIRPOT,1644990077377,1644990076455,4,1644990076455,0.008,-0.177,-0.984,-0.000,0.015,-0.015
AIRPOT,1644990077428,1644990076506,4,1644990076506,0.009,-0.178,-0.984,-0.015,-0.076,-0.017
AIRPOT,1644990077527,1644990076605,4,1644990076605,-0.018,-0.160,-0.987,0.024,-0.020,0.022
AIRPOT,1644990077588,1644990076666,4,1644990076666,-0.027,-0.154,-0.988,0.021,0.019,0.025
AIRPOT,1644990077697,1644990076775,4,1644990076775,-0.037,-0.135,-0.990,-0.042,-0.033,-0.025
AIRPOT,1644990077745,1644990076823,4,1644990076823,-0.031,-0.132,-0.991,0.004,0.023,0.025
AIRPOT,1644990077811,1644990076889,4,1644990076889,-0.009,-0.142,-0.990,-0.007,-0.030,-0.018
AIRPOT,1644990077863,1644990076941,4,1644990076941,-0.005,-0.147,-0.989,-0.031,0.037,0.022
AIRPOT,1644990077965,1644990077043,4,1644990077043,0.000,-0.153,-0.988,0.032,0.003,0.007
AIRPOT,1644990078181,1644990077259,4,1644990077259,0.002,-0.170,-0.985,0.001,0.065,0.007
AIRPOT,1644990078339,1644990077417,4,1644990077417,-0.003,-0.199,-0.980,0.040,0.005,0.011
AIRPOT,1644990078386,1644990077464,4,1644990077464,-0.002,-0.203,-0.979,-0.028,-0.007,0.029
AIRPOT,1644990078423,1644990077501,4,1644990077501,0.002,-0.208,-0.978,0.027,-0.085,-0.033
AIRPOT,1644990078474,1644990077552,4,1644990077552,-0.002,-0.209,-0.978,0.012,0.051,0.033
AIRPOT,1644990078534,1644990077612,4,1644990077612,0.000,-0.205,-0.979,-0.013,-0.065,0.005
AIRPOT,1644990078590,1644990077668,4,1644990077668,-0.001,-0.205,-0.979,0.022,0.012,0.010
AIRPOT,1644990078648,1644990077726,4,1644990077726,-0.003,-0.187,-0.982,-0.020,-0.026,-0.032
AIRPOT,1644990078699,1644990077777,4,1644990077777,-0.005,-0.172,-0.985,0.001,-0.048,0.040
AIRPOT,1644990078754,1644990077832,4,1644990077832,-0.004,-0.167,-0.986,-0.014,0.028,-0.038
AIRPOT,1644990078856,1644990077934,4,1644990077934,0.008,-0.147,-0.989,0.023,0.012,-0.008
AIRPOT,1644990079068,1644990078146,4,1644990078146,0.007,-0.128,-0.992,0.015,0.021,0.006
AIRPOT,1644990079120,1644990078198,4,1644990078198,0.010,-0.125,-0.992,-0.036,0.014,-0.116
AIRPOT,1644990079177,1644990078255,4,1644990078255,-0.013,-0.107,-0.994,-0.050,-0.009,-0.140
AIRPOT,1644990079228,1644990078306,4,1644990078306,-0.031,-0.103,-0.994,-0.015,-0.016,0.012
AIRPOT,1644990079282,1644990078360,4,1644990078360,-0.044,-0.095,-0.995,-0.029,-0.049,0.045
AIRPOT,1644990079334,1644990078412,4,1644990078412,-0.052,-0.094,-0.994,0.004,-0.004,-0.042
AIRPOT,1644990079388,1644990078466,4,1644990078466,-0.054,-0.097,-0.994,0.013,-0.023,0.005
AIRPOT,1644990079605,1644990078683,4,1644990078683,-0.042,-0.135,-0.990,0.004,-0.013,0.109
AIRPOT,1644990079619,1644990078697,4,1644990078697,-0.019,-0.155,-0.988,-0.037,-0.014,-0.129
AIRPOT,1644990079684,1644990078762,4,1644990078762,-0.008,-0.170,-0.985,0.008,-0.016,0.017
AIRPOT,1644990079759,1644990078837,4,1644990078837,0.002,-0.179,-0.984,0.002,-0.024,-0.030
AIRPOT,1644990079759,1644990078837,4,1644990078837,0.007,-0.185,-0.983,0.045,-0.039,-0.020
AIRPOT,1644990079826,1644990078904,4,1644990078904,0.005,-0.182,-0.983,0.011,0.003,-0.022
AIRPOT,1644990079875,1644990078953,4,1644990078953,0.005,-0.178,-0.984,0.003,0.016,0.067
AIRPOT,1644990079927,1644990079005,4,1644990079005,0.008,-0.172,-0.985,0.023,0.010,-0.019
AIRPOT,1644990079938,1644990079016,4,1644990079016,0.009,-0.168,-0.986,0.026,0.025,0.043
AIRPOT,1644990079988,1644990079066,4,1644990079066,0.013,-0.162,-0.987,0.043,0.003,-0.019
AIRPOT,1644990080041,1644990079119,4,1644990079119,0.014,-0.157,-0.988,-0.025,0.014,-0.026
AIRPOT,1644990080153,1644990079231,4,1644990079231,0.013,-0.139,-0.990,0.003,-0.019,-0.088
AIRPOT,1644990080260,1644990079338,4,1644990079338,0.003,-0.134,-0.991,0.010,0.042,-0.003
AIRPOT,1644990080320,1644990079398,4,1644990079398,0.002,-0.135,-0.991,-0.000,-0.049,-0.047
AIRPOT,1644990080477,1644990079555,4,1644990079555,-0.011,-0.149,-0.989,-0.001,-0.065,-0.034
AIRPOT,1644990080532,1644990079610,4,1644990079610,-0.017,-0.156,-0.988,-0.057,0.019,-0.031
AIRPOT,1644990080638,1644990079716,4,1644990079716,-0.019,-0.174,-0.984,-0.008,-0.049,0.050
AIRPOT,1644990080837,1644990079915,4,1644990079915,-0.017,-0.172,-0.985,0.011,-0.024,0.008
AIRPOT,1644990080889,1644990079967,4,1644990079967,-0.014,-0.169,-0.985,-0.010,0.013,-0.035
AIRPOT,1644990080955,1644990080033,4,1644990080033,-0.015,-0.158,-0.987,0.061,-0.050,0.047
AIRPOT,1644990080956,1644990080034,4,1644990080034,-0.014,-0.154,-0.988,-0.020,-0.037,-0.047
AIRPOT,1644990081013,1644990080091,4,1644990080091,-0.014,-0.146,-0.989,0.028,0.021,0.037
AIRPOT,1644990081111,1644990080189,4,1644990080189,-0.008,-0.137,-0.991,-0.007,-0.045,-0.022
AIRPOT,1644990081166,1644990080244,4,1644990080244,-0.005,-0.138,-0.990,-0.023,0.010,-0.017
AIRPOT,1644990081267,1644990080345,4,1644990080345,0.008,-0.140,-0.990,-0.013,-0.001,0.003
AIRPOT,1644990081407,1644990080485,4,1644990080485,0.013,-0.150,-0.989,0.009,0.033,-0.018
AIRPOT,1644990081509,1644990080587,4,1644990080587,0.015,-0.150,-0.989,0.019,-0.003,-0.026
AIRPOT,1644990081559,1644990080637,4,1644990080637,0.014,-0.150,-0.989,-0.034,0.018,-0.014
AIRPOT,1644990081612,1644990080690,4,1644990080690,0.014,-0.148,-0.989,0.026,-0.003,0.023
AIRPOT,1644990081718,1644990080796,4,1644990080796,0.009,-0.146,-0.989,0.011,0.031,-0.029
AIRPOT,1644990081777,1644990080855,4,1644990080855,-0.009,-0.135,-0.991,-0.000,-0.022,-0.009
AIRPOT,1644990081831,1644990080909,4,1644990080909,-0.034,-0.112,-0.993,0.059,-0.005,0.103
AIRPOT,1644990081883,1644990080961,4,1644990080961,-0.035,-0.110,-0.993,-0.052,-0.004,-0.075
AIRPOT,1644990082001,1644990081079,4,1644990081079,-0.034,-0.123,-0.992,0.057,-0.033,-0.001
AIRPOT,1644990082061,1644990081139,4,1644990081139,-0.032,-0.129,-0.991,-0.009,0.047,0.016
AIRPOT,1644990082112,1644990081190,4,1644990081190,-0.023,-0.134,-0.991,-0.008,-0.033,-0.029
AIRPOT,1644990082153,1644990081231,4,1644990081231,-0.023,-0.135,-0.991,-0.041,-0.045,-0.082
AIRPOT,1644990082194,1644990081272,4,1644990081272,-0.027,-0.134,-0.991,-0.007,0.007,0.091
AIRPOT,1644990082413,1644990081491,4,1644990081491,-0.015,-0.136,-0.991,-0.007,0.027,0.034
AIRPOT,1644990082530,1644990081608,4,1644990081608,-0.009,-0.125,-0.992,0.021,-0.072,0.001
AIRPOT,1644990082574,1644990081652,4,1644990081652,-0.011,-0.118,-0.993,0.021,0.034,0.070
AIRPOT,1644990082636,1644990081714,4,1644990081714,-0.011,-0.119,-0.993,0.041,0.012,-0.058
AIRPOT,1644990082641,1644990081719,4,1644990081719,-0.015,-0.120,-0.993,-0.039,0.047,0.040
AIRPOT,1644990082702,1644990081780,4,1644990081780,-0.013,-0.123,-0.992,-0.006,-0.048,-0.036
AIRPOT,1644990082781,1644990081859,4,1644990081859,-0.012,-0.126,-0.992,-0.067,-0.033,-0.019
AIRPOT,1644990082836,1644990081914,4,1644990081914,-0.002,-0.136,-0.991,-0.013,-0.040,-0.027
AIRPOT,1644990082897,1644990081975,4,1644990081975,0.001,-0.143,-0.990,-0.027,-0.125,-0.081
AIRPOT,1644990083048,1644990082126,4,1644990082126,-0.003,-0.161,-0.987,-0.010,-0.023,-0.051
AIRPOT,1644990083208,1644990082286,4,1644990082286,-0.020,-0.160,-0.987,-0.055,-0.019,0.054
AIRPOT,1644990083265,1644990082343,4,1644990082343,-0.021,-0.157,-0.987,0.010,-0.002,0.037
AIRPOT,1644990083371,1644990082449,4,1644990082449,-0.018,-0.150,-0.989,0.004,-0.036,-0.060
AIRPOT,1644990083500,1644990082578,4,1644990082578,-0.009,-0.158,-0.987,0.017,0.012,0.023
AIRPOT,1644990083649,1644990082727,4,1644990082727,0.005,-0.166,-0.986,0.027,0.032,0.011
AIRPOT,1644990083767,1644990082845,4,1644990082845,0.003,-0.161,-0.987,0.006,-0.012,0.002
AIRPOT,1644990083824,1644990082902,4,1644990082902,0.002,-0.159,-0.987,0.010,0.028,0.017
AIRPOT,1644990083888,1644990082966,4,1644990082966,-0.003,-0.152,-0.988,0.029,0.021,0.038
AIRPOT,1644990083943,1644990083021,4,1644990083021,-0.021,-0.144,-0.989,-0.004,-0.028,-0.050
AIRPOT,1644990084056,1644990083134,4,1644990083134,-0.076,-0.115,-0.990,-0.019,-0.043,0.006
AIRPOT,1644990084185,1644990083263,4,1644990083263,-0.084,-0.101,-0.991,0.047,-0.016,0.074
AIRPOT,1644990084329,1644990083407,4,1644990083407,-0.077,-0.102,-0.992,0.019,0.001,0.028
AIRPOT,1644990084370,1644990083448,4,1644990083448,-0.073,-0.105,-0.992,-0.054,0.002,-0.025
AIRPOT,1644990084422,1644990083500,4,1644990083500,-0.070,-0.106,-0.992,0.009,-0.023,0.035
AIRPOT,1644990084487,1644990083565,4,1644990083565,-0.034,-0.126,-0.991,0.029,-0.055,-0.018
AIRPOT,1644990084543,1644990083621,4,1644990083621,-0.022,-0.132,-0.991,-0.009,0.065,-0.014
AIRPOT,1644990084596,1644990083674,4,1644990083674,-0.017,-0.130,-0.991,-0.038,-0.011,-0.050
AIRPOT,1644990084675,1644990083753,4,1644990083753,-0.014,-0.135,-0.991,-0.040,0.025,-0.065
AIRPOT,1644990084705,1644990083783,4,1644990083783,-0.018,-0.141,-0.990,0.021,0.017,0.017
AIRPOT,1644990084776,1644990083854,4,1644990083854,-0.016,-0.163,-0.987,0.015,0.004,0.005
AIRPOT,1644990084828,1644990083906,4,1644990083906,-0.015,-0.170,-0.985,0.002,0.036,-0.025
AIRPOT,1644990084973,1644990084051,4,1644990084051,-0.009,-0.187,-0.982,0.050,0.070,0.090
AIRPOT,1644990085189,1644990084267,4,1644990084267,-0.017,-0.198,-0.980,-0.002,-0.071,0.077
AIRPOT,1644990085293,1644990084371,4,1644990084371,-0.031,-0.188,-0.982,0.031,-0.104,0.019
AIRPOT,1644990085416,1644990084494,4,1644990084494,-0.049,-0.167,-0.985,-0.093,-0.095,-0.047
AIRPOT,1644990085533,1644990084611,4,1644990084611,-0.048,-0.149,-0.988,-0.038,-0.003,-0.045
AIRPOT,1644990085533,1644990084611,4,1644990084611,-0.044,-0.142,-0.989,0.011,-0.029,0.016
AIRPOT,1644990085635,1644990084713,4,1644990084713,-0.031,-0.130,-0.991,0.024,-0.055,0.030
AIRPOT,1644990085708,1644990084786,4,1644990084786,-0.019,-0.126,-0.992,-0.061,0.002,-0.110
AIRPOT,1644990085758,1644990084836,4,1644990084836,-0.022,-0.131,-0.991,0.039,0.028,0.089
AIRPOT,1644990085868,1644990084946,4,1644990084946,-0.008,-0.133,-0.991,-0.046,-0.026,-0.099
AIRPOT,1644990085913,1644990084991,4,1644990084991,-0.006,-0.133,-0.991,0.037,0.010,0.053
AIRPOT,1644990086109,1644990085187,4,1644990085187,0.001,-0.142,-0.990,0.010,-0.003,-0.022
AIRPOT,1644990086159,1644990085237,4,1644990085237,-0.003,-0.141,-0.990,-0.019,-0.032,-0.000
AIRPOT,1644990086206,1644990085284,4,1644990085284,-0.004,-0.138,-0.990,0.001,-0.016,0.022
AIRPOT,1644990086264,1644990085342,4,1644990085342,-0.011,-0.138,-0.990,-0.056,-0.042,0.016
AIRPOT,1644990086317,1644990085395,4,1644990085395,-0.014,-0.142,-0.990,-0.032,-0.065,0.010
AIRPOT,1644990086419,1644990085497,4,1644990085497,-0.016,-0.158,-0.987,-0.013,-0.039,0.043
AIRPOT,1644990086484,1644990085562,4,1644990085562,-0.014,-0.163,-0.987,0.027,0.028,0.003
AIRPOT,1644990086630,1644990085708,4,1644990085708,-0.001,-0.164,-0.987,0.025,-0.036,0.017
AIRPOT,1644990086679,1644990085757,4,1644990085757,-0.002,-0.161,-0.987,0.035,0.008,0.023
AIRPOT,1644990086784,1644990085862,4,1644990085862,0.003,-0.150,-0.989,0.004,0.015,-0.061
AIRPOT,1644990086956,1644990086034,4,1644990086034,-0.004,-0.120,-0.993,-0.025,0.016,-0.019
AIRPOT,1644990087004,1644990086082,4,1644990086082,-0.010,-0.117,-0.993,0.021,-0.016,0.046
AIRPOT,1644990087243,1644990086321,4,1644990086321,-0.018,-0.100,-0.995,0.015,-0.024,-0.003
AIRPOT,1644990087431,1644990086509,4,1644990086509,-0.026,-0.125,-0.992,-0.020,-0.057,0.011
AIRPOT,1644990087597,1644990086675,4,1644990086675,-0.026,-0.142,-0.990,-0.000,-0.142,-0.012
AIRPOT,1644990087648,1644990086726,4,1644990086726,-0.028,-0.138,-0.990,0.028,0.014,0.053
AIRPOT,1644990087797,1644990086875,4,1644990086875,-0.041,-0.120,-0.992,-0.019,-0.140,-0.069
AIRPOT,1644990087877,1644990086955,4,1644990086955,-0.042,-0.110,-0.993,0.019,-0.219,-0.017
AIRPOT,1644990087934,1644990087012,4,1644990087012,-0.041,-0.111,-0.993,-0.053,0.039,-0.044
AIRPOT,1644990088096,1644990087174,4,1644990087174,-0.047,-0.093,-0.995,-0.010,0.034,-0.012
AIRPOT,1644990088157,1644990087235,4,1644990087235,-0.042,-0.090,-0.995,0.006,0.085,-0.029
AIRPOT,1644990088207,1644990087285,4,1644990087285,-0.044,-0.087,-0.995,0.040,-0.065,-0.022
AIRPOT,1644990088418,1644990087496,4,1644990087496,-0.030,-0.098,-0.995,-0.006,-0.001,-0.000
AIRPOT,1644990088443,1644990087521,4,1644990087521,-0.025,-0.096,-0.995,-0.011,-0.025,0.019
AIRPOT,1644990088494,1644990087572,4,1644990087572,-0.020,-0.100,-0.995,0.005,0.019,-0.005
AIRPOT,1644990088612,1644990087690,4,1644990087690,-0.016,-0.103,-0.995,0.034,0.004,0.050
AIRPOT,1644990088755,1644990087833,4,1644990087833,-0.024,-0.103,-0.994,-0.029,0.028,0.013
AIRPOT,1644990088755,1644990087833,4,1644990087833,-0.024,-0.102,-0.994,-0.017,-0.052,-0.026
AIRPOT,1644990088855,1644990087933,4,1644990087933,-0.022,-0.103,-0.994,0.027,-0.007,-0.036
AIRPOT,1644990088969,1644990088047,4,1644990088047,-0.024,-0.118,-0.993,0.034,0.032,0.062
AIRPOT,1644990089020,1644990088098,4,1644990088098,-0.019,-0.125,-0.992,0.029,0.029,-0.038
AIRPOT,1644990089044,1644990088122,4,1644990088122,-0.022,-0.125,-0.992,0.007,-0.011,0.021
AIRPOT,1644990089093,1644990088171,4,1644990088171,-0.017,-0.132,-0.991,-0.009,-0.047,-0.050
AIRPOT,1644990089205,1644990088283,4,1644990088283,-0.010,-0.148,-0.989,-0.019,0.010,0.024
AIRPOT,1644990089283,1644990088361,4,1644990088361,-0.004,-0.157,-0.988,-0.007,0.026,-0.016
AIRPOT,1644990089339,1644990088417,4,1644990088417,-0.003,-0.159,-0.987,-0.033,-0.061,-0.034
AIRPOT,1644990089442,1644990088520,4,1644990088520,-0.003,-0.156,-0.988,0.053,0.020,0.068
AIRPOT,1644990089501,1644990088579,4,1644990088579,-0.002,-0.150,-0.989,-0.037,-0.002,-0.036
AIRPOT,1644990089617,1644990088695,4,1644990088695,0.000,-0.131,-0.991,-0.047,0.005,-0.018
AIRPOT,1644990089656,1644990088734,4,1644990088734,0.000,-0.126,-0.992,-0.011,0.065,0.032
AIRPOT,1644990089764,1644990088842,4,1644990088842,0.010,-0.130,-0.991,0.013,-0.018,0.053
AIRPOT,1644990089866,1644990088944,4,1644990088944,0.016,-0.135,-0.991,0.013,-0.019,-0.033
AIRPOT,1644990089903,1644990088981,4,1644990088981,0.014,-0.136,-0.991,0.007,-0.051,-0.061
AIRPOT,1644990089952,1644990089030,4,1644990089030,0.008,-0.135,-0.991,-0.004,-0.018,0.018
AIRPOT,1644990090003,1644990089081,4,1644990089081,0.003,-0.132,-0.991,0.047,-0.056,-0.028
AIRPOT,1644990090009,1644990089087,4,1644990089087,-0.004,-0.128,-0.992,0.000,0.042,-0.012
AIRPOT,1644990090060,1644990089138,4,1644990089138,-0.014,-0.121,-0.993,0.004,-0.175,-0.023
AIRPOT,1644990090111,1644990089189,4,1644990089189,-0.027,-0.117,-0.993,-0.003,0.049,0.008
AIRPOT,1644990090215,1644990089293,4,1644990089293,-0.080,-0.090,-0.993,-0.002,-0.055,-0.024
AIRPOT,1644990090333,1644990089411,4,1644990089411,-0.108,-0.064,-0.992,0.004,-0.126,0.076
AIRPOT,1644990090383,1644990089461,4,1644990089461,-0.096,-0.062,-0.993,0.005,0.014,0.145
AIRPOT,1644990090426,1644990089504,4,1644990089504,-0.081,-0.064,-0.995,-0.071,-0.180,-0.047
AIRPOT,1644990090534,1644990089612,4,1644990089612,-0.066,-0.031,-0.997,-0.006,0.017,-0.029
AIRPOT,1644990090689,1644990089767,4,1644990089767,-0.044,-0.017,-0.999,0.080,0.088,0.088
AIRPOT,1644990090746,1644990089824,4,1644990089824,-0.030,-0.024,-0.999,-0.010,-0.023,-0.065
AIRPOT,1644990090863,1644990089941,4,1644990089941,-0.016,-0.051,-0.999,0.007,0.042,-0.019
AIRPOT,1644990090911,1644990089989,4,1644990089989,-0.011,-0.063,-0.998,-0.012,-0.033,0.031
AIRPOT,1644990090957,1644990090035,4,1644990090035,-0.005,-0.078,-0.997,-0.014,0.012,-0.082
AIRPOT,1644990091052,1644990090130,4,1644990090130,0.006,-0.102,-0.995,0.022,-0.034,0.028
AIRPOT,1644990091108,1644990090186,4,1644990090186,0.011,-0.110,-0.994,-0.006,0.042,-0.049
AIRPOT,1644990091180,1644990090258,4,1644990090258,0.010,-0.123,-0.992,-0.003,0.037,-0.015
AIRPOT,1644990091276,1644990090354,4,1644990090354,0.003,-0.135,-0.991,-0.011,0.027,-0.014
AIRPOT,1644990091439,1644990090517,4,1644990090517,-0.015,-0.163,-0.987,-0.029,0.008,-0.022
AIRPOT,1644990091492,1644990090570,4,1644990090570,-0.018,-0.184,-0.983,-0.032,0.004,-0.048
AIRPOT,1644990091538,1644990090616,4,1644990090616,-0.019,-0.195,-0.981,0.013,-0.001,0.039
AIRPOT,1644990091586,1644990090664,4,1644990090664,-0.016,-0.207,-0.978,-0.022,0.029,-0.061
AIRPOT,1644990091758,1644990090836,4,1644990090836,-0.002,-0.243,-0.970,-0.025,-0.021,-0.013
AIRPOT,1644990091856,1644990090934,4,1644990090934,0.005,-0.264,-0.964,0.016,-0.019,0.057
AIRPOT,1644990091905,1644990090983,4,1644990090983,0.011,-0.266,-0.964,-0.029,-0.010,-0.073
AIRPOT,1644990091960,1644990091038,4,1644990091038,0.011,-0.266,-0.964,0.008,-0.002,0.006
AIRPOT,1644990092016,1644990091094,4,1644990091094,0.015,-0.262,-0.965,-0.012,0.033,0.036
AIRPOT,1644990092067,1644990091145,4,1644990091145,0.019,-0.255,-0.967,0.005,-0.056,-0.023
AIRPOT,1644990092126,1644990091204,4,1644990091204,0.018,-0.247,-0.969,-0.013,0.051,-0.016
AIRPOT,1644990092158,1644990091236,4,1644990091236,0.017,-0.235,-0.972,-0.012,-0.043,-0.019
AIRPOT,1644990092210,1644990091288,4,1644990091288,0.013,-0.217,-0.976,-0.008,-0.033,0.041
AIRPOT,1644990092321,1644990091399,4,1644990091399,0.014,-0.171,-0.985,0.005,0.055,-0.011
AIRPOT,1644990092386,1644990091464,4,1644990091464,0.021,-0.158,-0.987,0.011,0.042,-0.035
AIRPOT,1644990092517,1644990091595,4,1644990091595,0.012,-0.145,-0.989,0.000,-0.036,0.005
AIRPOT,1644990092626,1644990091704,4,1644990091704,-0.019,-0.130,-0.991,0.025,-0.096,-0.070
AIRPOT,1644990092686,1644990091764,4,1644990091764,-0.033,-0.129,-0.991,0.010,0.106,0.019
AIRPOT,1644990092786,1644990091864,4,1644990091864,-0.065,-0.122,-0.990,-0.035,-0.046,-0.078
AIRPOT,1644990092842,1644990091920,4,1644990091920,-0.070,-0.119,-0.990,0.042,-0.012,0.047
AIRPOT,1644990092904,1644990091982,4,1644990091982,-0.055,-0.127,-0.990,-0.014,-0.088,-0.014
AIRPOT,1644990092952,1644990092030,4,1644990092030,-0.048,-0.119,-0.992,-0.013,-0.032,-0.015
AIRPOT,1644990093007,1644990092085,4,1644990092085,-0.047,-0.103,-0.994,-0.002,-0.167,-0.063
AIRPOT,1644990093105,1644990092183,4,1644990092183,-0.066,-0.038,-0.997,-0.011,0.023,-0.002
AIRPOT,1644990093160,1644990092238,4,1644990092238,-0.070,-0.026,-0.997,-0.027,0.091,0.037
AIRPOT,1644990093243,1644990092321,4,1644990092321,-0.067,-0.016,-0.998,-0.031,0.039,-0.022
AIRPOT,1644990093397,1644990092475,4,1644990092475,-0.047,-0.036,-0.998,-0.013,0.050,-0.033
AIRPOT,1644990093425,1644990092503,4,1644990092503,-0.047,-0.042,-0.998,-0.006,0.016,0.022
AIRPOT,1644990093608,1644990092686,4,1644990092686,-0.035,-0.061,-0.997,0.026,-0.020,-0.009
AIRPOT,1644990093733,1644990092811,4,1644990092811,-0.029,-0.069,-0.997,0.000,0.056,-0.029
AIRPOT,1644990093797,1644990092875,4,1644990092875,-0.025,-0.079,-0.997,-0.001,-0.018,-0.021
AIRPOT,1644990093849,1644990092927,4,1644990092927,-0.023,-0.086,-0.996,0.015,0.036,0.040
AIRPOT,1644990093955,1644990093033,4,1644990093033,-0.015,-0.111,-0.994,0.009,0.025,-0.008
AIRPOT,1644990094008,1644990093086,4,1644990093086,-0.018,-0.122,-0.992,-0.008,-0.041,0.026
AIRPOT,1644990094050,1644990093128,4,1644990093128,-0.017,-0.131,-0.991,0.005,-0.011,0.012
AIRPOT,1644990094115,1644990093193,4,1644990093193,-0.017,-0.146,-0.989,0.001,-0.006,-0.005
AIRPOT,1644990094168,1644990093246,4,1644990093246,-0.015,-0.153,-0.988,0.005,0.007,0.084
AIRPOT,1644990094274,1644990093352,4,1644990093352,-0.011,-0.165,-0.986,-0.001,-0.061,0.016
AIRPOT,1644990094326,1644990093404,4,1644990093404,-0.013,-0.170,-0.985,-0.023,0.032,-0.004
AIRPOT,1644990094442,1644990093520,4,1644990093520,-0.011,-0.189,-0.982,0.001,-0.055,-0.010
AIRPOT,1644990094559,1644990093637,4,1644990093637,-0.009,-0.182,-0.983,0.039,0.054,0.051
AIRPOT,1644990094609,1644990093687,4,1644990093687,-0.005,-0.179,-0.984,0.008,-0.082,-0.039
AIRPOT,1644990094660,1644990093738,4,1644990093738,-0.006,-0.176,-0.984,0.008,0.043,0.071
AIRPOT,1644990094720,1644990093798,4,1644990093798,-0.000,-0.171,-0.985,0.029,0.039,0.054
AIRPOT,1644990094975,1644990094053,4,1644990094053,-0.006,-0.133,-0.991,0.019,0.025,0.026
AIRPOT,1644990095056,1644990094134,4,1644990094134,-0.012,-0.117,-0.993,-0.006,-0.022,0.033
AIRPOT,1644990095162,1644990094240,4,1644990094240,-0.011,-0.109,-0.994,-0.028,0.002,0.030
AIRPOT,1644990095213,1644990094291,4,1644990094291,-0.007,-0.111,-0.994,0.031,0.067,-0.032
AIRPOT,1644990095286,1644990094364,4,1644990094364,-0.005,-0.120,-0.993,0.017,-0.046,-0.047
AIRPOT,1644990095363,1644990094441,4,1644990094441,-0.007,-0.135,-0.991,-0.006,-0.083,-0.077
AIRPOT,1644990095411,1644990094489,4,1644990094489,-0.015,-0.144,-0.989,0.020,-0.047,-0.004
AIRPOT,1644990095630,1644990094708,4,1644990094708,-0.065,-0.148,-0.987,0.016,-0.001,0.004
AIRPOT,1644990095680,1644990094758,4,1644990094758,-0.082,-0.124,-0.989,-0.023,-0.004,0.104
AIRPOT,1644990095746,1644990094824,4,1644990094824,-0.084,-0.108,-0.991,-0.015,-0.117,-0.046
AIRPOT,1644990095799,1644990094877,4,1644990094877,-0.090,-0.094,-0.991,-0.092,0.052,-0.023
AIRPOT,1644990095803,1644990094881,4,1644990094881,-0.091,-0.084,-0.992,-0.009,-0.074,0.025
AIRPOT,1644990095853,1644990094931,4,1644990094931,-0.095,-0.073,-0.993,-0.011,0.138,0.085
AIRPOT,1644990095903,1644990094981,4,1644990094981,-0.095,-0.064,-0.993,-0.035,-0.055,0.028
AIRPOT,1644990095941,1644990095019,4,1644990095019,-0.088,-0.056,-0.994,0.033,0.084,0.053
AIRPOT,1644990095991,1644990095069,4,1644990095069,-0.089,-0.054,-0.995,-0.022,-0.010,0.040
AIRPOT,1644990096102,1644990095180,4,1644990095180,-0.071,-0.046,-0.996,0.062,0.026,0.106
AIRPOT,1644990096177,1644990095255,4,1644990095255,-0.055,-0.042,-0.998,0.044,-0.051,0.122
AIRPOT,1644990096226,1644990095304,4,1644990095304,-0.044,-0.041,-0.998,0.023,0.043,-0.133
AIRPOT,1644990096293,1644990095371,4,1644990095371,-0.046,-0.034,-0.998,-0.003,0.076,-0.006
AIRPOT,1644990096471,1644990095549,4,1644990095549,-0.046,-0.048,-0.998,-0.022,0.013,-0.013
AIRPOT,1644990096554,1644990095632,4,1644990095632,-0.044,-0.060,-0.997,-0.011,-0.018,-0.086
AIRPOT,1644990096853,1644990095931,4,1644990095931,-0.039,-0.087,-0.995,-0.002,-0.003,-0.024
AIRPOT,1644990096904,1644990095982,4,1644990095982,-0.037,-0.088,-0.995,-0.017,0.018,-0.005
AIRPOT,1644990097018,1644990096096,4,1644990096096,-0.031,-0.088,-0.996,0.019,0.013,0.019
AIRPOT,1644990097075,1644990096153,4,1644990096153,-0.027,-0.094,-0.995,0.014,0.028,0.002
AIRPOT,1644990097173,1644990096251,4,1644990096251,-0.022,-0.117,-0.993,0.016,0.010,0.032
AIRPOT,1644990097313,1644990096391,4,1644990096391,-0.021,-0.135,-0.991,-0.014,-0.022,0.034
AIRPOT,1644990097419,1644990096497,4,1644990096497,-0.026,-0.142,-0.990,0.004,-0.002,0.025
AIRPOT,1644990097470,1644990096548,4,1644990096548,-0.024,-0.143,-0.989,0.014,-0.018,-0.003
AIRPOT,1644990097516,1644990096594,4,1644990096594,-0.024,-0.139,-0.990,0.004,-0.011,0.048
AIRPOT,1644990097628,1644990096706,4,1644990096706,-0.023,-0.130,-0.991,0.012,-0.040,-0.026
AIRPOT,1644990097677,1644990096755,4,1644990096755,-0.026,-0.132,-0.991,0.007,0.048,0.022
AIRPOT,1644990097778,1644990096856,4,1644990096856,-0.024,-0.130,-0.991,-0.003,-0.015,-0.046
AIRPOT,1644990097813,1644990096891,4,1644990096891,-0.022,-0.129,-0.991,0.005,0.002,0.049
AIRPOT,1644990097909,1644990096987,4,1644990096987,-0.020,-0.129,-0.991,-0.013,-0.012,-0.011
AIRPOT,1644990097923,1644990097001,4,1644990097001,-0.017,-0.125,-0.992,0.002,0.017,0.009
AIRPOT,1644990098017,1644990097095,4,1644990097095,-0.023,-0.116,-0.993,0.008,0.019,-0.030
AIRPOT,1644990098068,1644990097146,4,1644990097146,-0.034,-0.108,-0.994,0.024,-0.033,-0.022
AIRPOT,1644990098124,1644990097202,4,1644990097202,-0.047,-0.097,-0.994,0.010,0.005,-0.001
AIRPOT,1644990098192,1644990097270,4,1644990097270,-0.059,-0.094,-0.994,0.004,0.036,0.055
AIRPOT,1644990098243,1644990097321,4,1644990097321,-0.061,-0.092,-0.994,-0.005,-0.047,-0.019
AIRPOT,1644990098347,1644990097425,4,1644990097425,-0.058,-0.087,-0.995,-0.017,-0.032,0.008
AIRPOT,1644990098398,1644990097476,4,1644990097476,-0.045,-0.098,-0.994,-0.019,0.091,-0.002
AIRPOT,1644990098468,1644990097546,4,1644990097546,-0.037,-0.102,-0.994,0.002,0.062,0.021
AIRPOT,1644990098548,1644990097626,4,1644990097626,-0.042,-0.090,-0.995,0.018,-0.012,-0.024
AIRPOT,1644990098662,1644990097740,4,1644990097740,-0.072,-0.085,-0.994,-0.010,0.062,0.029
AIRPOT,1644990098724,1644990097802,4,1644990097802,-0.087,-0.082,-0.993,0.066,-0.084,0.065
AIRPOT,1644990098845,1644990097923,4,1644990097923,-0.116,-0.091,-0.989,-0.020,0.033,0.032
AIRPOT,1644990098895,1644990097973,4,1644990097973,-0.115,-0.094,-0.989,-0.026,-0.092,-0.012
AIRPOT,1644990098947,1644990098025,4,1644990098025,-0.102,-0.108,-0.989,0.006,0.050,-0.023
AIRPOT,1644990099106,1644990098184,4,1644990098184,-0.084,-0.103,-0.991,-0.011,-0.002,0.029
AIRPOT,1644990099169,1644990098247,4,1644990098247,-0.082,-0.093,-0.992,-0.044,-0.094,-0.012
AIRPOT,1644990099226,1644990098304,4,1644990098304,-0.068,-0.074,-0.995,-0.036,0.050,-0.008
AIRPOT,1644990099283,1644990098361,4,1644990098361,-0.062,-0.065,-0.996,0.001,-0.001,-0.008
AIRPOT,1644990099397,1644990098475,4,1644990098475,-0.048,-0.056,-0.997,0.016,0.022,-0.004
AIRPOT,1644990099506,1644990098584,4,1644990098584,-0.037,-0.072,-0.997,-0.006,0.013,-0.079
AIRPOT,1644990099554,1644990098632,4,1644990098632,-0.039,-0.077,-0.996,0.025,-0.030,0.076
AIRPOT,1644990099667,1644990098745,4,1644990098745,-0.033,-0.082,-0.996,-0.009,0.024,0.008
AIRPOT,1644990099789,1644990098867,4,1644990098867,-0.026,-0.079,-0.997,-0.001,0.029,0.046
AIRPOT,1644990099844,1644990098922,4,1644990098922,-0.022,-0.079,-0.997,-0.010,0.045,-0.028
AIRPOT,1644990099897,1644990098975,4,1644990098975,-0.021,-0.081,-0.997,-0.003,0.014,0.036
AIRPOT,1644990099947,1644990099025,4,1644990099025,-0.015,-0.092,-0.996,0.003,0.008,0.020
AIRPOT,1644990100013,1644990099091,4,1644990099091,-0.012,-0.099,-0.995,0.008,-0.018,0.010
AIRPOT,1644990100063,1644990099141,4,1644990099141,-0.006,-0.106,-0.994,0.017,-0.012,-0.061
AIRPOT,1644990100237,1644990099315,4,1644990099315,-0.014,-0.121,-0.993,-0.005,-0.011,-0.020
AIRPOT,1644990100358,1644990099436,4,1644990099436,-0.020,-0.122,-0.992,-0.010,0.002,-0.037
AIRPOT,1644990100414,1644990099492,4,1644990099492,-0.021,-0.124,-0.992,-0.004,0.028,0.033
AIRPOT,1644990100556,1644990099634,4,1644990099634,-0.020,-0.136,-0.991,0.007,-0.018,0.004
AIRPOT,1644990100672,1644990099750,4,1644990099750,-0.017,-0.138,-0.990,-0.005,0.051,0.039
AIRPOT,1644990100724,1644990099802,4,1644990099802,-0.012,-0.133,-0.991,0.029,-0.032,-0.034
AIRPOT,1644990100776,1644990099854,4,1644990099854,-0.014,-0.128,-0.992,-0.014,0.010,0.014
AIRPOT,1644990100836,1644990099914,4,1644990099914,-0.019,-0.108,-0.994,-0.021,0.000,0.012
AIRPOT,1644990100995,1644990100073,4,1644990100073,-0.044,-0.105,-0.994,-0.022,0.012,-0.001
AIRPOT,1644990101039,1644990100117,4,1644990100117,-0.047,-0.103,-0.994,-0.022,-0.061,0.013
AIRPOT,1644990101086,1644990100164,4,1644990100164,-0.044,-0.103,-0.994,0.012,0.009,-0.008
AIRPOT,1644990101135,1644990100213,4,1644990100213,-0.040,-0.100,-0.994,-0.004,-0.026,-0.011
AIRPOT,1644990101251,1644990100329,4,1644990100329,-0.035,-0.087,-0.996,-0.001,0.023,-0.014
AIRPOT,1644990101322,1644990100400,4,1644990100400,-0.035,-0.076,-0.997,0.029,0.072,0.049
AIRPOT,1644990101427,1644990100505,4,1644990100505,-0.037,-0.073,-0.997,0.002,0.015,-0.038
AIRPOT,1644990101444,1644990100522,4,1644990100522,-0.041,-0.076,-0.996,0.011,0.051,0.027
AIRPOT,1644990101559,1644990100637,4,1644990100637,-0.049,-0.100,-0.994,-0.015,-0.073,-0.048
AIRPOT,1644990101620,1644990100698,4,1644990100698,-0.058,-0.110,-0.992,-0.000,-0.004,0.027
AIRPOT,1644990101727,1644990100805,4,1644990100805,-0.071,-0.134,-0.988,0.018,-0.030,-0.006
AIRPOT,1644990101777,1644990100855,4,1644990100855,-0.071,-0.138,-0.988,0.038,-0.091,-0.038
AIRPOT,1644990101892,1644990100970,4,1644990100970,-0.082,-0.132,-0.988,-0.013,0.073,-0.015
AIRPOT,1644990101949,1644990101027,4,1644990101027,-0.081,-0.129,-0.988,0.016,-0.070,0.030
AIRPOT,1644990102004,1644990101082,4,1644990101082,-0.066,-0.134,-0.989,-0.032,-0.016,-0.040
AIRPOT,1644990102066,1644990101144,4,1644990101144,-0.062,-0.128,-0.990,-0.011,-0.085,-0.008
AIRPOT,1644990102213,1644990101291,4,1644990101291,-0.058,-0.081,-0.995,0.012,-0.013,-0.017
AIRPOT,1644990102290,1644990101368,4,1644990101368,-0.059,-0.065,-0.996,-0.003,-0.031,-0.041
AIRPOT,1644990102341,1644990101419,4,1644990101419,-0.061,-0.060,-0.996,-0.014,0.042,0.027
AIRPOT,1644990102457,1644990101535,4,1644990101535,-0.064,-0.054,-0.996,0.022,-0.014,0.061
AIRPOT,1644990102617,1644990101695,4,1644990101695,-0.062,-0.067,-0.996,0.020,0.036,0.069
AIRPOT,1644990102740,1644990101818,4,1644990101818,-0.055,-0.067,-0.996,-0.012,-0.002,-0.028
AIRPOT,1644990102791,1644990101869,4,1644990101869,-0.054,-0.069,-0.996,0.011,0.028,0.040
AIRPOT,1644990102893,1644990101971,4,1644990101971,-0.048,-0.072,-0.996,-0.019,-0.065,-0.000
AIRPOT,1644990102953,1644990102031,4,1644990102031,-0.045,-0.074,-0.996,-0.018,0.013,-0.048
AIRPOT,1644990103017,1644990102095,4,1644990102095,-0.041,-0.068,-0.997,0.012,0.025,-0.004
AIRPOT,1644990103064,1644990102142,4,1644990102142,-0.039,-0.065,-0.997,0.001,-0.009,-0.040
AIRPOT,1644990103115,1644990102193,4,1644990102193,-0.038,-0.066,-0.997,-0.001,-0.011,0.000
AIRPOT,1644990103225,1644990102303,4,1644990102303,-0.036,-0.065,-0.997,0.014,0.020,0.014
AIRPOT,1644990103330,1644990102408,4,1644990102408,-0.039,-0.067,-0.997,0.026,-0.054,0.007
AIRPOT,1644990103427,1644990102505,4,1644990102505,-0.060,-0.064,-0.996,0.004,-0.075,-0.002
AIRPOT,1644990103477,1644990102555,4,1644990102555,-0.069,-0.065,-0.996,-0.040,-0.030,-0.080
AIRPOT,1644990103535,1644990102613,4,1644990102613,-0.088,-0.057,-0.995,-0.031,0.049,0.002
AIRPOT,1644990103778,1644990102856,4,1644990102856,-0.078,-0.057,-0.995,-0.024,-0.012,-0.012
AIRPOT,1644990103878,1644990102956,4,1644990102956,-0.050,-0.070,-0.996,-0.009,-0.015,-0.085
AIRPOT,1644990103974,1644990103052,4,1644990103052,-0.039,-0.059,-0.997,0.028,0.010,0.023
AIRPOT,1644990104016,1644990103094,4,1644990103094,-0.035,-0.058,-0.998,0.004,0.018,-0.006
AIRPOT,1644990104066,1644990103144,4,1644990103144,-0.034,-0.054,-0.998,0.036,-0.031,0.018
AIRPOT,1644990104118,1644990103196,4,1644990103196,-0.032,-0.055,-0.998,-0.014,-0.002,-0.045
AIRPOT,1644990104232,1644990103310,4,1644990103310,-0.034,-0.047,-0.998,0.010,-0.021,-0.026
AIRPOT,1644990104437,1644990103515,4,1644990103515,-0.055,-0.035,-0.998,-0.001,0.086,0.013
AIRPOT,1644990104547,1644990103625,4,1644990103625,-0.056,-0.046,-0.997,0.019,-0.024,0.034
AIRPOT,1644990104755,1644990103833,4,1644990103833,-0.054,-0.066,-0.996,0.007,0.008,0.021
AIRPOT,1644990104803,1644990103881,4,1644990103881,-0.051,-0.069,-0.996,0.000,-0.051,-0.007
AIRPOT,1644990104903,1644990103981,4,1644990103981,-0.042,-0.066,-0.997,-0.017,-0.008,0.002
AIRPOT,1644990104957,1644990104035,4,1644990104035,-0.037,-0.063,-0.997,0.009,-0.008,-0.005
AIRPOT,1644990105068,1644990104146,4,1644990104146,-0.034,-0.058,-0.998,-0.004,0.012,0.011
AIRPOT,1644990105118,1644990104196,4,1644990104196,-0.032,-0.059,-0.998,0.015,-0.011,-0.046
AIRPOT,1644990105233,1644990104311,4,1644990104311,-0.031,-0.061,-0.998,-0.004,0.013,-0.028
AIRPOT,1644990105305,1644990104383,4,1644990104383,-0.045,-0.047,-0.998,0.001,-0.041,-0.083
AIRPOT,1644990105368,1644990104446,4,1644990104446,-0.067,-0.023,-0.998,-0.001,0.012,0.038
AIRPOT,1644990105424,1644990104502,4,1644990104502,-0.092,0.012,-0.996,-0.012,0.076,0.013
AIRPOT,1644990105477,1644990104555,4,1644990104555,-0.100,0.022,-0.995,-0.000,0.008,0.007
AIRPOT,1644990105528,1644990104606,4,1644990104606,-0.107,0.025,-0.994,0.007,0.012,0.024
AIRPOT,1644990105594,1644990104672,4,1644990104672,-0.114,0.021,-0.993,0.003,-0.021,-0.004
AIRPOT,1644990105642,1644990104720,4,1644990104720,-0.114,0.016,-0.993,0.021,0.057,-0.002
AIRPOT,1644990105791,1644990104869,4,1644990104869,-0.106,-0.021,-0.994,0.040,0.108,0.021
AIRPOT,1644990105891,1644990104969,4,1644990104969,-0.103,-0.068,-0.992,0.008,-0.136,0.055
AIRPOT,1644990105955,1644990105033,4,1644990105033,-0.099,-0.106,-0.990,0.002,-0.160,0.006
AIRPOT,1644990106004,1644990105082,4,1644990105082,-0.092,-0.125,-0.988,-0.007,0.004,-0.017
AIRPOT,1644990106071,1644990105149,4,1644990105149,-0.086,-0.151,-0.985,-0.001,0.031,0.046
AIRPOT,1644990106145,1644990105223,4,1644990105223,-0.082,-0.157,-0.984,-0.075,-0.115,0.005
AIRPOT,1644990106155,1644990105233,4,1644990105233,-0.080,-0.158,-0.984,0.030,0.020,0.039
AIRPOT,1644990106192,1644990105270,4,1644990105270,-0.077,-0.154,-0.985,-0.034,-0.084,-0.017
AIRPOT,1644990106414,1644990105492,4,1644990105492,-0.074,-0.088,-0.993,0.023,-0.011,0.086
AIRPOT,1644990106478,1644990105556,4,1644990105556,-0.078,-0.063,-0.995,-0.015,0.034,0.097
AIRPOT,1644990106537,1644990105615,4,1644990105615,-0.077,-0.050,-0.996,-0.014,0.065,-0.085
AIRPOT,1644990106637,1644990105715,4,1644990105715,-0.086,-0.031,-0.996,0.022,0.057,0.008
AIRPOT,1644990106757,1644990105835,4,1644990105835,-0.090,-0.051,-0.995,0.023,-0.040,-0.014
AIRPOT,1644990106808,1644990105886,4,1644990105886,-0.092,-0.061,-0.994,-0.008,0.147,0.027
AIRPOT,1644990107018,1644990106096,4,1644990106096,-0.086,-0.118,-0.989,0.015,-0.069,-0.047
AIRPOT,1644990107075,1644990106153,4,1644990106153,-0.095,-0.142,-0.985,0.020,0.008,-0.038
AIRPOT,1644990107128,1644990106206,4,1644990106206,-0.099,-0.150,-0.984,0.001,-0.045,0.027
AIRPOT,1644990107292,1644990106370,4,1644990106370,-0.117,-0.139,-0.983,-0.019,-0.050,0.138
AIRPOT,1644990107337,1644990106415,4,1644990106415,-0.111,-0.131,-0.985,-0.026,0.037,-0.105
AIRPOT,1644990107376,1644990106454,4,1644990106454,-0.111,-0.123,-0.986,-0.019,-0.158,0.082
AIRPOT,1644990107527,1644990106605,4,1644990106605,-0.093,-0.079,-0.992,0.023,-0.085,0.080
AIRPOT,1644990107681,1644990106759,4,1644990106759,-0.083,-0.036,-0.996,0.001,-0.023,-0.040
AIRPOT,1644990107768,1644990106846,4,1644990106846,-0.079,-0.022,-0.997,-0.000,-0.062,-0.049
AIRPOT,1644990107928,1644990107006,4,1644990107006,-0.076,-0.021,-0.997,-0.018,0.020,-0.035
AIRPOT,1644990107960,1644990107038,4,1644990107038,-0.077,-0.023,-0.997,0.008,0.018,0.060
AIRPOT,1644990108013,1644990107091,4,1644990107091,-0.074,-0.025,-0.997,0.006,0.017,-0.047
AIRPOT,1644990108067,1644990107145,4,1644990107145,-0.074,-0.029,-0.997,0.014,-0.033,0.044
AIRPOT,1644990108128,1644990107206,4,1644990107206,-0.068,-0.039,-0.997,-0.001,-0.020,0.021
AIRPOT,1644990108182,1644990107260,4,1644990107260,-0.065,-0.041,-0.997,0.017,0.017,-0.037
AIRPOT,1644990108289,1644990107367,4,1644990107367,-0.071,-0.034,-0.997,-0.010,0.033,-0.011
AIRPOT,1644990108337,1644990107415,4,1644990107415,-0.071,-0.032,-0.997,-0.021,-0.047,-0.011
AIRPOT,1644990108580,1644990107658,4,1644990107658,-0.067,-0.005,-0.998,0.017,0.008,0.028
AIRPOT,1644990108632,1644990107710,4,1644990107710,-0.066,0.004,-0.998,0.010,-0.028,-0.013
AIRPOT,1644990108736,1644990107814,4,1644990107814,-0.065,0.017,-0.998,0.008,0.014,-0.022
AIRPOT,1644990108784,1644990107862,4,1644990107862,-0.066,0.018,-0.998,0.001,0.034,0.007
AIRPOT,1644990108849,1644990107927,4,1644990107927,-0.069,0.021,-0.997,-0.002,0.032,0.002
AIRPOT,1644990108899,1644990107977,4,1644990107977,-0.072,0.024,-0.997,-0.009,-0.015,0.009
AIRPOT,1644990108991,1644990108069,4,1644990108069,-0.073,0.025,-0.997,-0.009,-0.001,-0.008
AIRPOT,1644990109109,1644990108187,4,1644990108187,-0.071,0.016,-0.997,-0.007,-0.005,-0.042
AIRPOT,1644990109187,1644990108265,4,1644990108265,-0.075,0.012,-0.997,-0.008,-0.006,-0.020
AIRPOT,1644990109273,1644990108351,4,1644990108351,-0.090,0.001,-0.996,-0.000,0.020,-0.035
AIRPOT,1644990109301,1644990108379,4,1644990108379,-0.100,-0.015,-0.995,0.008,0.062,0.015
AIRPOT,1644990109418,1644990108496,4,1644990108496,-0.114,-0.079,-0.990,0.017,0.000,0.013
AIRPOT,1644990109536,1644990108614,4,1644990108614,-0.117,-0.098,-0.988,-0.007,-0.028,-0.021
AIRPOT,1644990109696,1644990108774,4,1644990108774,-0.115,-0.021,-0.993,-0.003,-0.082,0.028
AIRPOT,1644990109784,1644990108862,4,1644990108862,-0.105,0.007,-0.994,0.005,0.008,0.005
AIRPOT,1644990109892,1644990108970,4,1644990108970,-0.093,0.036,-0.995,0.006,0.014,-0.021
AIRPOT,1644990109987,1644990109065,4,1644990109065,-0.091,0.041,-0.995,0.019,0.004,-0.002
AIRPOT,1644990110096,1644990109174,4,1644990109174,-0.099,0.048,-0.994,-0.017,0.009,-0.020
AIRPOT,1644990110146,1644990109224,4,1644990109224,-0.105,0.048,-0.993,0.005,-0.018,0.027
AIRPOT,1644990110198,1644990109276,4,1644990109276,-0.103,0.047,-0.994,-0.006,-0.001,-0.008
AIRPOT,1644990110313,1644990109391,4,1644990109391,-0.101,0.044,-0.994,0.004,-0.039,-0.015
AIRPOT,1644990110589,1644990109667,4,1644990109667,-0.092,0.022,-0.995,0.024,-0.023,0.002
AIRPOT,1644990110638,1644990109716,4,1644990109716,-0.091,0.019,-0.996,0.007,0.002,-0.013
AIRPOT,1644990110789,1644990109867,4,1644990109867,-0.093,-0.002,-0.996,-0.006,-0.040,-0.013
AIRPOT,1644990110962,1644990110040,4,1644990110040,-0.087,-0.010,-0.996,0.021,0.034,-0.013
AIRPOT,1644990111073,1644990110151,4,1644990110151,-0.088,-0.013,-0.996,0.016,0.026,0.035
AIRPOT,1644990111124,1644990110202,4,1644990110202,-0.085,-0.021,-0.996,-0.015,0.021,-0.083
AIRPOT,1644990111348,1644990110426,4,1644990110426,-0.089,-0.057,-0.994,-0.051,0.046,-0.023
AIRPOT,1644990111409,1644990110487,4,1644990110487,-0.100,-0.039,-0.994,-0.068,0.026,0.022
AIRPOT,1644990111518,1644990110596,4,1644990110596,-0.122,-0.019,-0.992,0.010,-0.024,0.000
AIRPOT,1644990111567,1644990110645,4,1644990110645,-0.127,-0.031,-0.991,0.059,0.019,0.086
AIRPOT,1644990111646,1644990110724,4,1644990110724,-0.136,-0.065,-0.989,0.017,0.031,0.072
AIRPOT,1644990111675,1644990110753,4,1644990110753,-0.142,-0.082,-0.986,-0.003,-0.074,0.018
AIRPOT,1644990111726,1644990110804,4,1644990110804,-0.142,-0.104,-0.984,0.024,-0.025,-0.024
AIRPOT,1644990111836,1644990110914,4,1644990110914,-0.164,-0.157,-0.974,0.010,-0.032,-0.017
AIRPOT,1644990112006,1644990111084,4,1644990111084,-0.217,-0.160,-0.963,-0.034,-0.035,0.011
AIRPOT,1644990112121,1644990111199,4,1644990111199,-0.232,-0.107,-0.967,-0.042,-0.051,-0.074
AIRPOT,1644990112168,1644990111246,4,1644990111246,-0.235,-0.082,-0.968,-0.033,0.086,-0.013
AIRPOT,1644990112235,1644990111313,4,1644990111313,-0.230,-0.039,-0.972,0.035,0.095,0.091
AIRPOT,1644990112454,1644990111532,4,1644990111532,-0.221,-0.028,-0.975,0.010,0.054,0.001
AIRPOT,1644990112567,1644990111645,4,1644990111645,-0.228,-0.048,-0.973,0.012,-0.064,-0.015
AIRPOT,1644990112802,1644990111880,4,1644990111880,-0.251,-0.067,-0.966,-0.041,-0.021,-0.056
AIRPOT,1644990112832,1644990111910,4,1644990111910,-0.260,-0.073,-0.963,-0.051,-0.021,0.012
AIRPOT,1644990112883,1644990111961,4,1644990111961,-0.267,-0.077,-0.961,0.003,0.038,0.088
AIRPOT,1644990112963,1644990112041,4,1644990112041,-0.270,-0.079,-0.960,0.009,0.076,0.052
AIRPOT,1644990112963,1644990112041,4,1644990112041,-0.270,-0.086,-0.959,-0.051,-0.100,-0.049
AIRPOT,1644990113020,1644990112098,4,1644990112098,-0.273,-0.087,-0.958,-0.018,0.040,0.038
AIRPOT,1644990113077,1644990112155,4,1644990112155,-0.275,-0.091,-0.957,-0.027,-0.133,-0.068
AIRPOT,1644990113195,1644990112273,4,1644990112273,-0.293,-0.078,-0.953,-0.021,0.030,0.001
AIRPOT,1644990113249,1644990112327,4,1644990112327,-0.296,-0.076,-0.952,-0.031,-0.160,-0.056
AIRPOT,1644990113359,1644990112437,4,1644990112437,-0.292,-0.043,-0.955,-0.035,-0.041,0.016
AIRPOT,1644990113416,1644990112494,4,1644990112494,-0.289,-0.033,-0.957,0.019,0.042,0.007
AIRPOT,1644990113520,1644990112598,4,1644990112598,-0.276,-0.015,-0.961,-0.039,-0.001,-0.004
AIRPOT,1644990113639,1644990112717,4,1644990112717,-0.252,-0.012,-0.968,-0.049,-0.068,-0.043
AIRPOT,1644990113802,1644990112880,4,1644990112880,-0.201,-0.006,-0.980,-0.009,-0.010,0.031
AIRPOT,1644990113858,1644990112936,4,1644990112936,-0.186,-0.004,-0.983,-0.011,0.007,0.036
AIRPOT,1644990113963,1644990113041,4,1644990113041,-0.138,0.000,-0.990,0.028,-0.019,0.003
AIRPOT,1644990114016,1644990113094,4,1644990113094,-0.127,0.005,-0.992,0.007,0.026,-0.005
AIRPOT,1644990114169,1644990113247,4,1644990113247,-0.113,0.015,-0.993,-0.005,0.020,0.010
AIRPOT,1644990114285,1644990113363,4,1644990113363,-0.122,0.019,-0.992,-0.035,-0.041,-0.001
AIRPOT,1644990114342,1644990113420,4,1644990113420,-0.124,0.021,-0.992,-0.024,-0.033,0.012
AIRPOT,1644990114384,1644990113462,4,1644990113462,-0.122,0.022,-0.992,0.012,0.050,0.003
AIRPOT,1644990114456,1644990113534,4,1644990113534,-0.123,0.029,-0.992,0.028,0.021,0.072
AIRPOT,1644990114604,1644990113682,4,1644990113682,-0.121,0.040,-0.992,0.016,0.031,0.027
AIRPOT,1644990114656,1644990113734,4,1644990113734,-0.121,0.043,-0.992,-0.009,-0.028,-0.021
AIRPOT,1644990114707,1644990113785,4,1644990113785,-0.121,0.048,-0.991,-0.004,-0.004,-0.034
AIRPOT,1644990114805,1644990113883,4,1644990113883,-0.123,0.069,-0.990,0.012,-0.035,-0.018
AIRPOT,1644990114893,1644990113971,4,1644990113971,-0.125,0.089,-0.988,0.009,-0.045,0.019
AIRPOT,1644990114989,1644990114067,4,1644990114067,-0.126,0.108,-0.986,0.001,-0.002,0.002
AIRPOT,1644990115133,1644990114211,4,1644990114211,-0.125,0.147,-0.981,-0.007,-0.061,-0.014
AIRPOT,1644990115233,1644990114311,4,1644990114311,-0.121,0.174,-0.977,-0.005,-0.010,-0.004
AIRPOT,1644990115354,1644990114432,4,1644990114432,-0.112,0.215,-0.970,0.021,-0.016,0.018
AIRPOT,1644990115390,1644990114468,4,1644990114468,-0.106,0.225,-0.968,0.010,-0.004,-0.033
AIRPOT,1644990115490,1644990114568,4,1644990114568,-0.097,0.246,-0.964,0.013,0.013,-0.049
AIRPOT,1644990115538,1644990114616,4,1644990114616,-0.096,0.246,-0.965,0.018,0.011,-0.011
AIRPOT,1644990115691,1644990114769,4,1644990114769,-0.088,0.222,-0.971,0.006,0.045,-0.021
AIRPOT,1644990115746,1644990114824,4,1644990114824,-0.088,0.217,-0.972,0.002,0.058,0.031
AIRPOT,1644990115798,1644990114876,4,1644990114876,-0.087,0.210,-0.974,-0.004,0.027,-0.020
AIRPOT,1644990115858,1644990114936,4,1644990114936,-0.093,0.184,-0.979,-0.003,0.040,0.029
AIRPOT,1644990115909,1644990114987,4,1644990114987,-0.097,0.166,-0.981,-0.008,0.026,0.005
AIRPOT,1644990115966,1644990115044,4,1644990115044,-0.100,0.150,-0.984,-0.009,0.014,0.010
AIRPOT,1644990115971,1644990115049,4,1644990115049,-0.103,0.135,-0.986,-0.008,-0.006,-0.010
AIRPOT,1644990116023,1644990115101,4,1644990115101,-0.105,0.122,-0.987,-0.011,-0.010,-0.010
AIRPOT,1644990116077,1644990115155,4,1644990115155,-0.107,0.112,-0.988,-0.011,-0.040,-0.009
AIRPOT,1644990116193,1644990115271,4,1644990115271,-0.110,0.091,-0.990,0.028,-0.057,-0.001
AIRPOT,1644990116378,1644990115456,4,1644990115456,-0.138,0.164,-0.977,0.017,-0.002,-0.015
AIRPOT,1644990116434,1644990115512,4,1644990115512,-0.145,0.208,-0.967,0.001,-0.035,-0.008
AIRPOT,1644990116546,1644990115624,4,1644990115624,-0.164,0.304,-0.938,-0.009,0.009,0.041
AIRPOT,1644990116584,1644990115662,4,1644990115662,-0.165,0.325,-0.931,-0.024,0.069,0.011
AIRPOT,1644990116637,1644990115715,4,1644990115715,-0.166,0.342,-0.925,-0.017,0.025,0.036
AIRPOT,1644990116751,1644990115829,4,1644990115829,-0.150,0.374,-0.915,-0.007,0.041,0.001
AIRPOT,1644990116832,1644990115910,4,1644990115910,-0.138,0.381,-0.914,-0.018,-0.028,-0.008
AIRPOT,1644990116981,1644990116059,4,1644990116059,-0.118,0.399,-0.909,-0.033,-0.012,-0.006
AIRPOT,1644990117035,1644990116113,4,1644990116113,-0.115,0.403,-0.908,-0.023,0.021,-0.004
AIRPOT,1644990117154,1644990116232,4,1644990116232,-0.095,0.408,-0.908,0.018,-0.004,0.016
AIRPOT,1644990117206,1644990116284,4,1644990116284,-0.081,0.415,-0.906,0.034,0.051,0.020
AIRPOT,1644990117262,1644990116340,4,1644990116340,-0.065,0.429,-0.901,0.033,0.044,-0.036
AIRPOT,1644990117313,1644990116391,4,1644990116391,-0.064,0.435,-0.898,0.018,0.035,-0.030
AIRPOT,1644990117356,1644990116434,4,1644990116434,-0.066,0.440,-0.896,0.019,0.015,-0.027
AIRPOT,1644990117463,1644990116541,4,1644990116541,-0.078,0.446,-0.892,0.026,-0.028,-0.017
AIRPOT,1644990117558,1644990116636,4,1644990116636,-0.095,0.451,-0.887,0.026,0.006,-0.006
AIRPOT,1644990117610,1644990116688,4,1644990116688,-0.102,0.454,-0.885,0.005,0.030,-0.000
AIRPOT,1644990117722,1644990116800,4,1644990116800,-0.128,0.447,-0.885,-0.067,0.021,0.020
AIRPOT,1644990117786,1644990116864,4,1644990116864,-0.142,0.427,-0.893,-0.033,0.051,0.089
AIRPOT,1644990117837,1644990116915,4,1644990116915,-0.143,0.420,-0.896,-0.054,0.080,0.029
AIRPOT,1644990117886,1644990116964,4,1644990116964,-0.145,0.416,-0.898,0.007,0.065,0.053
AIRPOT,1644990118000,1644990117078,4,1644990117078,-0.134,0.397,-0.908,0.072,0.039,0.038
AIRPOT,1644990118052,1644990117130,4,1644990117130,-0.127,0.391,-0.912,0.040,0.039,-0.010
AIRPOT,1644990118096,1644990117174,4,1644990117174,-0.123,0.384,-0.915,0.050,0.018,-0.037
AIRPOT,1644990118149,1644990117227,4,1644990117227,-0.125,0.345,-0.930,-0.016,0.203,-0.053
AIRPOT,1644990118205,1644990117283,4,1644990117283,-0.138,0.293,-0.946,0.034,0.131,0.071
AIRPOT,1644990118318,1644990117396,4,1644990117396,-0.112,0.145,-0.983,0.054,-0.142,0.025
AIRPOT,1644990118392,1644990117470,4,1644990117470,-0.074,0.094,-0.993,0.021,-0.125,-0.041
AIRPOT,1644990118447,1644990117525,4,1644990117525,-0.066,0.081,-0.995,0.022,-0.066,-0.009
AIRPOT,1644990118595,1644990117673,4,1644990117673,-0.058,0.103,-0.993,0.007,-0.017,-0.016
AIRPOT,1644990118647,1644990117725,4,1644990117725,-0.059,0.112,-0.992,0.007,-0.026,0.018
AIRPOT,1644990118752,1644990117830,4,1644990117830,-0.051,0.112,-0.992,0.036,-0.038,-0.010
AIRPOT,1644990118804,1644990117882,4,1644990117882,-0.044,0.109,-0.993,0.037,-0.031,0.004
AIRPOT,1644990118970,1644990118048,4,1644990118048,-0.028,0.080,-0.996,0.026,0.068,-0.016
AIRPOT,1644990119081,1644990118159,4,1644990118159,-0.028,0.059,-0.998,-0.001,-0.005,-0.028
AIRPOT,1644990119138,1644990118216,4,1644990118216,-0.030,0.051,-0.998,0.022,0.009,0.007
AIRPOT,1644990119199,1644990118277,4,1644990118277,-0.035,0.038,-0.999,0.001,0.042,-0.003
AIRPOT,1644990119248,1644990118326,4,1644990118326,-0.041,0.034,-0.999,-0.024,0.002,-0.001
AIRPOT,1644990119454,1644990118532,4,1644990118532,-0.050,0.016,-0.999,0.007,0.001,-0.008
AIRPOT,1644990119557,1644990118635,4,1644990118635,-0.050,0.001,-0.999,0.013,-0.015,-0.006
AIRPOT,1644990119606,1644990118684,4,1644990118684,-0.051,-0.005,-0.999,0.001,0.003,-0.007
AIRPOT,1644990119656,1644990118734,4,1644990118734,-0.054,-0.012,-0.998,0.006,-0.011,0.001
AIRPOT,1644990119890,1644990118968,4,1644990118968,-0.071,-0.033,-0.997,-0.011,0.018,0.001
AIRPOT,1644990119985,1644990119063,4,1644990119063,-0.071,-0.038,-0.997,-0.018,-0.009,0.016
AIRPOT,1644990120041,1644990119119,4,1644990119119,-0.069,-0.042,-0.997,-0.001,-0.033,0.019
AIRPOT,1644990120041,1644990119119,4,1644990119119,-0.067,-0.048,-0.997,-0.000,-0.022,-0.000
AIRPOT,1644990120218,1644990119296,4,1644990119296,-0.068,-0.048,-0.997,-0.007,-0.012,0.011
AIRPOT,1644990120366,1644990119444,4,1644990119444,-0.061,-0.042,-0.997,-0.006,0.014,-0.008
AIRPOT,1644990120484,1644990119562,4,1644990119562,-0.052,-0.039,-0.998,0.011,0.024,-0.006
AIRPOT,1644990120538,1644990119616,4,1644990119616,-0.049,-0.037,-0.998,0.005,-0.006,0.002
AIRPOT,1644990120586,1644990119664,4,1644990119664,-0.048,-0.038,-0.998,-0.002,-0.017,0.001
AIRPOT,1644990120731,1644990119809,4,1644990119809,-0.049,-0.027,-0.998,0.002,-0.027,-0.002
AIRPOT,1644990120784,1644990119862,4,1644990119862,-0.052,-0.020,-0.998,-0.000,-0.024,0.002
AIRPOT,1644990120931,1644990120009,4,1644990120009,-0.053,0.005,-0.999,0.007,0.017,-0.019
AIRPOT,1644990121085,1644990120163,4,1644990120163,-0.053,0.012,-0.999,-0.002,0.036,-0.002
AIRPOT,1644990121144,1644990120222,4,1644990120222,-0.053,0.014,-0.998,-0.011,-0.002,0.004
AIRPOT,1644990121357,1644990120435,4,1644990120435,-0.052,0.013,-0.999,-0.002,-0.012,0.011
AIRPOT,1644990121456,1644990120534,4,1644990120534,-0.046,0.017,-0.999,0.000,-0.022,-0.005
AIRPOT,1644990121507,1644990120585,4,1644990120585,-0.046,0.020,-0.999,0.001,-0.008,-0.028
AIRPOT,1644990121569,1644990120647,4,1644990120647,-0.044,0.028,-0.999,-0.001,-0.009,0.016
AIRPOT,1644990121623,1644990120701,4,1644990120701,-0.042,0.029,-0.999,0.008,0.010,-0.010
AIRPOT,1644990121674,1644990120752,4,1644990120752,-0.040,0.032,-0.999,-0.002,0.008,-0.003
AIRPOT,1644990121776,1644990120854,4,1644990120854,-0.031,0.044,-0.999,-0.002,-0.004,-0.018
AIRPOT,1644990121827,1644990120905,4,1644990120905,-0.027,0.052,-0.998,-0.005,-0.018,-0.002
AIRPOT,1644990121897,1644990120975,4,1644990120975,-0.023,0.058,-0.998,-0.008,-0.011,-0.006
AIRPOT,1644990121999,1644990121077,4,1644990121077,-0.019,0.065,-0.998,0.005,0.008,-0.000
AIRPOT,1644990122015,1644990121093,4,1644990121093,-0.016,0.069,-0.997,0.000,0.020,-0.015
AIRPOT,1644990122065,1644990121143,4,1644990121143,-0.014,0.075,-0.997,0.002,0.014,-0.026
AIRPOT,1644990122216,1644990121294,4,1644990121294,-0.012,0.091,-0.996,0.002,-0.002,-0.004
AIRPOT,1644990122267,1644990121345,4,1644990121345,-0.010,0.095,-0.995,0.005,-0.012,-0.012
AIRPOT,1644990122317,1644990121395,4,1644990121395,-0.008,0.098,-0.995,0.007,-0.010,-0.008
AIRPOT,1644990122422,1644990121500,4,1644990121500,-0.008,0.102,-0.995,0.008,0.007,-0.000
AIRPOT,1644990122467,1644990121545,4,1644990121545,-0.007,0.101,-0.995,0.006,0.024,-0.004
AIRPOT,1644990122618,1644990121696,4,1644990121696,-0.006,0.091,-0.996,-0.004,-0.013,-0.000
AIRPOT,1644990122718,1644990121796,4,1644990121796,-0.002,0.085,-0.996,0.009,-0.014,0.008
AIRPOT,1644990122756,1644990121834,4,1644990121834,0.002,0.082,-0.997,0.008,-0.010,-0.008
AIRPOT,1644990122911,1644990121989,4,1644990121989,-0.001,0.075,-0.997,-0.002,0.002,-0.001
AIRPOT,1644990123114,1644990122192,4,1644990122192,-0.006,0.074,-0.997,0.003,0.013,0.002
AIRPOT,1644990123237,1644990122315,4,1644990122315,-0.007,0.072,-0.997,-0.003,-0.012,-0.007
AIRPOT,1644990123259,1644990122337,4,1644990122337,-0.008,0.070,-0.997,-0.005,-0.017,0.008
AIRPOT,1644990123311,1644990122389,4,1644990122389,-0.007,0.067,-0.998,-0.002,0.014,0.019
AIRPOT,1644990123364,1644990122442,4,1644990122442,-0.004,0.064,-0.998,-0.012,0.003,-0.003
AIRPOT,1644990123465,1644990122543,4,1644990122543,-0.001,0.055,-0.998,-0.001,0.002,-0.015
AIRPOT,1644990123508,1644990122586,4,1644990122586,-0.002,0.054,-0.999,-0.008,-0.025,-0.011
AIRPOT,1644990123557,1644990122635,4,1644990122635,-0.005,0.051,-0.999,-0.001,-0.029,0.017
AIRPOT,1644990123607,1644990122685,4,1644990122685,-0.005,0.045,-0.999,-0.001,-0.010,0.013
AIRPOT,1644990123661,1644990122739,4,1644990122739,-0.004,0.042,-0.999,0.007,0.006,-0.010
AIRPOT,1644990123757,1644990122835,4,1644990122835,-0.002,0.043,-0.999,0.004,-0.007,-0.009
AIRPOT,1644990123808,1644990122886,4,1644990122886,-0.001,0.043,-0.999,0.013,-0.010,-0.012
AIRPOT,1644990123866,1644990122944,4,1644990122944,-0.001,0.046,-0.999,0.009,0.012,-0.015
AIRPOT,1644990123916,1644990122994,4,1644990122994,-0.004,0.047,-0.999,0.011,0.007,-0.008
AIRPOT,1644990124026,1644990123104,4,1644990123104,-0.013,0.039,-0.999,-0.003,-0.024,0.007
AIRPOT,1644990124091,1644990123169,4,1644990123169,-0.015,0.036,-0.999,0.009,-0.025,0.003
