DeviceName,PTPTime,UnixTime,protocool,CurrentDeviceTime,DistanceMM,DistanceCM,Weight,Count,DistanceADC,WeightADC,DeviceName(Current)
DEVICE,1645161156450,1645161141296,4,1645161141296,817,81,0,0,37837,0,DKU006#
DEVICE,1645161156482,1645161141328,4,1645161141328,826,82,0,0,37837,0,DKU006#
DEVICE,1645161156515,1645161141361,4,1645161141361,819,81,0,0,37837,0,DKU006#
DEVICE,1645161156546,1645161141392,4,1645161141392,801,80,0,0,37837,0,DKU006#
DEVICE,1645161156578,1645161141424,4,1645161141424,817,81,0,0,37837,0,DKU006#
DEVICE,1645161156610,1645161141456,4,1645161141456,819,81,0,0,37837,0,DKU006#
DEVICE,1645161156642,1645161141488,4,1645161141488,816,81,0,0,37837,0,DKU006#
DEVICE,1645161156674,1645161141520,4,1645161141520,804,80,0,0,37837,0,DKU006#
DEVICE,1645161156706,1645161141552,4,1645161141552,814,81,0,0,37837,0,DKU006#
DEVICE,1645161156738,1645161141584,4,1645161141584,807,80,0,0,37837,0,DKU006#
DEVICE,1645161156770,1645161141616,4,1645161141616,812,81,0,0,37837,0,DKU006#
DEVICE,1645161156802,1645161141648,4,1645161141648,805,80,0,0,37837,0,DKU006#
DEVICE,1645161156834,1645161141680,4,1645161141680,813,81,0,0,37837,0,DKU006#
DEVICE,1645161156866,1645161141712,4,1645161141712,806,80,0,0,37837,0,DKU006#
DEVICE,1645161156898,1645161141744,4,1645161141744,803,80,0,0,37837,0,DKU006#
DEVICE,1645161156930,1645161141776,4,1645161141776,808,80,0,0,37837,0,DKU006#
DEVICE,1645161156978,1645161141824,4,1645161141824,801,80,0,0,37762,0,DKU006#
DEVICE,1645161156994,1645161141840,4,1645161141840,805,80,0,0,37762,0,DKU006#
DEVICE,1645161157026,1645161141872,4,1645161141872,806,80,0,0,37762,0,DKU006#
DEVICE,1645161157058,1645161141904,4,1645161141904,804,80,0,0,37762,0,DKU006#
DEVICE,1645161157090,1645161141936,4,1645161141936,816,81,0,0,37762,0,DKU006#
DEVICE,1645161157122,1645161141968,4,1645161141968,807,80,0,0,37762,0,DKU006#
DEVICE,1645161157154,1645161142000,4,1645161142000,803,80,0,0,37762,0,DKU006#
DEVICE,1645161157186,1645161142032,4,1645161142032,809,80,0,0,37762,0,DKU006#
DEVICE,1645161157218,1645161142064,4,1645161142064,802,80,0,0,37762,0,DKU006#
DEVICE,1645161157249,1645161142095,4,1645161142095,814,81,0,0,37762,0,DKU006#
DEVICE,1645161157282,1645161142128,4,1645161142128,805,80,0,0,37762,0,DKU006#
DEVICE,1645161157314,1645161142160,4,1645161142160,811,81,0,0,37762,0,DKU006#
DEVICE,1645161157346,1645161142192,4,1645161142192,811,81,0,0,37762,0,DKU006#
DEVICE,1645161157378,1645161142224,4,1645161142224,787,78,0,0,37762,0,DKU006#
DEVICE,1645161157409,1645161142255,4,1645161142255,829,82,0,0,37762,0,DKU006#
DEVICE,1645161157441,1645161142287,4,1645161142287,818,81,0,0,37762,0,DKU006#
DEVICE,1645161157473,1645161142319,4,1645161142319,796,79,0,0,37762,0,DKU006#
DEVICE,1645161157505,1645161142351,4,1645161142351,807,80,0,0,37762,0,DKU006#
DEVICE,1645161157537,1645161142383,4,1645161142383,813,81,0,0,37762,0,DKU006#
DEVICE,1645161157569,1645161142415,4,1645161142415,804,80,0,0,37762,0,DKU006#
DEVICE,1645161157601,1645161142447,4,1645161142447,816,81,0,0,37762,0,DKU006#
DEVICE,1645161157633,1645161142479,4,1645161142479,823,82,0,0,37762,0,DKU006#
DEVICE,1645161157665,1645161142511,4,1645161142511,805,80,0,0,37762,0,DKU006#
DEVICE,1645161157697,1645161142543,4,1645161142543,816,81,0,0,37762,0,DKU006#
DEVICE,1645161157729,1645161142575,4,1645161142575,809,80,0,0,37762,0,DKU006#
DEVICE,1645161157761,1645161142607,4,1645161142607,819,81,0,0,37762,0,DKU006#
DEVICE,1645161157793,1645161142639,4,1645161142639,813,81,0,0,37762,0,DKU006#
DEVICE,1645161157825,1645161142671,4,1645161142671,810,81,0,0,37762,0,DKU006#
DEVICE,1645161157857,1645161142703,4,1645161142703,806,80,0,0,37762,0,DKU006#
DEVICE,1645161157889,1645161142735,4,1645161142735,798,79,0,0,37762,0,DKU006#
DEVICE,1645161157921,1645161142767,4,1645161142767,790,79,0,0,37762,0,DKU006#
DEVICE,1645161157953,1645161142799,4,1645161142799,803,80,0,0,37762,0,DKU006#
DEVICE,1645161158001,1645161142847,4,1645161142847,809,80,0,0,37775,0,DKU006#
DEVICE,1645161158017,1645161142863,4,1645161142863,794,79,0,0,37775,0,DKU006#
DEVICE,1645161158049,1645161142895,4,1645161142895,795,79,0,0,37775,0,DKU006#
DEVICE,1645161158081,1645161142927,4,1645161142927,796,79,0,0,37775,0,DKU006#
DEVICE,1645161158113,1645161142959,4,1645161142959,813,81,0,0,37775,0,DKU006#
DEVICE,1645161158145,1645161142991,4,1645161142991,810,81,0,0,37775,0,DKU006#
DEVICE,1645161158177,1645161143023,4,1645161143023,807,80,0,0,37775,0,DKU006#
DEVICE,1645161158209,1645161143055,4,1645161143055,807,80,0,0,37775,0,DKU006#
DEVICE,1645161158241,1645161143087,4,1645161143087,812,81,0,0,37775,0,DKU006#
DEVICE,1645161158273,1645161143119,4,1645161143119,793,79,0,0,37775,0,DKU006#
DEVICE,1645161158305,1645161143151,4,1645161143151,814,81,0,0,37775,0,DKU006#
DEVICE,1645161158337,1645161143183,4,1645161143183,807,80,0,0,37775,0,DKU006#
DEVICE,1645161158369,1645161143215,4,1645161143215,801,80,0,0,37775,0,DKU006#
DEVICE,1645161158401,1645161143247,4,1645161143247,815,81,0,0,37775,0,DKU006#
DEVICE,1645161158432,1645161143278,4,1645161143278,809,80,0,0,37775,0,DKU006#
DEVICE,1645161158465,1645161143311,4,1645161143311,810,81,0,0,37775,0,DKU006#
DEVICE,1645161158497,1645161143343,4,1645161143343,797,79,0,0,37775,0,DKU006#
DEVICE,1645161158529,1645161143375,4,1645161143375,809,80,0,0,37775,0,DKU006#
DEVICE,1645161158561,1645161143407,4,1645161143407,814,81,0,0,37775,0,DKU006#
DEVICE,1645161158593,1645161143439,4,1645161143439,821,82,0,0,37775,0,DKU006#
DEVICE,1645161158625,1645161143471,4,1645161143471,806,80,0,0,37775,0,DKU006#
DEVICE,1645161158657,1645161143503,4,1645161143503,807,80,0,0,37775,0,DKU006#
DEVICE,1645161158689,1645161143535,4,1645161143535,807,80,0,0,37775,0,DKU006#
DEVICE,1645161158721,1645161143567,4,1645161143567,795,79,0,0,37775,0,DKU006#
DEVICE,1645161158752,1645161143598,4,1645161143598,814,81,0,0,37775,0,DKU006#
DEVICE,1645161158784,1645161143630,4,1645161143630,811,81,0,0,37775,0,DKU006#
DEVICE,1645161158816,1645161143662,4,1645161143662,795,79,0,0,37775,0,DKU006#
DEVICE,1645161158848,1645161143694,4,1645161143694,815,81,0,0,37775,0,DKU006#
DEVICE,1645161158880,1645161143726,4,1645161143726,797,79,0,0,37775,0,DKU006#
DEVICE,1645161158912,1645161143758,4,1645161143758,799,79,0,0,37775,0,DKU006#
DEVICE,1645161158944,1645161143790,4,1645161143790,808,80,0,0,37775,0,DKU006#
DEVICE,1645161158977,1645161143823,4,1645161143823,814,81,0,0,37762,0,DKU006#
DEVICE,1645161159009,1645161143855,4,1645161143855,824,82,0,0,37762,0,DKU006#
DEVICE,1645161159040,1645161143886,4,1645161143886,820,82,0,0,37762,0,DKU006#
DEVICE,1645161159072,1645161143918,4,1645161143918,823,82,0,0,37762,0,DKU006#
DEVICE,1645161159104,1645161143950,4,1645161143950,805,80,0,0,37762,0,DKU006#
DEVICE,1645161159136,1645161143982,4,1645161143982,828,82,0,0,37762,0,DKU006#
DEVICE,1645161159168,1645161144014,4,1645161144014,815,81,0,0,37762,0,DKU006#
DEVICE,1645161159200,1645161144046,4,1645161144046,808,80,0,0,37762,0,DKU006#
DEVICE,1645161159232,1645161144078,4,1645161144078,812,81,0,0,37762,0,DKU006#
DEVICE,1645161159264,1645161144110,4,1645161144110,814,81,0,0,37762,0,DKU006#
DEVICE,1645161159296,1645161144142,4,1645161144142,801,80,0,0,37762,0,DKU006#
DEVICE,1645161159328,1645161144174,4,1645161144174,820,82,0,0,37762,0,DKU006#
DEVICE,1645161159360,1645161144206,4,1645161144206,817,81,0,0,37762,0,DKU006#
DEVICE,1645161159392,1645161144238,4,1645161144238,816,81,0,0,37762,0,DKU006#
DEVICE,1645161159424,1645161144270,4,1645161144270,819,81,0,0,37762,0,DKU006#
DEVICE,1645161159456,1645161144302,4,1645161144302,802,80,0,0,37762,0,DKU006#
DEVICE,1645161159488,1645161144334,4,1645161144334,810,81,0,0,37762,0,DKU006#
DEVICE,1645161159520,1645161144366,4,1645161144366,803,80,0,0,37762,0,DKU006#
DEVICE,1645161159552,1645161144398,4,1645161144398,805,80,0,0,37762,0,DKU006#
DEVICE,1645161159584,1645161144430,4,1645161144430,806,80,0,0,37762,0,DKU006#
DEVICE,1645161159616,1645161144462,4,1645161144462,800,80,0,0,37762,0,DKU006#
DEVICE,1645161159648,1645161144494,4,1645161144494,805,80,0,0,37762,0,DKU006#
DEVICE,1645161159680,1645161144526,4,1645161144526,812,81,0,0,37762,0,DKU006#
DEVICE,1645161159712,1645161144558,4,1645161144558,799,79,0,0,37762,0,DKU006#
DEVICE,1645161159744,1645161144590,4,1645161144590,812,81,0,0,37762,0,DKU006#
DEVICE,1645161159776,1645161144622,4,1645161144622,806,80,0,0,37762,0,DKU006#
DEVICE,1645161159808,1645161144654,4,1645161144654,805,80,0,0,37762,0,DKU006#
DEVICE,1645161159840,1645161144686,4,1645161144686,801,80,0,0,37762,0,DKU006#
DEVICE,1645161159872,1645161144718,4,1645161144718,814,81,0,0,37762,0,DKU006#
DEVICE,1645161159904,1645161144750,4,1645161144750,820,82,0,0,37762,0,DKU006#
DEVICE,1645161159935,1645161144781,4,1645161144781,823,82,0,0,37762,0,DKU006#
DEVICE,1645161159968,1645161144814,4,1645161144814,791,79,0,0,37762,0,DKU006#
DEVICE,1645161160000,1645161144846,4,1645161144846,812,81,0,0,37806,0,DKU006#
DEVICE,1645161160032,1645161144878,4,1645161144878,824,82,0,0,37806,0,DKU006#
DEVICE,1645161160064,1645161144910,4,1645161144910,813,81,0,0,37806,0,DKU006#
DEVICE,1645161160096,1645161144942,4,1645161144942,810,81,0,0,37806,0,DKU006#
DEVICE,1645161160127,1645161144973,4,1645161144973,817,81,0,0,37806,0,DKU006#
DEVICE,1645161160160,1645161145006,4,1645161145006,824,82,0,0,37806,0,DKU006#
DEVICE,1645161160175,1645161145021,4,1645161145021,809,80,0,0,37806,0,DKU006#
DEVICE,1645161160223,1645161145069,4,1645161145069,807,80,0,0,37806,0,DKU006#
DEVICE,1645161160240,1645161145086,4,1645161145086,815,81,0,0,37806,0,DKU006#
DEVICE,1645161160271,1645161145117,4,1645161145117,809,80,0,0,37806,0,DKU006#
DEVICE,1645161160303,1645161145149,4,1645161145149,802,80,0,0,37806,0,DKU006#
DEVICE,1645161160335,1645161145181,4,1645161145181,808,80,0,0,37806,0,DKU006#
DEVICE,1645161160367,1645161145213,4,1645161145213,812,81,0,0,37806,0,DKU006#
DEVICE,1645161160399,1645161145245,4,1645161145245,815,81,0,0,37806,0,DKU006#
DEVICE,1645161160432,1645161145278,4,1645161145278,811,81,0,0,37806,0,DKU006#
DEVICE,1645161160463,1645161145309,4,1645161145309,818,81,0,0,37806,0,DKU006#
DEVICE,1645161160495,1645161145341,4,1645161145341,804,80,0,0,37806,0,DKU006#
DEVICE,1645161160527,1645161145373,4,1645161145373,793,79,0,0,37806,0,DKU006#
DEVICE,1645161160559,1645161145405,4,1645161145405,802,80,0,0,37806,0,DKU006#
DEVICE,1645161160591,1645161145437,4,1645161145437,826,82,0,0,37806,0,DKU006#
DEVICE,1645161160623,1645161145469,4,1645161145469,803,80,0,0,37806,0,DKU006#
DEVICE,1645161160655,1645161145501,4,1645161145501,810,81,0,0,37806,0,DKU006#
DEVICE,1645161160687,1645161145533,4,1645161145533,820,82,0,0,37806,0,DKU006#
DEVICE,1645161160719,1645161145565,4,1645161145565,806,80,0,0,37806,0,DKU006#
DEVICE,1645161160751,1645161145597,4,1645161145597,813,81,0,0,37806,0,DKU006#
DEVICE,1645161160783,1645161145629,4,1645161145629,802,80,0,0,37806,0,DKU006#
DEVICE,1645161160815,1645161145661,4,1645161145661,820,82,0,0,37806,0,DKU006#
DEVICE,1645161160847,1645161145693,4,1645161145693,813,81,0,0,37806,0,DKU006#
DEVICE,1645161160879,1645161145725,4,1645161145725,806,80,0,0,37806,0,DKU006#
DEVICE,1645161160911,1645161145757,4,1645161145757,815,81,0,0,37806,0,DKU006#
DEVICE,1645161160943,1645161145789,4,1645161145789,807,80,0,0,37806,0,DKU006#
DEVICE,1645161160991,1645161145837,4,1645161145837,816,81,0,0,37800,0,DKU006#
DEVICE,1645161161007,1645161145853,4,1645161145853,806,80,0,0,37800,0,DKU006#
DEVICE,1645161161039,1645161145885,4,1645161145885,809,80,0,0,37800,0,DKU006#
DEVICE,1645161161071,1645161145917,4,1645161145917,813,81,0,0,37800,0,DKU006#
DEVICE,1645161161103,1645161145949,4,1645161145949,826,82,0,0,37800,0,DKU006#
DEVICE,1645161161135,1645161145981,4,1645161145981,805,80,0,0,37800,0,DKU006#
DEVICE,1645161161167,1645161146013,4,1645161146013,825,82,0,0,37800,0,DKU006#
DEVICE,1645161161199,1645161146045,4,1645161146045,823,82,0,0,37800,0,DKU006#
DEVICE,1645161161231,1645161146077,4,1645161146077,810,81,0,0,37800,0,DKU006#
DEVICE,1645161161263,1645161146109,4,1645161146109,802,80,0,0,37800,0,DKU006#
DEVICE,1645161161295,1645161146141,4,1645161146141,823,82,0,0,37800,0,DKU006#
DEVICE,1645161161327,1645161146173,4,1645161146173,816,81,0,0,37800,0,DKU006#
DEVICE,1645161161359,1645161146205,4,1645161146205,811,81,0,0,37800,0,DKU006#
DEVICE,1645161161391,1645161146237,4,1645161146237,810,81,0,0,37800,0,DKU006#
DEVICE,1645161161422,1645161146268,4,1645161146268,817,81,0,0,37800,0,DKU006#
DEVICE,1645161161454,1645161146300,4,1645161146300,818,81,0,0,37800,0,DKU006#
DEVICE,1645161161486,1645161146332,4,1645161146332,815,81,0,0,37800,0,DKU006#
DEVICE,1645161161518,1645161146364,4,1645161146364,812,81,0,0,37800,0,DKU006#
DEVICE,1645161161550,1645161146396,4,1645161146396,819,81,0,0,37800,0,DKU006#
DEVICE,1645161161582,1645161146428,4,1645161146428,818,81,0,0,37800,0,DKU006#
DEVICE,1645161161615,1645161146461,4,1645161146461,809,80,0,0,37800,0,DKU006#
DEVICE,1645161161647,1645161146493,4,1645161146493,812,81,0,0,37800,0,DKU006#
DEVICE,1645161161679,1645161146525,4,1645161146525,822,82,0,0,37800,0,DKU006#
DEVICE,1645161161710,1645161146556,4,1645161146556,809,80,0,0,37800,0,DKU006#
DEVICE,1645161161743,1645161146589,4,1645161146589,812,81,0,0,37800,0,DKU006#
DEVICE,1645161161774,1645161146620,4,1645161146620,819,81,0,0,37800,0,DKU006#
DEVICE,1645161161806,1645161146652,4,1645161146652,812,81,0,0,37800,0,DKU006#
DEVICE,1645161161838,1645161146684,4,1645161146684,815,81,0,0,37800,0,DKU006#
DEVICE,1645161161870,1645161146716,4,1645161146716,806,80,0,0,37800,0,DKU006#
DEVICE,1645161161902,1645161146748,4,1645161146748,827,82,0,0,37800,0,DKU006#
DEVICE,1645161161934,1645161146780,4,1645161146780,813,81,0,0,37800,0,DKU006#
DEVICE,1645161161982,1645161146828,4,1645161146828,795,79,0,0,37787,0,DKU006#
DEVICE,1645161161998,1645161146844,4,1645161146844,813,81,0,0,37787,0,DKU006#
DEVICE,1645161162030,1645161146876,4,1645161146876,820,82,0,0,37787,0,DKU006#
DEVICE,1645161162062,1645161146908,4,1645161146908,811,81,0,0,37787,0,DKU006#
DEVICE,1645161162094,1645161146940,4,1645161146940,817,81,0,0,37787,0,DKU006#
DEVICE,1645161162126,1645161146972,4,1645161146972,802,80,0,0,37787,0,DKU006#
DEVICE,1645161162158,1645161147004,4,1645161147004,819,81,0,0,37787,0,DKU006#
DEVICE,1645161162190,1645161147036,4,1645161147036,807,80,0,0,37787,0,DKU006#
DEVICE,1645161162222,1645161147068,4,1645161147068,806,80,0,0,37787,0,DKU006#
DEVICE,1645161162254,1645161147100,4,1645161147100,823,82,0,0,37787,0,DKU006#
DEVICE,1645161162286,1645161147132,4,1645161147132,810,81,0,0,37787,0,DKU006#
DEVICE,1645161162318,1645161147164,4,1645161147164,819,81,0,0,37787,0,DKU006#
DEVICE,1645161162350,1645161147196,4,1645161147196,795,79,0,0,37787,0,DKU006#
DEVICE,1645161162382,1645161147228,4,1645161147228,811,81,0,0,37787,0,DKU006#
DEVICE,1645161162414,1645161147260,4,1645161147260,812,81,0,0,37787,0,DKU006#
DEVICE,1645161162446,1645161147292,4,1645161147292,812,81,0,0,37787,0,DKU006#
DEVICE,1645161162478,1645161147324,4,1645161147324,791,79,0,0,37787,0,DKU006#
DEVICE,1645161162510,1645161147356,4,1645161147356,814,81,0,0,37787,0,DKU006#
DEVICE,1645161162542,1645161147388,4,1645161147388,806,80,0,0,37787,0,DKU006#
DEVICE,1645161162574,1645161147420,4,1645161147420,806,80,0,0,37787,0,DKU006#
DEVICE,1645161162606,1645161147452,4,1645161147452,804,80,0,0,37787,0,DKU006#
DEVICE,1645161162638,1645161147484,4,1645161147484,808,80,0,0,37787,0,DKU006#
DEVICE,1645161162670,1645161147516,4,1645161147516,819,81,0,0,37787,0,DKU006#
DEVICE,1645161162702,1645161147548,4,1645161147548,818,81,0,0,37787,0,DKU006#
DEVICE,1645161162734,1645161147580,4,1645161147580,819,81,0,0,37787,0,DKU006#
DEVICE,1645161162765,1645161147611,4,1645161147611,787,78,0,0,37787,0,DKU006#
DEVICE,1645161162798,1645161147644,4,1645161147644,803,80,0,0,37787,0,DKU006#
DEVICE,1645161162830,1645161147676,4,1645161147676,815,81,0,0,37787,0,DKU006#
DEVICE,1645161162862,1645161147708,4,1645161147708,814,81,0,0,37787,0,DKU006#
DEVICE,1645161162894,1645161147740,4,1645161147740,818,81,0,0,37787,0,DKU006#
DEVICE,1645161162926,1645161147772,4,1645161147772,813,81,0,0,37787,0,DKU006#
DEVICE,1645161162958,1645161147804,4,1645161147804,819,81,0,0,37787,0,DKU006#
DEVICE,1645161163006,1645161147852,4,1645161147852,815,81,0,0,37775,0,DKU006#
DEVICE,1645161163021,1645161147867,4,1645161147867,802,80,0,0,37775,0,DKU006#
DEVICE,1645161163053,1645161147899,4,1645161147899,814,81,0,0,37775,0,DKU006#
DEVICE,1645161163085,1645161147931,4,1645161147931,809,80,0,0,37775,0,DKU006#
DEVICE,1645161163117,1645161147963,4,1645161147963,804,80,0,0,37775,0,DKU006#
DEVICE,1645161163149,1645161147995,4,1645161147995,810,81,0,0,37775,0,DKU006#
DEVICE,1645161163181,1645161148027,4,1645161148027,802,80,0,0,37775,0,DKU006#
DEVICE,1645161163214,1645161148060,4,1645161148060,814,81,0,0,37775,0,DKU006#
DEVICE,1645161163246,1645161148092,4,1645161148092,797,79,0,0,37775,0,DKU006#
DEVICE,1645161163278,1645161148124,4,1645161148124,809,80,0,0,37775,0,DKU006#
DEVICE,1645161163310,1645161148156,4,1645161148156,808,80,0,0,37775,0,DKU006#
DEVICE,1645161163341,1645161148187,4,1645161148187,809,80,0,0,37775,0,DKU006#
DEVICE,1645161163373,1645161148219,4,1645161148219,812,81,0,0,37775,0,DKU006#
DEVICE,1645161163405,1645161148251,4,1645161148251,818,81,0,0,37775,0,DKU006#
DEVICE,1645161163437,1645161148283,4,1645161148283,813,81,0,0,37775,0,DKU006#
DEVICE,1645161163469,1645161148315,4,1645161148315,816,81,0,0,37775,0,DKU006#
DEVICE,1645161163501,1645161148347,4,1645161148347,810,81,0,0,37775,0,DKU006#
DEVICE,1645161163533,1645161148379,4,1645161148379,817,81,0,0,37775,0,DKU006#
DEVICE,1645161163565,1645161148411,4,1645161148411,806,80,0,0,37775,0,DKU006#
DEVICE,1645161163597,1645161148443,4,1645161148443,805,80,0,0,37775,0,DKU006#
DEVICE,1645161163630,1645161148476,4,1645161148476,810,81,0,0,37775,0,DKU006#
DEVICE,1645161163661,1645161148507,4,1645161148507,806,80,0,0,37775,0,DKU006#
DEVICE,1645161163693,1645161148539,4,1645161148539,807,80,0,0,37775,0,DKU006#
DEVICE,1645161163725,1645161148571,4,1645161148571,810,81,0,0,37775,0,DKU006#
DEVICE,1645161163757,1645161148603,4,1645161148603,814,81,0,0,37775,0,DKU006#
DEVICE,1645161163789,1645161148635,4,1645161148635,817,81,0,0,37775,0,DKU006#
DEVICE,1645161163821,1645161148667,4,1645161148667,814,81,0,0,37775,0,DKU006#
DEVICE,1645161163853,1645161148699,4,1645161148699,811,81,0,0,37775,0,DKU006#
DEVICE,1645161163885,1645161148731,4,1645161148731,800,80,0,0,37775,0,DKU006#
DEVICE,1645161163917,1645161148763,4,1645161148763,812,81,0,0,37775,0,DKU006#
DEVICE,1645161163949,1645161148795,4,1645161148795,813,81,0,0,37775,0,DKU006#
DEVICE,1645161163981,1645161148827,4,1645161148827,820,82,0,0,37800,0,DKU006#
DEVICE,1645161164013,1645161148859,4,1645161148859,815,81,0,0,37800,0,DKU006#
DEVICE,1645161164045,1645161148891,4,1645161148891,800,80,0,0,37800,0,DKU006#
DEVICE,1645161164077,1645161148923,4,1645161148923,804,80,0,0,37800,0,DKU006#
DEVICE,1645161164109,1645161148955,4,1645161148955,802,80,0,0,37800,0,DKU006#
DEVICE,1645161164141,1645161148987,4,1645161148987,804,80,0,0,37800,0,DKU006#
DEVICE,1645161164173,1645161149019,4,1645161149019,810,81,0,0,37800,0,DKU006#
DEVICE,1645161164205,1645161149051,4,1645161149051,799,79,0,0,37800,0,DKU006#
DEVICE,1645161164237,1645161149083,4,1645161149083,813,81,0,0,37800,0,DKU006#
DEVICE,1645161164269,1645161149115,4,1645161149115,821,82,0,0,37800,0,DKU006#
DEVICE,1645161164301,1645161149147,4,1645161149147,798,79,0,0,37800,0,DKU006#
DEVICE,1645161164333,1645161149179,4,1645161149179,817,81,0,0,37800,0,DKU006#
DEVICE,1645161164365,1645161149211,4,1645161149211,816,81,0,0,37800,0,DKU006#
DEVICE,1645161164397,1645161149243,4,1645161149243,812,81,0,0,37800,0,DKU006#
DEVICE,1645161164429,1645161149275,4,1645161149275,804,80,0,0,37800,0,DKU006#
DEVICE,1645161164461,1645161149307,4,1645161149307,818,81,0,0,37800,0,DKU006#
DEVICE,1645161164493,1645161149339,4,1645161149339,813,81,0,0,37800,0,DKU006#
DEVICE,1645161164525,1645161149371,4,1645161149371,798,79,0,0,37800,0,DKU006#
DEVICE,1645161164557,1645161149403,4,1645161149403,813,81,0,0,37800,0,DKU006#
DEVICE,1645161164589,1645161149435,4,1645161149435,802,80,0,0,37800,0,DKU006#
DEVICE,1645161164620,1645161149466,4,1645161149466,808,80,0,0,37800,0,DKU006#
DEVICE,1645161164652,1645161149498,4,1645161149498,809,80,0,0,37800,0,DKU006#
DEVICE,1645161164684,1645161149530,4,1645161149530,812,81,0,0,37800,0,DKU006#
DEVICE,1645161164716,1645161149562,4,1645161149562,812,81,0,0,37800,0,DKU006#
DEVICE,1645161164749,1645161149595,4,1645161149595,802,80,0,0,37800,0,DKU006#
DEVICE,1645161164764,1645161149610,4,1645161149610,810,81,0,0,37800,0,DKU006#
DEVICE,1645161164812,1645161149658,4,1645161149658,793,79,0,0,37800,0,DKU006#
DEVICE,1645161164829,1645161149675,4,1645161149675,807,80,0,0,37800,0,DKU006#
DEVICE,1645161164861,1645161149707,4,1645161149707,808,80,0,0,37800,0,DKU006#
DEVICE,1645161164892,1645161149738,4,1645161149738,808,80,0,0,37800,0,DKU006#
DEVICE,1645161164924,1645161149770,4,1645161149770,809,80,0,0,37800,0,DKU006#
DEVICE,1645161164973,1645161149819,4,1645161149819,819,81,0,0,37750,0,DKU006#
DEVICE,1645161164988,1645161149834,4,1645161149834,791,79,0,0,37750,0,DKU006#
DEVICE,1645161165020,1645161149866,4,1645161149866,817,81,0,0,37750,0,DKU006#
DEVICE,1645161165052,1645161149898,4,1645161149898,820,82,0,0,37750,0,DKU006#
DEVICE,1645161165084,1645161149930,4,1645161149930,808,80,0,0,37750,0,DKU006#
DEVICE,1645161165116,1645161149962,4,1645161149962,812,81,0,0,37750,0,DKU006#
DEVICE,1645161165149,1645161149995,4,1645161149995,806,80,0,0,37750,0,DKU006#
DEVICE,1645161165180,1645161150026,4,1645161150026,817,81,0,0,37750,0,DKU006#
DEVICE,1645161165212,1645161150058,4,1645161150058,819,81,0,0,37750,0,DKU006#
DEVICE,1645161165244,1645161150090,4,1645161150090,821,82,0,0,37750,0,DKU006#
DEVICE,1645161165276,1645161150122,4,1645161150122,817,81,0,0,37750,0,DKU006#
DEVICE,1645161165308,1645161150154,4,1645161150154,816,81,0,0,37750,0,DKU006#
DEVICE,1645161165340,1645161150186,4,1645161150186,815,81,0,0,37750,0,DKU006#
DEVICE,1645161165372,1645161150218,4,1645161150218,814,81,0,0,37750,0,DKU006#
DEVICE,1645161165404,1645161150250,4,1645161150250,815,81,0,0,37750,0,DKU006#
DEVICE,1645161165436,1645161150282,4,1645161150282,798,79,0,0,37750,0,DKU006#
DEVICE,1645161165468,1645161150314,4,1645161150314,823,82,0,0,37750,0,DKU006#
DEVICE,1645161165500,1645161150346,4,1645161150346,813,81,0,0,37750,0,DKU006#
DEVICE,1645161165532,1645161150378,4,1645161150378,818,81,0,0,37750,0,DKU006#
DEVICE,1645161165564,1645161150410,4,1645161150410,810,81,0,0,37750,0,DKU006#
DEVICE,1645161165596,1645161150442,4,1645161150442,811,81,0,0,37750,0,DKU006#
DEVICE,1645161165628,1645161150474,4,1645161150474,810,81,0,0,37750,0,DKU006#
DEVICE,1645161165660,1645161150506,4,1645161150506,808,80,0,0,37750,0,DKU006#
DEVICE,1645161165692,1645161150538,4,1645161150538,816,81,0,0,37750,0,DKU006#
DEVICE,1645161165724,1645161150570,4,1645161150570,809,80,0,0,37750,0,DKU006#
DEVICE,1645161165756,1645161150602,4,1645161150602,792,79,0,0,37750,0,DKU006#
DEVICE,1645161165788,1645161150634,4,1645161150634,802,80,0,0,37750,0,DKU006#
DEVICE,1645161165820,1645161150666,4,1645161150666,812,81,0,0,37750,0,DKU006#
DEVICE,1645161165852,1645161150698,4,1645161150698,806,80,0,0,37750,0,DKU006#
DEVICE,1645161165884,1645161150730,4,1645161150730,806,80,0,0,37750,0,DKU006#
DEVICE,1645161165916,1645161150762,4,1645161150762,811,81,0,0,37750,0,DKU006#
DEVICE,1645161165948,1645161150794,4,1645161150794,810,81,0,0,37750,0,DKU006#
DEVICE,1645161165996,1645161150842,4,1645161150842,808,80,0,0,37800,0,DKU006#
DEVICE,1645161166012,1645161150858,4,1645161150858,803,80,0,0,37800,0,DKU006#
DEVICE,1645161166044,1645161150890,4,1645161150890,810,81,0,0,37800,0,DKU006#
DEVICE,1645161166076,1645161150922,4,1645161150922,808,80,0,0,37800,0,DKU006#
DEVICE,1645161166108,1645161150954,4,1645161150954,806,80,0,0,37800,0,DKU006#
DEVICE,1645161166140,1645161150986,4,1645161150986,817,81,0,0,37800,0,DKU006#
DEVICE,1645161166172,1645161151018,4,1645161151018,815,81,0,0,37800,0,DKU006#
DEVICE,1645161166204,1645161151050,4,1645161151050,812,81,0,0,37800,0,DKU006#
DEVICE,1645161166236,1645161151082,4,1645161151082,818,81,0,0,37800,0,DKU006#
DEVICE,1645161166268,1645161151114,4,1645161151114,807,80,0,0,37800,0,DKU006#
DEVICE,1645161166300,1645161151146,4,1645161151146,793,79,0,0,37800,0,DKU006#
DEVICE,1645161166332,1645161151178,4,1645161151178,821,82,0,0,37800,0,DKU006#
DEVICE,1645161166364,1645161151210,4,1645161151210,807,80,0,0,37800,0,DKU006#
DEVICE,1645161166396,1645161151242,4,1645161151242,810,81,0,0,37800,0,DKU006#
DEVICE,1645161166428,1645161151274,4,1645161151274,809,80,0,0,37800,0,DKU006#
DEVICE,1645161166460,1645161151306,4,1645161151306,814,81,0,0,37800,0,DKU006#
DEVICE,1645161166491,1645161151337,4,1645161151337,804,80,0,0,37800,0,DKU006#
DEVICE,1645161166523,1645161151369,4,1645161151369,797,79,0,0,37800,0,DKU006#
DEVICE,1645161166555,1645161151401,4,1645161151401,819,81,0,0,37800,0,DKU006#
DEVICE,1645161166587,1645161151433,4,1645161151433,805,80,0,0,37800,0,DKU006#
DEVICE,1645161166619,1645161151465,4,1645161151465,802,80,0,0,37800,0,DKU006#
DEVICE,1645161166651,1645161151497,4,1645161151497,810,81,0,0,37800,0,DKU006#
DEVICE,1645161166683,1645161151529,4,1645161151529,821,82,0,0,37800,0,DKU006#
DEVICE,1645161166715,1645161151561,4,1645161151561,809,80,0,0,37800,0,DKU006#
DEVICE,1645161166748,1645161151594,4,1645161151594,804,80,0,0,37800,0,DKU006#
DEVICE,1645161166780,1645161151626,4,1645161151626,814,81,0,0,37800,0,DKU006#
DEVICE,1645161166812,1645161151658,4,1645161151658,809,80,0,0,37800,0,DKU006#
DEVICE,1645161166843,1645161151689,4,1645161151689,820,82,0,0,37800,0,DKU006#
DEVICE,1645161166875,1645161151721,4,1645161151721,804,80,0,0,37800,0,DKU006#
DEVICE,1645161166908,1645161151754,4,1645161151754,809,80,0,0,37800,0,DKU006#
DEVICE,1645161166939,1645161151785,4,1645161151785,801,80,0,0,37800,0,DKU006#
DEVICE,1645161166988,1645161151834,4,1645161151834,807,80,0,0,37793,0,DKU006#
DEVICE,1645161167003,1645161151849,4,1645161151849,818,81,0,0,37793,0,DKU006#
DEVICE,1645161167035,1645161151881,4,1645161151881,806,80,0,0,37793,0,DKU006#
DEVICE,1645161167067,1645161151913,4,1645161151913,810,81,0,0,37793,0,DKU006#
DEVICE,1645161167099,1645161151945,4,1645161151945,819,81,0,0,37793,0,DKU006#
DEVICE,1645161167131,1645161151977,4,1645161151977,818,81,0,0,37793,0,DKU006#
DEVICE,1645161167163,1645161152009,4,1645161152009,822,82,0,0,37793,0,DKU006#
DEVICE,1645161167195,1645161152041,4,1645161152041,818,81,0,0,37793,0,DKU006#
DEVICE,1645161167227,1645161152073,4,1645161152073,837,83,0,0,37793,0,DKU006#
DEVICE,1645161167259,1645161152105,4,1645161152105,814,81,0,0,37793,0,DKU006#
DEVICE,1645161167290,1645161152136,4,1645161152136,810,81,0,0,37793,0,DKU006#
DEVICE,1645161167323,1645161152169,4,1645161152169,810,81,0,0,37793,0,DKU006#
DEVICE,1645161167355,1645161152201,4,1645161152201,810,81,0,0,37793,0,DKU006#
DEVICE,1645161167387,1645161152233,4,1645161152233,816,81,0,0,37793,0,DKU006#
DEVICE,1645161167419,1645161152265,4,1645161152265,816,81,0,0,37793,0,DKU006#
DEVICE,1645161167451,1645161152297,4,1645161152297,801,80,0,0,37793,0,DKU006#
DEVICE,1645161167483,1645161152329,4,1645161152329,817,81,0,0,37793,0,DKU006#
DEVICE,1645161167515,1645161152361,4,1645161152361,811,81,0,0,37793,0,DKU006#
DEVICE,1645161167547,1645161152393,4,1645161152393,807,80,0,0,37793,0,DKU006#
DEVICE,1645161167579,1645161152425,4,1645161152425,815,81,0,0,37793,0,DKU006#
DEVICE,1645161167611,1645161152457,4,1645161152457,814,81,0,0,37793,0,DKU006#
DEVICE,1645161167643,1645161152489,4,1645161152489,817,81,0,0,37793,0,DKU006#
DEVICE,1645161167675,1645161152521,4,1645161152521,804,80,0,0,37793,0,DKU006#
DEVICE,1645161167707,1645161152553,4,1645161152553,798,79,0,0,37793,0,DKU006#
DEVICE,1645161167739,1645161152585,4,1645161152585,805,80,0,0,37793,0,DKU006#
DEVICE,1645161167771,1645161152617,4,1645161152617,810,81,0,0,37793,0,DKU006#
DEVICE,1645161167803,1645161152649,4,1645161152649,810,81,0,0,37793,0,DKU006#
DEVICE,1645161167835,1645161152681,4,1645161152681,814,81,0,0,37793,0,DKU006#
DEVICE,1645161167867,1645161152713,4,1645161152713,800,80,0,0,37793,0,DKU006#
DEVICE,1645161167898,1645161152744,4,1645161152744,804,80,0,0,37793,0,DKU006#
DEVICE,1645161167931,1645161152777,4,1645161152777,806,80,0,0,37793,0,DKU006#
DEVICE,1645161167963,1645161152809,4,1645161152809,823,82,0,0,37793,0,DKU006#
DEVICE,1645161167995,1645161152841,4,1645161152841,816,81,0,0,37793,0,DKU006#
DEVICE,1645161168027,1645161152873,4,1645161152873,814,81,0,0,37793,0,DKU006#
DEVICE,1645161168059,1645161152905,4,1645161152905,809,80,0,0,37793,0,DKU006#
DEVICE,1645161168091,1645161152937,4,1645161152937,816,81,0,0,37793,0,DKU006#
DEVICE,1645161168123,1645161152969,4,1645161152969,813,81,0,0,37793,0,DKU006#
DEVICE,1645161168155,1645161153001,4,1645161153001,801,80,0,0,37793,0,DKU006#
DEVICE,1645161168187,1645161153033,4,1645161153033,799,79,0,0,37793,0,DKU006#
DEVICE,1645161168219,1645161153065,4,1645161153065,805,80,0,0,37793,0,DKU006#
DEVICE,1645161168250,1645161153096,4,1645161153096,795,79,0,0,37793,0,DKU006#
DEVICE,1645161168282,1645161153128,4,1645161153128,802,80,0,0,37793,0,DKU006#
DEVICE,1645161168315,1645161153161,4,1645161153161,804,80,0,0,37793,0,DKU006#
DEVICE,1645161168347,1645161153193,4,1645161153193,787,78,0,0,37793,0,DKU006#
DEVICE,1645161168379,1645161153225,4,1645161153225,801,80,0,0,37793,0,DKU006#
DEVICE,1645161168410,1645161153256,4,1645161153256,800,80,0,0,37793,0,DKU006#
DEVICE,1645161168442,1645161153288,4,1645161153288,797,79,0,0,37793,0,DKU006#
DEVICE,1645161168475,1645161153321,4,1645161153321,790,79,0,0,37793,0,DKU006#
DEVICE,1645161168506,1645161153352,4,1645161153352,791,79,0,0,37793,0,DKU006#
DEVICE,1645161168538,1645161153384,4,1645161153384,794,79,0,0,37793,0,DKU006#
DEVICE,1645161168570,1645161153416,4,1645161153416,785,78,0,0,37793,0,DKU006#
DEVICE,1645161168602,1645161153448,4,1645161153448,775,77,0,0,37793,0,DKU006#
DEVICE,1645161168635,1645161153481,4,1645161153481,775,77,0,0,37793,0,DKU006#
DEVICE,1645161168666,1645161153512,4,1645161153512,774,77,0,0,37793,0,DKU006#
DEVICE,1645161168698,1645161153544,4,1645161153544,770,77,0,0,37793,0,DKU006#
DEVICE,1645161168730,1645161153576,4,1645161153576,774,77,0,0,37793,0,DKU006#
DEVICE,1645161168762,1645161153608,4,1645161153608,762,76,0,0,37793,0,DKU006#
DEVICE,1645161168794,1645161153640,4,1645161153640,764,76,0,0,37793,0,DKU006#
DEVICE,1645161168826,1645161153672,4,1645161153672,759,75,0,0,37793,0,DKU006#
DEVICE,1645161168858,1645161153704,4,1645161153704,754,75,0,0,37793,0,DKU006#
DEVICE,1645161168890,1645161153736,4,1645161153736,760,76,0,0,37793,0,DKU006#
DEVICE,1645161168922,1645161153768,4,1645161153768,755,75,0,0,37793,0,DKU006#
DEVICE,1645161168954,1645161153800,4,1645161153800,744,74,0,0,37793,0,DKU006#
DEVICE,1645161168986,1645161153832,4,1645161153832,749,74,5,0,37793,0,DKU006#
DEVICE,1645161169018,1645161153864,4,1645161153864,751,75,0,0,37793,0,DKU006#
DEVICE,1645161169050,1645161153896,4,1645161153896,752,75,0,0,37793,0,DKU006#
DEVICE,1645161169081,1645161153927,4,1645161153927,741,74,0,0,37793,0,DKU006#
DEVICE,1645161169114,1645161153960,4,1645161153960,737,73,5,0,37793,0,DKU006#
DEVICE,1645161169146,1645161153992,4,1645161153992,741,74,5,0,37793,0,DKU006#
DEVICE,1645161169178,1645161154024,4,1645161154024,743,74,5,0,37793,0,DKU006#
DEVICE,1645161169210,1645161154056,4,1645161154056,736,73,5,0,37793,0,DKU006#
DEVICE,1645161169242,1645161154088,4,1645161154088,730,73,5,0,37793,0,DKU006#
DEVICE,1645161169274,1645161154120,4,1645161154120,734,73,5,0,37793,0,DKU006#
DEVICE,1645161169290,1645161154136,4,1645161154136,720,72,5,0,37793,0,DKU006#
DEVICE,1645161169322,1645161154168,4,1645161154168,704,70,5,0,37793,0,DKU006#
DEVICE,1645161169354,1645161154200,4,1645161154200,721,72,5,0,37793,0,DKU006#
DEVICE,1645161169386,1645161154232,4,1645161154232,726,72,5,0,37793,0,DKU006#
DEVICE,1645161169418,1645161154264,4,1645161154264,709,70,5,0,37793,0,DKU006#
DEVICE,1645161169450,1645161154296,4,1645161154296,724,72,5,0,37793,0,DKU006#
DEVICE,1645161169481,1645161154327,4,1645161154327,731,73,5,0,37793,0,DKU006#
DEVICE,1645161169514,1645161154360,4,1645161154360,705,70,5,0,37793,0,DKU006#
DEVICE,1645161169546,1645161154392,4,1645161154392,705,70,5,0,37793,0,DKU006#
DEVICE,1645161169578,1645161154424,4,1645161154424,707,70,5,0,37793,0,DKU006#
DEVICE,1645161169610,1645161154456,4,1645161154456,703,70,5,0,37793,0,DKU006#
DEVICE,1645161169642,1645161154488,4,1645161154488,712,71,5,0,37793,0,DKU006#
DEVICE,1645161169674,1645161154520,4,1645161154520,704,70,5,0,37793,0,DKU006#
DEVICE,1645161169706,1645161154552,4,1645161154552,710,71,5,0,37793,0,DKU006#
DEVICE,1645161169737,1645161154583,4,1645161154583,701,70,5,0,37793,0,DKU006#
DEVICE,1645161169769,1645161154615,4,1645161154615,698,69,5,0,37793,0,DKU006#
DEVICE,1645161169801,1645161154647,4,1645161154647,697,69,5,0,37793,0,DKU006#
DEVICE,1645161169833,1645161154679,4,1645161154679,679,67,5,0,37793,0,DKU006#
DEVICE,1645161169866,1645161154712,4,1645161154712,684,68,5,0,37793,0,DKU006#
DEVICE,1645161169898,1645161154744,4,1645161154744,687,68,5,0,37793,0,DKU006#
DEVICE,1645161169930,1645161154776,4,1645161154776,677,67,5,0,37793,0,DKU006#
DEVICE,1645161169962,1645161154808,4,1645161154808,674,67,5,0,37793,0,DKU006#
DEVICE,1645161169994,1645161154840,4,1645161154840,684,68,5,0,37793,0,DKU006#
DEVICE,1645161170025,1645161154871,4,1645161154871,676,67,5,0,37793,0,DKU006#
DEVICE,1645161170057,1645161154903,4,1645161154903,676,67,5,0,37793,0,DKU006#
DEVICE,1645161170089,1645161154935,4,1645161154935,674,67,5,0,37793,0,DKU006#
DEVICE,1645161170121,1645161154967,4,1645161154967,663,66,5,0,37793,0,DKU006#
DEVICE,1645161170153,1645161154999,4,1645161154999,666,66,5,0,37793,0,DKU006#
DEVICE,1645161170185,1645161155031,4,1645161155031,661,66,5,0,37793,0,DKU006#
DEVICE,1645161170217,1645161155063,4,1645161155063,660,66,5,0,37793,0,DKU006#
DEVICE,1645161170249,1645161155095,4,1645161155095,653,65,5,0,37793,0,DKU006#
DEVICE,1645161170281,1645161155127,4,1645161155127,646,64,5,0,37793,0,DKU006#
DEVICE,1645161170313,1645161155159,4,1645161155159,650,65,5,0,37793,0,DKU006#
DEVICE,1645161170345,1645161155191,4,1645161155191,649,64,5,0,37793,0,DKU006#
DEVICE,1645161170377,1645161155223,4,1645161155223,643,64,5,0,37793,0,DKU006#
DEVICE,1645161170409,1645161155255,4,1645161155255,646,64,5,0,37793,0,DKU006#
DEVICE,1645161170441,1645161155287,4,1645161155287,644,64,5,0,37793,0,DKU006#
DEVICE,1645161170473,1645161155319,4,1645161155319,632,63,5,0,37793,0,DKU006#
DEVICE,1645161170505,1645161155351,4,1645161155351,628,62,5,0,37793,0,DKU006#
DEVICE,1645161170537,1645161155383,4,1645161155383,625,62,5,0,37793,0,DKU006#
DEVICE,1645161170569,1645161155415,4,1645161155415,636,63,5,0,37793,0,DKU006#
DEVICE,1645161170601,1645161155447,4,1645161155447,623,62,5,0,37793,0,DKU006#
DEVICE,1645161170633,1645161155479,4,1645161155479,624,62,5,0,37793,0,DKU006#
DEVICE,1645161170665,1645161155511,4,1645161155511,627,62,5,0,37793,0,DKU006#
DEVICE,1645161170697,1645161155543,4,1645161155543,614,61,5,0,37793,0,DKU006#
DEVICE,1645161170729,1645161155575,4,1645161155575,627,62,5,0,37793,0,DKU006#
DEVICE,1645161170761,1645161155607,4,1645161155607,613,61,5,0,37793,0,DKU006#
DEVICE,1645161170793,1645161155639,4,1645161155639,625,62,5,0,37793,0,DKU006#
DEVICE,1645161170825,1645161155671,4,1645161155671,618,61,5,0,37793,0,DKU006#
DEVICE,1645161170857,1645161155703,4,1645161155703,614,61,5,0,37793,0,DKU006#
DEVICE,1645161170889,1645161155735,4,1645161155735,611,61,5,0,37793,0,DKU006#
DEVICE,1645161170921,1645161155767,4,1645161155767,617,61,5,0,37793,0,DKU006#
DEVICE,1645161170953,1645161155799,4,1645161155799,608,60,5,0,37793,0,DKU006#
DEVICE,1645161170985,1645161155831,4,1645161155831,609,60,5,0,37793,0,DKU006#
DEVICE,1645161171017,1645161155863,4,1645161155863,622,62,5,0,37793,0,DKU006#
DEVICE,1645161171049,1645161155895,4,1645161155895,613,61,5,0,37793,0,DKU006#
DEVICE,1645161171081,1645161155927,4,1645161155927,606,60,5,0,37793,0,DKU006#
DEVICE,1645161171113,1645161155959,4,1645161155959,618,61,5,0,37793,0,DKU006#
DEVICE,1645161171145,1645161155991,4,1645161155991,619,61,5,0,37793,0,DKU006#
DEVICE,1645161171177,1645161156023,4,1645161156023,612,61,5,0,37793,0,DKU006#
DEVICE,1645161171209,1645161156055,4,1645161156055,613,61,5,0,37793,0,DKU006#
DEVICE,1645161171241,1645161156087,4,1645161156087,627,62,5,0,37793,0,DKU006#
DEVICE,1645161171273,1645161156119,4,1645161156119,632,63,5,0,37793,0,DKU006#
DEVICE,1645161171304,1645161156150,4,1645161156150,619,61,5,0,37793,0,DKU006#
DEVICE,1645161171336,1645161156182,4,1645161156182,628,62,5,0,37793,0,DKU006#
DEVICE,1645161171368,1645161156214,4,1645161156214,627,62,5,0,37793,0,DKU006#
DEVICE,1645161171400,1645161156246,4,1645161156246,643,64,5,0,37793,0,DKU006#
DEVICE,1645161171432,1645161156278,4,1645161156278,636,63,5,0,37793,0,DKU006#
DEVICE,1645161171464,1645161156310,4,1645161156310,646,64,5,0,37793,0,DKU006#
DEVICE,1645161171497,1645161156343,4,1645161156343,640,64,5,0,37793,0,DKU006#
DEVICE,1645161171529,1645161156375,4,1645161156375,653,65,5,0,37793,0,DKU006#
DEVICE,1645161171561,1645161156407,4,1645161156407,649,64,5,0,37793,0,DKU006#
DEVICE,1645161171592,1645161156438,4,1645161156438,644,64,5,0,37793,0,DKU006#
DEVICE,1645161171624,1645161156470,4,1645161156470,658,65,5,0,37793,0,DKU006#
DEVICE,1645161171656,1645161156502,4,1645161156502,646,64,5,0,37793,0,DKU006#
DEVICE,1645161171688,1645161156534,4,1645161156534,657,65,5,0,37793,0,DKU006#
DEVICE,1645161171720,1645161156566,4,1645161156566,656,65,5,0,37793,0,DKU006#
DEVICE,1645161171752,1645161156598,4,1645161156598,669,66,5,0,37793,0,DKU006#
DEVICE,1645161171784,1645161156630,4,1645161156630,673,67,5,0,37793,0,DKU006#
DEVICE,1645161171816,1645161156662,4,1645161156662,672,67,5,0,37793,0,DKU006#
DEVICE,1645161171848,1645161156694,4,1645161156694,670,67,5,0,37793,0,DKU006#
DEVICE,1645161171881,1645161156727,4,1645161156727,676,67,5,0,37793,0,DKU006#
DEVICE,1645161171912,1645161156758,4,1645161156758,694,69,5,0,37793,0,DKU006#
DEVICE,1645161171944,1645161156790,4,1645161156790,700,70,5,0,37793,0,DKU006#
DEVICE,1645161171976,1645161156822,4,1645161156822,697,69,5,0,37793,0,DKU006#
DEVICE,1645161172008,1645161156854,4,1645161156854,702,70,5,0,37793,0,DKU006#
DEVICE,1645161172040,1645161156886,4,1645161156886,710,71,5,0,37793,0,DKU006#
DEVICE,1645161172072,1645161156918,4,1645161156918,724,72,5,0,37793,0,DKU006#
DEVICE,1645161172104,1645161156950,4,1645161156950,714,71,5,0,37793,0,DKU006#
DEVICE,1645161172135,1645161156981,4,1645161156981,717,71,5,0,37793,0,DKU006#
DEVICE,1645161172168,1645161157014,4,1645161157014,721,72,5,0,37793,0,DKU006#
DEVICE,1645161172200,1645161157046,4,1645161157046,718,71,5,0,37793,0,DKU006#
DEVICE,1645161172232,1645161157078,4,1645161157078,734,73,5,0,37793,0,DKU006#
DEVICE,1645161172264,1645161157110,4,1645161157110,743,74,5,0,37793,0,DKU006#
DEVICE,1645161172295,1645161157141,4,1645161157141,746,74,5,0,37793,0,DKU006#
DEVICE,1645161172328,1645161157174,4,1645161157174,757,75,0,0,37793,0,DKU006#
DEVICE,1645161172359,1645161157205,4,1645161157205,768,76,0,0,37793,0,DKU006#
DEVICE,1645161172391,1645161157237,4,1645161157237,765,76,0,0,37793,0,DKU006#
DEVICE,1645161172423,1645161157269,4,1645161157269,763,76,0,0,37793,0,DKU006#
DEVICE,1645161172455,1645161157301,4,1645161157301,761,76,0,0,37793,0,DKU006#
DEVICE,1645161172488,1645161157334,4,1645161157334,757,75,0,0,37793,0,DKU006#
DEVICE,1645161172520,1645161157366,4,1645161157366,774,77,0,0,37793,0,DKU006#
DEVICE,1645161172552,1645161157398,4,1645161157398,774,77,0,0,37793,0,DKU006#
DEVICE,1645161172584,1645161157430,4,1645161157430,778,77,0,0,37793,0,DKU006#
DEVICE,1645161172616,1645161157462,4,1645161157462,775,77,0,0,37793,0,DKU006#
DEVICE,1645161172647,1645161157493,4,1645161157493,788,78,0,0,37793,0,DKU006#
DEVICE,1645161172680,1645161157526,4,1645161157526,784,78,0,0,37793,0,DKU006#
DEVICE,1645161172712,1645161157558,4,1645161157558,775,77,0,0,37793,0,DKU006#
DEVICE,1645161172744,1645161157590,4,1645161157590,801,80,0,0,37793,0,DKU006#
DEVICE,1645161172775,1645161157621,4,1645161157621,784,78,0,0,37793,0,DKU006#
DEVICE,1645161172807,1645161157653,4,1645161157653,789,78,0,0,37793,0,DKU006#
DEVICE,1645161172839,1645161157685,4,1645161157685,792,79,0,0,37793,0,DKU006#
DEVICE,1645161172871,1645161157717,4,1645161157717,797,79,0,0,37793,0,DKU006#
DEVICE,1645161172903,1645161157749,4,1645161157749,800,80,0,0,37793,0,DKU006#
DEVICE,1645161172935,1645161157781,4,1645161157781,792,79,0,0,37793,0,DKU006#
DEVICE,1645161172967,1645161157813,4,1645161157813,798,79,0,0,37793,0,DKU006#
DEVICE,1645161172999,1645161157845,4,1645161157845,799,79,0,0,37793,0,DKU006#
DEVICE,1645161173031,1645161157877,4,1645161157877,814,81,0,0,37793,0,DKU006#
DEVICE,1645161173063,1645161157909,4,1645161157909,825,82,0,0,37793,0,DKU006#
DEVICE,1645161173095,1645161157941,4,1645161157941,810,81,0,0,37793,0,DKU006#
DEVICE,1645161173127,1645161157973,4,1645161157973,810,81,0,0,37793,0,DKU006#
DEVICE,1645161173159,1645161158005,4,1645161158005,820,82,0,0,37793,0,DKU006#
DEVICE,1645161173191,1645161158037,4,1645161158037,827,82,0,0,37793,0,DKU006#
DEVICE,1645161173223,1645161158069,4,1645161158069,809,80,0,0,37793,0,DKU006#
DEVICE,1645161173255,1645161158101,4,1645161158101,800,80,0,0,37793,0,DKU006#
DEVICE,1645161173287,1645161158133,4,1645161158133,819,81,0,0,37793,0,DKU006#
DEVICE,1645161173319,1645161158165,4,1645161158165,805,80,0,0,37793,0,DKU006#
DEVICE,1645161173351,1645161158197,4,1645161158197,797,79,0,0,37793,0,DKU006#
DEVICE,1645161173383,1645161158229,4,1645161158229,801,80,0,0,37793,0,DKU006#
DEVICE,1645161173415,1645161158261,4,1645161158261,799,79,0,0,37793,0,DKU006#
DEVICE,1645161173447,1645161158293,4,1645161158293,789,78,0,0,37793,0,DKU006#
DEVICE,1645161173479,1645161158325,4,1645161158325,813,81,0,0,37793,0,DKU006#
DEVICE,1645161173511,1645161158357,4,1645161158357,796,79,0,0,37793,0,DKU006#
DEVICE,1645161173543,1645161158389,4,1645161158389,803,80,0,0,37793,0,DKU006#
DEVICE,1645161173575,1645161158421,4,1645161158421,806,80,0,0,37793,0,DKU006#
DEVICE,1645161173607,1645161158453,4,1645161158453,786,78,0,0,37793,0,DKU006#
DEVICE,1645161173639,1645161158485,4,1645161158485,791,79,0,0,37793,0,DKU006#
DEVICE,1645161173671,1645161158517,4,1645161158517,794,79,0,0,37793,0,DKU006#
DEVICE,1645161173703,1645161158549,4,1645161158549,791,79,0,0,37793,0,DKU006#
DEVICE,1645161173735,1645161158581,4,1645161158581,793,79,0,0,37793,0,DKU006#
DEVICE,1645161173767,1645161158613,4,1645161158613,776,77,0,0,37793,0,DKU006#
DEVICE,1645161173799,1645161158645,4,1645161158645,790,79,0,0,37793,0,DKU006#
DEVICE,1645161173831,1645161158677,4,1645161158677,788,78,0,0,37793,0,DKU006#
DEVICE,1645161173863,1645161158709,4,1645161158709,789,78,0,0,37793,0,DKU006#
DEVICE,1645161173879,1645161158725,4,1645161158725,783,78,0,0,37793,0,DKU006#
DEVICE,1645161173911,1645161158757,4,1645161158757,781,78,0,0,37793,0,DKU006#
DEVICE,1645161173943,1645161158789,4,1645161158789,786,78,0,0,37793,0,DKU006#
DEVICE,1645161173975,1645161158821,4,1645161158821,780,78,0,0,37793,0,DKU006#
DEVICE,1645161174007,1645161158853,4,1645161158853,786,78,0,0,37793,0,DKU006#
DEVICE,1645161174038,1645161158884,4,1645161158884,769,76,0,0,37793,0,DKU006#
DEVICE,1645161174070,1645161158916,4,1645161158916,774,77,0,0,37793,0,DKU006#
DEVICE,1645161174102,1645161158948,4,1645161158948,778,77,0,0,37793,0,DKU006#
DEVICE,1645161174134,1645161158980,4,1645161158980,773,77,0,0,37793,0,DKU006#
DEVICE,1645161174183,1645161159029,4,1645161159029,757,75,0,0,34350,0,DKU006#
DEVICE,1645161174199,1645161159045,4,1645161159045,763,76,0,0,34350,0,DKU006#
DEVICE,1645161174231,1645161159077,4,1645161159077,762,76,0,0,34350,0,DKU006#
DEVICE,1645161174263,1645161159109,4,1645161159109,758,75,0,0,34350,0,DKU006#
DEVICE,1645161174294,1645161159140,4,1645161159140,744,74,0,0,34350,0,DKU006#
DEVICE,1645161174327,1645161159173,4,1645161159173,748,74,5,0,34350,0,DKU006#
DEVICE,1645161174358,1645161159204,4,1645161159204,753,75,0,0,34350,0,DKU006#
DEVICE,1645161174391,1645161159237,4,1645161159237,758,75,0,0,34350,0,DKU006#
DEVICE,1645161174422,1645161159268,4,1645161159268,753,75,0,0,34350,0,DKU006#
DEVICE,1645161174454,1645161159300,4,1645161159300,756,75,0,0,34350,0,DKU006#
DEVICE,1645161174486,1645161159332,4,1645161159332,762,76,0,0,34350,0,DKU006#
DEVICE,1645161174518,1645161159364,4,1645161159364,739,73,0,0,34350,0,DKU006#
DEVICE,1645161174550,1645161159396,4,1645161159396,742,74,5,0,34350,0,DKU006#
DEVICE,1645161174582,1645161159428,4,1645161159428,740,74,5,0,34350,0,DKU006#
DEVICE,1645161174614,1645161159460,4,1645161159460,738,73,5,0,34350,0,DKU006#
DEVICE,1645161174646,1645161159492,4,1645161159492,728,72,5,0,34350,0,DKU006#
DEVICE,1645161174678,1645161159524,4,1645161159524,736,73,5,0,34350,0,DKU006#
DEVICE,1645161174710,1645161159556,4,1645161159556,728,72,5,0,34350,0,DKU006#
DEVICE,1645161174742,1645161159588,4,1645161159588,736,73,5,0,34350,0,DKU006#
DEVICE,1645161174774,1645161159620,4,1645161159620,728,72,5,0,34350,0,DKU006#
DEVICE,1645161174806,1645161159652,4,1645161159652,723,72,5,0,34350,0,DKU006#
DEVICE,1645161174838,1645161159684,4,1645161159684,735,73,5,0,34350,0,DKU006#
DEVICE,1645161174870,1645161159716,4,1645161159716,727,72,5,0,34350,0,DKU006#
DEVICE,1645161174902,1645161159748,4,1645161159748,713,71,5,0,34350,0,DKU006#
DEVICE,1645161174934,1645161159780,4,1645161159780,722,72,5,0,34350,0,DKU006#
DEVICE,1645161174966,1645161159812,4,1645161159812,712,71,5,0,34350,0,DKU006#
DEVICE,1645161174997,1645161159843,4,1645161159843,729,72,5,0,34350,0,DKU006#
DEVICE,1645161175030,1645161159876,4,1645161159876,719,71,5,0,34350,0,DKU006#
DEVICE,1645161175062,1645161159908,4,1645161159908,720,72,5,0,34350,0,DKU006#
DEVICE,1645161175094,1645161159940,4,1645161159940,711,71,5,0,34350,0,DKU006#
DEVICE,1645161175126,1645161159972,4,1645161159972,715,71,5,0,34350,0,DKU006#
DEVICE,1645161175158,1645161160004,4,1645161160004,705,70,5,0,34350,0,DKU006#
DEVICE,1645161175190,1645161160036,4,1645161160036,704,70,5,0,34350,0,DKU006#
DEVICE,1645161175221,1645161160067,4,1645161160067,697,69,5,0,34350,0,DKU006#
DEVICE,1645161175254,1645161160100,4,1645161160100,702,70,5,0,34350,0,DKU006#
DEVICE,1645161175286,1645161160132,4,1645161160132,698,69,5,0,34350,0,DKU006#
DEVICE,1645161175318,1645161160164,4,1645161160164,699,69,5,0,34350,0,DKU006#
DEVICE,1645161175350,1645161160196,4,1645161160196,697,69,5,0,34350,0,DKU006#
DEVICE,1645161175382,1645161160228,4,1645161160228,707,70,5,0,34350,0,DKU006#
DEVICE,1645161175414,1645161160260,4,1645161160260,704,70,5,0,34350,0,DKU006#
DEVICE,1645161175446,1645161160292,4,1645161160292,701,70,5,0,34350,0,DKU006#
DEVICE,1645161175478,1645161160324,4,1645161160324,701,70,5,0,34350,0,DKU006#
DEVICE,1645161175510,1645161160356,4,1645161160356,699,69,5,0,34350,0,DKU006#
DEVICE,1645161175542,1645161160388,4,1645161160388,700,70,5,0,34350,0,DKU006#
DEVICE,1645161175574,1645161160420,4,1645161160420,695,69,5,0,34350,0,DKU006#
DEVICE,1645161175605,1645161160451,4,1645161160451,703,70,5,0,34350,0,DKU006#
DEVICE,1645161175637,1645161160483,4,1645161160483,683,68,5,0,34350,0,DKU006#
DEVICE,1645161175669,1645161160515,4,1645161160515,687,68,5,0,34350,0,DKU006#
DEVICE,1645161175701,1645161160547,4,1645161160547,693,69,5,0,34350,0,DKU006#
DEVICE,1645161175733,1645161160579,4,1645161160579,677,67,5,0,34350,0,DKU006#
DEVICE,1645161175765,1645161160611,4,1645161160611,686,68,5,0,34350,0,DKU006#
DEVICE,1645161175797,1645161160643,4,1645161160643,683,68,5,0,34350,0,DKU006#
DEVICE,1645161175830,1645161160676,4,1645161160676,683,68,5,0,34350,0,DKU006#
DEVICE,1645161175862,1645161160708,4,1645161160708,682,68,5,0,34350,0,DKU006#
DEVICE,1645161175894,1645161160740,4,1645161160740,681,68,5,0,34350,0,DKU006#
DEVICE,1645161175926,1645161160772,4,1645161160772,673,67,5,0,34350,0,DKU006#
DEVICE,1645161175958,1645161160804,4,1645161160804,687,68,5,0,34350,0,DKU006#
DEVICE,1645161175989,1645161160835,4,1645161160835,668,66,5,0,34350,0,DKU006#
DEVICE,1645161176021,1645161160867,4,1645161160867,678,67,5,0,34350,0,DKU006#
DEVICE,1645161176054,1645161160900,4,1645161160900,671,67,5,0,34350,0,DKU006#
DEVICE,1645161176085,1645161160931,4,1645161160931,672,67,5,0,34350,0,DKU006#
DEVICE,1645161176117,1645161160963,4,1645161160963,673,67,5,0,34350,0,DKU006#
DEVICE,1645161176149,1645161160995,4,1645161160995,675,67,5,0,34350,0,DKU006#
DEVICE,1645161176181,1645161161027,4,1645161161027,662,66,5,0,34350,0,DKU006#
DEVICE,1645161176213,1645161161059,4,1645161161059,668,66,5,0,34350,0,DKU006#
DEVICE,1645161176245,1645161161091,4,1645161161091,660,66,5,0,34350,0,DKU006#
DEVICE,1645161176277,1645161161123,4,1645161161123,660,66,5,0,34350,0,DKU006#
DEVICE,1645161176309,1645161161155,4,1645161161155,655,65,5,0,34350,0,DKU006#
DEVICE,1645161176341,1645161161187,4,1645161161187,645,64,5,0,34350,0,DKU006#
DEVICE,1645161176373,1645161161219,4,1645161161219,657,65,5,0,34350,0,DKU006#
DEVICE,1645161176405,1645161161251,4,1645161161251,652,65,5,0,34350,0,DKU006#
DEVICE,1645161176437,1645161161283,4,1645161161283,658,65,5,0,34350,0,DKU006#
DEVICE,1645161176469,1645161161315,4,1645161161315,632,63,5,0,34350,0,DKU006#
DEVICE,1645161176501,1645161161347,4,1645161161347,641,64,5,0,34350,0,DKU006#
DEVICE,1645161176533,1645161161379,4,1645161161379,632,63,5,0,34350,0,DKU006#
DEVICE,1645161176565,1645161161411,4,1645161161411,641,64,5,0,34350,0,DKU006#
DEVICE,1645161176597,1645161161443,4,1645161161443,639,63,5,0,34350,0,DKU006#
DEVICE,1645161176629,1645161161475,4,1645161161475,623,62,5,0,34350,0,DKU006#
DEVICE,1645161176661,1645161161507,4,1645161161507,636,63,5,0,34350,0,DKU006#
DEVICE,1645161176693,1645161161539,4,1645161161539,636,63,5,0,34350,0,DKU006#
DEVICE,1645161176725,1645161161571,4,1645161161571,632,63,5,0,34350,0,DKU006#
DEVICE,1645161176757,1645161161603,4,1645161161603,619,61,5,0,34350,0,DKU006#
DEVICE,1645161176788,1645161161634,4,1645161161634,631,63,5,0,34350,0,DKU006#
DEVICE,1645161176821,1645161161667,4,1645161161667,629,62,5,0,34350,0,DKU006#
DEVICE,1645161176853,1645161161699,4,1645161161699,627,62,5,0,34350,0,DKU006#
DEVICE,1645161176885,1645161161731,4,1645161161731,629,62,5,0,34350,0,DKU006#
DEVICE,1645161176917,1645161161763,4,1645161161763,625,62,5,0,34350,0,DKU006#
DEVICE,1645161176949,1645161161795,4,1645161161795,621,62,5,0,34350,0,DKU006#
DEVICE,1645161176980,1645161161826,4,1645161161826,626,62,5,0,34350,0,DKU006#
DEVICE,1645161177013,1645161161859,4,1645161161859,604,60,5,0,34350,0,DKU006#
DEVICE,1645161177045,1645161161891,4,1645161161891,614,61,5,0,34350,0,DKU006#
DEVICE,1645161177077,1645161161923,4,1645161161923,604,60,5,0,34350,0,DKU006#
DEVICE,1645161177109,1645161161955,4,1645161161955,613,61,5,0,34350,0,DKU006#
DEVICE,1645161177140,1645161161986,4,1645161161986,610,61,5,0,34350,0,DKU006#
DEVICE,1645161177172,1645161162018,4,1645161162018,607,60,5,0,34350,0,DKU006#
DEVICE,1645161177204,1645161162050,4,1645161162050,610,61,5,0,34350,0,DKU006#
DEVICE,1645161177236,1645161162082,4,1645161162082,594,59,5,0,34350,0,DKU006#
DEVICE,1645161177268,1645161162114,4,1645161162114,595,59,5,0,34350,0,DKU006#
DEVICE,1645161177300,1645161162146,4,1645161162146,608,60,5,0,34350,0,DKU006#
DEVICE,1645161177332,1645161162178,4,1645161162178,613,61,5,0,34350,0,DKU006#
DEVICE,1645161177364,1645161162210,4,1645161162210,617,61,5,0,34350,0,DKU006#
DEVICE,1645161177396,1645161162242,4,1645161162242,622,62,5,0,34350,0,DKU006#
DEVICE,1645161177428,1645161162274,4,1645161162274,614,61,5,0,34350,0,DKU006#
DEVICE,1645161177461,1645161162307,4,1645161162307,619,61,5,0,34350,0,DKU006#
DEVICE,1645161177493,1645161162339,4,1645161162339,623,62,5,0,34350,0,DKU006#
DEVICE,1645161177524,1645161162370,4,1645161162370,618,61,5,0,34350,0,DKU006#
DEVICE,1645161177556,1645161162402,4,1645161162402,632,63,5,0,34350,0,DKU006#
DEVICE,1645161177588,1645161162434,4,1645161162434,634,63,5,0,34350,0,DKU006#
DEVICE,1645161177620,1645161162466,4,1645161162466,631,63,5,0,34350,0,DKU006#
DEVICE,1645161177652,1645161162498,4,1645161162498,632,63,5,0,34350,0,DKU006#
DEVICE,1645161177684,1645161162530,4,1645161162530,638,63,5,0,34350,0,DKU006#
DEVICE,1645161177717,1645161162563,4,1645161162563,639,63,5,0,34350,0,DKU006#
DEVICE,1645161177748,1645161162594,4,1645161162594,645,64,5,0,34350,0,DKU006#
DEVICE,1645161177780,1645161162626,4,1645161162626,630,63,5,0,34350,0,DKU006#
DEVICE,1645161177812,1645161162658,4,1645161162658,646,64,5,0,34350,0,DKU006#
DEVICE,1645161177844,1645161162690,4,1645161162690,659,65,5,0,34350,0,DKU006#
DEVICE,1645161177876,1645161162722,4,1645161162722,654,65,5,0,34350,0,DKU006#
DEVICE,1645161177908,1645161162754,4,1645161162754,643,64,5,0,34350,0,DKU006#
DEVICE,1645161177940,1645161162786,4,1645161162786,663,66,5,0,34350,0,DKU006#
DEVICE,1645161177972,1645161162818,4,1645161162818,657,65,5,0,34350,0,DKU006#
DEVICE,1645161178004,1645161162850,4,1645161162850,660,66,5,0,34350,0,DKU006#
DEVICE,1645161178036,1645161162882,4,1645161162882,676,67,5,0,34350,0,DKU006#
DEVICE,1645161178068,1645161162914,4,1645161162914,675,67,5,0,34350,0,DKU006#
DEVICE,1645161178100,1645161162946,4,1645161162946,681,68,5,0,34350,0,DKU006#
DEVICE,1645161178132,1645161162978,4,1645161162978,676,67,5,0,34350,0,DKU006#
DEVICE,1645161178164,1645161163010,4,1645161163010,685,68,5,0,34350,0,DKU006#
DEVICE,1645161178196,1645161163042,4,1645161163042,680,68,5,0,34350,0,DKU006#
DEVICE,1645161178228,1645161163074,4,1645161163074,702,70,5,0,34350,0,DKU006#
DEVICE,1645161178260,1645161163106,4,1645161163106,689,68,5,0,34350,0,DKU006#
DEVICE,1645161178276,1645161163122,4,1645161163122,701,70,5,0,34350,0,DKU006#
DEVICE,1645161178308,1645161163154,4,1645161163154,707,70,5,0,34350,0,DKU006#
DEVICE,1645161178340,1645161163186,4,1645161163186,714,71,5,0,34350,0,DKU006#
DEVICE,1645161178372,1645161163218,4,1645161163218,721,72,5,0,34350,0,DKU006#
DEVICE,1645161178404,1645161163250,4,1645161163250,721,72,5,0,34350,0,DKU006#
DEVICE,1645161178436,1645161163282,4,1645161163282,720,72,5,0,34350,0,DKU006#
DEVICE,1645161178468,1645161163314,4,1645161163314,724,72,5,0,34350,0,DKU006#
DEVICE,1645161178500,1645161163346,4,1645161163346,725,72,5,0,34350,0,DKU006#
DEVICE,1645161178532,1645161163378,4,1645161163378,742,74,5,0,34350,0,DKU006#
DEVICE,1645161178564,1645161163410,4,1645161163410,756,75,0,0,34350,0,DKU006#
DEVICE,1645161178596,1645161163442,4,1645161163442,750,75,0,0,34350,0,DKU006#
DEVICE,1645161178628,1645161163474,4,1645161163474,753,75,0,0,34350,0,DKU006#
DEVICE,1645161178660,1645161163506,4,1645161163506,764,76,0,0,34350,0,DKU006#
DEVICE,1645161178692,1645161163538,4,1645161163538,758,75,0,0,34350,0,DKU006#
DEVICE,1645161178724,1645161163570,4,1645161163570,760,76,0,0,34350,0,DKU006#
DEVICE,1645161178756,1645161163602,4,1645161163602,759,75,0,0,34350,0,DKU006#
DEVICE,1645161178788,1645161163634,4,1645161163634,779,77,0,0,34350,0,DKU006#
DEVICE,1645161178820,1645161163666,4,1645161163666,762,76,0,0,34350,0,DKU006#
DEVICE,1645161178852,1645161163698,4,1645161163698,777,77,0,0,34350,0,DKU006#
DEVICE,1645161178884,1645161163730,4,1645161163730,772,77,0,0,34350,0,DKU006#
DEVICE,1645161178915,1645161163761,4,1645161163761,785,78,0,0,34350,0,DKU006#
DEVICE,1645161178947,1645161163793,4,1645161163793,784,78,0,0,34350,0,DKU006#
DEVICE,1645161178980,1645161163826,4,1645161163826,769,76,0,0,34350,0,DKU006#
DEVICE,1645161179012,1645161163858,4,1645161163858,776,77,0,0,34350,0,DKU006#
DEVICE,1645161179044,1645161163890,4,1645161163890,789,78,0,0,34350,0,DKU006#
DEVICE,1645161179076,1645161163922,4,1645161163922,788,78,0,0,34350,0,DKU006#
DEVICE,1645161179107,1645161163953,4,1645161163953,779,77,0,0,34350,0,DKU006#
DEVICE,1645161179139,1645161163985,4,1645161163985,792,79,0,0,34350,0,DKU006#
DEVICE,1645161179171,1645161164017,4,1645161164017,790,79,0,0,34350,0,DKU006#
DEVICE,1645161179203,1645161164049,4,1645161164049,800,80,0,0,34350,0,DKU006#
DEVICE,1645161179235,1645161164081,4,1645161164081,802,80,0,0,34350,0,DKU006#
DEVICE,1645161179267,1645161164113,4,1645161164113,798,79,0,0,34350,0,DKU006#
DEVICE,1645161179299,1645161164145,4,1645161164145,805,80,0,0,34350,0,DKU006#
DEVICE,1645161179331,1645161164177,4,1645161164177,805,80,0,0,34350,0,DKU006#
DEVICE,1645161179363,1645161164209,4,1645161164209,809,80,0,0,34350,0,DKU006#
DEVICE,1645161179395,1645161164241,4,1645161164241,806,80,0,0,34350,0,DKU006#
DEVICE,1645161179428,1645161164274,4,1645161164274,794,79,0,0,34350,0,DKU006#
DEVICE,1645161179475,1645161164321,4,1645161164321,792,79,0,0,34400,0,DKU006#
DEVICE,1645161179491,1645161164337,4,1645161164337,807,80,0,0,34400,0,DKU006#
DEVICE,1645161179523,1645161164369,4,1645161164369,793,79,0,0,34400,0,DKU006#
DEVICE,1645161179555,1645161164401,4,1645161164401,799,79,0,0,34400,0,DKU006#
DEVICE,1645161179587,1645161164433,4,1645161164433,805,80,0,0,34400,0,DKU006#
DEVICE,1645161179619,1645161164465,4,1645161164465,808,80,0,0,34400,0,DKU006#
DEVICE,1645161179651,1645161164497,4,1645161164497,810,81,0,0,34400,0,DKU006#
DEVICE,1645161179683,1645161164529,4,1645161164529,812,81,0,0,34400,0,DKU006#
DEVICE,1645161179715,1645161164561,4,1645161164561,800,80,0,0,34400,0,DKU006#
DEVICE,1645161179747,1645161164593,4,1645161164593,803,80,0,0,34400,0,DKU006#
DEVICE,1645161179779,1645161164625,4,1645161164625,814,81,0,0,34400,0,DKU006#
DEVICE,1645161179811,1645161164657,4,1645161164657,805,80,0,0,34400,0,DKU006#
DEVICE,1645161179843,1645161164689,4,1645161164689,803,80,0,0,34400,0,DKU006#
DEVICE,1645161179875,1645161164721,4,1645161164721,787,78,0,0,34400,0,DKU006#
DEVICE,1645161179907,1645161164753,4,1645161164753,808,80,0,0,34400,0,DKU006#
DEVICE,1645161179939,1645161164785,4,1645161164785,801,80,0,0,34400,0,DKU006#
DEVICE,1645161179971,1645161164817,4,1645161164817,797,79,0,0,34400,0,DKU006#
DEVICE,1645161180003,1645161164849,4,1645161164849,801,80,0,0,34400,0,DKU006#
DEVICE,1645161180035,1645161164881,4,1645161164881,796,79,0,0,34400,0,DKU006#
DEVICE,1645161180067,1645161164913,4,1645161164913,789,78,0,0,34400,0,DKU006#
DEVICE,1645161180099,1645161164945,4,1645161164945,789,78,0,0,34400,0,DKU006#
DEVICE,1645161180131,1645161164977,4,1645161164977,789,78,0,0,34400,0,DKU006#
DEVICE,1645161180163,1645161165009,4,1645161165009,787,78,0,0,34400,0,DKU006#
DEVICE,1645161180195,1645161165041,4,1645161165041,790,79,0,0,34400,0,DKU006#
DEVICE,1645161180227,1645161165073,4,1645161165073,772,77,0,0,34400,0,DKU006#
DEVICE,1645161180259,1645161165105,4,1645161165105,787,78,0,0,34400,0,DKU006#
DEVICE,1645161180291,1645161165137,4,1645161165137,793,79,0,0,34400,0,DKU006#
DEVICE,1645161180323,1645161165169,4,1645161165169,774,77,0,0,34400,0,DKU006#
DEVICE,1645161180355,1645161165201,4,1645161165201,774,77,0,0,34400,0,DKU006#
DEVICE,1645161180387,1645161165233,4,1645161165233,770,77,0,0,34400,0,DKU006#
DEVICE,1645161180419,1645161165265,4,1645161165265,770,77,0,0,34400,0,DKU006#
DEVICE,1645161180451,1645161165297,4,1645161165297,772,77,0,0,34400,0,DKU006#
DEVICE,1645161180483,1645161165329,4,1645161165329,775,77,0,0,34400,0,DKU006#
DEVICE,1645161180515,1645161165361,4,1645161165361,765,76,0,0,34400,0,DKU006#
DEVICE,1645161180546,1645161165392,4,1645161165392,773,77,0,0,34400,0,DKU006#
DEVICE,1645161180595,1645161165441,4,1645161165441,772,77,0,0,34287,0,DKU006#
DEVICE,1645161180611,1645161165457,4,1645161165457,752,75,0,0,34287,0,DKU006#
DEVICE,1645161180643,1645161165489,4,1645161165489,763,76,0,0,34287,0,DKU006#
DEVICE,1645161180675,1645161165521,4,1645161165521,776,77,0,0,34287,0,DKU006#
DEVICE,1645161180707,1645161165553,4,1645161165553,762,76,0,0,34287,0,DKU006#
DEVICE,1645161180738,1645161165584,4,1645161165584,772,77,0,0,34287,0,DKU006#
DEVICE,1645161180770,1645161165616,4,1645161165616,774,77,0,0,34287,0,DKU006#
DEVICE,1645161180802,1645161165648,4,1645161165648,771,77,0,0,34287,0,DKU006#
DEVICE,1645161180834,1645161165680,4,1645161165680,759,75,0,0,34287,0,DKU006#
DEVICE,1645161180866,1645161165712,4,1645161165712,772,77,0,0,34287,0,DKU006#
DEVICE,1645161180899,1645161165745,4,1645161165745,754,75,0,0,34287,0,DKU006#
DEVICE,1645161180930,1645161165776,4,1645161165776,758,75,0,0,34287,0,DKU006#
DEVICE,1645161180963,1645161165809,4,1645161165809,784,78,0,0,34287,0,DKU006#
DEVICE,1645161180995,1645161165841,4,1645161165841,766,76,0,0,34287,0,DKU006#
DEVICE,1645161181027,1645161165873,4,1645161165873,755,75,0,0,34287,0,DKU006#
DEVICE,1645161181059,1645161165905,4,1645161165905,748,74,0,0,34287,0,DKU006#
DEVICE,1645161181090,1645161165936,4,1645161165936,752,75,0,0,34287,0,DKU006#
DEVICE,1645161181123,1645161165969,4,1645161165969,755,75,0,0,34287,0,DKU006#
DEVICE,1645161181154,1645161166000,4,1645161166000,745,74,0,0,34287,0,DKU006#
DEVICE,1645161181186,1645161166032,4,1645161166032,758,75,0,0,34287,0,DKU006#
DEVICE,1645161181218,1645161166064,4,1645161166064,745,74,0,0,34287,0,DKU006#
DEVICE,1645161181250,1645161166096,4,1645161166096,751,75,0,0,34287,0,DKU006#
DEVICE,1645161181282,1645161166128,4,1645161166128,745,74,0,0,34287,0,DKU006#
DEVICE,1645161181314,1645161166160,4,1645161166160,743,74,5,0,34287,0,DKU006#
DEVICE,1645161181346,1645161166192,4,1645161166192,739,73,5,0,34287,0,DKU006#
DEVICE,1645161181378,1645161166224,4,1645161166224,738,73,5,0,34287,0,DKU006#
DEVICE,1645161181410,1645161166256,4,1645161166256,744,74,5,0,34287,0,DKU006#
DEVICE,1645161181442,1645161166288,4,1645161166288,757,75,0,0,34287,0,DKU006#
DEVICE,1645161181474,1645161166320,4,1645161166320,751,75,0,0,34287,0,DKU006#
DEVICE,1645161181506,1645161166352,4,1645161166352,739,73,0,0,34287,0,DKU006#
DEVICE,1645161181538,1645161166384,4,1645161166384,744,74,5,0,34287,0,DKU006#
DEVICE,1645161181570,1645161166416,4,1645161166416,749,74,5,0,34287,0,DKU006#
DEVICE,1645161181602,1645161166448,4,1645161166448,745,74,5,0,34287,0,DKU006#
DEVICE,1645161181634,1645161166480,4,1645161166480,748,74,5,0,34287,0,DKU006#
DEVICE,1645161181666,1645161166512,4,1645161166512,740,74,5,0,34287,0,DKU006#
DEVICE,1645161181698,1645161166544,4,1645161166544,757,75,0,0,34287,0,DKU006#
DEVICE,1645161181730,1645161166576,4,1645161166576,743,74,0,0,34287,0,DKU006#
DEVICE,1645161181762,1645161166608,4,1645161166608,740,74,5,0,34287,0,DKU006#
DEVICE,1645161181794,1645161166640,4,1645161166640,738,73,5,0,34287,0,DKU006#
DEVICE,1645161181826,1645161166672,4,1645161166672,738,73,5,0,34287,0,DKU006#
DEVICE,1645161181858,1645161166704,4,1645161166704,746,74,5,0,34287,0,DKU006#
DEVICE,1645161181890,1645161166736,4,1645161166736,742,74,5,0,34287,0,DKU006#
DEVICE,1645161181922,1645161166768,4,1645161166768,743,74,5,0,34287,0,DKU006#
DEVICE,1645161181954,1645161166800,4,1645161166800,746,74,5,0,34287,0,DKU006#
DEVICE,1645161181986,1645161166832,4,1645161166832,740,74,5,0,34287,0,DKU006#
DEVICE,1645161182018,1645161166864,4,1645161166864,756,75,0,0,34287,0,DKU006#
DEVICE,1645161182050,1645161166896,4,1645161166896,741,74,0,0,34287,0,DKU006#
DEVICE,1645161182082,1645161166928,4,1645161166928,755,75,0,0,34287,0,DKU006#
DEVICE,1645161182114,1645161166960,4,1645161166960,735,73,0,0,34287,0,DKU006#
DEVICE,1645161182146,1645161166992,4,1645161166992,755,75,0,0,34287,0,DKU006#
DEVICE,1645161182178,1645161167024,4,1645161167024,742,74,0,0,34287,0,DKU006#
DEVICE,1645161182210,1645161167056,4,1645161167056,731,73,5,0,34287,0,DKU006#
DEVICE,1645161182242,1645161167088,4,1645161167088,748,74,5,0,34287,0,DKU006#
DEVICE,1645161182274,1645161167120,4,1645161167120,748,74,5,0,34287,0,DKU006#
DEVICE,1645161182306,1645161167152,4,1645161167152,761,76,0,0,34287,0,DKU006#
DEVICE,1645161182337,1645161167183,4,1645161167183,746,74,0,0,34287,0,DKU006#
DEVICE,1645161182369,1645161167215,4,1645161167215,741,74,5,0,34287,0,DKU006#
DEVICE,1645161182401,1645161167247,4,1645161167247,752,75,0,0,34287,0,DKU006#
DEVICE,1645161182433,1645161167279,4,1645161167279,746,74,0,0,34287,0,DKU006#
DEVICE,1645161182465,1645161167311,4,1645161167311,744,74,5,0,34287,0,DKU006#
DEVICE,1645161182497,1645161167343,4,1645161167343,748,74,5,0,34287,0,DKU006#
DEVICE,1645161182529,1645161167375,4,1645161167375,738,73,5,0,34287,0,DKU006#
DEVICE,1645161182562,1645161167408,4,1645161167408,745,74,5,0,34287,0,DKU006#
DEVICE,1645161182594,1645161167440,4,1645161167440,747,74,5,0,34287,0,DKU006#
DEVICE,1645161182625,1645161167471,4,1645161167471,754,75,0,0,34287,0,DKU006#
DEVICE,1645161182658,1645161167504,4,1645161167504,741,74,0,0,34287,0,DKU006#
DEVICE,1645161182690,1645161167536,4,1645161167536,746,74,5,0,34287,0,DKU006#
DEVICE,1645161182721,1645161167567,4,1645161167567,746,74,5,0,34287,0,DKU006#
DEVICE,1645161182738,1645161167584,4,1645161167584,748,74,5,0,34287,0,DKU006#
DEVICE,1645161182769,1645161167615,4,1645161167615,738,73,5,0,34287,0,DKU006#
DEVICE,1645161182801,1645161167647,4,1645161167647,749,74,5,0,34287,0,DKU006#
DEVICE,1645161182833,1645161167679,4,1645161167679,740,74,5,0,34287,0,DKU006#
DEVICE,1645161182865,1645161167711,4,1645161167711,733,73,5,0,34287,0,DKU006#
DEVICE,1645161182897,1645161167743,4,1645161167743,742,74,5,0,34287,0,DKU006#
DEVICE,1645161182929,1645161167775,4,1645161167775,739,73,5,0,34287,0,DKU006#
DEVICE,1645161182961,1645161167807,4,1645161167807,736,73,5,0,34287,0,DKU006#
DEVICE,1645161182993,1645161167839,4,1645161167839,745,74,5,0,34287,0,DKU006#
DEVICE,1645161183025,1645161167871,4,1645161167871,742,74,5,0,34287,0,DKU006#
DEVICE,1645161183058,1645161167904,4,1645161167904,741,74,5,0,34287,0,DKU006#
DEVICE,1645161183089,1645161167935,4,1645161167935,738,73,5,0,34287,0,DKU006#
DEVICE,1645161183121,1645161167967,4,1645161167967,736,73,5,0,34287,0,DKU006#
DEVICE,1645161183153,1645161167999,4,1645161167999,753,75,0,0,34287,0,DKU006#
DEVICE,1645161183185,1645161168031,4,1645161168031,742,74,0,0,34287,0,DKU006#
DEVICE,1645161183217,1645161168063,4,1645161168063,737,73,5,0,34287,0,DKU006#
DEVICE,1645161183249,1645161168095,4,1645161168095,748,74,5,0,34287,0,DKU006#
DEVICE,1645161183281,1645161168127,4,1645161168127,744,74,5,0,34287,0,DKU006#
DEVICE,1645161183313,1645161168159,4,1645161168159,751,75,0,0,34287,0,DKU006#
DEVICE,1645161183345,1645161168191,4,1645161168191,733,73,0,0,34287,0,DKU006#
DEVICE,1645161183377,1645161168223,4,1645161168223,742,74,5,0,34287,0,DKU006#
DEVICE,1645161183409,1645161168255,4,1645161168255,750,75,0,0,34287,0,DKU006#
DEVICE,1645161183441,1645161168287,4,1645161168287,737,73,0,0,34287,0,DKU006#
DEVICE,1645161183473,1645161168319,4,1645161168319,764,76,0,0,34287,0,DKU006#
DEVICE,1645161183505,1645161168351,4,1645161168351,741,74,0,0,34287,0,DKU006#
DEVICE,1645161183537,1645161168383,4,1645161168383,752,75,0,0,34287,0,DKU006#
DEVICE,1645161183569,1645161168415,4,1645161168415,747,74,0,0,34287,0,DKU006#
DEVICE,1645161183601,1645161168447,4,1645161168447,761,76,0,0,34287,0,DKU006#
DEVICE,1645161183633,1645161168479,4,1645161168479,754,75,0,0,34287,0,DKU006#
DEVICE,1645161183665,1645161168511,4,1645161168511,746,74,0,0,34287,0,DKU006#
DEVICE,1645161183696,1645161168542,4,1645161168542,753,75,0,0,34287,0,DKU006#
DEVICE,1645161183729,1645161168575,4,1645161168575,757,75,0,0,34287,0,DKU006#
DEVICE,1645161183761,1645161168607,4,1645161168607,754,75,0,0,34287,0,DKU006#
DEVICE,1645161183793,1645161168639,4,1645161168639,754,75,0,0,34287,0,DKU006#
DEVICE,1645161183825,1645161168671,4,1645161168671,765,76,0,0,34287,0,DKU006#
DEVICE,1645161183857,1645161168703,4,1645161168703,757,75,0,0,34287,0,DKU006#
DEVICE,1645161183889,1645161168735,4,1645161168735,766,76,0,0,34287,0,DKU006#
DEVICE,1645161183921,1645161168767,4,1645161168767,751,75,0,0,34287,0,DKU006#
DEVICE,1645161183953,1645161168799,4,1645161168799,760,76,0,0,34287,0,DKU006#
DEVICE,1645161183985,1645161168831,4,1645161168831,755,75,0,0,34287,0,DKU006#
DEVICE,1645161184016,1645161168862,4,1645161168862,760,76,0,0,34287,0,DKU006#
DEVICE,1645161184048,1645161168894,4,1645161168894,765,76,0,0,34287,0,DKU006#
DEVICE,1645161184081,1645161168927,4,1645161168927,767,76,0,0,34287,0,DKU006#
DEVICE,1645161184113,1645161168959,4,1645161168959,762,76,0,0,34287,0,DKU006#
DEVICE,1645161184145,1645161168991,4,1645161168991,762,76,0,0,34287,0,DKU006#
DEVICE,1645161184177,1645161169023,4,1645161169023,780,78,0,0,34287,0,DKU006#
DEVICE,1645161184209,1645161169055,4,1645161169055,777,77,0,0,34287,0,DKU006#
DEVICE,1645161184240,1645161169086,4,1645161169086,784,78,0,0,34287,0,DKU006#
DEVICE,1645161184272,1645161169118,4,1645161169118,789,78,0,0,34287,0,DKU006#
DEVICE,1645161184304,1645161169150,4,1645161169150,786,78,0,0,34287,0,DKU006#
DEVICE,1645161184336,1645161169182,4,1645161169182,795,79,0,0,34287,0,DKU006#
DEVICE,1645161184368,1645161169214,4,1645161169214,806,80,0,0,34287,0,DKU006#
DEVICE,1645161184400,1645161169246,4,1645161169246,808,80,0,0,34287,0,DKU006#
DEVICE,1645161184432,1645161169278,4,1645161169278,805,80,0,0,34287,0,DKU006#
DEVICE,1645161184464,1645161169310,4,1645161169310,808,80,0,0,34287,0,DKU006#
DEVICE,1645161184496,1645161169342,4,1645161169342,807,80,0,0,34287,0,DKU006#
DEVICE,1645161184528,1645161169374,4,1645161169374,807,80,0,0,34287,0,DKU006#
DEVICE,1645161184560,1645161169406,4,1645161169406,818,81,0,0,34287,0,DKU006#
DEVICE,1645161184592,1645161169438,4,1645161169438,813,81,0,0,34287,0,DKU006#
DEVICE,1645161184624,1645161169470,4,1645161169470,801,80,0,0,34287,0,DKU006#
DEVICE,1645161184656,1645161169502,4,1645161169502,804,80,0,0,34287,0,DKU006#
DEVICE,1645161184688,1645161169534,4,1645161169534,803,80,0,0,34287,0,DKU006#
DEVICE,1645161184720,1645161169566,4,1645161169566,806,80,0,0,34287,0,DKU006#
DEVICE,1645161184752,1645161169598,4,1645161169598,800,80,0,0,34287,0,DKU006#
DEVICE,1645161184784,1645161169630,4,1645161169630,809,80,0,0,34287,0,DKU006#
DEVICE,1645161184816,1645161169662,4,1645161169662,822,82,0,0,34287,0,DKU006#
DEVICE,1645161184848,1645161169694,4,1645161169694,818,81,0,0,34287,0,DKU006#
DEVICE,1645161184880,1645161169726,4,1645161169726,806,80,0,0,34287,0,DKU006#
DEVICE,1645161184912,1645161169758,4,1645161169758,824,82,0,0,34287,0,DKU006#
DEVICE,1645161184944,1645161169790,4,1645161169790,804,80,0,0,34287,0,DKU006#
DEVICE,1645161184976,1645161169822,4,1645161169822,816,81,0,0,34287,0,DKU006#
DEVICE,1645161185008,1645161169854,4,1645161169854,817,81,0,0,34287,0,DKU006#
DEVICE,1645161185040,1645161169886,4,1645161169886,812,81,0,0,34287,0,DKU006#
DEVICE,1645161185072,1645161169918,4,1645161169918,811,81,0,0,34287,0,DKU006#
DEVICE,1645161185104,1645161169950,4,1645161169950,794,79,0,0,34287,0,DKU006#
DEVICE,1645161185136,1645161169982,4,1645161169982,812,81,0,0,34287,0,DKU006#
DEVICE,1645161185168,1645161170014,4,1645161170014,809,80,0,0,34287,0,DKU006#
DEVICE,1645161185200,1645161170046,4,1645161170046,808,80,0,0,34287,0,DKU006#
DEVICE,1645161185232,1645161170078,4,1645161170078,820,82,0,0,34287,0,DKU006#
DEVICE,1645161185264,1645161170110,4,1645161170110,814,81,0,0,34287,0,DKU006#
DEVICE,1645161185295,1645161170141,4,1645161170141,809,80,0,0,34287,0,DKU006#
DEVICE,1645161185328,1645161170174,4,1645161170174,806,80,0,0,34287,0,DKU006#
DEVICE,1645161185360,1645161170206,4,1645161170206,808,80,0,0,34287,0,DKU006#
DEVICE,1645161185392,1645161170238,4,1645161170238,810,81,0,0,34287,0,DKU006#
DEVICE,1645161185424,1645161170270,4,1645161170270,806,80,0,0,34287,0,DKU006#
DEVICE,1645161185455,1645161170301,4,1645161170301,820,82,0,0,34287,0,DKU006#
DEVICE,1645161185487,1645161170333,4,1645161170333,814,81,0,0,34287,0,DKU006#
DEVICE,1645161185519,1645161170365,4,1645161170365,803,80,0,0,34287,0,DKU006#
DEVICE,1645161185551,1645161170397,4,1645161170397,805,80,0,0,34287,0,DKU006#
DEVICE,1645161185583,1645161170429,4,1645161170429,805,80,0,0,34287,0,DKU006#
DEVICE,1645161185615,1645161170461,4,1645161170461,801,80,0,0,34287,0,DKU006#
DEVICE,1645161185647,1645161170493,4,1645161170493,817,81,0,0,34287,0,DKU006#
DEVICE,1645161185679,1645161170525,4,1645161170525,812,81,0,0,34287,0,DKU006#
DEVICE,1645161185712,1645161170558,4,1645161170558,819,81,0,0,34287,0,DKU006#
DEVICE,1645161185743,1645161170589,4,1645161170589,813,81,0,0,34287,0,DKU006#
DEVICE,1645161185775,1645161170621,4,1645161170621,808,80,0,0,34287,0,DKU006#
DEVICE,1645161185807,1645161170653,4,1645161170653,803,80,0,0,34287,0,DKU006#
DEVICE,1645161185839,1645161170685,4,1645161170685,829,82,0,0,34287,0,DKU006#
DEVICE,1645161185871,1645161170717,4,1645161170717,806,80,0,0,34287,0,DKU006#
DEVICE,1645161185903,1645161170749,4,1645161170749,816,81,0,0,34287,0,DKU006#
DEVICE,1645161185935,1645161170781,4,1645161170781,802,80,0,0,34287,0,DKU006#
DEVICE,1645161185967,1645161170813,4,1645161170813,800,80,0,0,34287,0,DKU006#
DEVICE,1645161185999,1645161170845,4,1645161170845,822,82,0,0,34287,0,DKU006#
DEVICE,1645161186031,1645161170877,4,1645161170877,820,82,0,0,34287,0,DKU006#
DEVICE,1645161186063,1645161170909,4,1645161170909,822,82,0,0,34287,0,DKU006#
DEVICE,1645161186095,1645161170941,4,1645161170941,810,81,0,0,34287,0,DKU006#
DEVICE,1645161186127,1645161170973,4,1645161170973,822,82,0,0,34287,0,DKU006#
DEVICE,1645161186160,1645161171006,4,1645161171006,823,82,0,0,34287,0,DKU006#
DEVICE,1645161186191,1645161171037,4,1645161171037,817,81,0,0,34287,0,DKU006#
DEVICE,1645161186223,1645161171069,4,1645161171069,815,81,0,0,34287,0,DKU006#
DEVICE,1645161186254,1645161171100,4,1645161171100,796,79,0,0,34287,0,DKU006#
DEVICE,1645161186287,1645161171133,4,1645161171133,808,80,0,0,34287,0,DKU006#
DEVICE,1645161186319,1645161171165,4,1645161171165,812,81,0,0,34287,0,DKU006#
DEVICE,1645161186351,1645161171197,4,1645161171197,803,80,0,0,34287,0,DKU006#
DEVICE,1645161186383,1645161171229,4,1645161171229,795,79,0,0,34287,0,DKU006#
DEVICE,1645161186415,1645161171261,4,1645161171261,816,81,0,0,34287,0,DKU006#
DEVICE,1645161186447,1645161171293,4,1645161171293,817,81,0,0,34287,0,DKU006#
DEVICE,1645161186479,1645161171325,4,1645161171325,811,81,0,0,34287,0,DKU006#
DEVICE,1645161186511,1645161171357,4,1645161171357,810,81,0,0,34287,0,DKU006#
DEVICE,1645161186543,1645161171389,4,1645161171389,813,81,0,0,34287,0,DKU006#
DEVICE,1645161186575,1645161171421,4,1645161171421,810,81,0,0,34287,0,DKU006#
DEVICE,1645161186607,1645161171453,4,1645161171453,805,80,0,0,34287,0,DKU006#
DEVICE,1645161186639,1645161171485,4,1645161171485,811,81,0,0,34287,0,DKU006#
DEVICE,1645161186671,1645161171517,4,1645161171517,803,80,0,0,37262,0,DKU006#
DEVICE,1645161186703,1645161171549,4,1645161171549,812,81,0,0,37262,0,DKU006#
DEVICE,1645161186735,1645161171581,4,1645161171581,810,81,0,0,37262,0,DKU006#
DEVICE,1645161186766,1645161171612,4,1645161171612,811,81,0,0,37262,0,DKU006#
DEVICE,1645161186798,1645161171644,4,1645161171644,816,81,0,0,37262,0,DKU006#
DEVICE,1645161186830,1645161171676,4,1645161171676,815,81,0,0,37262,0,DKU006#
DEVICE,1645161186862,1645161171708,4,1645161171708,803,80,0,0,37262,0,DKU006#
DEVICE,1645161186895,1645161171741,4,1645161171741,802,80,0,0,37262,0,DKU006#
DEVICE,1645161186927,1645161171773,4,1645161171773,821,82,0,0,37262,0,DKU006#
DEVICE,1645161186959,1645161171805,4,1645161171805,807,80,0,0,37262,0,DKU006#
DEVICE,1645161186990,1645161171836,4,1645161171836,817,81,0,0,37262,0,DKU006#
DEVICE,1645161187022,1645161171868,4,1645161171868,809,80,0,0,37262,0,DKU006#
DEVICE,1645161187054,1645161171900,4,1645161171900,805,80,0,0,37262,0,DKU006#
DEVICE,1645161187086,1645161171932,4,1645161171932,818,81,0,0,37262,0,DKU006#
DEVICE,1645161187118,1645161171964,4,1645161171964,824,82,0,0,37262,0,DKU006#
DEVICE,1645161187150,1645161171996,4,1645161171996,824,82,0,0,37262,0,DKU006#
DEVICE,1645161187182,1645161172028,4,1645161172028,805,80,0,0,37262,0,DKU006#
DEVICE,1645161187214,1645161172060,4,1645161172060,821,82,0,0,37262,0,DKU006#
DEVICE,1645161187246,1645161172092,4,1645161172092,807,80,0,0,37262,0,DKU006#
DEVICE,1645161187278,1645161172124,4,1645161172124,820,82,0,0,37262,0,DKU006#
DEVICE,1645161187310,1645161172156,4,1645161172156,801,80,0,0,37262,0,DKU006#
DEVICE,1645161187342,1645161172188,4,1645161172188,809,80,0,0,37262,0,DKU006#
DEVICE,1645161187374,1645161172220,4,1645161172220,803,80,0,0,37262,0,DKU006#
DEVICE,1645161187390,1645161172236,4,1645161172236,801,80,0,0,37262,0,DKU006#
DEVICE,1645161187438,1645161172284,4,1645161172284,815,81,0,0,37262,0,DKU006#
DEVICE,1645161187454,1645161172300,4,1645161172300,821,82,0,0,37262,0,DKU006#
DEVICE,1645161187486,1645161172332,4,1645161172332,807,80,0,0,37262,0,DKU006#
DEVICE,1645161187518,1645161172364,4,1645161172364,814,81,0,0,37262,0,DKU006#
DEVICE,1645161187550,1645161172396,4,1645161172396,820,82,0,0,37262,0,DKU006#
DEVICE,1645161187582,1645161172428,4,1645161172428,827,82,0,0,37262,0,DKU006#
DEVICE,1645161187614,1645161172460,4,1645161172460,816,81,0,0,37262,0,DKU006#
DEVICE,1645161187646,1645161172492,4,1645161172492,819,81,0,0,37262,0,DKU006#
DEVICE,1645161187694,1645161172540,4,1645161172540,797,79,0,0,37343,0,DKU006#
DEVICE,1645161187710,1645161172556,4,1645161172556,799,79,0,0,37343,0,DKU006#
DEVICE,1645161187742,1645161172588,4,1645161172588,799,79,0,0,37343,0,DKU006#
DEVICE,1645161187774,1645161172620,4,1645161172620,809,80,0,0,37343,0,DKU006#
DEVICE,1645161187806,1645161172652,4,1645161172652,825,82,0,0,37343,0,DKU006#
DEVICE,1645161187838,1645161172684,4,1645161172684,806,80,0,0,37343,0,DKU006#
DEVICE,1645161187870,1645161172716,4,1645161172716,811,81,0,0,37343,0,DKU006#
DEVICE,1645161187902,1645161172748,4,1645161172748,798,79,0,0,37343,0,DKU006#
DEVICE,1645161187934,1645161172780,4,1645161172780,801,80,0,0,37343,0,DKU006#
DEVICE,1645161187966,1645161172812,4,1645161172812,827,82,0,0,37343,0,DKU006#
DEVICE,1645161187998,1645161172844,4,1645161172844,820,82,0,0,37343,0,DKU006#
DEVICE,1645161188029,1645161172875,4,1645161172875,812,81,0,0,37343,0,DKU006#
DEVICE,1645161188062,1645161172908,4,1645161172908,807,80,0,0,37343,0,DKU006#
DEVICE,1645161188094,1645161172940,4,1645161172940,819,81,0,0,37343,0,DKU006#
DEVICE,1645161188126,1645161172972,4,1645161172972,818,81,0,0,37343,0,DKU006#
DEVICE,1645161188158,1645161173004,4,1645161173004,823,82,0,0,37343,0,DKU006#
DEVICE,1645161188190,1645161173036,4,1645161173036,811,81,0,0,37343,0,DKU006#
DEVICE,1645161188221,1645161173067,4,1645161173067,817,81,0,0,37343,0,DKU006#
DEVICE,1645161188253,1645161173099,4,1645161173099,800,80,0,0,37343,0,DKU006#
DEVICE,1645161188285,1645161173131,4,1645161173131,808,80,0,0,37343,0,DKU006#
DEVICE,1645161188317,1645161173163,4,1645161173163,827,82,0,0,37343,0,DKU006#
DEVICE,1645161188349,1645161173195,4,1645161173195,816,81,0,0,37343,0,DKU006#
DEVICE,1645161188381,1645161173227,4,1645161173227,816,81,0,0,37343,0,DKU006#
DEVICE,1645161188413,1645161173259,4,1645161173259,799,79,0,0,37343,0,DKU006#
DEVICE,1645161188445,1645161173291,4,1645161173291,810,81,0,0,37343,0,DKU006#
DEVICE,1645161188478,1645161173324,4,1645161173324,810,81,0,0,37343,0,DKU006#
DEVICE,1645161188509,1645161173355,4,1645161173355,816,81,0,0,37343,0,DKU006#
DEVICE,1645161188541,1645161173387,4,1645161173387,818,81,0,0,37343,0,DKU006#
DEVICE,1645161188573,1645161173419,4,1645161173419,811,81,0,0,37343,0,DKU006#
DEVICE,1645161188605,1645161173451,4,1645161173451,796,79,0,0,37343,0,DKU006#
DEVICE,1645161188637,1645161173483,4,1645161173483,802,80,0,0,37343,0,DKU006#
DEVICE,1645161188685,1645161173531,4,1645161173531,813,81,0,0,37375,0,DKU006#
DEVICE,1645161188701,1645161173547,4,1645161173547,809,80,0,0,37375,0,DKU006#
DEVICE,1645161188733,1645161173579,4,1645161173579,815,81,0,0,37375,0,DKU006#
DEVICE,1645161188765,1645161173611,4,1645161173611,812,81,0,0,37375,0,DKU006#
DEVICE,1645161188797,1645161173643,4,1645161173643,824,82,0,0,37375,0,DKU006#
DEVICE,1645161188829,1645161173675,4,1645161173675,819,81,0,0,37375,0,DKU006#
DEVICE,1645161188862,1645161173708,4,1645161173708,804,80,0,0,37375,0,DKU006#
DEVICE,1645161188893,1645161173739,4,1645161173739,829,82,0,0,37375,0,DKU006#
DEVICE,1645161188925,1645161173771,4,1645161173771,816,81,0,0,37375,0,DKU006#
DEVICE,1645161188957,1645161173803,4,1645161173803,816,81,0,0,37375,0,DKU006#
DEVICE,1645161188989,1645161173835,4,1645161173835,822,82,0,0,37375,0,DKU006#
DEVICE,1645161189021,1645161173867,4,1645161173867,812,81,0,0,37375,0,DKU006#
DEVICE,1645161189053,1645161173899,4,1645161173899,826,82,0,0,37375,0,DKU006#
DEVICE,1645161189085,1645161173931,4,1645161173931,798,79,0,0,37375,0,DKU006#
DEVICE,1645161189117,1645161173963,4,1645161173963,809,80,0,0,37375,0,DKU006#
DEVICE,1645161189149,1645161173995,4,1645161173995,815,81,0,0,37375,0,DKU006#
DEVICE,1645161189181,1645161174027,4,1645161174027,818,81,0,0,37375,0,DKU006#
DEVICE,1645161189212,1645161174058,4,1645161174058,828,82,0,0,37375,0,DKU006#
DEVICE,1645161189245,1645161174091,4,1645161174091,807,80,0,0,37375,0,DKU006#
DEVICE,1645161189277,1645161174123,4,1645161174123,816,81,0,0,37375,0,DKU006#
DEVICE,1645161189309,1645161174155,4,1645161174155,807,80,0,0,37375,0,DKU006#
DEVICE,1645161189341,1645161174187,4,1645161174187,815,81,0,0,37375,0,DKU006#
DEVICE,1645161189373,1645161174219,4,1645161174219,814,81,0,0,37375,0,DKU006#
DEVICE,1645161189405,1645161174251,4,1645161174251,809,80,0,0,37375,0,DKU006#
DEVICE,1645161189437,1645161174283,4,1645161174283,796,79,0,0,37375,0,DKU006#
DEVICE,1645161189469,1645161174315,4,1645161174315,812,81,0,0,37375,0,DKU006#
DEVICE,1645161189500,1645161174346,4,1645161174346,815,81,0,0,37375,0,DKU006#
DEVICE,1645161189532,1645161174378,4,1645161174378,811,81,0,0,37375,0,DKU006#
DEVICE,1645161189564,1645161174410,4,1645161174410,818,81,0,0,37375,0,DKU006#
DEVICE,1645161189597,1645161174443,4,1645161174443,813,81,0,0,37375,0,DKU006#
DEVICE,1645161189628,1645161174474,4,1645161174474,828,82,0,0,37375,0,DKU006#
DEVICE,1645161189661,1645161174507,4,1645161174507,810,81,0,0,37375,0,DKU006#
DEVICE,1645161189708,1645161174554,4,1645161174554,819,81,0,0,37387,0,DKU006#
DEVICE,1645161189725,1645161174571,4,1645161174571,802,80,0,0,37387,0,DKU006#
DEVICE,1645161189757,1645161174603,4,1645161174603,820,82,0,0,37387,0,DKU006#
DEVICE,1645161189788,1645161174634,4,1645161174634,821,82,0,0,37387,0,DKU006#
DEVICE,1645161189820,1645161174666,4,1645161174666,816,81,0,0,37387,0,DKU006#
DEVICE,1645161189852,1645161174698,4,1645161174698,807,80,0,0,37387,0,DKU006#
DEVICE,1645161189884,1645161174730,4,1645161174730,814,81,0,0,37387,0,DKU006#
DEVICE,1645161189916,1645161174762,4,1645161174762,822,82,0,0,37387,0,DKU006#
DEVICE,1645161189948,1645161174794,4,1645161174794,808,80,0,0,37387,0,DKU006#
DEVICE,1645161189980,1645161174826,4,1645161174826,815,81,0,0,37387,0,DKU006#
DEVICE,1645161190012,1645161174858,4,1645161174858,820,82,0,0,37387,0,DKU006#
DEVICE,1645161190044,1645161174890,4,1645161174890,832,83,0,0,37387,0,DKU006#
DEVICE,1645161190076,1645161174922,4,1645161174922,814,81,0,0,37387,0,DKU006#
DEVICE,1645161190108,1645161174954,4,1645161174954,819,81,0,0,37387,0,DKU006#
DEVICE,1645161190140,1645161174986,4,1645161174986,813,81,0,0,37387,0,DKU006#
DEVICE,1645161190172,1645161175018,4,1645161175018,806,80,0,0,37387,0,DKU006#
DEVICE,1645161190204,1645161175050,4,1645161175050,818,81,0,0,37387,0,DKU006#
DEVICE,1645161190236,1645161175082,4,1645161175082,811,81,0,0,37387,0,DKU006#
DEVICE,1645161190268,1645161175114,4,1645161175114,806,80,0,0,37387,0,DKU006#
DEVICE,1645161190300,1645161175146,4,1645161175146,808,80,0,0,37387,0,DKU006#
DEVICE,1645161190332,1645161175178,4,1645161175178,814,81,0,0,37387,0,DKU006#
DEVICE,1645161190364,1645161175210,4,1645161175210,818,81,0,0,37387,0,DKU006#
DEVICE,1645161190396,1645161175242,4,1645161175242,814,81,0,0,37387,0,DKU006#
DEVICE,1645161190428,1645161175274,4,1645161175274,812,81,0,0,37387,0,DKU006#
DEVICE,1645161190460,1645161175306,4,1645161175306,817,81,0,0,37387,0,DKU006#
DEVICE,1645161190492,1645161175338,4,1645161175338,820,82,0,0,37387,0,DKU006#
DEVICE,1645161190524,1645161175370,4,1645161175370,796,79,0,0,37387,0,DKU006#
DEVICE,1645161190556,1645161175402,4,1645161175402,819,81,0,0,37387,0,DKU006#
DEVICE,1645161190588,1645161175434,4,1645161175434,820,82,0,0,37387,0,DKU006#
DEVICE,1645161190620,1645161175466,4,1645161175466,816,81,0,0,37387,0,DKU006#
DEVICE,1645161190652,1645161175498,4,1645161175498,797,79,0,0,37387,0,DKU006#
DEVICE,1645161190684,1645161175530,4,1645161175530,807,80,0,0,37425,0,DKU006#
DEVICE,1645161190716,1645161175562,4,1645161175562,806,80,0,0,37425,0,DKU006#
DEVICE,1645161190748,1645161175594,4,1645161175594,830,83,0,0,37425,0,DKU006#
DEVICE,1645161190780,1645161175626,4,1645161175626,809,80,0,0,37425,0,DKU006#
DEVICE,1645161190812,1645161175658,4,1645161175658,803,80,0,0,37425,0,DKU006#
DEVICE,1645161190844,1645161175690,4,1645161175690,819,81,0,0,37425,0,DKU006#
DEVICE,1645161190876,1645161175722,4,1645161175722,825,82,0,0,37425,0,DKU006#
DEVICE,1645161190908,1645161175754,4,1645161175754,809,80,0,0,37425,0,DKU006#
DEVICE,1645161190940,1645161175786,4,1645161175786,803,80,0,0,37425,0,DKU006#
DEVICE,1645161190972,1645161175818,4,1645161175818,828,82,0,0,37425,0,DKU006#
DEVICE,1645161191004,1645161175850,4,1645161175850,822,82,0,0,37425,0,DKU006#
DEVICE,1645161191035,1645161175881,4,1645161175881,810,81,0,0,37425,0,DKU006#
DEVICE,1645161191068,1645161175914,4,1645161175914,805,80,0,0,37425,0,DKU006#
DEVICE,1645161191100,1645161175946,4,1645161175946,816,81,0,0,37425,0,DKU006#
DEVICE,1645161191132,1645161175978,4,1645161175978,812,81,0,0,37425,0,DKU006#
DEVICE,1645161191164,1645161176010,4,1645161176010,807,80,0,0,37425,0,DKU006#
DEVICE,1645161191196,1645161176042,4,1645161176042,815,81,0,0,37425,0,DKU006#
DEVICE,1645161191228,1645161176074,4,1645161176074,806,80,0,0,37425,0,DKU006#
DEVICE,1645161191260,1645161176106,4,1645161176106,820,82,0,0,37425,0,DKU006#
DEVICE,1645161191292,1645161176138,4,1645161176138,809,80,0,0,37425,0,DKU006#
DEVICE,1645161191324,1645161176170,4,1645161176170,821,82,0,0,37425,0,DKU006#
DEVICE,1645161191356,1645161176202,4,1645161176202,814,81,0,0,37425,0,DKU006#
DEVICE,1645161191387,1645161176233,4,1645161176233,818,81,0,0,37425,0,DKU006#
DEVICE,1645161191419,1645161176265,4,1645161176265,804,80,0,0,37425,0,DKU006#
DEVICE,1645161191451,1645161176297,4,1645161176297,812,81,0,0,37425,0,DKU006#
DEVICE,1645161191483,1645161176329,4,1645161176329,820,82,0,0,37425,0,DKU006#
DEVICE,1645161191515,1645161176361,4,1645161176361,813,81,0,0,37425,0,DKU006#
DEVICE,1645161191547,1645161176393,4,1645161176393,819,81,0,0,37425,0,DKU006#
DEVICE,1645161191579,1645161176425,4,1645161176425,813,81,0,0,37425,0,DKU006#
DEVICE,1645161191612,1645161176458,4,1645161176458,800,80,0,0,37425,0,DKU006#
DEVICE,1645161191644,1645161176490,4,1645161176490,808,80,0,0,37425,0,DKU006#
DEVICE,1645161191676,1645161176522,4,1645161176522,814,81,0,0,37425,0,DKU006#
DEVICE,1645161191708,1645161176554,4,1645161176554,815,81,0,0,37425,0,DKU006#
DEVICE,1645161191740,1645161176586,4,1645161176586,808,80,0,0,37425,0,DKU006#
DEVICE,1645161191771,1645161176617,4,1645161176617,809,80,0,0,37425,0,DKU006#
DEVICE,1645161191803,1645161176649,4,1645161176649,799,79,0,0,37425,0,DKU006#
DEVICE,1645161191835,1645161176681,4,1645161176681,807,80,0,0,37425,0,DKU006#
DEVICE,1645161191867,1645161176713,4,1645161176713,810,81,0,0,37425,0,DKU006#
DEVICE,1645161191899,1645161176745,4,1645161176745,813,81,0,0,37425,0,DKU006#
DEVICE,1645161191931,1645161176777,4,1645161176777,814,81,0,0,37425,0,DKU006#
DEVICE,1645161191963,1645161176809,4,1645161176809,804,80,0,0,37425,0,DKU006#
DEVICE,1645161191979,1645161176825,4,1645161176825,821,82,0,0,37425,0,DKU006#
DEVICE,1645161192011,1645161176857,4,1645161176857,823,82,0,0,37425,0,DKU006#
DEVICE,1645161192043,1645161176889,4,1645161176889,809,80,0,0,37425,0,DKU006#
DEVICE,1645161192075,1645161176921,4,1645161176921,808,80,0,0,37425,0,DKU006#
DEVICE,1645161192107,1645161176953,4,1645161176953,810,81,0,0,37425,0,DKU006#
DEVICE,1645161192139,1645161176985,4,1645161176985,817,81,0,0,37425,0,DKU006#
DEVICE,1645161192171,1645161177017,4,1645161177017,810,81,0,0,37425,0,DKU006#
DEVICE,1645161192203,1645161177049,4,1645161177049,793,79,0,0,37425,0,DKU006#
DEVICE,1645161192235,1645161177081,4,1645161177081,813,81,0,0,37425,0,DKU006#
DEVICE,1645161192267,1645161177113,4,1645161177113,798,79,0,0,37425,0,DKU006#
DEVICE,1645161192299,1645161177145,4,1645161177145,806,80,0,0,37425,0,DKU006#
DEVICE,1645161192331,1645161177177,4,1645161177177,806,80,0,0,37425,0,DKU006#
DEVICE,1645161192363,1645161177209,4,1645161177209,805,80,0,0,37425,0,DKU006#
DEVICE,1645161192395,1645161177241,4,1645161177241,817,81,0,0,37425,0,DKU006#
DEVICE,1645161192427,1645161177273,4,1645161177273,818,81,0,0,37425,0,DKU006#
DEVICE,1645161192459,1645161177305,4,1645161177305,814,81,0,0,37425,0,DKU006#
DEVICE,1645161192491,1645161177337,4,1645161177337,808,80,0,0,37425,0,DKU006#
DEVICE,1645161192523,1645161177369,4,1645161177369,823,82,0,0,37425,0,DKU006#
DEVICE,1645161192555,1645161177401,4,1645161177401,813,81,0,0,37425,0,DKU006#
DEVICE,1645161192587,1645161177433,4,1645161177433,809,80,0,0,37425,0,DKU006#
DEVICE,1645161192619,1645161177465,4,1645161177465,821,82,0,0,37425,0,DKU006#
DEVICE,1645161192651,1645161177497,4,1645161177497,802,80,0,0,37425,0,DKU006#
DEVICE,1645161192683,1645161177529,4,1645161177529,805,80,0,0,37425,0,DKU006#
DEVICE,1645161192715,1645161177561,4,1645161177561,818,81,0,0,37425,0,DKU006#
DEVICE,1645161192747,1645161177593,4,1645161177593,804,80,0,0,37425,0,DKU006#
DEVICE,1645161192779,1645161177625,4,1645161177625,806,80,0,0,37425,0,DKU006#
DEVICE,1645161192811,1645161177657,4,1645161177657,827,82,0,0,37425,0,DKU006#
DEVICE,1645161192843,1645161177689,4,1645161177689,811,81,0,0,37425,0,DKU006#
DEVICE,1645161192875,1645161177721,4,1645161177721,808,80,0,0,37425,0,DKU006#
DEVICE,1645161192907,1645161177753,4,1645161177753,816,81,0,0,37425,0,DKU006#
DEVICE,1645161192939,1645161177785,4,1645161177785,815,81,0,0,37425,0,DKU006#
DEVICE,1645161192971,1645161177817,4,1645161177817,803,80,0,0,37425,0,DKU006#
DEVICE,1645161193003,1645161177849,4,1645161177849,811,81,0,0,37425,0,DKU006#
DEVICE,1645161193035,1645161177881,4,1645161177881,817,81,0,0,37425,0,DKU006#
DEVICE,1645161193067,1645161177913,4,1645161177913,818,81,0,0,37425,0,DKU006#
DEVICE,1645161193099,1645161177945,4,1645161177945,816,81,0,0,37425,0,DKU006#
DEVICE,1645161193130,1645161177976,4,1645161177976,800,80,0,0,37425,0,DKU006#
DEVICE,1645161193179,1645161178025,4,1645161178025,813,81,0,0,37456,0,DKU006#
DEVICE,1645161193195,1645161178041,4,1645161178041,820,82,0,0,37456,0,DKU006#
DEVICE,1645161193227,1645161178073,4,1645161178073,808,80,0,0,37456,0,DKU006#
DEVICE,1645161193259,1645161178105,4,1645161178105,823,82,0,0,37456,0,DKU006#
DEVICE,1645161193291,1645161178137,4,1645161178137,819,81,0,0,37456,0,DKU006#
DEVICE,1645161193323,1645161178169,4,1645161178169,816,81,0,0,37456,0,DKU006#
DEVICE,1645161193354,1645161178200,4,1645161178200,809,80,0,0,37456,0,DKU006#
DEVICE,1645161193386,1645161178232,4,1645161178232,812,81,0,0,37456,0,DKU006#
DEVICE,1645161193418,1645161178264,4,1645161178264,820,82,0,0,37456,0,DKU006#
DEVICE,1645161193450,1645161178296,4,1645161178296,813,81,0,0,37456,0,DKU006#
DEVICE,1645161193482,1645161178328,4,1645161178328,813,81,0,0,37456,0,DKU006#
DEVICE,1645161193514,1645161178360,4,1645161178360,810,81,0,0,37456,0,DKU006#
DEVICE,1645161193546,1645161178392,4,1645161178392,835,83,0,0,37456,0,DKU006#
DEVICE,1645161193578,1645161178424,4,1645161178424,814,81,0,0,37456,0,DKU006#
DEVICE,1645161193610,1645161178456,4,1645161178456,818,81,0,0,37456,0,DKU006#
DEVICE,1645161193643,1645161178489,4,1645161178489,822,82,0,0,37456,0,DKU006#
DEVICE,1645161193675,1645161178521,4,1645161178521,809,80,0,0,37456,0,DKU006#
DEVICE,1645161193706,1645161178552,4,1645161178552,818,81,0,0,37456,0,DKU006#
DEVICE,1645161193738,1645161178584,4,1645161178584,812,81,0,0,37456,0,DKU006#
DEVICE,1645161193770,1645161178616,4,1645161178616,812,81,0,0,37456,0,DKU006#
DEVICE,1645161193802,1645161178648,4,1645161178648,807,80,0,0,37456,0,DKU006#
DEVICE,1645161193834,1645161178680,4,1645161178680,815,81,0,0,37456,0,DKU006#
DEVICE,1645161193866,1645161178712,4,1645161178712,815,81,0,0,37456,0,DKU006#
DEVICE,1645161193898,1645161178744,4,1645161178744,808,80,0,0,37456,0,DKU006#
DEVICE,1645161193930,1645161178776,4,1645161178776,822,82,0,0,37456,0,DKU006#
DEVICE,1645161193962,1645161178808,4,1645161178808,796,79,0,0,37456,0,DKU006#
DEVICE,1645161193994,1645161178840,4,1645161178840,806,80,0,0,37456,0,DKU006#
DEVICE,1645161194026,1645161178872,4,1645161178872,821,82,0,0,37456,0,DKU006#
DEVICE,1645161194058,1645161178904,4,1645161178904,819,81,0,0,37456,0,DKU006#
DEVICE,1645161194090,1645161178936,4,1645161178936,816,81,0,0,37456,0,DKU006#
DEVICE,1645161194122,1645161178968,4,1645161178968,803,80,0,0,37456,0,DKU006#
DEVICE,1645161194154,1645161179000,4,1645161179000,820,82,0,0,37456,0,DKU006#
DEVICE,1645161194202,1645161179048,4,1645161179048,803,80,0,0,37462,0,DKU006#
DEVICE,1645161194218,1645161179064,4,1645161179064,813,81,0,0,37462,0,DKU006#
DEVICE,1645161194250,1645161179096,4,1645161179096,817,81,0,0,37462,0,DKU006#
DEVICE,1645161194282,1645161179128,4,1645161179128,805,80,0,0,37462,0,DKU006#
DEVICE,1645161194314,1645161179160,4,1645161179160,799,79,0,0,37462,0,DKU006#
DEVICE,1645161194346,1645161179192,4,1645161179192,816,81,0,0,37462,0,DKU006#
DEVICE,1645161194378,1645161179224,4,1645161179224,816,81,0,0,37462,0,DKU006#
DEVICE,1645161194410,1645161179256,4,1645161179256,804,80,0,0,37462,0,DKU006#
DEVICE,1645161194442,1645161179288,4,1645161179288,811,81,0,0,37462,0,DKU006#
DEVICE,1645161194474,1645161179320,4,1645161179320,804,80,0,0,37462,0,DKU006#
DEVICE,1645161194506,1645161179352,4,1645161179352,826,82,0,0,37462,0,DKU006#
DEVICE,1645161194538,1645161179384,4,1645161179384,808,80,0,0,37462,0,DKU006#
DEVICE,1645161194570,1645161179416,4,1645161179416,800,80,0,0,37462,0,DKU006#
DEVICE,1645161194602,1645161179448,4,1645161179448,813,81,0,0,37462,0,DKU006#
DEVICE,1645161194634,1645161179480,4,1645161179480,807,80,0,0,37462,0,DKU006#
DEVICE,1645161194666,1645161179512,4,1645161179512,816,81,0,0,37462,0,DKU006#
DEVICE,1645161194698,1645161179544,4,1645161179544,802,80,0,0,37462,0,DKU006#
DEVICE,1645161194730,1645161179576,4,1645161179576,810,81,0,0,37462,0,DKU006#
DEVICE,1645161194762,1645161179608,4,1645161179608,804,80,0,0,37462,0,DKU006#
DEVICE,1645161194794,1645161179640,4,1645161179640,801,80,0,0,37462,0,DKU006#
DEVICE,1645161194826,1645161179672,4,1645161179672,819,81,0,0,37462,0,DKU006#
DEVICE,1645161194858,1645161179704,4,1645161179704,814,81,0,0,37462,0,DKU006#
DEVICE,1645161194890,1645161179736,4,1645161179736,821,82,0,0,37462,0,DKU006#
DEVICE,1645161194922,1645161179768,4,1645161179768,819,81,0,0,37462,0,DKU006#
DEVICE,1645161194953,1645161179799,4,1645161179799,827,82,0,0,37462,0,DKU006#
DEVICE,1645161194985,1645161179831,4,1645161179831,812,81,0,0,37462,0,DKU006#
DEVICE,1645161195017,1645161179863,4,1645161179863,803,80,0,0,37462,0,DKU006#
DEVICE,1645161195049,1645161179895,4,1645161179895,812,81,0,0,37462,0,DKU006#
DEVICE,1645161195081,1645161179927,4,1645161179927,818,81,0,0,37462,0,DKU006#
DEVICE,1645161195113,1645161179959,4,1645161179959,798,79,0,0,37462,0,DKU006#
DEVICE,1645161195145,1645161179991,4,1645161179991,805,80,0,0,37462,0,DKU006#
DEVICE,1645161195178,1645161180024,4,1645161180024,820,82,0,0,37468,0,DKU006#
DEVICE,1645161195209,1645161180055,4,1645161180055,816,81,0,0,37468,0,DKU006#
DEVICE,1645161195241,1645161180087,4,1645161180087,797,79,0,0,37468,0,DKU006#
DEVICE,1645161195273,1645161180119,4,1645161180119,820,82,0,0,37468,0,DKU006#
DEVICE,1645161195305,1645161180151,4,1645161180151,817,81,0,0,37468,0,DKU006#
DEVICE,1645161195337,1645161180183,4,1645161180183,815,81,0,0,37468,0,DKU006#
DEVICE,1645161195369,1645161180215,4,1645161180215,815,81,0,0,37468,0,DKU006#
DEVICE,1645161195401,1645161180247,4,1645161180247,817,81,0,0,37468,0,DKU006#
DEVICE,1645161195433,1645161180279,4,1645161180279,812,81,0,0,37468,0,DKU006#
DEVICE,1645161195465,1645161180311,4,1645161180311,816,81,0,0,37468,0,DKU006#
DEVICE,1645161195497,1645161180343,4,1645161180343,814,81,0,0,37468,0,DKU006#
DEVICE,1645161195529,1645161180375,4,1645161180375,800,80,0,0,37468,0,DKU006#
DEVICE,1645161195561,1645161180407,4,1645161180407,811,81,0,0,37468,0,DKU006#
DEVICE,1645161195593,1645161180439,4,1645161180439,812,81,0,0,37468,0,DKU006#
DEVICE,1645161195625,1645161180471,4,1645161180471,799,79,0,0,37468,0,DKU006#
DEVICE,1645161195657,1645161180503,4,1645161180503,806,80,0,0,37468,0,DKU006#
DEVICE,1645161195689,1645161180535,4,1645161180535,803,80,0,0,37468,0,DKU006#
DEVICE,1645161195721,1645161180567,4,1645161180567,821,82,0,0,37468,0,DKU006#
DEVICE,1645161195753,1645161180599,4,1645161180599,816,81,0,0,37468,0,DKU006#
DEVICE,1645161195785,1645161180631,4,1645161180631,812,81,0,0,37468,0,DKU006#
DEVICE,1645161195817,1645161180663,4,1645161180663,811,81,0,0,37468,0,DKU006#
DEVICE,1645161195849,1645161180695,4,1645161180695,809,80,0,0,37468,0,DKU006#
DEVICE,1645161195881,1645161180727,4,1645161180727,812,81,0,0,37468,0,DKU006#
