Device,PTPTime,UnixTime,Protocool,CurrentDeviceTime,GyroX,GyroY,GyroZ,AccX,AccY,AccZ,
AIRPOT,1644470960445,1644470960454,4,1644470960454,0.077,0.960,-0.268,0.007,0.034,-0.010
AIRPOT,1644470960552,1644470960561,4,1644470960561,0.080,0.959,-0.270,0.015,0.044,0.005
AIRPOT,1644470960671,1644470960680,4,1644470960680,0.074,0.953,-0.295,0.007,0.019,-0.006
AIRPOT,1644470960790,1644470960799,4,1644470960799,0.071,0.945,-0.319,0.010,-0.021,-0.010
AIRPOT,1644470960832,1644470960841,4,1644470960841,0.071,0.944,-0.323,0.014,-0.029,-0.013
AIRPOT,1644470960875,1644470960884,4,1644470960884,0.072,0.943,-0.325,0.013,-0.051,-0.007
AIRPOT,1644470960922,1644470960931,4,1644470960931,0.073,0.943,-0.325,0.006,-0.027,0.002
AIRPOT,1644470960991,1644470961000,4,1644470961000,0.074,0.943,-0.324,-0.003,-0.016,-0.014
AIRPOT,1644470961039,1644470961048,4,1644470961048,0.078,0.943,-0.323,-0.003,-0.039,0.001
AIRPOT,1644470961106,1644470961115,4,1644470961115,0.084,0.945,-0.317,-0.000,-0.034,0.009
AIRPOT,1644470961162,1644470961171,4,1644470961171,0.081,0.947,-0.311,-0.003,0.001,0.022
AIRPOT,1644470961195,1644470961204,4,1644470961204,0.071,0.950,-0.304,0.011,0.011,-0.005
AIRPOT,1644470961243,1644470961252,4,1644470961252,0.063,0.952,-0.299,0.007,0.022,-0.006
AIRPOT,1644470961312,1644470961321,4,1644470961321,0.056,0.956,-0.288,-0.024,0.041,-0.024
AIRPOT,1644470961363,1644470961372,4,1644470961372,0.057,0.957,-0.284,-0.022,-0.001,-0.025
AIRPOT,1644470961475,1644470961484,4,1644470961484,0.063,0.957,-0.284,-0.017,-0.012,-0.008
AIRPOT,1644470961630,1644470961639,4,1644470961639,0.077,0.960,-0.270,-0.004,-0.008,0.005
AIRPOT,1644470961681,1644470961690,4,1644470961690,0.078,0.962,-0.263,-0.002,-0.018,0.024
AIRPOT,1644470961792,1644470961801,4,1644470961801,0.081,0.963,-0.257,-0.002,0.038,0.019
AIRPOT,1644470961901,1644470961910,4,1644470961910,0.099,0.964,-0.248,-0.027,0.012,-0.023
AIRPOT,1644470961950,1644470961959,4,1644470961959,0.107,0.962,-0.249,-0.037,-0.055,-0.042
AIRPOT,1644470962078,1644470962087,4,1644470962087,0.119,0.960,-0.254,-0.029,-0.079,0.018
AIRPOT,1644470962203,1644470962212,4,1644470962212,0.127,0.965,-0.227,0.023,0.106,-0.039
AIRPOT,1644470962270,1644470962279,4,1644470962279,0.131,0.968,-0.213,0.043,0.113,0.002
AIRPOT,1644470962326,1644470962335,4,1644470962335,0.132,0.968,-0.214,0.054,0.093,0.023
AIRPOT,1644470962550,1644470962559,4,1644470962559,0.133,0.961,-0.244,0.010,-0.074,0.027
AIRPOT,1644470962586,1644470962595,4,1644470962595,0.129,0.960,-0.248,0.019,-0.058,0.016
AIRPOT,1644470962647,1644470962656,4,1644470962656,0.125,0.960,-0.249,0.018,-0.053,0.020
AIRPOT,1644470962714,1644470962723,4,1644470962723,0.119,0.962,-0.248,0.008,-0.023,0.010
AIRPOT,1644470962834,1644470962843,4,1644470962843,0.113,0.965,-0.239,-0.009,-0.008,-0.011
AIRPOT,1644470962898,1644470962907,4,1644470962907,0.108,0.966,-0.234,-0.008,0.020,-0.011
AIRPOT,1644470962963,1644470962972,4,1644470962972,0.105,0.967,-0.233,-0.010,0.030,-0.006
AIRPOT,1644470963014,1644470963023,4,1644470963023,0.102,0.967,-0.232,-0.005,0.038,-0.008
AIRPOT,1644470963075,1644470963084,4,1644470963084,0.096,0.968,-0.232,-0.003,0.045,-0.017
AIRPOT,1644470963106,1644470963115,4,1644470963115,0.095,0.968,-0.233,-0.004,0.027,-0.001
AIRPOT,1644470963195,1644470963204,4,1644470963204,0.094,0.966,-0.242,-0.002,-0.020,0.022
AIRPOT,1644470963304,1644470963313,4,1644470963313,0.093,0.964,-0.251,0.015,-0.014,0.024
AIRPOT,1644470963422,1644470963431,4,1644470963431,0.091,0.963,-0.253,0.017,0.002,0.010
AIRPOT,1644470963475,1644470963484,4,1644470963484,0.089,0.963,-0.253,0.011,0.006,0.012
AIRPOT,1644470963565,1644470963574,4,1644470963574,0.073,0.965,-0.252,-0.003,0.002,0.024
AIRPOT,1644470963635,1644470963644,4,1644470963644,0.019,0.969,-0.247,-0.000,0.092,-0.009
AIRPOT,1644470963673,1644470963682,4,1644470963682,-0.013,0.969,-0.247,0.013,0.194,-0.027
AIRPOT,1644470963753,1644470963762,4,1644470963762,-0.061,0.962,-0.266,0.041,0.198,0.006
AIRPOT,1644470963801,1644470963810,4,1644470963810,-0.077,0.954,-0.289,0.036,0.197,0.024
AIRPOT,1644470963883,1644470963892,4,1644470963892,-0.092,0.930,-0.356,0.052,0.108,0.081
AIRPOT,1644470963939,1644470963948,4,1644470963948,-0.098,0.894,-0.437,0.052,0.065,0.162
AIRPOT,1644470964075,1644470964084,4,1644470964084,-0.085,0.837,-0.540,-0.109,-0.011,0.129
AIRPOT,1644470964150,1644470964159,4,1644470964159,-0.059,0.806,-0.588,-0.175,-0.142,0.124
AIRPOT,1644470964213,1644470964222,4,1644470964222,-0.036,0.778,-0.627,-0.221,-0.093,0.081
AIRPOT,1644470964273,1644470964282,4,1644470964282,-0.023,0.766,-0.642,-0.214,-0.111,0.092
AIRPOT,1644470964335,1644470964344,4,1644470964344,0.002,0.744,-0.668,-0.155,-0.087,-0.046
AIRPOT,1644470964453,1644470964462,4,1644470964462,0.086,0.712,-0.697,0.113,0.116,0.021
AIRPOT,1644470964505,1644470964514,4,1644470964514,0.138,0.686,-0.714,0.141,0.253,-0.059
AIRPOT,1644470964574,1644470964583,4,1644470964583,0.207,0.643,-0.738,0.124,0.192,-0.028
AIRPOT,1644470964578,1644470964587,4,1644470964587,0.276,0.576,-0.769,0.055,0.079,0.011
AIRPOT,1644470964634,1644470964643,4,1644470964643,0.327,0.501,-0.801,-0.019,-0.077,0.081
AIRPOT,1644470964693,1644470964702,4,1644470964702,0.334,0.382,-0.862,-0.046,-0.141,0.068
AIRPOT,1644470964755,1644470964764,4,1644470964764,0.306,0.346,-0.887,-0.038,-0.125,0.043
AIRPOT,1644470964941,1644470964950,4,1644470964950,0.110,0.301,-0.947,-0.010,-0.105,0.081
AIRPOT,1644470964981,1644470964990,4,1644470964990,0.071,0.307,-0.949,-0.016,-0.100,0.038
AIRPOT,1644470965032,1644470965041,4,1644470965041,0.036,0.315,-0.949,0.013,-0.068,-0.094
AIRPOT,1644470965136,1644470965145,4,1644470965145,-0.037,0.338,-0.940,-0.166,0.207,-0.093
AIRPOT,1644470965194,1644470965203,4,1644470965203,-0.059,0.347,-0.936,-0.116,0.074,-0.122
AIRPOT,1644470965261,1644470965270,4,1644470965270,-0.069,0.326,-0.943,-0.123,-0.051,0.100
AIRPOT,1644470965318,1644470965327,4,1644470965327,-0.077,0.319,-0.945,-0.142,-0.065,0.082
AIRPOT,1644470965383,1644470965392,4,1644470965392,-0.102,0.324,-0.941,-0.123,-0.002,0.014
AIRPOT,1644470965506,1644470965515,4,1644470965515,-0.128,0.348,-0.929,-0.120,0.110,0.094
AIRPOT,1644470965633,1644470965642,4,1644470965642,-0.146,0.374,-0.916,0.047,-0.018,0.010
AIRPOT,1644470965744,1644470965753,4,1644470965753,-0.140,0.402,-0.905,0.094,0.004,0.083
AIRPOT,1644470965862,1644470965871,4,1644470965871,-0.154,0.465,-0.872,0.100,0.005,-0.015
AIRPOT,1644470965984,1644470965993,4,1644470965993,-0.162,0.517,-0.840,0.113,-0.062,0.004
AIRPOT,1644470966015,1644470966024,4,1644470966024,-0.169,0.531,-0.830,0.101,-0.069,0.005
AIRPOT,1644470966109,1644470966118,4,1644470966118,-0.192,0.566,-0.802,0.077,-0.107,-0.025
AIRPOT,1644470966136,1644470966145,4,1644470966145,-0.206,0.584,-0.786,0.075,-0.149,-0.052
AIRPOT,1644470966194,1644470966203,4,1644470966203,-0.219,0.599,-0.770,0.059,-0.170,-0.010
AIRPOT,1644470966254,1644470966263,4,1644470966263,-0.251,0.629,-0.735,0.025,-0.087,-0.060
AIRPOT,1644470966313,1644470966322,4,1644470966322,-0.263,0.646,-0.717,0.011,-0.038,-0.052
AIRPOT,1644470966375,1644470966384,4,1644470966384,-0.274,0.680,-0.680,0.000,-0.028,-0.111
AIRPOT,1644470966433,1644470966442,4,1644470966442,-0.276,0.692,-0.666,-0.001,0.061,-0.065
AIRPOT,1644470966489,1644470966498,4,1644470966498,-0.277,0.722,-0.634,-0.061,0.208,0.147
AIRPOT,1644470966548,1644470966557,4,1644470966557,-0.278,0.734,-0.620,-0.081,0.173,0.152
AIRPOT,1644470966613,1644470966622,4,1644470966622,-0.285,0.749,-0.598,-0.075,0.053,0.069
AIRPOT,1644470966666,1644470966675,4,1644470966675,-0.290,0.751,-0.594,-0.071,0.061,0.100
AIRPOT,1644470966702,1644470966711,4,1644470966711,-0.295,0.752,-0.589,-0.062,0.055,0.091
AIRPOT,1644470966780,1644470966789,4,1644470966789,-0.299,0.756,-0.582,-0.062,0.018,0.047
AIRPOT,1644470966819,1644470966828,4,1644470966828,-0.302,0.758,-0.579,-0.058,0.016,0.032
AIRPOT,1644470966856,1644470966865,4,1644470966865,-0.305,0.758,-0.576,-0.035,0.011,0.033
AIRPOT,1644470966912,1644470966921,4,1644470966921,-0.308,0.758,-0.575,-0.042,0.047,0.026
AIRPOT,1644470966977,1644470966986,4,1644470966986,-0.307,0.762,-0.571,-0.043,0.067,0.008
AIRPOT,1644470967095,1644470967104,4,1644470967104,-0.297,0.754,-0.586,-0.064,0.088,0.030
AIRPOT,1644470967154,1644470967163,4,1644470967163,-0.294,0.747,-0.596,-0.067,0.104,0.017
AIRPOT,1644470967214,1644470967223,4,1644470967223,-0.284,0.726,-0.626,-0.057,0.102,0.009
AIRPOT,1644470967337,1644470967346,4,1644470967346,-0.264,0.678,-0.687,-0.032,0.031,0.057
AIRPOT,1644470967459,1644470967468,4,1644470967468,-0.230,0.633,-0.739,-0.023,-0.089,0.053
AIRPOT,1644470967525,1644470967534,4,1644470967534,-0.196,0.611,-0.767,-0.008,-0.125,-0.036
AIRPOT,1644470967584,1644470967593,4,1644470967593,-0.169,0.605,-0.778,0.073,-0.339,0.189
AIRPOT,1644470967603,1644470967612,4,1644470967612,-0.147,0.588,-0.795,0.015,-0.361,0.064
AIRPOT,1644470967655,1644470967664,4,1644470967664,-0.129,0.575,-0.808,-0.042,-0.344,0.044
AIRPOT,1644470967783,1644470967792,4,1644470967792,-0.067,0.608,-0.791,-0.042,-0.072,-0.000
AIRPOT,1644470967843,1644470967852,4,1644470967852,-0.020,0.646,-0.763,0.009,-0.075,0.205
AIRPOT,1644470967896,1644470967905,4,1644470967905,-0.001,0.659,-0.752,0.077,0.014,0.348
AIRPOT,1644470967970,1644470967979,4,1644470967979,0.037,0.677,-0.735,0.167,0.136,0.269
AIRPOT,1644470968027,1644470968036,4,1644470968036,0.058,0.683,-0.728,0.161,0.294,0.123
AIRPOT,1644470968085,1644470968094,4,1644470968094,0.103,0.708,-0.699,0.173,0.309,-0.041
AIRPOT,1644470968149,1644470968158,4,1644470968158,0.116,0.704,-0.701,0.077,0.191,0.045
AIRPOT,1644470968203,1644470968212,4,1644470968212,0.109,0.663,-0.740,-0.052,-0.031,-0.057
AIRPOT,1644470968265,1644470968274,4,1644470968274,0.107,0.653,-0.750,0.006,0.047,-0.282
AIRPOT,1644470968327,1644470968336,4,1644470968336,0.128,0.635,-0.762,0.004,0.024,-0.141
AIRPOT,1644470968388,1644470968397,4,1644470968397,0.130,0.616,-0.777,0.065,0.059,-0.012
AIRPOT,1644470968449,1644470968458,4,1644470968458,0.138,0.586,-0.798,0.063,0.047,0.077
AIRPOT,1644470968569,1644470968578,4,1644470968578,0.115,0.539,-0.834,-0.010,-0.038,-0.020
AIRPOT,1644470968684,1644470968693,4,1644470968693,0.106,0.492,-0.864,0.010,-0.051,0.003
AIRPOT,1644470968804,1644470968813,4,1644470968813,0.111,0.483,-0.868,-0.058,-0.017,-0.217
AIRPOT,1644470968840,1644470968849,4,1644470968849,0.120,0.494,-0.861,-0.036,0.034,-0.111
AIRPOT,1644470968923,1644470968932,4,1644470968932,0.123,0.500,-0.857,-0.060,-0.031,0.086
AIRPOT,1644470968985,1644470968994,4,1644470968994,0.114,0.495,-0.862,-0.068,-0.072,0.006
AIRPOT,1644470969042,1644470969051,4,1644470969051,0.104,0.498,-0.861,-0.049,-0.022,-0.064
AIRPOT,1644470969105,1644470969114,4,1644470969114,0.109,0.505,-0.856,-0.043,-0.008,0.007
AIRPOT,1644470969164,1644470969173,4,1644470969173,0.110,0.512,-0.852,-0.068,-0.035,0.008
AIRPOT,1644470969286,1644470969295,4,1644470969295,0.117,0.525,-0.843,-0.039,0.002,-0.012
AIRPOT,1644470969343,1644470969352,4,1644470969352,0.125,0.531,-0.838,-0.023,-0.015,0.008
AIRPOT,1644470969415,1644470969424,4,1644470969424,0.141,0.542,-0.828,0.005,0.019,-0.025
AIRPOT,1644470969464,1644470969473,4,1644470969473,0.153,0.549,-0.822,-0.008,0.001,-0.010
AIRPOT,1644470969531,1644470969540,4,1644470969540,0.173,0.559,-0.811,0.009,0.021,0.004
AIRPOT,1644470969583,1644470969592,4,1644470969592,0.183,0.564,-0.805,0.024,0.041,0.008
AIRPOT,1644470969621,1644470969630,4,1644470969630,0.192,0.568,-0.800,0.042,0.026,-0.007
AIRPOT,1644470969647,1644470969656,4,1644470969656,0.201,0.570,-0.797,0.048,0.047,0.010
AIRPOT,1644470969782,1644470969791,4,1644470969791,0.216,0.571,-0.792,0.029,-0.009,0.031
AIRPOT,1644470969861,1644470969870,4,1644470969870,0.221,0.568,-0.793,0.028,0.022,-0.003
AIRPOT,1644470969921,1644470969930,4,1644470969930,0.220,0.568,-0.793,0.042,0.042,-0.001
AIRPOT,1644470969974,1644470969983,4,1644470969983,0.213,0.566,-0.796,0.039,0.105,-0.092
AIRPOT,1644470970093,1644470970102,4,1644470970102,0.179,0.542,-0.821,0.088,0.271,-0.083
AIRPOT,1644470970200,1644470970209,4,1644470970209,0.119,0.420,-0.899,0.160,-0.013,0.256
AIRPOT,1644470970241,1644470970250,4,1644470970250,0.096,0.357,-0.929,0.136,0.067,0.309
AIRPOT,1644470970474,1644470970483,4,1644470970483,-0.045,0.052,-0.998,0.003,-0.045,0.079
AIRPOT,1644470970575,1644470970584,4,1644470970584,-0.063,-0.012,-0.998,-0.027,-0.146,0.057
AIRPOT,1644470970641,1644470970650,4,1644470970650,-0.075,-0.066,-0.995,0.008,-0.101,-0.007
AIRPOT,1644470970752,1644470970761,4,1644470970761,-0.055,-0.117,-0.992,-0.009,-0.130,0.068
AIRPOT,1644470970996,1644470971005,4,1644470971005,-0.001,-0.233,-0.972,0.027,0.015,0.010
AIRPOT,1644470971052,1644470971061,4,1644470971061,0.005,-0.240,-0.971,0.036,-0.001,-0.033
AIRPOT,1644470971154,1644470971163,4,1644470971163,0.014,-0.239,-0.971,-0.007,-0.049,-0.069
AIRPOT,1644470971209,1644470971218,4,1644470971218,0.016,-0.247,-0.969,-0.045,-0.052,0.091
AIRPOT,1644470971312,1644470971321,4,1644470971321,-0.030,-0.311,-0.950,-0.103,0.010,0.017
AIRPOT,1644470971377,1644470971386,4,1644470971386,-0.050,-0.332,-0.942,-0.059,0.003,-0.002
AIRPOT,1644470971493,1644470971502,4,1644470971502,-0.074,-0.369,-0.926,0.006,0.039,-0.036
AIRPOT,1644470971594,1644470971603,4,1644470971603,-0.079,-0.373,-0.925,0.018,-0.119,0.026
AIRPOT,1644470971650,1644470971659,4,1644470971659,-0.079,-0.391,-0.917,0.038,-0.040,-0.039
AIRPOT,1644470971755,1644470971764,4,1644470971764,-0.069,-0.411,-0.909,0.004,-0.000,0.003
AIRPOT,1644470971808,1644470971817,4,1644470971817,-0.064,-0.418,-0.906,0.012,-0.019,0.030
AIRPOT,1644470971955,1644470971964,4,1644470971964,-0.063,-0.421,-0.905,-0.033,0.196,-0.062
AIRPOT,1644470972008,1644470972017,4,1644470972017,-0.070,-0.409,-0.910,0.050,-0.015,0.127
AIRPOT,1644470972112,1644470972121,4,1644470972121,-0.087,-0.476,-0.875,-0.036,-0.096,0.018
AIRPOT,1644470972165,1644470972174,4,1644470972174,-0.089,-0.515,-0.852,-0.026,0.010,0.089
AIRPOT,1644470972275,1644470972284,4,1644470972284,-0.094,-0.566,-0.819,-0.029,0.131,0.004
AIRPOT,1644470972330,1644470972339,4,1644470972339,-0.100,-0.560,-0.822,-0.007,-0.099,-0.062
AIRPOT,1644470972381,1644470972390,4,1644470972390,-0.098,-0.559,-0.823,-0.069,0.020,0.025
AIRPOT,1644470972433,1644470972442,4,1644470972442,-0.103,-0.552,-0.828,0.003,-0.055,0.031
AIRPOT,1644470972531,1644470972540,4,1644470972540,-0.100,-0.546,-0.832,0.002,0.046,0.216
AIRPOT,1644470972641,1644470972650,4,1644470972650,-0.123,-0.504,-0.855,0.008,-0.039,-0.105
AIRPOT,1644470972682,1644470972691,4,1644470972691,-0.122,-0.486,-0.865,0.007,-0.034,0.011
AIRPOT,1644470972720,1644470972729,4,1644470972729,-0.124,-0.476,-0.871,0.002,0.000,0.037
AIRPOT,1644470972831,1644470972840,4,1644470972840,-0.131,-0.464,-0.876,-0.017,-0.026,-0.019
AIRPOT,1644470972995,1644470973004,4,1644470973004,-0.126,-0.450,-0.884,0.004,-0.007,0.019
AIRPOT,1644470973048,1644470973057,4,1644470973057,-0.127,-0.446,-0.886,0.000,-0.031,-0.003
AIRPOT,1644470973153,1644470973162,4,1644470973162,-0.126,-0.435,-0.891,0.006,0.003,0.011
AIRPOT,1644470973203,1644470973212,4,1644470973212,-0.126,-0.433,-0.893,-0.006,-0.018,-0.007
AIRPOT,1644470973311,1644470973320,4,1644470973320,-0.128,-0.429,-0.894,-0.008,0.019,-0.010
AIRPOT,1644470973472,1644470973481,4,1644470973481,-0.138,-0.433,-0.891,-0.029,0.014,0.014
AIRPOT,1644470973573,1644470973582,4,1644470973582,-0.142,-0.437,-0.888,0.021,0.005,-0.022
AIRPOT,1644470973681,1644470973690,4,1644470973690,-0.144,-0.437,-0.888,-0.009,0.003,0.007
AIRPOT,1644470973791,1644470973800,4,1644470973800,-0.152,-0.433,-0.888,-0.014,0.009,-0.010
AIRPOT,1644470973842,1644470973851,4,1644470973851,-0.155,-0.433,-0.888,0.016,-0.030,-0.020
AIRPOT,1644470973989,1644470973998,4,1644470973998,-0.158,-0.429,-0.889,-0.018,-0.006,0.004
AIRPOT,1644470974040,1644470974049,4,1644470974049,-0.161,-0.428,-0.889,-0.009,-0.015,-0.013
AIRPOT,1644470974091,1644470974100,4,1644470974100,-0.161,-0.427,-0.890,-0.003,-0.010,-0.005
AIRPOT,1644470974199,1644470974208,4,1644470974208,-0.158,-0.425,-0.891,-0.007,0.014,0.018
AIRPOT,1644470974248,1644470974257,4,1644470974257,-0.161,-0.425,-0.891,0.001,0.007,0.008
AIRPOT,1644470974295,1644470974304,4,1644470974304,-0.163,-0.425,-0.891,-0.005,-0.002,-0.004
AIRPOT,1644470974345,1644470974354,4,1644470974354,-0.164,-0.423,-0.891,-0.012,-0.008,-0.000
AIRPOT,1644470974349,1644470974358,4,1644470974358,-0.163,-0.421,-0.892,-0.008,-0.002,-0.004
AIRPOT,1644470974406,1644470974415,4,1644470974415,-0.161,-0.420,-0.893,-0.010,-0.001,0.001
AIRPOT,1644470974507,1644470974516,4,1644470974516,-0.159,-0.418,-0.894,-0.002,0.003,0.004
AIRPOT,1644470974558,1644470974567,4,1644470974567,-0.161,-0.417,-0.894,-0.002,-0.001,0.001
AIRPOT,1644470974668,1644470974677,4,1644470974677,-0.159,-0.422,-0.893,-0.004,0.017,-0.002
AIRPOT,1644470974741,1644470974750,4,1644470974750,-0.157,-0.424,-0.892,-0.004,0.009,0.002
AIRPOT,1644470974795,1644470974804,4,1644470974804,-0.155,-0.425,-0.892,-0.000,-0.001,-0.001
AIRPOT,1644470974846,1644470974855,4,1644470974855,-0.153,-0.425,-0.892,-0.003,0.005,-0.002
AIRPOT,1644470974992,1644470975001,4,1644470975001,-0.155,-0.425,-0.892,-0.004,-0.004,-0.005
AIRPOT,1644470975046,1644470975055,4,1644470975055,-0.155,-0.426,-0.891,-0.007,-0.006,0.004
AIRPOT,1644470975144,1644470975153,4,1644470975153,-0.158,-0.426,-0.891,-0.006,-0.005,0.001
AIRPOT,1644470975202,1644470975211,4,1644470975211,-0.159,-0.426,-0.891,-0.002,0.002,-0.005
AIRPOT,1644470975318,1644470975327,4,1644470975327,-0.159,-0.425,-0.891,0.002,0.005,-0.006
AIRPOT,1644470975369,1644470975378,4,1644470975378,-0.159,-0.426,-0.891,0.000,0.010,-0.000
AIRPOT,1644470975424,1644470975433,4,1644470975433,-0.157,-0.425,-0.891,-0.003,-0.005,0.005
AIRPOT,1644470975475,1644470975484,4,1644470975484,-0.157,-0.426,-0.891,-0.004,0.004,-0.000
AIRPOT,1644470975543,1644470975552,4,1644470975552,-0.157,-0.427,-0.891,-0.004,-0.002,0.008
AIRPOT,1644470975595,1644470975604,4,1644470975604,-0.158,-0.427,-0.890,-0.001,0.002,-0.000
AIRPOT,1644470975698,1644470975707,4,1644470975707,-0.157,-0.425,-0.891,-0.003,-0.002,-0.003
AIRPOT,1644470975800,1644470975809,4,1644470975809,-0.153,-0.423,-0.893,0.002,0.005,-0.001
AIRPOT,1644470975911,1644470975920,4,1644470975920,-0.150,-0.421,-0.894,0.001,0.003,0.000
AIRPOT,1644470975965,1644470975974,4,1644470975974,-0.150,-0.421,-0.895,0.003,0.012,-0.003
AIRPOT,1644470976145,1644470976154,4,1644470976154,-0.159,-0.418,-0.895,-0.014,-0.002,0.006
AIRPOT,1644470976398,1644470976407,4,1644470976407,-0.172,-0.419,-0.891,-0.001,-0.003,0.001
AIRPOT,1644470976505,1644470976514,4,1644470976514,-0.178,-0.420,-0.890,-0.005,-0.014,-0.010
AIRPOT,1644470976029,1644470976038,4,1644470976038,-0.151,-0.420,-0.895,-0.002,0.003,-0.003
AIRPOT,1644470976031,1644470976040,4,1644470976040,-0.152,-0.420,-0.895,-0.011,0.004,0.012
AIRPOT,1644470976245,1644470976254,4,1644470976254,-0.165,-0.416,-0.894,-0.006,-0.003,-0.006
AIRPOT,1644470976663,1644470976672,4,1644470976672,-0.164,-0.425,-0.890,0.008,0.008,0.006
AIRPOT,1644470976764,1644470976773,4,1644470976773,-0.149,-0.426,-0.892,0.009,-0.005,-0.021
AIRPOT,1644470976821,1644470976830,4,1644470976830,-0.132,-0.429,-0.893,-0.000,0.019,0.007
AIRPOT,1644470976872,1644470976881,4,1644470976881,-0.128,-0.428,-0.895,-0.010,0.005,-0.003
AIRPOT,1644470976924,1644470976933,4,1644470976933,-0.124,-0.426,-0.896,-0.011,0.019,0.019
AIRPOT,1644470976985,1644470976994,4,1644470976994,-0.123,-0.421,-0.899,-0.022,-0.026,0.001
AIRPOT,1644470977039,1644470977048,4,1644470977048,-0.121,-0.422,-0.899,-0.015,-0.034,0.018
AIRPOT,1644470977103,1644470977112,4,1644470977112,-0.121,-0.425,-0.897,-0.004,0.018,0.015
AIRPOT,1644470977153,1644470977162,4,1644470977162,-0.122,-0.425,-0.897,0.006,0.000,-0.026
AIRPOT,1644470977259,1644470977268,4,1644470977268,-0.120,-0.426,-0.897,0.014,0.015,-0.002
AIRPOT,1644470977326,1644470977335,4,1644470977335,-0.115,-0.427,-0.897,0.007,0.006,-0.004
AIRPOT,1644470977371,1644470977380,4,1644470977380,-0.111,-0.428,-0.897,0.009,-0.028,0.016
AIRPOT,1644470977376,1644470977385,4,1644470977385,-0.110,-0.430,-0.896,-0.009,0.012,0.051
AIRPOT,1644470977477,1644470977486,4,1644470977486,-0.115,-0.428,-0.897,-0.009,0.023,0.065
AIRPOT,1644470977536,1644470977545,4,1644470977545,-0.127,-0.417,-0.900,-0.028,-0.034,0.010
AIRPOT,1644470977588,1644470977597,4,1644470977597,-0.133,-0.413,-0.901,0.018,-0.014,-0.078
AIRPOT,1644470977695,1644470977704,4,1644470977704,-0.141,-0.406,-0.903,-0.028,-0.035,0.077
AIRPOT,1644470977797,1644470977806,4,1644470977806,-0.162,-0.408,-0.898,-0.117,-0.022,-0.031
AIRPOT,1644470977812,1644470977821,4,1644470977821,-0.159,-0.411,-0.898,0.060,0.015,0.017
AIRPOT,1644470977896,1644470977905,4,1644470977905,-0.147,-0.408,-0.901,0.049,0.148,0.038
AIRPOT,1644470977989,1644470977998,4,1644470977998,-0.157,-0.410,-0.898,-0.052,0.008,0.014
AIRPOT,1644470978094,1644470978103,4,1644470978103,-0.163,-0.422,-0.892,-0.026,-0.002,0.000
AIRPOT,1644470978146,1644470978155,4,1644470978155,-0.166,-0.421,-0.892,-0.010,0.006,0.009
AIRPOT,1644470978211,1644470978220,4,1644470978220,-0.165,-0.421,-0.892,0.019,0.026,0.073
AIRPOT,1644470978264,1644470978273,4,1644470978273,-0.170,-0.422,-0.890,-0.019,-0.015,0.018
AIRPOT,1644470978360,1644470978369,4,1644470978369,-0.180,-0.426,-0.887,-0.051,0.062,0.059
AIRPOT,1644470978389,1644470978398,4,1644470978398,-0.191,-0.425,-0.885,0.026,-0.214,-0.090
AIRPOT,1644470978492,1644470978501,4,1644470978501,-0.177,-0.442,-0.880,-0.051,0.181,0.156
AIRPOT,1644470978545,1644470978554,4,1644470978554,-0.180,-0.438,-0.881,0.062,-0.040,-0.066
AIRPOT,1644470978596,1644470978605,4,1644470978605,-0.182,-0.436,-0.881,-0.008,0.003,-0.004
AIRPOT,1644470978655,1644470978664,4,1644470978664,-0.186,-0.439,-0.879,0.006,-0.094,-0.264
AIRPOT,1644470978710,1644470978719,4,1644470978719,-0.165,-0.442,-0.882,-0.064,0.169,0.107
AIRPOT,1644470978876,1644470978885,4,1644470978885,-0.138,-0.439,-0.888,-0.170,0.300,0.241
AIRPOT,1644470978939,1644470978948,4,1644470978948,-0.148,-0.441,-0.885,-0.179,0.135,0.163
AIRPOT,1644470978995,1644470979004,4,1644470979004,-0.153,-0.441,-0.884,0.094,-0.119,-0.136
AIRPOT,1644470979117,1644470979126,4,1644470979126,-0.144,-0.459,-0.877,-0.056,0.235,0.066
AIRPOT,1644470979212,1644470979221,4,1644470979221,-0.155,-0.462,-0.873,-0.033,0.025,0.021
AIRPOT,1644470979266,1644470979275,4,1644470979275,-0.160,-0.465,-0.871,-0.036,0.013,-0.013
AIRPOT,1644470979432,1644470979441,4,1644470979441,-0.154,-0.474,-0.867,0.010,-0.035,-0.034
AIRPOT,1644470979480,1644470979489,4,1644470979489,-0.151,-0.474,-0.868,-0.024,0.048,0.018
AIRPOT,1644470979541,1644470979550,4,1644470979550,-0.160,-0.482,-0.861,-0.032,0.045,0.038
AIRPOT,1644470979591,1644470979600,4,1644470979600,-0.172,-0.486,-0.857,-0.012,0.011,-0.060
AIRPOT,1644470979619,1644470979628,4,1644470979628,-0.176,-0.486,-0.856,-0.013,-0.034,-0.041
AIRPOT,1644470979669,1644470979678,4,1644470979678,-0.182,-0.488,-0.854,-0.036,-0.017,0.004
AIRPOT,1644470979737,1644470979746,4,1644470979746,-0.184,-0.490,-0.852,0.015,0.017,0.035
AIRPOT,1644470979785,1644470979794,4,1644470979794,-0.183,-0.485,-0.855,0.068,0.003,0.052
AIRPOT,1644470979933,1644470979942,4,1644470979942,-0.171,-0.473,-0.864,-0.129,0.110,0.243
AIRPOT,1644470979986,1644470979995,4,1644470979995,-0.186,-0.472,-0.862,0.189,-0.235,-0.258
AIRPOT,1644470980095,1644470980104,4,1644470980104,-0.166,-0.478,-0.863,-0.197,0.264,0.271
AIRPOT,1644470980134,1644470980143,4,1644470980143,-0.175,-0.470,-0.865,0.202,-0.271,-0.282
AIRPOT,1644470980183,1644470980192,4,1644470980192,-0.149,-0.471,-0.869,-0.251,0.321,0.359
AIRPOT,1644470980233,1644470980242,4,1644470980242,-0.159,-0.462,-0.872,0.090,-0.176,-0.166
AIRPOT,1644470980286,1644470980295,4,1644470980295,-0.163,-0.438,-0.884,-0.022,-0.281,-0.138
AIRPOT,1644470980340,1644470980349,4,1644470980349,-0.153,-0.437,-0.886,-0.095,0.210,0.176
AIRPOT,1644470980385,1644470980394,4,1644470980394,-0.164,-0.425,-0.890,0.142,-0.219,-0.244
AIRPOT,1644470980485,1644470980494,4,1644470980494,-0.170,-0.427,-0.888,-0.014,-0.284,0.071
AIRPOT,1644470980543,1644470980552,4,1644470980552,-0.168,-0.432,-0.886,-0.049,0.038,-0.037
AIRPOT,1644470980595,1644470980604,4,1644470980604,-0.166,-0.434,-0.885,0.027,-0.020,0.037
AIRPOT,1644470980651,1644470980660,4,1644470980660,-0.167,-0.436,-0.884,-0.040,-0.128,0.130
AIRPOT,1644470980703,1644470980712,4,1644470980712,-0.169,-0.439,-0.883,-0.035,0.075,-0.042
AIRPOT,1644470980765,1644470980774,4,1644470980774,-0.173,-0.444,-0.879,0.015,-0.074,0.016
AIRPOT,1644470980818,1644470980827,4,1644470980827,-0.183,-0.449,-0.874,-0.026,0.130,-0.051
AIRPOT,1644470980947,1644470980956,4,1644470980956,-0.199,-0.456,-0.867,-0.050,-0.019,-0.002
AIRPOT,1644470981097,1644470981106,4,1644470981106,-0.177,-0.454,-0.873,0.239,-0.102,-0.091
AIRPOT,1644470981248,1644470981257,4,1644470981257,-0.159,-0.483,-0.861,0.062,0.289,0.048
AIRPOT,1644470981408,1644470981417,4,1644470981417,-0.155,-0.495,-0.855,-0.055,0.332,0.257
AIRPOT,1644470981459,1644470981468,4,1644470981468,-0.173,-0.478,-0.861,-0.060,-0.193,-0.138
AIRPOT,1644470981566,1644470981575,4,1644470981575,-0.158,-0.482,-0.862,0.018,0.223,0.062
AIRPOT,1644470981617,1644470981626,4,1644470981626,-0.170,-0.474,-0.864,-0.015,-0.162,-0.025
AIRPOT,1644470981766,1644470981775,4,1644470981775,-0.179,-0.490,-0.853,0.019,0.087,0.020
AIRPOT,1644470981815,1644470981824,4,1644470981824,-0.183,-0.490,-0.853,0.032,0.007,-0.040
AIRPOT,1644470981927,1644470981936,4,1644470981936,-0.185,-0.489,-0.853,-0.046,-0.008,-0.018
AIRPOT,1644470982028,1644470982037,4,1644470982037,-0.181,-0.490,-0.853,-0.011,0.034,0.084
AIRPOT,1644470982135,1644470982144,4,1644470982144,-0.180,-0.494,-0.851,0.014,0.073,0.033
AIRPOT,1644470982163,1644470982172,4,1644470982172,-0.179,-0.490,-0.853,-0.006,0.002,0.061
AIRPOT,1644470982212,1644470982221,4,1644470982221,-0.178,-0.486,-0.856,0.073,0.056,-0.027
AIRPOT,1644470982267,1644470982276,4,1644470982276,-0.182,-0.480,-0.858,-0.023,-0.017,0.154
AIRPOT,1644470982375,1644470982384,4,1644470982384,-0.164,-0.472,-0.866,-0.075,0.020,0.048
AIRPOT,1644470982454,1644470982463,4,1644470982463,-0.158,-0.476,-0.865,-0.112,0.129,0.020
AIRPOT,1644470982505,1644470982514,4,1644470982514,-0.158,-0.479,-0.864,0.154,-0.059,-0.107
AIRPOT,1644470982608,1644470982617,4,1644470982617,-0.142,-0.484,-0.863,-0.088,0.189,0.258
AIRPOT,1644470982720,1644470982729,4,1644470982729,-0.148,-0.470,-0.870,-0.044,0.026,0.009
AIRPOT,1644470982776,1644470982785,4,1644470982785,-0.144,-0.479,-0.866,-0.018,-0.055,0.059
AIRPOT,1644470982941,1644470982950,4,1644470982950,-0.150,-0.489,-0.859,-0.013,0.003,-0.011
AIRPOT,1644470983026,1644470983035,4,1644470983035,-0.149,-0.489,-0.859,0.007,-0.001,-0.021
AIRPOT,1644470983084,1644470983093,4,1644470983093,-0.150,-0.490,-0.858,0.031,-0.031,-0.036
AIRPOT,1644470983138,1644470983147,4,1644470983147,-0.152,-0.490,-0.859,-0.042,0.016,-0.006
AIRPOT,1644470983187,1644470983196,4,1644470983196,-0.158,-0.490,-0.857,-0.023,-0.044,-0.040
AIRPOT,1644470983240,1644470983249,4,1644470983249,-0.159,-0.494,-0.855,-0.003,0.002,-0.025
AIRPOT,1644470983335,1644470983344,4,1644470983344,-0.149,-0.492,-0.858,0.084,0.079,0.063
AIRPOT,1644470983384,1644470983393,4,1644470983393,-0.147,-0.483,-0.863,-0.049,0.119,0.166
AIRPOT,1644470983481,1644470983490,4,1644470983490,-0.168,-0.464,-0.870,0.152,-0.015,-0.156
AIRPOT,1644470983657,1644470983666,4,1644470983666,-0.154,-0.482,-0.862,0.015,0.133,-0.020
AIRPOT,1644470983774,1644470983783,4,1644470983783,-0.158,-0.484,-0.861,0.017,-0.190,-0.082
AIRPOT,1644470983817,1644470983826,4,1644470983826,-0.149,-0.486,-0.861,-0.042,0.085,0.127
AIRPOT,1644470983926,1644470983935,4,1644470983935,-0.147,-0.494,-0.857,0.024,-0.080,0.042
AIRPOT,1644470984036,1644470984045,4,1644470984045,-0.146,-0.506,-0.850,-0.001,-0.015,0.021
AIRPOT,1644470984132,1644470984141,4,1644470984141,-0.144,-0.509,-0.849,-0.028,-0.040,0.023
AIRPOT,1644470984245,1644470984254,4,1644470984254,-0.136,-0.506,-0.852,-0.030,-0.038,-0.047
AIRPOT,1644470984355,1644470984364,4,1644470984364,-0.136,-0.495,-0.858,-0.059,-0.057,0.020
AIRPOT,1644470984413,1644470984422,4,1644470984422,-0.132,-0.493,-0.860,0.023,0.002,0.059
AIRPOT,1644470984461,1644470984470,4,1644470984470,-0.135,-0.490,-0.861,0.110,-0.007,0.070
AIRPOT,1644470984513,1644470984522,4,1644470984522,-0.156,-0.480,-0.863,0.083,-0.113,-0.238
AIRPOT,1644470984578,1644470984587,4,1644470984587,-0.154,-0.483,-0.862,-0.075,-0.104,0.091
AIRPOT,1644470984720,1644470984729,4,1644470984729,-0.183,-0.483,-0.857,-0.032,-0.244,-0.082
AIRPOT,1644470984844,1644470984853,4,1644470984853,-0.161,-0.480,-0.862,-0.014,-0.003,0.046
AIRPOT,1644470984895,1644470984904,4,1644470984904,-0.154,-0.492,-0.857,0.071,0.081,0.029
AIRPOT,1644470984997,1644470985006,4,1644470985006,-0.158,-0.488,-0.858,-0.043,0.015,-0.028
AIRPOT,1644470985046,1644470985055,4,1644470985055,-0.154,-0.491,-0.858,-0.056,0.059,0.035
AIRPOT,1644470985154,1644470985163,4,1644470985163,-0.153,-0.496,-0.855,0.001,0.003,-0.043
AIRPOT,1644470985217,1644470985226,4,1644470985226,-0.151,-0.498,-0.854,0.014,0.041,0.006
AIRPOT,1644470985325,1644470985334,4,1644470985334,-0.155,-0.498,-0.853,-0.029,0.035,0.067
AIRPOT,1644470985391,1644470985400,4,1644470985400,-0.160,-0.498,-0.852,-0.017,0.049,0.037
AIRPOT,1644470985438,1644470985447,4,1644470985447,-0.159,-0.496,-0.854,0.048,0.066,0.006
AIRPOT,1644470985553,1644470985562,4,1644470985562,-0.162,-0.491,-0.856,-0.017,-0.023,0.068
AIRPOT,1644470985609,1644470985618,4,1644470985618,-0.155,-0.485,-0.861,-0.004,0.126,0.057
AIRPOT,1644470985715,1644470985724,4,1644470985724,-0.173,-0.499,-0.849,-0.020,-0.110,-0.045
AIRPOT,1644470985815,1644470985824,4,1644470985824,-0.198,-0.519,-0.832,-0.019,-0.186,-0.151
AIRPOT,1644470985909,1644470985918,4,1644470985918,-0.182,-0.532,-0.827,0.025,0.278,0.075
AIRPOT,1644470985966,1644470985975,4,1644470985975,-0.194,-0.526,-0.828,0.037,-0.159,-0.140
AIRPOT,1644470986070,1644470986079,4,1644470986079,-0.197,-0.522,-0.830,-0.024,-0.105,0.004
AIRPOT,1644470986120,1644470986129,4,1644470986129,-0.189,-0.518,-0.834,0.020,0.124,-0.001
AIRPOT,1644470986171,1644470986180,4,1644470986180,-0.196,-0.520,-0.831,-0.081,-0.060,0.037
AIRPOT,1644470986335,1644470986344,4,1644470986344,-0.188,-0.523,-0.831,-0.053,-0.044,0.015
AIRPOT,1644470986411,1644470986420,4,1644470986420,-0.183,-0.522,-0.833,-0.009,-0.033,0.030
AIRPOT,1644470986530,1644470986539,4,1644470986539,-0.187,-0.518,-0.835,0.019,-0.075,-0.057
AIRPOT,1644470986789,1644470986798,4,1644470986798,-0.185,-0.465,-0.866,0.066,-0.298,-0.196
AIRPOT,1644470986839,1644470986848,4,1644470986848,-0.177,-0.469,-0.865,-0.090,0.144,0.145
AIRPOT,1644470986950,1644470986959,4,1644470986959,-0.174,-0.473,-0.864,0.101,0.057,-0.060
AIRPOT,1644470987002,1644470987011,4,1644470987011,-0.179,-0.470,-0.864,-0.158,0.005,0.063
AIRPOT,1644470987053,1644470987062,4,1644470987062,-0.176,-0.475,-0.862,-0.110,0.074,0.044
AIRPOT,1644470987107,1644470987116,4,1644470987116,-0.177,-0.473,-0.863,0.083,0.243,0.045
AIRPOT,1644470987157,1644470987166,4,1644470987166,-0.194,-0.462,-0.865,-0.004,-0.224,-0.099
AIRPOT,1644470987308,1644470987317,4,1644470987317,-0.195,-0.469,-0.861,-0.026,-0.106,0.016
AIRPOT,1644470987364,1644470987373,4,1644470987373,-0.196,-0.472,-0.859,-0.035,0.103,0.020
AIRPOT,1644470987510,1644470987519,4,1644470987519,-0.195,-0.486,-0.852,0.068,0.049,0.021
AIRPOT,1644470987561,1644470987570,4,1644470987570,-0.202,-0.486,-0.850,-0.038,0.040,-0.030
AIRPOT,1644470987665,1644470987674,4,1644470987674,-0.191,-0.493,-0.849,0.059,0.077,-0.017
AIRPOT,1644470987716,1644470987725,4,1644470987725,-0.190,-0.492,-0.850,0.030,-0.048,-0.013
AIRPOT,1644470987883,1644470987892,4,1644470987892,-0.191,-0.481,-0.856,-0.090,-0.008,-0.000
AIRPOT,1644470987995,1644470988004,4,1644470988004,-0.180,-0.490,-0.853,0.105,0.308,-0.017
AIRPOT,1644470988040,1644470988049,4,1644470988049,-0.203,-0.482,-0.852,0.089,-0.284,-0.122
AIRPOT,1644470988149,1644470988158,4,1644470988158,-0.188,-0.473,-0.861,0.029,0.164,0.113
AIRPOT,1644470988308,1644470988317,4,1644470988317,-0.190,-0.456,-0.869,-0.001,-0.159,-0.080
AIRPOT,1644470988360,1644470988369,4,1644470988369,-0.187,-0.465,-0.865,-0.016,0.038,0.037
AIRPOT,1644470988508,1644470988517,4,1644470988517,-0.184,-0.481,-0.857,0.006,0.005,-0.036
AIRPOT,1644470988558,1644470988567,4,1644470988567,-0.180,-0.483,-0.857,-0.024,-0.053,0.020
AIRPOT,1644470988662,1644470988671,4,1644470988671,-0.186,-0.486,-0.854,-0.000,0.002,-0.041
AIRPOT,1644470988810,1644470988819,4,1644470988819,-0.187,-0.495,-0.848,0.022,0.013,0.014
AIRPOT,1644470988860,1644470988869,4,1644470988869,-0.179,-0.491,-0.852,0.005,0.072,0.132
AIRPOT,1644470988911,1644470988920,4,1644470988920,-0.185,-0.486,-0.854,0.003,-0.069,0.028
AIRPOT,1644470988966,1644470988975,4,1644470988975,-0.184,-0.489,-0.853,0.039,0.145,-0.079
AIRPOT,1644470989083,1644470989092,4,1644470989092,-0.213,-0.493,-0.844,-0.082,-0.040,-0.019
AIRPOT,1644470989139,1644470989148,4,1644470989148,-0.215,-0.496,-0.842,0.004,0.077,-0.065
AIRPOT,1644470989195,1644470989204,4,1644470989204,-0.218,-0.491,-0.844,0.047,-0.069,-0.038
AIRPOT,1644470989246,1644470989255,4,1644470989255,-0.221,-0.492,-0.842,0.009,-0.015,0.024
AIRPOT,1644470989302,1644470989311,4,1644470989311,-0.234,-0.478,-0.847,-0.019,-0.255,-0.096
AIRPOT,1644470989446,1644470989455,4,1644470989455,-0.291,-0.468,-0.835,0.111,0.169,-0.043
AIRPOT,1644470989496,1644470989505,4,1644470989505,-0.340,-0.443,-0.830,-0.009,0.201,-0.136
AIRPOT,1644470989499,1644470989508,4,1644470989508,-0.387,-0.397,-0.832,-0.034,-0.100,0.097
AIRPOT,1644470989554,1644470989563,4,1644470989563,-0.431,-0.354,-0.830,-0.062,-0.208,-0.029
AIRPOT,1644470989604,1644470989613,4,1644470989613,-0.461,-0.318,-0.829,-0.023,-0.076,-0.014
AIRPOT,1644470989708,1644470989717,4,1644470989717,-0.501,-0.255,-0.827,-0.008,-0.053,-0.061
AIRPOT,1644470989824,1644470989833,4,1644470989833,-0.515,-0.228,-0.826,0.033,0.083,0.051
AIRPOT,1644470989996,1644470990005,4,1644470990005,-0.527,-0.222,-0.820,0.024,0.015,-0.075
AIRPOT,1644470990047,1644470990056,4,1644470990056,-0.529,-0.213,-0.821,-0.193,-0.042,0.000
AIRPOT,1644470990108,1644470990117,4,1644470990117,-0.526,-0.228,-0.820,0.103,0.037,-0.192
AIRPOT,1644470990160,1644470990169,4,1644470990169,-0.524,-0.218,-0.823,0.059,-0.024,0.096
AIRPOT,1644470990219,1644470990228,4,1644470990228,-0.517,-0.189,-0.835,-0.016,0.087,0.037
AIRPOT,1644470990271,1644470990280,4,1644470990280,-0.517,-0.178,-0.837,-0.064,0.023,-0.060
AIRPOT,1644470990425,1644470990434,4,1644470990434,-0.485,-0.164,-0.859,-0.001,-0.074,-0.051
AIRPOT,1644470990536,1644470990545,4,1644470990545,-0.471,-0.182,-0.863,0.034,0.040,-0.039
AIRPOT,1644470990668,1644470990677,4,1644470990677,-0.475,-0.196,-0.858,-0.009,0.041,0.028
AIRPOT,1644470990828,1644470990837,4,1644470990837,-0.487,-0.181,-0.854,-0.010,-0.060,-0.041
AIRPOT,1644470990985,1644470990994,4,1644470990994,-0.478,-0.194,-0.857,-0.062,0.119,0.118
AIRPOT,1644470991034,1644470991043,4,1644470991043,-0.478,-0.201,-0.855,-0.026,-0.177,-0.194
AIRPOT,1644470991146,1644470991155,4,1644470991155,-0.386,-0.384,-0.838,-0.164,0.212,0.120
AIRPOT,1644470991197,1644470991206,4,1644470991206,-0.322,-0.437,-0.840,0.073,-0.016,-0.007
AIRPOT,1644470991275,1644470991284,4,1644470991284,-0.208,-0.478,-0.853,-0.069,0.130,0.126
AIRPOT,1644470991386,1644470991395,4,1644470991395,-0.137,-0.532,-0.835,-0.095,-0.126,0.106
AIRPOT,1644470991587,1644470991596,4,1644470991596,-0.144,-0.583,-0.799,-0.035,-0.056,-0.087
AIRPOT,1644470991694,1644470991703,4,1644470991703,-0.151,-0.597,-0.788,-0.016,0.019,0.076
AIRPOT,1644470991754,1644470991763,4,1644470991763,-0.157,-0.597,-0.787,-0.034,-0.088,-0.014
AIRPOT,1644470991921,1644470991930,4,1644470991930,-0.170,-0.609,-0.775,-0.033,0.137,0.032
AIRPOT,1644470992015,1644470992024,4,1644470992024,-0.182,-0.598,-0.781,0.028,-0.009,0.080
AIRPOT,1644470992067,1644470992076,4,1644470992076,-0.188,-0.594,-0.782,0.071,-0.005,-0.073
AIRPOT,1644470992189,1644470992198,4,1644470992198,-0.191,-0.591,-0.783,-0.004,0.095,0.174
AIRPOT,1644470992290,1644470992299,4,1644470992299,-0.216,-0.586,-0.781,0.033,-0.136,0.010
AIRPOT,1644470992341,1644470992350,4,1644470992350,-0.224,-0.590,-0.776,0.045,-0.018,-0.009
AIRPOT,1644470992394,1644470992403,4,1644470992403,-0.220,-0.593,-0.775,0.109,0.111,-0.023
AIRPOT,1644470992451,1644470992460,4,1644470992460,-0.227,-0.586,-0.778,-0.053,0.019,-0.026
AIRPOT,1644470992556,1644470992565,4,1644470992565,-0.217,-0.584,-0.782,-0.029,0.087,0.002
AIRPOT,1644470992713,1644470992722,4,1644470992722,-0.202,-0.571,-0.796,-0.032,0.016,0.017
AIRPOT,1644470992796,1644470992805,4,1644470992805,-0.191,-0.573,-0.797,0.012,0.039,0.002
AIRPOT,1644470992891,1644470992900,4,1644470992900,-0.187,-0.574,-0.797,0.035,-0.020,-0.014
AIRPOT,1644470992943,1644470992952,4,1644470992952,-0.190,-0.571,-0.799,-0.011,-0.035,-0.082
AIRPOT,1644470993052,1644470993061,4,1644470993061,-0.182,-0.568,-0.803,0.024,0.042,0.017
AIRPOT,1644470993128,1644470993137,4,1644470993137,-0.175,-0.561,-0.809,-0.011,0.113,0.078
AIRPOT,1644470993247,1644470993256,4,1644470993256,-0.184,-0.567,-0.803,0.041,-0.140,-0.015
AIRPOT,1644470993298,1644470993307,4,1644470993307,-0.187,-0.567,-0.802,0.031,0.096,-0.222
AIRPOT,1644470993350,1644470993359,4,1644470993359,-0.176,-0.562,-0.808,0.085,-0.017,-0.061
AIRPOT,1644470993380,1644470993389,4,1644470993389,-0.179,-0.566,-0.805,0.034,-0.139,-0.098
AIRPOT,1644470993429,1644470993438,4,1644470993438,-0.168,-0.567,-0.806,-0.036,0.291,0.011
AIRPOT,1644470993531,1644470993540,4,1644470993540,-0.173,-0.548,-0.818,0.005,-0.067,0.015
AIRPOT,1644470993582,1644470993591,4,1644470993591,-0.175,-0.549,-0.817,-0.082,0.168,0.047
AIRPOT,1644470993731,1644470993740,4,1644470993740,-0.187,-0.558,-0.808,0.015,0.092,0.010
AIRPOT,1644470993805,1644470993814,4,1644470993814,-0.195,-0.568,-0.800,0.017,0.012,-0.100
AIRPOT,1644470993864,1644470993873,4,1644470993873,-0.186,-0.571,-0.799,0.006,0.123,0.055
AIRPOT,1644470993930,1644470993939,4,1644470993939,-0.185,-0.565,-0.804,0.014,-0.086,-0.050
AIRPOT,1644470993979,1644470993988,4,1644470993988,-0.175,-0.565,-0.807,-0.009,0.029,-0.052
AIRPOT,1644470994031,1644470994040,4,1644470994040,-0.162,-0.564,-0.810,-0.049,-0.004,-0.030
AIRPOT,1644470994083,1644470994092,4,1644470994092,-0.127,-0.564,-0.816,0.027,0.083,0.073
AIRPOT,1644470994136,1644470994145,4,1644470994145,-0.119,-0.560,-0.820,0.042,0.033,0.043
AIRPOT,1644470994184,1644470994193,4,1644470994193,-0.111,-0.555,-0.825,0.021,-0.064,0.078
AIRPOT,1644470994289,1644470994298,4,1644470994298,-0.106,-0.550,-0.829,-0.062,-0.054,0.154
AIRPOT,1644470994342,1644470994351,4,1644470994351,-0.113,-0.559,-0.821,0.176,0.102,-0.185
AIRPOT,1644470994388,1644470994397,4,1644470994397,-0.124,-0.561,-0.819,-0.170,0.110,0.148
AIRPOT,1644470994651,1644470994660,4,1644470994660,-0.150,-0.551,-0.821,0.005,0.083,0.014
AIRPOT,1644470994701,1644470994710,4,1644470994710,-0.157,-0.548,-0.821,-0.032,-0.098,-0.032
AIRPOT,1644470994866,1644470994875,4,1644470994875,-0.171,-0.539,-0.825,-0.028,0.003,0.075
AIRPOT,1644470994968,1644470994977,4,1644470994977,-0.184,-0.548,-0.816,-0.010,0.018,-0.050
AIRPOT,1644470995007,1644470995016,4,1644470995016,-0.186,-0.549,-0.815,-0.074,-0.068,-0.027
AIRPOT,1644470995052,1644470995061,4,1644470995061,-0.182,-0.554,-0.813,-0.037,-0.037,-0.050
AIRPOT,1644470995169,1644470995178,4,1644470995178,-0.152,-0.557,-0.816,0.057,0.041,0.053
AIRPOT,1644470995269,1644470995278,4,1644470995278,-0.160,-0.547,-0.822,0.043,-0.056,-0.120
AIRPOT,1644470995367,1644470995376,4,1644470995376,-0.169,-0.546,-0.820,-0.059,0.065,0.007
AIRPOT,1644470995485,1644470995494,4,1644470995494,-0.169,-0.548,-0.819,-0.081,-0.146,-0.043
AIRPOT,1644470995545,1644470995554,4,1644470995554,-0.162,-0.546,-0.822,-0.049,0.152,0.134
AIRPOT,1644470995596,1644470995605,4,1644470995605,-0.168,-0.541,-0.824,0.013,-0.221,-0.029
AIRPOT,1644470995604,1644470995613,4,1644470995613,-0.163,-0.543,-0.824,0.162,0.161,0.107
AIRPOT,1644470995686,1644470995695,4,1644470995695,-0.201,-0.541,-0.817,-0.045,0.061,0.031
AIRPOT,1644470995855,1644470995864,4,1644470995864,-0.224,-0.527,-0.820,0.005,0.081,-0.083
AIRPOT,1644470995904,1644470995913,4,1644470995913,-0.220,-0.530,-0.819,-0.012,-0.113,0.079
AIRPOT,1644470996004,1644470996013,4,1644470996013,-0.218,-0.542,-0.812,0.039,0.045,-0.023
AIRPOT,1644470996164,1644470996173,4,1644470996173,-0.203,-0.539,-0.817,0.032,-0.057,0.078
AIRPOT,1644470996227,1644470996236,4,1644470996236,-0.195,-0.539,-0.820,0.018,0.079,0.013
AIRPOT,1644470996262,1644470996271,4,1644470996271,-0.179,-0.533,-0.827,0.136,-0.077,0.065
AIRPOT,1644470996371,1644470996380,4,1644470996380,-0.181,-0.543,-0.820,-0.105,0.020,-0.037
AIRPOT,1644470996423,1644470996432,4,1644470996432,-0.186,-0.556,-0.811,-0.059,-0.041,-0.103
AIRPOT,1644470996465,1644470996474,4,1644470996474,-0.185,-0.568,-0.802,0.011,-0.009,-0.067
AIRPOT,1644470996522,1644470996531,4,1644470996531,-0.188,-0.572,-0.799,0.034,0.018,0.015
AIRPOT,1644470996573,1644470996582,4,1644470996582,-0.199,-0.567,-0.800,-0.069,0.120,0.014
AIRPOT,1644470996692,1644470996701,4,1644470996701,-0.231,-0.555,-0.799,0.167,-0.126,0.019
AIRPOT,1644470996857,1644470996866,4,1644470996866,-0.280,-0.575,-0.769,-0.028,0.038,0.000
AIRPOT,1644470996941,1644470996950,4,1644470996950,-0.281,-0.571,-0.771,-0.015,-0.026,-0.016
AIRPOT,1644470997015,1644470997024,4,1644470997024,-0.277,-0.565,-0.777,-0.032,-0.036,-0.013
AIRPOT,1644470997064,1644470997073,4,1644470997073,-0.271,-0.566,-0.779,-0.005,-0.043,-0.012
AIRPOT,1644470997117,1644470997126,4,1644470997126,-0.258,-0.581,-0.772,0.032,0.021,-0.016
AIRPOT,1644470997174,1644470997183,4,1644470997183,-0.252,-0.588,-0.769,-0.006,0.059,0.011
AIRPOT,1644470997284,1644470997293,4,1644470997293,-0.230,-0.593,-0.772,0.020,-0.116,0.008
AIRPOT,1644470997343,1644470997352,4,1644470997352,-0.211,-0.600,-0.771,0.040,0.224,0.101
AIRPOT,1644470997453,1644470997462,4,1644470997462,-0.209,-0.600,-0.772,0.063,-0.111,-0.048
AIRPOT,1644470997502,1644470997511,4,1644470997511,-0.209,-0.605,-0.768,-0.062,0.129,-0.013
AIRPOT,1644470997561,1644470997570,4,1644470997570,-0.220,-0.593,-0.774,-0.109,-0.093,-0.008
AIRPOT,1644470997610,1644470997619,4,1644470997619,-0.223,-0.591,-0.775,-0.033,-0.022,-0.001
AIRPOT,1644470997719,1644470997728,4,1644470997728,-0.230,-0.588,-0.775,-0.018,-0.114,-0.061
AIRPOT,1644470998006,1644470998015,4,1644470998015,-0.199,-0.589,-0.784,-0.002,-0.073,-0.010
AIRPOT,1644470998061,1644470998070,4,1644470998070,-0.193,-0.590,-0.784,-0.031,-0.036,-0.001
AIRPOT,1644470998170,1644470998179,4,1644470998179,-0.188,-0.597,-0.780,-0.013,0.039,0.020
AIRPOT,1644470998197,1644470998206,4,1644470998206,-0.190,-0.589,-0.786,0.005,0.030,0.008
AIRPOT,1644470998316,1644470998325,4,1644470998325,-0.179,-0.574,-0.799,0.133,-0.097,-0.067
AIRPOT,1644470998436,1644470998445,4,1644470998445,-0.173,-0.577,-0.798,-0.076,0.124,0.077
AIRPOT,1644470998516,1644470998525,4,1644470998525,-0.176,-0.578,-0.797,0.010,0.072,-0.080
AIRPOT,1644470998573,1644470998582,4,1644470998582,-0.175,-0.568,-0.804,0.013,-0.076,-0.021
AIRPOT,1644470998609,1644470998618,4,1644470998618,-0.172,-0.567,-0.806,0.024,-0.023,0.017
AIRPOT,1644470998675,1644470998684,4,1644470998684,-0.171,-0.560,-0.811,-0.010,-0.025,-0.048
AIRPOT,1644470998767,1644470998776,4,1644470998776,-0.172,-0.554,-0.815,-0.021,-0.115,-0.017
AIRPOT,1644470998875,1644470998884,4,1644470998884,-0.167,-0.561,-0.811,-0.002,0.039,-0.080
AIRPOT,1644470998933,1644470998942,4,1644470998942,-0.160,-0.562,-0.812,-0.024,0.016,0.041
AIRPOT,1644470999081,1644470999090,4,1644470999090,-0.162,-0.557,-0.815,-0.004,0.009,0.007
AIRPOT,1644470999133,1644470999142,4,1644470999142,-0.162,-0.556,-0.815,-0.018,0.024,0.069
AIRPOT,1644470999233,1644470999242,4,1644470999242,-0.169,-0.550,-0.818,0.023,0.030,0.004
AIRPOT,1644470999283,1644470999292,4,1644470999292,-0.172,-0.550,-0.817,0.007,0.097,0.070
AIRPOT,1644470999410,1644470999419,4,1644470999419,-0.194,-0.550,-0.812,0.019,0.022,-0.110
AIRPOT,1644470999438,1644470999447,4,1644470999447,-0.208,-0.548,-0.810,-0.056,-0.156,-0.154
AIRPOT,1644470999636,1644470999645,4,1644470999645,-0.201,-0.529,-0.824,0.034,0.002,-0.051
AIRPOT,1644470999686,1644470999695,4,1644470999695,-0.194,-0.516,-0.834,-0.031,-0.088,-0.028
AIRPOT,1644470999790,1644470999799,4,1644470999799,-0.179,-0.512,-0.840,-0.003,-0.107,-0.002
AIRPOT,1644470999843,1644470999852,4,1644470999852,-0.165,-0.518,-0.839,0.028,0.133,0.073
AIRPOT,1644470999909,1644470999918,4,1644470999918,-0.153,-0.527,-0.836,0.017,0.132,-0.021
AIRPOT,1644470999955,1644470999964,4,1644470999964,-0.153,-0.527,-0.836,-0.006,-0.040,-0.019
AIRPOT,1644470999991,1644471000000,4,1644471000000,-0.151,-0.530,-0.834,-0.047,0.013,-0.002
AIRPOT,1644471000035,1644471000044,4,1644471000044,-0.156,-0.535,-0.830,-0.023,0.009,-0.011
AIRPOT,1644471000082,1644471000091,4,1644471000091,-0.162,-0.539,-0.827,-0.005,-0.010,0.004
AIRPOT,1644471000136,1644471000145,4,1644471000145,-0.165,-0.545,-0.822,-0.023,0.024,0.070
AIRPOT,1644471000393,1644471000402,4,1644471000402,-0.105,-0.591,-0.800,-0.056,0.244,0.040
AIRPOT,1644471000566,1644471000575,4,1644471000575,-0.161,-0.580,-0.798,0.010,-0.073,-0.014
AIRPOT,1644471000681,1644471000690,4,1644471000690,-0.172,-0.562,-0.809,0.034,-0.101,-0.074
AIRPOT,1644471000731,1644471000740,4,1644471000740,-0.169,-0.561,-0.811,-0.079,0.044,0.075
AIRPOT,1644471000788,1644471000797,4,1644471000797,-0.170,-0.561,-0.810,-0.016,-0.028,0.102
AIRPOT,1644471000959,1644471000968,4,1644471000968,-0.165,-0.574,-0.802,-0.043,-0.122,0.053
AIRPOT,1644471001165,1644471001174,4,1644471001174,-0.152,-0.576,-0.803,0.025,0.078,0.030
AIRPOT,1644471001275,1644471001284,4,1644471001284,-0.159,-0.567,-0.808,-0.056,0.144,0.090
AIRPOT,1644471001317,1644471001326,4,1644471001326,-0.161,-0.567,-0.808,0.080,-0.039,0.012
AIRPOT,1644471001367,1644471001376,4,1644471001376,-0.165,-0.560,-0.812,-0.076,0.026,-0.003
AIRPOT,1644471001415,1644471001424,4,1644471001424,-0.163,-0.556,-0.815,0.003,-0.107,0.027
AIRPOT,1644471001474,1644471001483,4,1644471001483,-0.170,-0.544,-0.821,-0.075,0.132,0.075
AIRPOT,1644471001644,1644471001653,4,1644471001653,-0.173,-0.531,-0.829,0.044,0.022,-0.082
AIRPOT,1644471001706,1644471001715,4,1644471001715,-0.170,-0.531,-0.830,-0.043,-0.146,-0.020
AIRPOT,1644471001760,1644471001769,4,1644471001769,-0.165,-0.537,-0.827,-0.016,0.088,0.060
AIRPOT,1644471001927,1644471001936,4,1644471001936,-0.168,-0.551,-0.818,0.086,0.051,-0.043
AIRPOT,1644471001952,1644471001961,4,1644471001961,-0.166,-0.551,-0.818,0.069,-0.018,-0.028
AIRPOT,1644471002066,1644471002075,4,1644471002075,-0.157,-0.558,-0.815,-0.012,0.050,0.023
AIRPOT,1644471002245,1644471002254,4,1644471002254,-0.157,-0.580,-0.800,-0.037,-0.046,-0.066
AIRPOT,1644471002312,1644471002321,4,1644471002321,-0.157,-0.591,-0.791,-0.013,0.007,-0.004
AIRPOT,1644471002366,1644471002375,4,1644471002375,-0.162,-0.593,-0.789,-0.018,0.012,-0.029
AIRPOT,1644471002463,1644471002472,4,1644471002472,-0.190,-0.584,-0.789,-0.016,-0.046,0.007
AIRPOT,1644471002519,1644471002528,4,1644471002528,-0.191,-0.582,-0.790,0.033,0.015,0.000
AIRPOT,1644471002663,1644471002672,4,1644471002672,-0.201,-0.586,-0.785,-0.037,0.030,-0.032
AIRPOT,1644471002711,1644471002720,4,1644471002720,-0.204,-0.587,-0.783,-0.063,-0.087,-0.023
AIRPOT,1644471002763,1644471002772,4,1644471002772,-0.204,-0.589,-0.782,0.019,0.001,-0.036
AIRPOT,1644471002820,1644471002829,4,1644471002829,-0.202,-0.596,-0.777,0.042,0.034,0.020
AIRPOT,1644471002875,1644471002884,4,1644471002884,-0.202,-0.598,-0.776,0.065,0.010,0.020
AIRPOT,1644471002925,1644471002934,4,1644471002934,-0.206,-0.600,-0.773,0.030,0.039,0.013
AIRPOT,1644471003024,1644471003033,4,1644471003033,-0.207,-0.603,-0.770,0.019,0.093,-0.044
AIRPOT,1644471003076,1644471003085,4,1644471003085,-0.212,-0.602,-0.770,-0.027,-0.097,-0.036
AIRPOT,1644471003153,1644471003162,4,1644471003162,-0.202,-0.599,-0.775,-0.013,-0.043,0.001
AIRPOT,1644471003350,1644471003359,4,1644471003359,-0.170,-0.624,-0.763,0.027,0.061,0.083
AIRPOT,1644471003400,1644471003409,4,1644471003409,-0.166,-0.617,-0.769,0.007,0.167,-0.019
AIRPOT,1644471003485,1644471003494,4,1644471003494,-0.169,-0.608,-0.775,0.013,0.098,-0.000
AIRPOT,1644471003581,1644471003590,4,1644471003590,-0.154,-0.612,-0.776,0.003,0.082,0.094
AIRPOT,1644471003631,1644471003640,4,1644471003640,-0.162,-0.612,-0.774,-0.011,0.063,-0.152
AIRPOT,1644471003685,1644471003694,4,1644471003694,-0.157,-0.607,-0.779,-0.078,0.010,0.045
AIRPOT,1644471003745,1644471003754,4,1644471003754,-0.152,-0.594,-0.790,-0.025,-0.006,0.101
AIRPOT,1644471003841,1644471003850,4,1644471003850,-0.158,-0.588,-0.793,0.031,-0.044,-0.023
AIRPOT,1644471003904,1644471003913,4,1644471003913,-0.150,-0.584,-0.798,0.015,0.018,-0.018
AIRPOT,1644471003956,1644471003965,4,1644471003965,-0.146,-0.584,-0.799,0.012,-0.055,-0.044
AIRPOT,1644471004057,1644471004066,4,1644471004066,-0.134,-0.585,-0.800,-0.034,0.096,-0.016
AIRPOT,1644471004106,1644471004115,4,1644471004115,-0.129,-0.589,-0.798,-0.025,-0.067,0.025
AIRPOT,1644471004276,1644471004285,4,1644471004285,-0.130,-0.596,-0.792,-0.031,-0.013,-0.040
AIRPOT,1644471004325,1644471004334,4,1644471004334,-0.132,-0.596,-0.792,-0.043,0.035,0.002
AIRPOT,1644471004375,1644471004384,4,1644471004384,-0.136,-0.584,-0.800,0.052,0.022,0.024
AIRPOT,1644471004430,1644471004439,4,1644471004439,-0.136,-0.577,-0.805,0.078,-0.031,0.023
AIRPOT,1644471004481,1644471004490,4,1644471004490,-0.139,-0.578,-0.804,0.098,-0.017,0.064
AIRPOT,1644471004589,1644471004598,4,1644471004598,-0.164,-0.596,-0.786,0.017,-0.079,-0.066
AIRPOT,1644471004736,1644471004745,4,1644471004745,-0.177,-0.597,-0.783,0.011,0.001,-0.012
AIRPOT,1644471004794,1644471004803,4,1644471004803,-0.178,-0.593,-0.785,0.029,-0.138,0.001
AIRPOT,1644471004955,1644471004964,4,1644471004964,-0.170,-0.594,-0.786,-0.083,-0.101,0.070
AIRPOT,1644471005065,1644471005074,4,1644471005074,-0.163,-0.602,-0.782,0.079,-0.009,-0.003
AIRPOT,1644471005334,1644471005343,4,1644471005343,-0.164,-0.602,-0.782,0.003,0.035,0.081
AIRPOT,1644471005384,1644471005393,4,1644471005393,-0.166,-0.596,-0.785,0.063,-0.029,0.003
AIRPOT,1644471005496,1644471005505,4,1644471005505,-0.180,-0.599,-0.780,0.000,-0.152,-0.146
AIRPOT,1644471005579,1644471005588,4,1644471005588,-0.174,-0.605,-0.777,0.072,0.011,-0.120
AIRPOT,1644471005625,1644471005634,4,1644471005634,-0.171,-0.597,-0.784,-0.053,-0.094,0.083
AIRPOT,1644471005958,1644471005967,4,1644471005967,-0.172,-0.583,-0.794,-0.010,-0.004,0.048
AIRPOT,1644471006049,1644471006058,4,1644471006058,-0.187,-0.580,-0.793,-0.007,-0.028,-0.007
AIRPOT,1644471006176,1644471006185,4,1644471006185,-0.196,-0.582,-0.789,0.015,0.091,-0.002
AIRPOT,1644471006241,1644471006250,4,1644471006250,-0.200,-0.581,-0.789,0.036,-0.022,-0.009
AIRPOT,1644471006334,1644471006343,4,1644471006343,-0.194,-0.572,-0.797,0.035,0.030,0.042
AIRPOT,1644471006397,1644471006406,4,1644471006406,-0.199,-0.573,-0.795,-0.030,0.039,0.063
AIRPOT,1644471006499,1644471006508,4,1644471006508,-0.188,-0.576,-0.796,-0.007,0.066,0.003
AIRPOT,1644471006552,1644471006561,4,1644471006561,-0.193,-0.569,-0.799,-0.065,-0.044,0.101
AIRPOT,1644471006656,1644471006665,4,1644471006665,-0.194,-0.570,-0.798,-0.028,0.142,0.002
AIRPOT,1644471006705,1644471006714,4,1644471006714,-0.194,-0.568,-0.800,-0.007,-0.118,-0.066
AIRPOT,1644471006854,1644471006863,4,1644471006863,-0.189,-0.551,-0.813,0.021,0.083,0.042
AIRPOT,1644471006910,1644471006919,4,1644471006919,-0.191,-0.541,-0.819,0.001,-0.180,0.057
AIRPOT,1644471006970,1644471006979,4,1644471006979,-0.184,-0.540,-0.821,-0.067,-0.131,-0.018
AIRPOT,1644471007020,1644471007029,4,1644471007029,-0.175,-0.543,-0.821,0.097,0.161,0.052
AIRPOT,1644471007073,1644471007082,4,1644471007082,-0.187,-0.543,-0.819,-0.008,-0.137,-0.057
AIRPOT,1644471007134,1644471007143,4,1644471007143,-0.191,-0.552,-0.811,0.023,0.035,-0.028
AIRPOT,1644471007173,1644471007182,4,1644471007182,-0.185,-0.555,-0.811,0.007,0.031,0.015
AIRPOT,1644471007208,1644471007217,4,1644471007217,-0.178,-0.554,-0.813,0.030,0.007,0.032
AIRPOT,1644471007380,1644471007389,4,1644471007389,-0.184,-0.554,-0.812,-0.059,0.007,0.005
AIRPOT,1644471007435,1644471007444,4,1644471007444,-0.181,-0.553,-0.813,-0.020,0.078,0.045
AIRPOT,1644471007468,1644471007477,4,1644471007477,-0.186,-0.558,-0.809,0.004,0.008,-0.052
AIRPOT,1644471007541,1644471007550,4,1644471007550,-0.192,-0.558,-0.807,0.034,-0.167,0.014
AIRPOT,1644471007625,1644471007634,4,1644471007634,-0.178,-0.567,-0.804,-0.003,0.109,-0.051
AIRPOT,1644471007727,1644471007736,4,1644471007736,-0.148,-0.555,-0.818,-0.018,0.072,0.052
AIRPOT,1644471007782,1644471007791,4,1644471007791,-0.148,-0.552,-0.820,-0.031,-0.135,-0.026
AIRPOT,1644471007832,1644471007841,4,1644471007841,-0.141,-0.553,-0.821,0.018,0.119,0.100
AIRPOT,1644471007893,1644471007902,4,1644471007902,-0.120,-0.569,-0.814,0.049,0.174,-0.007
AIRPOT,1644471007957,1644471007966,4,1644471007966,-0.105,-0.573,-0.813,-0.018,0.012,-0.007
AIRPOT,1644471008005,1644471008014,4,1644471008014,-0.102,-0.575,-0.811,-0.012,0.054,-0.061
AIRPOT,1644471008069,1644471008078,4,1644471008078,-0.106,-0.572,-0.814,0.008,-0.013,-0.034
AIRPOT,1644471008134,1644471008143,4,1644471008143,-0.117,-0.568,-0.815,0.029,0.046,-0.015
AIRPOT,1644471008186,1644471008195,4,1644471008195,-0.117,-0.560,-0.820,-0.012,-0.015,0.072
AIRPOT,1644471008284,1644471008293,4,1644471008293,-0.125,-0.555,-0.822,0.006,0.051,0.112
AIRPOT,1644471008334,1644471008343,4,1644471008343,-0.129,-0.556,-0.821,0.051,0.148,0.092
AIRPOT,1644471008506,1644471008515,4,1644471008515,-0.191,-0.588,-0.786,-0.056,0.133,0.037
AIRPOT,1644471008612,1644471008621,4,1644471008621,-0.207,-0.558,-0.803,-0.043,-0.045,-0.031
AIRPOT,1644471008664,1644471008673,4,1644471008673,-0.208,-0.559,-0.803,0.031,-0.055,-0.038
AIRPOT,1644471008819,1644471008828,4,1644471008828,-0.181,-0.563,-0.806,-0.043,-0.032,0.115
AIRPOT,1644471008864,1644471008873,4,1644471008873,-0.178,-0.564,-0.806,-0.046,0.084,-0.024
AIRPOT,1644471008965,1644471008974,4,1644471008974,-0.162,-0.567,-0.808,0.051,-0.041,-0.001
AIRPOT,1644471009020,1644471009029,4,1644471009029,-0.165,-0.569,-0.805,0.006,-0.040,-0.035
AIRPOT,1644471009086,1644471009095,4,1644471009095,-0.150,-0.575,-0.804,0.028,-0.022,0.056
AIRPOT,1644471009136,1644471009145,4,1644471009145,-0.141,-0.577,-0.805,0.001,0.066,0.068
AIRPOT,1644471009264,1644471009273,4,1644471009273,-0.139,-0.587,-0.798,-0.044,0.254,0.301
AIRPOT,1644471009371,1644471009380,4,1644471009380,-0.173,-0.570,-0.803,-0.011,-0.106,-0.085
AIRPOT,1644471009421,1644471009430,4,1644471009430,-0.179,-0.568,-0.803,-0.079,-0.044,-0.076
AIRPOT,1644471009625,1644471009634,4,1644471009634,-0.171,-0.560,-0.811,0.044,-0.031,0.030
AIRPOT,1644471009724,1644471009733,4,1644471009733,-0.178,-0.565,-0.806,0.015,-0.062,-0.049
AIRPOT,1644471009774,1644471009783,4,1644471009783,-0.178,-0.565,-0.805,-0.003,0.061,-0.023
AIRPOT,1644471009824,1644471009833,4,1644471009833,-0.180,-0.564,-0.806,-0.025,-0.042,0.002
AIRPOT,1644471009873,1644471009882,4,1644471009882,-0.182,-0.563,-0.806,0.056,-0.145,-0.002
AIRPOT,1644471009926,1644471009935,4,1644471009935,-0.191,-0.576,-0.795,-0.011,-0.040,0.038
AIRPOT,1644471009977,1644471009986,4,1644471009986,-0.196,-0.583,-0.789,0.020,0.017,-0.038
AIRPOT,1644471010025,1644471010034,4,1644471010034,-0.194,-0.591,-0.783,-0.043,0.006,0.044
AIRPOT,1644471010074,1644471010083,4,1644471010083,-0.197,-0.598,-0.777,0.042,-0.028,-0.046
AIRPOT,1644471010077,1644471010086,4,1644471010086,-0.199,-0.607,-0.769,-0.001,0.037,0.050
AIRPOT,1644471010136,1644471010145,4,1644471010145,-0.207,-0.611,-0.765,-0.002,0.006,-0.013
AIRPOT,1644471010184,1644471010193,4,1644471010193,-0.211,-0.614,-0.760,0.014,-0.031,-0.027
AIRPOT,1644471010251,1644471010260,4,1644471010260,-0.213,-0.631,-0.746,-0.042,-0.003,0.034
AIRPOT,1644471010298,1644471010307,4,1644471010307,-0.215,-0.640,-0.737,0.037,0.038,-0.028
AIRPOT,1644471010441,1644471010450,4,1644471010450,-0.217,-0.662,-0.717,-0.009,-0.012,0.001
AIRPOT,1644471010496,1644471010505,4,1644471010505,-0.216,-0.667,-0.713,0.008,-0.003,-0.015
AIRPOT,1644471010603,1644471010612,4,1644471010612,-0.210,-0.686,-0.697,0.020,0.041,-0.007
AIRPOT,1644471010757,1644471010766,4,1644471010766,-0.198,-0.712,-0.674,0.013,0.014,-0.032
AIRPOT,1644471010810,1644471010819,4,1644471010819,-0.193,-0.713,-0.674,-0.005,0.053,0.004
AIRPOT,1644471010917,1644471010926,4,1644471010926,-0.181,-0.708,-0.682,0.029,-0.005,-0.030
AIRPOT,1644471010977,1644471010986,4,1644471010986,-0.178,-0.708,-0.683,0.005,0.029,0.005
AIRPOT,1644471011062,1644471011071,4,1644471011071,-0.173,-0.709,-0.683,0.016,0.027,-0.009
AIRPOT,1644471011161,1644471011170,4,1644471011170,-0.171,-0.711,-0.682,-0.003,-0.009,-0.015
AIRPOT,1644471011216,1644471011225,4,1644471011225,-0.173,-0.712,-0.681,-0.007,0.000,-0.012
AIRPOT,1644471011314,1644471011323,4,1644471011323,-0.176,-0.713,-0.678,0.001,0.026,-0.001
AIRPOT,1644471011366,1644471011375,4,1644471011375,-0.178,-0.713,-0.678,-0.002,-0.028,0.003
AIRPOT,1644471011417,1644471011426,4,1644471011426,-0.178,-0.714,-0.677,0.016,0.016,0.015
AIRPOT,1644471011512,1644471011521,4,1644471011521,-0.177,-0.723,-0.667,0.033,0.023,-0.007
AIRPOT,1644471011641,1644471011650,4,1644471011650,-0.183,-0.729,-0.660,0.016,0.005,0.002
AIRPOT,1644471011698,1644471011707,4,1644471011707,-0.178,-0.734,-0.656,0.023,-0.035,-0.001
AIRPOT,1644471011850,1644471011859,4,1644471011859,-0.147,-0.726,-0.672,0.015,-0.125,0.002
AIRPOT,1644471011958,1644471011967,4,1644471011967,-0.126,-0.712,-0.691,0.007,-0.036,0.001
AIRPOT,1644471012009,1644471012018,4,1644471012018,-0.121,-0.707,-0.697,-0.063,-0.035,0.035
AIRPOT,1644471012060,1644471012069,4,1644471012069,-0.118,-0.707,-0.697,-0.037,0.009,-0.012
AIRPOT,1644471012116,1644471012125,4,1644471012125,-0.113,-0.704,-0.701,0.022,-0.024,0.042
AIRPOT,1644471012168,1644471012177,4,1644471012177,-0.114,-0.704,-0.701,0.014,0.051,-0.010
AIRPOT,1644471012252,1644471012261,4,1644471012261,-0.121,-0.699,-0.705,-0.017,-0.002,0.015
AIRPOT,1644471012299,1644471012308,4,1644471012308,-0.124,-0.694,-0.709,0.021,-0.013,-0.019
AIRPOT,1644471012373,1644471012382,4,1644471012382,-0.133,-0.678,-0.723,-0.032,0.064,-0.009
AIRPOT,1644471012397,1644471012406,4,1644471012406,-0.142,-0.661,-0.737,-0.001,-0.105,0.039
AIRPOT,1644471012449,1644471012458,4,1644471012458,-0.148,-0.654,-0.742,-0.029,-0.082,0.049
AIRPOT,1644471012554,1644471012563,4,1644471012563,-0.169,-0.655,-0.736,0.036,0.008,-0.054
AIRPOT,1644471012602,1644471012611,4,1644471012611,-0.170,-0.655,-0.736,0.026,-0.029,-0.032
AIRPOT,1644471012656,1644471012665,4,1644471012665,-0.168,-0.658,-0.734,0.034,0.041,-0.079
AIRPOT,1644471012710,1644471012719,4,1644471012719,-0.162,-0.658,-0.736,0.037,-0.013,-0.022
AIRPOT,1644471012752,1644471012761,4,1644471012761,-0.158,-0.663,-0.732,0.020,0.001,0.011
AIRPOT,1644471012844,1644471012853,4,1644471012853,-0.149,-0.672,-0.726,0.008,0.040,0.009
AIRPOT,1644471012896,1644471012905,4,1644471012905,-0.145,-0.672,-0.727,-0.000,0.063,-0.052
AIRPOT,1644471012935,1644471012944,4,1644471012944,-0.138,-0.669,-0.731,0.019,-0.055,0.012
AIRPOT,1644471012952,1644471012961,4,1644471012961,-0.136,-0.665,-0.735,-0.013,0.037,-0.020
AIRPOT,1644471013005,1644471013014,4,1644471013014,-0.133,-0.660,-0.739,-0.065,-0.087,-0.025
AIRPOT,1644471013054,1644471013063,4,1644471013063,-0.128,-0.661,-0.740,-0.021,-0.041,0.018
AIRPOT,1644471013160,1644471013169,4,1644471013169,-0.122,-0.661,-0.741,0.045,0.061,-0.011
AIRPOT,1644471013212,1644471013221,4,1644471013221,-0.127,-0.653,-0.746,0.046,-0.063,-0.027
AIRPOT,1644471013311,1644471013320,4,1644471013320,-0.140,-0.639,-0.757,-0.007,-0.097,-0.006
AIRPOT,1644471013360,1644471013369,4,1644471013369,-0.154,-0.639,-0.754,-0.046,-0.028,0.036
AIRPOT,1644471013435,1644471013444,4,1644471013444,-0.194,-0.631,-0.751,-0.020,0.011,0.007
AIRPOT,1644471013486,1644471013495,4,1644471013495,-0.206,-0.625,-0.753,0.040,0.040,-0.057
AIRPOT,1644471013536,1644471013545,4,1644471013545,-0.208,-0.620,-0.756,-0.038,-0.060,0.081
AIRPOT,1644471013631,1644471013640,4,1644471013640,-0.207,-0.612,-0.763,-0.001,-0.005,0.019
AIRPOT,1644471013737,1644471013746,4,1644471013746,-0.209,-0.612,-0.763,-0.000,0.015,-0.004
AIRPOT,1644471013764,1644471013773,4,1644471013773,-0.206,-0.613,-0.763,0.051,-0.019,0.030
AIRPOT,1644471013807,1644471013816,4,1644471013816,-0.207,-0.617,-0.759,0.026,0.049,-0.016
AIRPOT,1644471013916,1644471013925,4,1644471013925,-0.187,-0.634,-0.751,-0.025,0.080,0.039
AIRPOT,1644471014095,1644471014104,4,1644471014104,-0.159,-0.649,-0.744,-0.022,-0.033,0.009
AIRPOT,1644471014145,1644471014154,4,1644471014154,-0.145,-0.655,-0.741,-0.009,0.042,0.016
AIRPOT,1644471014198,1644471014207,4,1644471014207,-0.142,-0.654,-0.743,0.000,0.071,0.036
AIRPOT,1644471014248,1644471014257,4,1644471014257,-0.143,-0.648,-0.748,0.032,-0.000,0.003
AIRPOT,1644471014365,1644471014374,4,1644471014374,-0.144,-0.640,-0.754,0.036,0.088,0.017
AIRPOT,1644471014425,1644471014434,4,1644471014434,-0.160,-0.632,-0.758,-0.011,-0.074,0.017
AIRPOT,1644471014476,1644471014485,4,1644471014485,-0.171,-0.636,-0.752,0.023,-0.002,-0.022
AIRPOT,1644471014531,1644471014540,4,1644471014540,-0.176,-0.635,-0.752,-0.009,0.067,-0.045
AIRPOT,1644471014645,1644471014654,4,1644471014654,-0.172,-0.621,-0.764,-0.063,-0.002,-0.050
AIRPOT,1644471014696,1644471014705,4,1644471014705,-0.168,-0.617,-0.769,-0.028,-0.017,-0.013
AIRPOT,1644471014805,1644471014814,4,1644471014814,-0.155,-0.615,-0.773,0.035,0.040,0.066
AIRPOT,1644471014918,1644471014927,4,1644471014927,-0.143,-0.634,-0.760,0.020,0.044,-0.002
AIRPOT,1644471015013,1644471015022,4,1644471015022,-0.125,-0.639,-0.759,-0.031,0.027,-0.015
AIRPOT,1644471015069,1644471015078,4,1644471015078,-0.108,-0.644,-0.758,-0.003,0.040,0.033
AIRPOT,1644471015120,1644471015129,4,1644471015129,-0.109,-0.652,-0.750,-0.081,-0.109,0.015
AIRPOT,1644471015185,1644471015194,4,1644471015194,-0.097,-0.657,-0.748,0.012,0.019,0.097
AIRPOT,1644471015235,1644471015244,4,1644471015244,-0.102,-0.658,-0.746,-0.006,0.016,0.023
AIRPOT,1644471015285,1644471015294,4,1644471015294,-0.114,-0.653,-0.748,0.032,0.101,0.026
AIRPOT,1644471015385,1644471015394,4,1644471015394,-0.140,-0.634,-0.761,-0.028,-0.024,-0.016
AIRPOT,1644471015437,1644471015446,4,1644471015446,-0.145,-0.629,-0.764,0.016,-0.071,-0.057
AIRPOT,1644471015588,1644471015597,4,1644471015597,-0.172,-0.638,-0.750,0.077,0.092,-0.153
AIRPOT,1644471015636,1644471015645,4,1644471015645,-0.179,-0.645,-0.743,-0.034,-0.092,0.023
AIRPOT,1644471015743,1644471015752,4,1644471015752,-0.182,-0.647,-0.741,-0.020,-0.146,0.075
AIRPOT,1644471015808,1644471015817,4,1644471015817,-0.181,-0.642,-0.745,0.064,0.092,-0.085
AIRPOT,1644471015853,1644471015862,4,1644471015862,-0.181,-0.636,-0.750,-0.029,-0.054,0.018
AIRPOT,1644471015866,1644471015875,4,1644471015875,-0.181,-0.630,-0.755,-0.020,-0.019,0.015
AIRPOT,1644471015963,1644471015972,4,1644471015972,-0.183,-0.639,-0.747,-0.006,-0.079,0.005
AIRPOT,1644471016122,1644471016131,4,1644471016131,-0.177,-0.687,-0.704,-0.037,0.024,0.007
AIRPOT,1644471016183,1644471016192,4,1644471016192,-0.180,-0.691,-0.701,0.017,0.075,-0.097
AIRPOT,1644471016232,1644471016241,4,1644471016241,-0.179,-0.689,-0.703,-0.063,-0.146,0.071
AIRPOT,1644471016284,1644471016293,4,1644471016293,-0.177,-0.689,-0.703,0.028,0.090,0.010
AIRPOT,1644471016396,1644471016405,4,1644471016405,-0.179,-0.641,-0.746,0.032,-0.005,0.037
AIRPOT,1644471016541,1644471016550,4,1644471016550,-0.178,-0.427,-0.887,-0.059,-0.141,0.075
AIRPOT,1644471016592,1644471016601,4,1644471016601,-0.157,-0.315,-0.936,-0.077,-0.203,0.078
AIRPOT,1644471016642,1644471016651,4,1644471016651,-0.121,-0.185,-0.975,-0.074,-0.226,0.159
AIRPOT,1644471016700,1644471016709,4,1644471016709,-0.037,0.138,-0.990,-0.020,-0.190,0.115
AIRPOT,1644471016753,1644471016762,4,1644471016762,0.001,0.303,-0.953,-0.009,-0.124,0.184
AIRPOT,1644471016859,1644471016868,4,1644471016868,0.049,0.651,-0.758,0.073,0.169,0.050
AIRPOT,1644471016919,1644471016928,4,1644471016928,0.061,0.719,-0.692,0.083,0.215,0.001
AIRPOT,1644471016986,1644471016995,4,1644471016995,0.083,0.794,-0.602,0.062,0.136,-0.056
AIRPOT,1644471017041,1644471017050,4,1644471017050,0.086,0.808,-0.583,0.038,0.071,-0.019
AIRPOT,1644471017072,1644471017081,4,1644471017081,0.084,0.817,-0.571,0.020,-0.009,-0.014
AIRPOT,1644471017099,1644471017108,4,1644471017108,0.081,0.824,-0.561,0.020,-0.036,-0.022
AIRPOT,1644471017155,1644471017164,4,1644471017164,0.079,0.831,-0.551,0.016,-0.046,0.004
AIRPOT,1644471017206,1644471017215,4,1644471017215,0.080,0.836,-0.542,0.014,-0.024,-0.002
AIRPOT,1644471017275,1644471017284,4,1644471017284,0.087,0.840,-0.536,-0.033,0.055,-0.017
AIRPOT,1644471017322,1644471017331,4,1644471017331,0.092,0.830,-0.550,0.019,0.120,-0.097
AIRPOT,1644471017426,1644471017435,4,1644471017435,0.130,0.730,-0.671,0.020,0.077,-0.002
AIRPOT,1644471017524,1644471017533,4,1644471017533,0.127,0.622,-0.773,0.022,0.043,0.042
AIRPOT,1644471017591,1644471017600,4,1644471017600,0.105,0.532,-0.840,0.010,0.009,0.063
AIRPOT,1644471017702,1644471017711,4,1644471017711,0.062,0.468,-0.882,0.014,0.018,0.056
AIRPOT,1644471017750,1644471017759,4,1644471017759,0.049,0.459,-0.887,0.019,0.003,0.006
AIRPOT,1644471017856,1644471017865,4,1644471017865,0.021,0.451,-0.892,0.023,-0.017,0.014
AIRPOT,1644471017939,1644471017948,4,1644471017948,0.008,0.449,-0.894,0.017,0.006,0.008
AIRPOT,1644471018056,1644471018065,4,1644471018065,-0.008,0.448,-0.894,0.080,0.030,-0.031
AIRPOT,1644471018108,1644471018117,4,1644471018117,-0.008,0.451,-0.892,-0.010,-0.005,0.044
AIRPOT,1644471018229,1644471018238,4,1644471018238,-0.045,0.451,-0.892,-0.046,-0.204,0.086
AIRPOT,1644471018333,1644471018342,4,1644471018342,-0.117,0.440,-0.890,0.005,-0.367,0.130
AIRPOT,1644471018387,1644471018396,4,1644471018396,-0.136,0.440,-0.888,0.031,-0.425,0.176
AIRPOT,1644471018438,1644471018447,4,1644471018447,-0.152,0.440,-0.885,0.030,-0.408,0.210
AIRPOT,1644471018589,1644471018598,4,1644471018598,-0.201,0.563,-0.802,-0.036,0.680,-0.453
AIRPOT,1644471018700,1644471018709,4,1644471018709,-0.160,0.667,-0.727,-0.023,0.463,-0.409
AIRPOT,1644471018741,1644471018750,4,1644471018750,-0.151,0.674,-0.723,0.055,0.339,-0.305
AIRPOT,1644471018895,1644471018904,4,1644471018904,-0.130,0.674,-0.727,0.008,0.050,0.006
AIRPOT,1644471018946,1644471018955,4,1644471018955,-0.143,0.675,-0.724,0.011,0.017,-0.021
AIRPOT,1644471019097,1644471019106,4,1644471019106,-0.162,0.673,-0.722,-0.175,-0.007,0.156
AIRPOT,1644471019151,1644471019160,4,1644471019160,-0.160,0.666,-0.729,-0.199,-0.076,0.109
AIRPOT,1644471019299,1644471019308,4,1644471019308,-0.129,0.655,-0.745,-0.156,-0.365,0.172
AIRPOT,1644471019351,1644471019360,4,1644471019360,-0.112,0.654,-0.748,-0.135,-0.404,0.203
AIRPOT,1644471019400,1644471019409,4,1644471019409,-0.093,0.656,-0.749,-0.093,-0.327,0.199
AIRPOT,1644471019451,1644471019460,4,1644471019460,-0.052,0.698,-0.714,-0.060,-0.243,-0.210
AIRPOT,1644471019504,1644471019513,4,1644471019513,-0.017,0.715,-0.699,-0.092,-0.088,0.149
AIRPOT,1644471019555,1644471019564,4,1644471019564,0.009,0.734,-0.679,-0.014,-0.072,-0.102
AIRPOT,1644471019660,1644471019669,4,1644471019669,0.098,0.804,-0.586,0.129,0.060,0.161
AIRPOT,1644471019713,1644471019722,4,1644471019722,0.117,0.817,-0.565,0.143,0.046,0.208
AIRPOT,1644471019812,1644471019821,4,1644471019821,0.148,0.858,-0.492,0.166,0.168,0.152
AIRPOT,1644471019863,1644471019872,4,1644471019872,0.156,0.868,-0.472,0.149,0.127,0.083
AIRPOT,1644471020014,1644471020023,4,1644471020023,0.162,0.892,-0.423,0.080,-0.006,0.029
AIRPOT,1644471020103,1644471020112,4,1644471020112,0.153,0.903,-0.401,0.008,-0.006,-0.010
AIRPOT,1644471020154,1644471020163,4,1644471020163,0.148,0.910,-0.387,-0.029,-0.013,-0.019
AIRPOT,1644471020257,1644471020266,4,1644471020266,0.125,0.930,-0.345,-0.051,0.141,-0.005
