DeviceName,PTPTime,UnixTime,protocool,CurrentDeviceTime,DistanceMM,DistanceCM,Weight,Count,DistanceADC,WeightADC,DeviceName(Current)
DEVICE,1644989952379,1644989937684,4,1644989937684,805,80,0,0,37487,0,DKU006#
DEVICE,1644989952411,1644989937716,4,1644989937716,820,82,0,0,37487,0,DKU006#
DEVICE,1644989952443,1644989937748,4,1644989937748,804,80,0,0,37487,0,DKU006#
DEVICE,1644989952475,1644989937780,4,1644989937780,806,80,0,0,37487,0,DKU006#
DEVICE,1644989952523,1644989937828,4,1644989937828,794,79,0,0,37456,0,DKU006#
DEVICE,1644989952540,1644989937845,4,1644989937845,800,80,0,0,37456,0,DKU006#
DEVICE,1644989952571,1644989937876,4,1644989937876,807,80,0,0,37456,0,DKU006#
DEVICE,1644989952603,1644989937908,4,1644989937908,813,81,0,0,37456,0,DKU006#
DEVICE,1644989952635,1644989937940,4,1644989937940,816,81,0,0,37456,0,DKU006#
DEVICE,1644989952667,1644989937972,4,1644989937972,801,80,0,0,37456,0,DKU006#
DEVICE,1644989952699,1644989938004,4,1644989938004,800,80,0,0,37456,0,DKU006#
DEVICE,1644989952731,1644989938036,4,1644989938036,812,81,0,0,37456,0,DKU006#
DEVICE,1644989952763,1644989938068,4,1644989938068,806,80,0,0,37456,0,DKU006#
DEVICE,1644989952795,1644989938100,4,1644989938100,800,80,0,0,37456,0,DKU006#
DEVICE,1644989952827,1644989938132,4,1644989938132,819,81,0,0,37456,0,DKU006#
DEVICE,1644989952859,1644989938164,4,1644989938164,813,81,0,0,37456,0,DKU006#
DEVICE,1644989952891,1644989938196,4,1644989938196,809,80,0,0,37456,0,DKU006#
DEVICE,1644989952923,1644989938228,4,1644989938228,806,80,0,0,37456,0,DKU006#
DEVICE,1644989952955,1644989938260,4,1644989938260,816,81,0,0,37456,0,DKU006#
DEVICE,1644989952987,1644989938292,4,1644989938292,792,79,0,0,37456,0,DKU006#
DEVICE,1644989953019,1644989938324,4,1644989938324,808,80,0,0,37456,0,DKU006#
DEVICE,1644989953051,1644989938356,4,1644989938356,806,80,0,0,37456,0,DKU006#
DEVICE,1644989953083,1644989938388,4,1644989938388,814,81,0,0,37456,0,DKU006#
DEVICE,1644989953115,1644989938420,4,1644989938420,799,79,0,0,37456,0,DKU006#
DEVICE,1644989953147,1644989938452,4,1644989938452,812,81,0,0,37456,0,DKU006#
DEVICE,1644989953179,1644989938484,4,1644989938484,811,81,0,0,37456,0,DKU006#
DEVICE,1644989953211,1644989938516,4,1644989938516,806,80,0,0,37456,0,DKU006#
DEVICE,1644989953242,1644989938547,4,1644989938547,809,80,0,0,37456,0,DKU006#
DEVICE,1644989953275,1644989938580,4,1644989938580,811,81,0,0,37456,0,DKU006#
DEVICE,1644989953307,1644989938612,4,1644989938612,823,82,0,0,37456,0,DKU006#
DEVICE,1644989953338,1644989938643,4,1644989938643,806,80,0,0,37456,0,DKU006#
DEVICE,1644989953370,1644989938675,4,1644989938675,803,80,0,0,37456,0,DKU006#
DEVICE,1644989953403,1644989938708,4,1644989938708,798,79,0,0,37456,0,DKU006#
DEVICE,1644989953435,1644989938740,4,1644989938740,807,80,0,0,37456,0,DKU006#
DEVICE,1644989953467,1644989938772,4,1644989938772,816,81,0,0,37456,0,DKU006#
DEVICE,1644989953514,1644989938819,4,1644989938819,823,82,0,0,37487,0,DKU006#
DEVICE,1644989953531,1644989938836,4,1644989938836,818,81,0,0,37487,0,DKU006#
DEVICE,1644989953562,1644989938867,4,1644989938867,808,80,0,0,37487,0,DKU006#
DEVICE,1644989953594,1644989938899,4,1644989938899,805,80,0,0,37487,0,DKU006#
DEVICE,1644989953626,1644989938931,4,1644989938931,823,82,0,0,37487,0,DKU006#
DEVICE,1644989953658,1644989938963,4,1644989938963,806,80,0,0,37487,0,DKU006#
DEVICE,1644989953690,1644989938995,4,1644989938995,812,81,0,0,37487,0,DKU006#
DEVICE,1644989953722,1644989939027,4,1644989939027,799,79,0,0,37487,0,DKU006#
DEVICE,1644989953755,1644989939060,4,1644989939060,804,80,0,0,37487,0,DKU006#
DEVICE,1644989953786,1644989939091,4,1644989939091,800,80,0,0,37487,0,DKU006#
DEVICE,1644989953818,1644989939123,4,1644989939123,809,80,0,0,37487,0,DKU006#
DEVICE,1644989953850,1644989939155,4,1644989939155,812,81,0,0,37487,0,DKU006#
DEVICE,1644989953882,1644989939187,4,1644989939187,809,80,0,0,37487,0,DKU006#
DEVICE,1644989953914,1644989939219,4,1644989939219,803,80,0,0,37487,0,DKU006#
DEVICE,1644989953946,1644989939251,4,1644989939251,812,81,0,0,37487,0,DKU006#
DEVICE,1644989953978,1644989939283,4,1644989939283,804,80,0,0,37487,0,DKU006#
DEVICE,1644989954010,1644989939315,4,1644989939315,807,80,0,0,37487,0,DKU006#
DEVICE,1644989954042,1644989939347,4,1644989939347,803,80,0,0,37487,0,DKU006#
DEVICE,1644989954074,1644989939379,4,1644989939379,797,79,0,0,37487,0,DKU006#
DEVICE,1644989954106,1644989939411,4,1644989939411,815,81,0,0,37487,0,DKU006#
DEVICE,1644989954138,1644989939443,4,1644989939443,803,80,0,0,37487,0,DKU006#
DEVICE,1644989954170,1644989939475,4,1644989939475,798,79,0,0,37487,0,DKU006#
DEVICE,1644989954202,1644989939507,4,1644989939507,790,79,0,0,37487,0,DKU006#
DEVICE,1644989954234,1644989939539,4,1644989939539,813,81,0,0,37487,0,DKU006#
DEVICE,1644989954266,1644989939571,4,1644989939571,804,80,0,0,37487,0,DKU006#
DEVICE,1644989954298,1644989939603,4,1644989939603,798,79,0,0,37487,0,DKU006#
DEVICE,1644989954330,1644989939635,4,1644989939635,813,81,0,0,37487,0,DKU006#
DEVICE,1644989954362,1644989939667,4,1644989939667,797,79,0,0,37487,0,DKU006#
DEVICE,1644989954394,1644989939699,4,1644989939699,804,80,0,0,37487,0,DKU006#
DEVICE,1644989954426,1644989939731,4,1644989939731,808,80,0,0,37487,0,DKU006#
DEVICE,1644989954458,1644989939763,4,1644989939763,804,80,0,0,37487,0,DKU006#
DEVICE,1644989954490,1644989939795,4,1644989939795,800,80,0,0,37487,0,DKU006#
DEVICE,1644989954522,1644989939827,4,1644989939827,800,80,0,0,37487,0,DKU006#
DEVICE,1644989954554,1644989939859,4,1644989939859,807,80,0,0,37487,0,DKU006#
DEVICE,1644989954586,1644989939891,4,1644989939891,809,80,0,0,37487,0,DKU006#
DEVICE,1644989954618,1644989939923,4,1644989939923,817,81,0,0,37487,0,DKU006#
DEVICE,1644989954650,1644989939955,4,1644989939955,813,81,0,0,37487,0,DKU006#
DEVICE,1644989954682,1644989939987,4,1644989939987,822,82,0,0,37487,0,DKU006#
DEVICE,1644989954713,1644989940018,4,1644989940018,803,80,0,0,37487,0,DKU006#
DEVICE,1644989954745,1644989940050,4,1644989940050,817,81,0,0,37487,0,DKU006#
DEVICE,1644989954777,1644989940082,4,1644989940082,807,80,0,0,37487,0,DKU006#
DEVICE,1644989954809,1644989940114,4,1644989940114,807,80,0,0,37487,0,DKU006#
DEVICE,1644989954841,1644989940146,4,1644989940146,806,80,0,0,37487,0,DKU006#
DEVICE,1644989954873,1644989940178,4,1644989940178,817,81,0,0,37487,0,DKU006#
DEVICE,1644989954905,1644989940210,4,1644989940210,809,80,0,0,37487,0,DKU006#
DEVICE,1644989954938,1644989940243,4,1644989940243,804,80,0,0,37487,0,DKU006#
DEVICE,1644989954970,1644989940275,4,1644989940275,815,81,0,0,37487,0,DKU006#
DEVICE,1644989955002,1644989940307,4,1644989940307,807,80,0,0,37487,0,DKU006#
DEVICE,1644989955033,1644989940338,4,1644989940338,821,82,0,0,37487,0,DKU006#
DEVICE,1644989955065,1644989940370,4,1644989940370,809,80,0,0,37487,0,DKU006#
DEVICE,1644989955097,1644989940402,4,1644989940402,808,80,0,0,37487,0,DKU006#
DEVICE,1644989955130,1644989940435,4,1644989940435,809,80,0,0,37487,0,DKU006#
DEVICE,1644989955161,1644989940466,4,1644989940466,808,80,0,0,37487,0,DKU006#
DEVICE,1644989955193,1644989940498,4,1644989940498,808,80,0,0,37487,0,DKU006#
DEVICE,1644989955225,1644989940530,4,1644989940530,819,81,0,0,37487,0,DKU006#
DEVICE,1644989955257,1644989940562,4,1644989940562,795,79,0,0,37487,0,DKU006#
DEVICE,1644989955289,1644989940594,4,1644989940594,813,81,0,0,37487,0,DKU006#
DEVICE,1644989955337,1644989940642,4,1644989940642,803,80,0,0,37500,0,DKU006#
DEVICE,1644989955353,1644989940658,4,1644989940658,810,81,0,0,37500,0,DKU006#
DEVICE,1644989955385,1644989940690,4,1644989940690,816,81,0,0,37500,0,DKU006#
DEVICE,1644989955417,1644989940722,4,1644989940722,816,81,0,0,37500,0,DKU006#
DEVICE,1644989955449,1644989940754,4,1644989940754,799,79,0,0,37500,0,DKU006#
DEVICE,1644989955481,1644989940786,4,1644989940786,802,80,0,0,37500,0,DKU006#
DEVICE,1644989955513,1644989940818,4,1644989940818,824,82,0,0,37500,0,DKU006#
DEVICE,1644989955545,1644989940850,4,1644989940850,821,82,0,0,37500,0,DKU006#
DEVICE,1644989955577,1644989940882,4,1644989940882,809,80,0,0,37500,0,DKU006#
DEVICE,1644989955609,1644989940914,4,1644989940914,805,80,0,0,37500,0,DKU006#
DEVICE,1644989955641,1644989940946,4,1644989940946,794,79,0,0,37500,0,DKU006#
DEVICE,1644989955673,1644989940978,4,1644989940978,808,80,0,0,37500,0,DKU006#
DEVICE,1644989955705,1644989941010,4,1644989941010,802,80,0,0,37500,0,DKU006#
DEVICE,1644989955737,1644989941042,4,1644989941042,811,81,0,0,37500,0,DKU006#
DEVICE,1644989955769,1644989941074,4,1644989941074,807,80,0,0,37500,0,DKU006#
DEVICE,1644989955801,1644989941106,4,1644989941106,799,79,0,0,37500,0,DKU006#
DEVICE,1644989955833,1644989941138,4,1644989941138,806,80,0,0,37500,0,DKU006#
DEVICE,1644989955865,1644989941170,4,1644989941170,790,79,0,0,37500,0,DKU006#
DEVICE,1644989955897,1644989941202,4,1644989941202,804,80,0,0,37500,0,DKU006#
DEVICE,1644989955929,1644989941234,4,1644989941234,808,80,0,0,37500,0,DKU006#
DEVICE,1644989955961,1644989941266,4,1644989941266,798,79,0,0,37500,0,DKU006#
DEVICE,1644989955992,1644989941297,4,1644989941297,783,78,0,0,37500,0,DKU006#
DEVICE,1644989956024,1644989941329,4,1644989941329,761,76,0,0,37500,0,DKU006#
DEVICE,1644989956056,1644989941361,4,1644989941361,777,77,0,0,37500,0,DKU006#
DEVICE,1644989956088,1644989941393,4,1644989941393,759,75,0,0,37500,0,DKU006#
DEVICE,1644989956121,1644989941426,4,1644989941426,760,76,0,0,37500,0,DKU006#
DEVICE,1644989956153,1644989941458,4,1644989941458,737,73,0,0,37500,0,DKU006#
DEVICE,1644989956184,1644989941489,4,1644989941489,740,74,5,0,37500,0,DKU006#
DEVICE,1644989956217,1644989941522,4,1644989941522,742,74,5,0,37500,0,DKU006#
DEVICE,1644989956249,1644989941554,4,1644989941554,731,73,5,0,37500,0,DKU006#
DEVICE,1644989956280,1644989941585,4,1644989941585,719,71,5,0,37500,0,DKU006#
DEVICE,1644989956312,1644989941617,4,1644989941617,714,71,5,0,37500,0,DKU006#
DEVICE,1644989956345,1644989941650,4,1644989941650,699,69,5,0,37500,0,DKU006#
DEVICE,1644989956376,1644989941681,4,1644989941681,688,68,5,0,37500,0,DKU006#
DEVICE,1644989956408,1644989941713,4,1644989941713,688,68,5,0,37500,0,DKU006#
DEVICE,1644989956440,1644989941745,4,1644989941745,694,69,5,0,37500,0,DKU006#
DEVICE,1644989956472,1644989941777,4,1644989941777,690,69,5,0,37500,0,DKU006#
DEVICE,1644989956504,1644989941809,4,1644989941809,675,67,5,0,37500,0,DKU006#
DEVICE,1644989956536,1644989941841,4,1644989941841,671,67,5,0,37500,0,DKU006#
DEVICE,1644989956568,1644989941873,4,1644989941873,660,66,5,0,37500,0,DKU006#
DEVICE,1644989956600,1644989941905,4,1644989941905,653,65,5,0,37500,0,DKU006#
DEVICE,1644989956632,1644989941937,4,1644989941937,652,65,5,0,37500,0,DKU006#
DEVICE,1644989956664,1644989941969,4,1644989941969,632,63,5,0,37500,0,DKU006#
DEVICE,1644989956696,1644989942001,4,1644989942001,636,63,5,0,37500,0,DKU006#
DEVICE,1644989956728,1644989942033,4,1644989942033,628,62,5,0,37500,0,DKU006#
DEVICE,1644989956760,1644989942065,4,1644989942065,620,62,5,0,37500,0,DKU006#
DEVICE,1644989956792,1644989942097,4,1644989942097,615,61,5,0,37500,0,DKU006#
DEVICE,1644989956824,1644989942129,4,1644989942129,600,60,5,0,37500,0,DKU006#
DEVICE,1644989956856,1644989942161,4,1644989942161,595,59,5,0,37500,0,DKU006#
DEVICE,1644989956888,1644989942193,4,1644989942193,584,58,5,0,37500,0,DKU006#
DEVICE,1644989956920,1644989942225,4,1644989942225,581,58,5,0,37500,0,DKU006#
DEVICE,1644989956952,1644989942257,4,1644989942257,579,57,5,0,37500,0,DKU006#
DEVICE,1644989956984,1644989942289,4,1644989942289,567,56,5,0,37500,0,DKU006#
DEVICE,1644989957016,1644989942321,4,1644989942321,568,56,5,0,37500,0,DKU006#
DEVICE,1644989957048,1644989942353,4,1644989942353,556,55,5,0,37500,0,DKU006#
DEVICE,1644989957080,1644989942385,4,1644989942385,544,54,5,1,37500,0,DKU006#
DEVICE,1644989957112,1644989942417,4,1644989942417,540,54,20,1,37500,5100,DKU006#
DEVICE,1644989957144,1644989942449,4,1644989942449,525,52,20,1,37500,5093,DKU006#
DEVICE,1644989957176,1644989942481,4,1644989942481,529,52,20,1,37500,5087,DKU006#
DEVICE,1644989957208,1644989942513,4,1644989942513,520,52,20,1,37500,5081,DKU006#
DEVICE,1644989957240,1644989942545,4,1644989942545,519,51,20,1,37500,5075,DKU006#
DEVICE,1644989957272,1644989942577,4,1644989942577,517,51,20,1,37500,5068,DKU006#
DEVICE,1644989957304,1644989942609,4,1644989942609,523,52,20,1,37500,5068,DKU006#
DEVICE,1644989957336,1644989942641,4,1644989942641,518,51,20,1,37500,5068,DKU006#
DEVICE,1644989957368,1644989942673,4,1644989942673,527,52,20,1,37500,5068,DKU006#
DEVICE,1644989957400,1644989942705,4,1644989942705,522,52,20,1,37500,5066,DKU006#
DEVICE,1644989957432,1644989942737,4,1644989942737,527,52,20,1,37500,5064,DKU006#
DEVICE,1644989957463,1644989942768,4,1644989942768,527,52,20,1,37500,5062,DKU006#
DEVICE,1644989957495,1644989942800,4,1644989942800,531,53,20,1,37500,5062,DKU006#
DEVICE,1644989957527,1644989942832,4,1644989942832,535,53,20,1,37500,5062,DKU006#
DEVICE,1644989957559,1644989942864,4,1644989942864,528,52,20,1,37500,5062,DKU006#
DEVICE,1644989957591,1644989942896,4,1644989942896,528,52,20,1,37500,5062,DKU006#
DEVICE,1644989957623,1644989942928,4,1644989942928,537,53,20,1,37500,5064,DKU006#
DEVICE,1644989957655,1644989942960,4,1644989942960,534,53,20,1,37500,5070,DKU006#
DEVICE,1644989957688,1644989942993,4,1644989942993,526,52,20,1,37500,5081,DKU006#
DEVICE,1644989957720,1644989943025,4,1644989943025,527,52,20,1,37500,5093,DKU006#
DEVICE,1644989957751,1644989943056,4,1644989943056,526,52,20,1,37500,5104,DKU006#
DEVICE,1644989957783,1644989943088,4,1644989943088,531,53,20,1,37500,5110,DKU006#
DEVICE,1644989957815,1644989943120,4,1644989943120,525,52,20,1,37500,5114,DKU006#
DEVICE,1644989957847,1644989943152,4,1644989943152,537,53,20,1,37500,5118,DKU006#
DEVICE,1644989957879,1644989943184,4,1644989943184,532,53,20,1,37500,5125,DKU006#
DEVICE,1644989957911,1644989943216,4,1644989943216,539,53,20,1,37500,5131,DKU006#
DEVICE,1644989957943,1644989943248,4,1644989943248,536,53,20,1,37500,5137,DKU006#
DEVICE,1644989957975,1644989943280,4,1644989943280,549,54,20,1,37500,5145,DKU006#
DEVICE,1644989958007,1644989943312,4,1644989943312,545,54,20,1,37500,5156,DKU006#
DEVICE,1644989958039,1644989943344,4,1644989943344,539,53,20,1,37500,5168,DKU006#
DEVICE,1644989958071,1644989943376,4,1644989943376,545,54,20,1,37500,5177,DKU006#
DEVICE,1644989958103,1644989943408,4,1644989943408,545,54,20,1,37500,5181,DKU006#
DEVICE,1644989958135,1644989943440,4,1644989943440,544,54,20,1,37500,5181,DKU006#
DEVICE,1644989958167,1644989943472,4,1644989943472,550,55,20,1,37500,5181,DKU006#
DEVICE,1644989958199,1644989943504,4,1644989943504,560,56,20,1,37500,5181,DKU006#
DEVICE,1644989958231,1644989943536,4,1644989943536,555,55,20,1,37500,5179,DKU006#
DEVICE,1644989958263,1644989943568,4,1644989943568,560,56,20,1,37500,5177,DKU006#
DEVICE,1644989958295,1644989943600,4,1644989943600,564,56,20,1,37500,5175,DKU006#
DEVICE,1644989958327,1644989943632,4,1644989943632,570,57,20,1,37500,5175,DKU006#
DEVICE,1644989958359,1644989943664,4,1644989943664,571,57,20,1,37500,5175,DKU006#
DEVICE,1644989958391,1644989943696,4,1644989943696,568,56,20,1,37500,5175,DKU006#
DEVICE,1644989958423,1644989943728,4,1644989943728,581,58,20,1,37500,5175,DKU006#
DEVICE,1644989958455,1644989943760,4,1644989943760,588,58,20,1,37500,5175,DKU006#
DEVICE,1644989958487,1644989943792,4,1644989943792,591,59,20,1,37500,5175,DKU006#
DEVICE,1644989958519,1644989943824,4,1644989943824,594,59,20,1,37500,5175,DKU006#
DEVICE,1644989958551,1644989943856,4,1644989943856,597,59,20,1,37500,5175,DKU006#
DEVICE,1644989958583,1644989943888,4,1644989943888,598,59,20,1,37500,5175,DKU006#
DEVICE,1644989958615,1644989943920,4,1644989943920,598,59,20,1,37500,5175,DKU006#
DEVICE,1644989958647,1644989943952,4,1644989943952,605,60,20,1,37500,5175,DKU006#
DEVICE,1644989958679,1644989943984,4,1644989943984,607,60,20,1,37500,5175,DKU006#
DEVICE,1644989958711,1644989944016,4,1644989944016,612,61,20,1,37500,5175,DKU006#
DEVICE,1644989958743,1644989944048,4,1644989944048,628,62,20,1,37500,5175,DKU006#
DEVICE,1644989958775,1644989944080,4,1644989944080,626,62,20,1,37500,5175,DKU006#
DEVICE,1644989958807,1644989944112,4,1644989944112,635,63,20,1,37500,5175,DKU006#
DEVICE,1644989958838,1644989944143,4,1644989944143,637,63,20,1,37500,5175,DKU006#
DEVICE,1644989958871,1644989944176,4,1644989944176,640,64,20,1,37500,5175,DKU006#
DEVICE,1644989958903,1644989944208,4,1644989944208,648,64,20,1,37500,5175,DKU006#
DEVICE,1644989958935,1644989944240,4,1644989944240,650,65,20,1,37500,5175,DKU006#
DEVICE,1644989958967,1644989944272,4,1644989944272,660,66,20,1,37500,5175,DKU006#
DEVICE,1644989958998,1644989944303,4,1644989944303,665,66,20,1,37500,5175,DKU006#
DEVICE,1644989959030,1644989944335,4,1644989944335,655,65,20,1,37500,5175,DKU006#
DEVICE,1644989959062,1644989944367,4,1644989944367,667,66,20,1,37500,5175,DKU006#
DEVICE,1644989959094,1644989944399,4,1644989944399,671,67,20,1,37500,5175,DKU006#
DEVICE,1644989959126,1644989944431,4,1644989944431,686,68,20,1,37500,5175,DKU006#
DEVICE,1644989959158,1644989944463,4,1644989944463,679,67,20,1,37500,5175,DKU006#
DEVICE,1644989959190,1644989944495,4,1644989944495,693,69,20,1,37500,5175,DKU006#
DEVICE,1644989959222,1644989944527,4,1644989944527,697,69,20,1,37500,5175,DKU006#
DEVICE,1644989959255,1644989944560,4,1644989944560,690,69,20,1,37500,5175,DKU006#
DEVICE,1644989959287,1644989944592,4,1644989944592,701,70,20,1,37500,5175,DKU006#
DEVICE,1644989959319,1644989944624,4,1644989944624,700,70,20,1,37500,5175,DKU006#
DEVICE,1644989959350,1644989944655,4,1644989944655,703,70,20,1,37500,5175,DKU006#
DEVICE,1644989959382,1644989944687,4,1644989944687,713,71,20,1,37500,5175,DKU006#
DEVICE,1644989959414,1644989944719,4,1644989944719,717,71,20,1,37500,5175,DKU006#
DEVICE,1644989959446,1644989944751,4,1644989944751,704,70,20,1,37500,5175,DKU006#
DEVICE,1644989959478,1644989944783,4,1644989944783,724,72,20,1,37500,5175,DKU006#
DEVICE,1644989959510,1644989944815,4,1644989944815,723,72,20,1,37500,5175,DKU006#
DEVICE,1644989959542,1644989944847,4,1644989944847,719,71,20,1,37500,5175,DKU006#
DEVICE,1644989959574,1644989944879,4,1644989944879,736,73,20,1,37500,5175,DKU006#
DEVICE,1644989959606,1644989944911,4,1644989944911,728,72,20,1,37500,5175,DKU006#
DEVICE,1644989959638,1644989944943,4,1644989944943,737,73,20,1,37500,5175,DKU006#
DEVICE,1644989959670,1644989944975,4,1644989944975,748,74,20,1,37500,5175,DKU006#
DEVICE,1644989959702,1644989945007,4,1644989945007,737,73,20,1,37500,5175,DKU006#
DEVICE,1644989959734,1644989945039,4,1644989945039,745,74,20,1,37500,5175,DKU006#
DEVICE,1644989959766,1644989945071,4,1644989945071,744,74,20,1,37500,5175,DKU006#
DEVICE,1644989959798,1644989945103,4,1644989945103,732,73,20,1,37500,5175,DKU006#
DEVICE,1644989959830,1644989945135,4,1644989945135,752,75,0,1,37500,5175,DKU006#
DEVICE,1644989959862,1644989945167,4,1644989945167,741,74,0,1,37500,5175,DKU006#
DEVICE,1644989959894,1644989945199,4,1644989945199,746,74,20,1,37500,5175,DKU006#
DEVICE,1644989959926,1644989945231,4,1644989945231,754,75,0,1,37500,3450,DKU006#
DEVICE,1644989959958,1644989945263,4,1644989945263,755,75,0,1,37500,1725,DKU006#
DEVICE,1644989959990,1644989945295,4,1644989945295,765,76,0,1,37500,0,DKU006#
DEVICE,1644989960022,1644989945327,4,1644989945327,770,77,0,1,37500,0,DKU006#
DEVICE,1644989960054,1644989945359,4,1644989945359,765,76,0,1,37500,0,DKU006#
DEVICE,1644989960086,1644989945391,4,1644989945391,777,77,0,1,37500,0,DKU006#
DEVICE,1644989960118,1644989945423,4,1644989945423,775,77,0,1,37500,0,DKU006#
DEVICE,1644989960150,1644989945455,4,1644989945455,768,76,0,1,37500,0,DKU006#
DEVICE,1644989960182,1644989945487,4,1644989945487,780,78,0,1,37500,0,DKU006#
DEVICE,1644989960215,1644989945520,4,1644989945520,777,77,0,1,37500,0,DKU006#
DEVICE,1644989960246,1644989945551,4,1644989945551,795,79,0,1,37500,0,DKU006#
DEVICE,1644989960278,1644989945583,4,1644989945583,796,79,0,1,37500,0,DKU006#
DEVICE,1644989960310,1644989945615,4,1644989945615,783,78,0,1,37500,0,DKU006#
DEVICE,1644989960342,1644989945647,4,1644989945647,798,79,0,1,37500,0,DKU006#
DEVICE,1644989960374,1644989945679,4,1644989945679,792,79,0,1,37500,0,DKU006#
DEVICE,1644989960406,1644989945711,4,1644989945711,794,79,0,1,37500,0,DKU006#
DEVICE,1644989960438,1644989945743,4,1644989945743,790,79,0,1,37500,0,DKU006#
DEVICE,1644989960470,1644989945775,4,1644989945775,802,80,0,1,37500,0,DKU006#
DEVICE,1644989960502,1644989945807,4,1644989945807,789,78,0,1,37500,0,DKU006#
DEVICE,1644989960534,1644989945839,4,1644989945839,800,80,0,1,37500,0,DKU006#
DEVICE,1644989960566,1644989945871,4,1644989945871,800,80,0,1,37500,0,DKU006#
DEVICE,1644989960598,1644989945903,4,1644989945903,816,81,0,1,37500,0,DKU006#
DEVICE,1644989960629,1644989945934,4,1644989945934,792,79,0,1,37500,0,DKU006#
DEVICE,1644989960661,1644989945966,4,1644989945966,801,80,0,1,37500,0,DKU006#
DEVICE,1644989960693,1644989945998,4,1644989945998,811,81,0,1,37500,0,DKU006#
DEVICE,1644989960725,1644989946030,4,1644989946030,807,80,0,1,37500,0,DKU006#
DEVICE,1644989960757,1644989946062,4,1644989946062,794,79,0,1,37500,0,DKU006#
DEVICE,1644989960789,1644989946094,4,1644989946094,807,80,0,1,37500,0,DKU006#
DEVICE,1644989960821,1644989946126,4,1644989946126,809,80,0,1,37500,0,DKU006#
DEVICE,1644989960853,1644989946158,4,1644989946158,789,78,0,1,37500,0,DKU006#
DEVICE,1644989960886,1644989946191,4,1644989946191,824,82,0,1,37500,0,DKU006#
DEVICE,1644989960917,1644989946222,4,1644989946222,812,81,0,1,37500,0,DKU006#
DEVICE,1644989960950,1644989946255,4,1644989946255,808,80,0,1,37500,0,DKU006#
DEVICE,1644989960981,1644989946286,4,1644989946286,800,80,0,1,37500,0,DKU006#
DEVICE,1644989961013,1644989946318,4,1644989946318,812,81,0,1,37500,0,DKU006#
DEVICE,1644989961045,1644989946350,4,1644989946350,800,80,0,1,37500,0,DKU006#
DEVICE,1644989961077,1644989946382,4,1644989946382,797,79,0,1,37500,0,DKU006#
DEVICE,1644989961109,1644989946414,4,1644989946414,806,80,0,1,37500,0,DKU006#
DEVICE,1644989961141,1644989946446,4,1644989946446,808,80,0,1,37500,0,DKU006#
DEVICE,1644989961173,1644989946478,4,1644989946478,810,81,0,1,37500,0,DKU006#
DEVICE,1644989961205,1644989946510,4,1644989946510,803,80,0,1,37500,0,DKU006#
DEVICE,1644989961237,1644989946542,4,1644989946542,816,81,0,1,37500,0,DKU006#
DEVICE,1644989961269,1644989946574,4,1644989946574,795,79,0,1,37500,0,DKU006#
DEVICE,1644989961301,1644989946606,4,1644989946606,802,80,0,1,37500,0,DKU006#
DEVICE,1644989961333,1644989946638,4,1644989946638,809,80,0,1,37500,0,DKU006#
DEVICE,1644989961365,1644989946670,4,1644989946670,818,81,0,1,37500,0,DKU006#
DEVICE,1644989961397,1644989946702,4,1644989946702,801,80,0,1,37500,0,DKU006#
DEVICE,1644989961429,1644989946734,4,1644989946734,805,80,0,1,37500,0,DKU006#
DEVICE,1644989961461,1644989946766,4,1644989946766,808,80,0,1,37500,0,DKU006#
DEVICE,1644989961493,1644989946798,4,1644989946798,805,80,0,1,37500,0,DKU006#
DEVICE,1644989961525,1644989946830,4,1644989946830,806,80,0,1,37500,0,DKU006#
DEVICE,1644989961557,1644989946862,4,1644989946862,797,79,0,1,37500,0,DKU006#
DEVICE,1644989961589,1644989946894,4,1644989946894,812,81,0,1,37500,0,DKU006#
DEVICE,1644989961621,1644989946926,4,1644989946926,825,82,0,1,37500,0,DKU006#
DEVICE,1644989961654,1644989946959,4,1644989946959,809,80,0,1,37500,0,DKU006#
DEVICE,1644989961685,1644989946990,4,1644989946990,812,81,0,1,37500,0,DKU006#
DEVICE,1644989961717,1644989947022,4,1644989947022,805,80,0,1,37500,0,DKU006#
DEVICE,1644989961749,1644989947054,4,1644989947054,803,80,0,1,37500,0,DKU006#
DEVICE,1644989961781,1644989947086,4,1644989947086,814,81,0,1,37500,0,DKU006#
DEVICE,1644989961813,1644989947118,4,1644989947118,811,81,0,1,37500,0,DKU006#
DEVICE,1644989961845,1644989947150,4,1644989947150,791,79,0,1,37500,0,DKU006#
DEVICE,1644989961877,1644989947182,4,1644989947182,811,81,0,1,37500,0,DKU006#
DEVICE,1644989961909,1644989947214,4,1644989947214,802,80,0,1,37500,0,DKU006#
DEVICE,1644989961940,1644989947245,4,1644989947245,815,81,0,1,37500,0,DKU006#
DEVICE,1644989961973,1644989947278,4,1644989947278,802,80,0,1,37500,0,DKU006#
DEVICE,1644989962004,1644989947309,4,1644989947309,814,81,0,1,37500,0,DKU006#
DEVICE,1644989962037,1644989947342,4,1644989947342,804,80,0,1,37500,0,DKU006#
DEVICE,1644989962069,1644989947374,4,1644989947374,808,80,0,1,37500,0,DKU006#
DEVICE,1644989962101,1644989947406,4,1644989947406,812,81,0,1,37500,0,DKU006#
DEVICE,1644989962133,1644989947438,4,1644989947438,814,81,0,1,37500,0,DKU006#
DEVICE,1644989962165,1644989947470,4,1644989947470,817,81,0,1,37500,0,DKU006#
DEVICE,1644989962197,1644989947502,4,1644989947502,815,81,0,1,37500,0,DKU006#
DEVICE,1644989962228,1644989947533,4,1644989947533,810,81,0,1,37500,0,DKU006#
DEVICE,1644989962260,1644989947565,4,1644989947565,819,81,0,1,37500,0,DKU006#
DEVICE,1644989962292,1644989947597,4,1644989947597,799,79,0,1,37500,0,DKU006#
DEVICE,1644989962324,1644989947629,4,1644989947629,795,79,0,1,37500,0,DKU006#
DEVICE,1644989962356,1644989947661,4,1644989947661,806,80,0,1,37500,0,DKU006#
DEVICE,1644989962388,1644989947693,4,1644989947693,821,82,0,1,37500,0,DKU006#
DEVICE,1644989962421,1644989947726,4,1644989947726,804,80,0,1,37500,0,DKU006#
DEVICE,1644989962453,1644989947758,4,1644989947758,808,80,0,1,37500,0,DKU006#
DEVICE,1644989962484,1644989947789,4,1644989947789,802,80,0,1,37500,0,DKU006#
DEVICE,1644989962516,1644989947821,4,1644989947821,807,80,0,1,37500,0,DKU006#
DEVICE,1644989962548,1644989947853,4,1644989947853,810,81,0,1,37500,0,DKU006#
DEVICE,1644989962580,1644989947885,4,1644989947885,798,79,0,1,37500,0,DKU006#
DEVICE,1644989962612,1644989947917,4,1644989947917,810,81,0,1,37500,0,DKU006#
DEVICE,1644989962644,1644989947949,4,1644989947949,799,79,0,1,37500,0,DKU006#
DEVICE,1644989962676,1644989947981,4,1644989947981,804,80,0,1,37500,0,DKU006#
DEVICE,1644989962708,1644989948013,4,1644989948013,807,80,0,1,37500,0,DKU006#
DEVICE,1644989962740,1644989948045,4,1644989948045,804,80,0,1,37500,0,DKU006#
DEVICE,1644989962772,1644989948077,4,1644989948077,796,79,0,1,37500,0,DKU006#
DEVICE,1644989962804,1644989948109,4,1644989948109,800,80,0,1,37500,0,DKU006#
DEVICE,1644989962836,1644989948141,4,1644989948141,810,81,0,1,37500,0,DKU006#
DEVICE,1644989962868,1644989948173,4,1644989948173,805,80,0,1,37500,0,DKU006#
DEVICE,1644989962900,1644989948205,4,1644989948205,805,80,0,1,37500,0,DKU006#
DEVICE,1644989962932,1644989948237,4,1644989948237,817,81,0,1,37500,0,DKU006#
DEVICE,1644989962963,1644989948268,4,1644989948268,799,79,0,1,37500,0,DKU006#
DEVICE,1644989962995,1644989948300,4,1644989948300,807,80,0,1,37500,0,DKU006#
DEVICE,1644989963028,1644989948333,4,1644989948333,802,80,0,1,37500,0,DKU006#
DEVICE,1644989963059,1644989948364,4,1644989948364,804,80,0,1,37500,0,DKU006#
DEVICE,1644989963092,1644989948397,4,1644989948397,797,79,0,1,37500,0,DKU006#
DEVICE,1644989963124,1644989948429,4,1644989948429,811,81,0,1,37068,0,DKU006#
DEVICE,1644989963155,1644989948460,4,1644989948460,800,80,0,1,37068,0,DKU006#
DEVICE,1644989963187,1644989948492,4,1644989948492,821,82,0,1,37068,0,DKU006#
DEVICE,1644989963219,1644989948524,4,1644989948524,803,80,0,1,37068,0,DKU006#
DEVICE,1644989963251,1644989948556,4,1644989948556,814,81,0,1,37068,0,DKU006#
DEVICE,1644989963283,1644989948588,4,1644989948588,807,80,0,1,37068,0,DKU006#
DEVICE,1644989963315,1644989948620,4,1644989948620,806,80,0,1,37068,0,DKU006#
DEVICE,1644989963348,1644989948653,4,1644989948653,819,81,0,1,37068,0,DKU006#
DEVICE,1644989963379,1644989948684,4,1644989948684,799,79,0,1,37068,0,DKU006#
DEVICE,1644989963411,1644989948716,4,1644989948716,808,80,0,1,37068,0,DKU006#
DEVICE,1644989963443,1644989948748,4,1644989948748,810,81,0,1,37068,0,DKU006#
DEVICE,1644989963475,1644989948780,4,1644989948780,812,81,0,1,37068,0,DKU006#
DEVICE,1644989963507,1644989948812,4,1644989948812,813,81,0,1,37068,0,DKU006#
DEVICE,1644989963539,1644989948844,4,1644989948844,821,82,0,1,37068,0,DKU006#
DEVICE,1644989963571,1644989948876,4,1644989948876,809,80,0,1,37068,0,DKU006#
DEVICE,1644989963603,1644989948908,4,1644989948908,802,80,0,1,37068,0,DKU006#
DEVICE,1644989963635,1644989948940,4,1644989948940,805,80,0,1,37068,0,DKU006#
DEVICE,1644989963667,1644989948972,4,1644989948972,803,80,0,1,37068,0,DKU006#
DEVICE,1644989963699,1644989949004,4,1644989949004,797,79,0,1,37068,0,DKU006#
DEVICE,1644989963731,1644989949036,4,1644989949036,816,81,0,1,37068,0,DKU006#
DEVICE,1644989963763,1644989949068,4,1644989949068,802,80,0,1,37068,0,DKU006#
DEVICE,1644989963795,1644989949100,4,1644989949100,809,80,0,1,37068,0,DKU006#
DEVICE,1644989963827,1644989949132,4,1644989949132,805,80,0,1,37068,0,DKU006#
DEVICE,1644989963844,1644989949149,4,1644989949149,801,80,0,1,37068,0,DKU006#
DEVICE,1644989963891,1644989949196,4,1644989949196,802,80,0,1,37068,0,DKU006#
DEVICE,1644989963923,1644989949228,4,1644989949228,800,80,0,1,37068,0,DKU006#
DEVICE,1644989963939,1644989949244,4,1644989949244,810,81,0,1,37068,0,DKU006#
DEVICE,1644989963987,1644989949292,4,1644989949292,805,80,0,1,37068,0,DKU006#
DEVICE,1644989964019,1644989949324,4,1644989949324,808,80,0,1,37068,0,DKU006#
DEVICE,1644989964035,1644989949340,4,1644989949340,799,79,0,1,37068,0,DKU006#
DEVICE,1644989964083,1644989949388,4,1644989949388,807,80,0,1,37068,0,DKU006#
DEVICE,1644989964115,1644989949420,4,1644989949420,826,82,0,1,37156,0,DKU006#
DEVICE,1644989964131,1644989949436,4,1644989949436,805,80,0,1,37156,0,DKU006#
DEVICE,1644989964163,1644989949468,4,1644989949468,815,81,0,1,37156,0,DKU006#
DEVICE,1644989964195,1644989949500,4,1644989949500,806,80,0,1,37156,0,DKU006#
DEVICE,1644989964227,1644989949532,4,1644989949532,799,79,0,1,37156,0,DKU006#
DEVICE,1644989964259,1644989949564,4,1644989949564,808,80,0,1,37156,0,DKU006#
DEVICE,1644989964291,1644989949596,4,1644989949596,806,80,0,1,37156,0,DKU006#
DEVICE,1644989964323,1644989949628,4,1644989949628,821,82,0,1,37156,0,DKU006#
DEVICE,1644989964354,1644989949659,4,1644989949659,806,80,0,1,37156,0,DKU006#
DEVICE,1644989964387,1644989949692,4,1644989949692,797,79,0,1,37156,0,DKU006#
DEVICE,1644989964419,1644989949724,4,1644989949724,801,80,0,1,37156,0,DKU006#
DEVICE,1644989964451,1644989949756,4,1644989949756,795,79,0,1,37156,0,DKU006#
DEVICE,1644989964483,1644989949788,4,1644989949788,802,80,0,1,37156,0,DKU006#
DEVICE,1644989964515,1644989949820,4,1644989949820,805,80,0,1,37156,0,DKU006#
DEVICE,1644989964547,1644989949852,4,1644989949852,803,80,0,1,37156,0,DKU006#
DEVICE,1644989964578,1644989949883,4,1644989949883,799,79,0,1,37156,0,DKU006#
DEVICE,1644989964610,1644989949915,4,1644989949915,798,79,0,1,37156,0,DKU006#
DEVICE,1644989964642,1644989949947,4,1644989949947,806,80,0,1,37156,0,DKU006#
DEVICE,1644989964674,1644989949979,4,1644989949979,802,80,0,1,37156,0,DKU006#
DEVICE,1644989964706,1644989950011,4,1644989950011,806,80,0,1,37156,0,DKU006#
DEVICE,1644989964738,1644989950043,4,1644989950043,807,80,0,1,37156,0,DKU006#
DEVICE,1644989964770,1644989950075,4,1644989950075,799,79,0,1,37156,0,DKU006#
DEVICE,1644989964803,1644989950108,4,1644989950108,819,81,0,1,37156,0,DKU006#
DEVICE,1644989964834,1644989950139,4,1644989950139,807,80,0,1,37156,0,DKU006#
DEVICE,1644989964866,1644989950171,4,1644989950171,798,79,0,1,37156,0,DKU006#
DEVICE,1644989964898,1644989950203,4,1644989950203,821,82,0,1,37156,0,DKU006#
DEVICE,1644989964930,1644989950235,4,1644989950235,807,80,0,1,37156,0,DKU006#
DEVICE,1644989964962,1644989950267,4,1644989950267,800,80,0,1,37156,0,DKU006#
DEVICE,1644989964994,1644989950299,4,1644989950299,794,79,0,1,37156,0,DKU006#
DEVICE,1644989965027,1644989950332,4,1644989950332,821,82,0,1,37156,0,DKU006#
DEVICE,1644989965058,1644989950363,4,1644989950363,814,81,0,1,37156,0,DKU006#
DEVICE,1644989965090,1644989950395,4,1644989950395,802,80,0,1,37156,0,DKU006#
DEVICE,1644989965122,1644989950427,4,1644989950427,804,80,0,1,37156,0,DKU006#
DEVICE,1644989965154,1644989950459,4,1644989950459,800,80,0,1,37156,0,DKU006#
DEVICE,1644989965186,1644989950491,4,1644989950491,812,81,0,1,37156,0,DKU006#
DEVICE,1644989965234,1644989950539,4,1644989950539,798,79,0,1,37181,0,DKU006#
DEVICE,1644989965250,1644989950555,4,1644989950555,814,81,0,1,37181,0,DKU006#
DEVICE,1644989965282,1644989950587,4,1644989950587,808,80,0,1,37181,0,DKU006#
DEVICE,1644989965314,1644989950619,4,1644989950619,801,80,0,1,37181,0,DKU006#
DEVICE,1644989965346,1644989950651,4,1644989950651,808,80,0,1,37181,0,DKU006#
DEVICE,1644989965378,1644989950683,4,1644989950683,804,80,0,1,37181,0,DKU006#
DEVICE,1644989965410,1644989950715,4,1644989950715,811,81,0,1,37181,0,DKU006#
DEVICE,1644989965443,1644989950748,4,1644989950748,825,82,0,1,37181,0,DKU006#
DEVICE,1644989965473,1644989950778,4,1644989950778,793,79,0,1,37181,0,DKU006#
DEVICE,1644989965506,1644989950811,4,1644989950811,806,80,0,1,37181,0,DKU006#
DEVICE,1644989965538,1644989950843,4,1644989950843,810,81,0,1,37181,0,DKU006#
DEVICE,1644989965570,1644989950875,4,1644989950875,817,81,0,1,37181,0,DKU006#
DEVICE,1644989965601,1644989950906,4,1644989950906,803,80,0,1,37181,0,DKU006#
DEVICE,1644989965633,1644989950938,4,1644989950938,806,80,0,1,37181,0,DKU006#
DEVICE,1644989965665,1644989950970,4,1644989950970,799,79,0,1,37181,0,DKU006#
DEVICE,1644989965697,1644989951002,4,1644989951002,803,80,0,1,37181,0,DKU006#
DEVICE,1644989965730,1644989951035,4,1644989951035,807,80,0,1,37181,0,DKU006#
DEVICE,1644989965761,1644989951066,4,1644989951066,811,81,0,1,37181,0,DKU006#
DEVICE,1644989965794,1644989951099,4,1644989951099,808,80,0,1,37181,0,DKU006#
DEVICE,1644989965825,1644989951130,4,1644989951130,810,81,0,1,37181,0,DKU006#
DEVICE,1644989965857,1644989951162,4,1644989951162,794,79,0,1,37181,0,DKU006#
DEVICE,1644989965889,1644989951194,4,1644989951194,799,79,0,1,37181,0,DKU006#
DEVICE,1644989965921,1644989951226,4,1644989951226,803,80,0,1,37181,0,DKU006#
DEVICE,1644989965954,1644989951259,4,1644989951259,820,82,0,1,37181,0,DKU006#
DEVICE,1644989965985,1644989951290,4,1644989951290,792,79,0,1,37181,0,DKU006#
DEVICE,1644989966017,1644989951322,4,1644989951322,804,80,0,1,37181,0,DKU006#
DEVICE,1644989966049,1644989951354,4,1644989951354,812,81,0,1,37181,0,DKU006#
DEVICE,1644989966081,1644989951386,4,1644989951386,821,82,0,1,37181,0,DKU006#
