Device,PTPTime,UnixTime,Protocool,CurrentDeviceTime,GyroX,GyroY,GyroZ,AccX,AccY,AccZ,
AIRPOT,1644469979171,1644469974780,4,1644469974780,-0.217,0.147,-0.965,-0.021,0.008,0.001
AIRPOT,1644469979174,1644469974783,4,1644469974783,-0.219,0.148,-0.964,-0.019,0.004,-0.000
AIRPOT,1644469979232,1644469974841,4,1644469974841,-0.221,0.148,-0.964,-0.013,0.000,0.006
AIRPOT,1644469979233,1644469974842,4,1644469974842,-0.223,0.147,-0.964,-0.012,-0.004,0.002
AIRPOT,1644469979285,1644469974894,4,1644469974894,-0.224,0.147,-0.964,-0.012,0.001,-0.000
AIRPOT,1644469979342,1644469974951,4,1644469974951,-0.225,0.146,-0.963,-0.008,-0.002,0.002
AIRPOT,1644469979393,1644469975002,4,1644469975002,-0.226,0.145,-0.963,-0.003,-0.012,0.006
AIRPOT,1644469979404,1644469975013,4,1644469975013,-0.227,0.145,-0.963,-0.001,-0.013,0.005
AIRPOT,1644469979452,1644469975061,4,1644469975061,-0.227,0.145,-0.963,0.003,-0.015,-0.001
AIRPOT,1644469979526,1644469975135,4,1644469975135,-0.227,0.145,-0.963,-0.001,-0.010,-0.006
AIRPOT,1644469979526,1644469975135,4,1644469975135,-0.227,0.145,-0.963,0.001,-0.006,-0.001
AIRPOT,1644469979584,1644469975193,4,1644469975193,-0.226,0.145,-0.963,0.001,-0.004,-0.001
AIRPOT,1644469979651,1644469975260,4,1644469975260,-0.225,0.145,-0.963,0.003,-0.006,-0.006
AIRPOT,1644469979652,1644469975261,4,1644469975261,-0.225,0.145,-0.963,0.005,-0.003,-0.004
AIRPOT,1644469979711,1644469975320,4,1644469975320,-0.225,0.146,-0.963,0.006,-0.010,-0.003
AIRPOT,1644469979715,1644469975324,4,1644469975324,-0.225,0.146,-0.963,0.007,-0.006,-0.001
AIRPOT,1644469979770,1644469975379,4,1644469975379,-0.225,0.146,-0.963,0.005,-0.002,-0.006
AIRPOT,1644469979833,1644469975442,4,1644469975442,-0.225,0.146,-0.963,0.003,-0.001,-0.005
AIRPOT,1644469979834,1644469975443,4,1644469975443,-0.224,0.146,-0.964,0.005,0.004,-0.002
AIRPOT,1644469979900,1644469975509,4,1644469975509,-0.224,0.145,-0.964,0.002,0.000,-0.004
AIRPOT,1644469979955,1644469975564,4,1644469975564,-0.224,0.144,-0.964,0.003,-0.002,-0.000
AIRPOT,1644469979993,1644469975602,4,1644469975602,-0.224,0.144,-0.964,0.004,-0.002,0.001
AIRPOT,1644469980039,1644469975648,4,1644469975648,-0.224,0.143,-0.964,0.001,0.002,-0.003
AIRPOT,1644469980039,1644469975648,4,1644469975648,-0.224,0.143,-0.964,-0.001,0.003,-0.004
AIRPOT,1644469980085,1644469975694,4,1644469975694,-0.226,0.142,-0.964,-0.004,0.001,-0.004
AIRPOT,1644469980137,1644469975746,4,1644469975746,-0.227,0.141,-0.964,-0.006,0.000,0.003
AIRPOT,1644469980212,1644469975821,4,1644469975821,-0.228,0.141,-0.963,-0.004,-0.002,0.006
AIRPOT,1644469980217,1644469975826,4,1644469975826,-0.228,0.140,-0.964,-0.007,-0.005,-0.001
AIRPOT,1644469980271,1644469975880,4,1644469975880,-0.229,0.139,-0.963,-0.004,-0.002,0.001
AIRPOT,1644469980276,1644469975885,4,1644469975885,-0.230,0.138,-0.963,-0.002,-0.008,-0.005
AIRPOT,1644469980346,1644469975955,4,1644469975955,-0.231,0.138,-0.963,0.000,-0.010,0.000
AIRPOT,1644469980384,1644469975993,4,1644469975993,-0.232,0.137,-0.963,0.003,-0.014,-0.003
AIRPOT,1644469980405,1644469976014,4,1644469976014,-0.232,0.137,-0.963,0.009,-0.031,0.001
AIRPOT,1644469980459,1644469976068,4,1644469976068,-0.231,0.137,-0.963,0.008,-0.035,0.006
AIRPOT,1644469980523,1644469976132,4,1644469976132,-0.227,0.137,-0.964,0.009,-0.024,0.010
AIRPOT,1644469980523,1644469976132,4,1644469976132,-0.220,0.137,-0.966,0.003,-0.003,0.004
AIRPOT,1644469980581,1644469976190,4,1644469976190,-0.214,0.138,-0.967,-0.003,0.006,-0.006
AIRPOT,1644469980615,1644469976224,4,1644469976224,-0.208,0.138,-0.968,0.002,0.012,-0.011
AIRPOT,1644469980644,1644469976253,4,1644469976253,-0.205,0.138,-0.969,0.005,0.008,-0.020
AIRPOT,1644469980731,1644469976340,4,1644469976340,-0.204,0.137,-0.969,0.007,0.006,-0.013
AIRPOT,1644469980739,1644469976348,4,1644469976348,-0.204,0.135,-0.969,0.012,0.003,0.000
AIRPOT,1644469980791,1644469976400,4,1644469976400,-0.204,0.134,-0.970,0.008,-0.002,0.002
AIRPOT,1644469980855,1644469976464,4,1644469976464,-0.204,0.132,-0.970,0.007,-0.010,-0.003
AIRPOT,1644469980855,1644469976464,4,1644469976464,-0.205,0.132,-0.970,0.010,-0.005,-0.006
AIRPOT,1644469980910,1644469976519,4,1644469976519,-0.207,0.132,-0.969,0.003,0.004,-0.007
AIRPOT,1644469980938,1644469976547,4,1644469976547,-0.210,0.133,-0.969,-0.012,0.034,0.003
AIRPOT,1644469980991,1644469976600,4,1644469976600,-0.212,0.133,-0.968,-0.011,-0.001,0.019
AIRPOT,1644469981060,1644469976669,4,1644469976669,-0.212,0.135,-0.968,-0.011,0.043,0.018
AIRPOT,1644469981060,1644469976669,4,1644469976669,-0.211,0.137,-0.968,-0.058,0.086,-0.014
AIRPOT,1644469981173,1644469976782,4,1644469976782,-0.218,0.139,-0.966,-0.045,0.015,0.008
AIRPOT,1644469981173,1644469976782,4,1644469976782,-0.228,0.140,-0.963,0.001,-0.084,0.028
AIRPOT,1644469981176,1644469976785,4,1644469976785,-0.237,0.147,-0.960,0.058,-0.300,-0.015
AIRPOT,1644469981241,1644469976850,4,1644469976850,-0.241,0.161,-0.957,0.171,-0.446,-0.012
AIRPOT,1644469981361,1644469976970,4,1644469976970,-0.226,0.180,-0.957,0.254,-0.214,0.015
AIRPOT,1644469981361,1644469976970,4,1644469976970,-0.198,0.200,-0.960,0.253,-0.075,-0.051
AIRPOT,1644469981365,1644469976974,4,1644469976974,-0.174,0.217,-0.961,0.262,0.064,-0.069
AIRPOT,1644469981372,1644469976981,4,1644469976981,-0.157,0.224,-0.962,0.249,0.181,-0.046
AIRPOT,1644469981425,1644469977034,4,1644469977034,-0.150,0.225,-0.963,0.172,0.255,-0.022
AIRPOT,1644469981480,1644469977089,4,1644469977089,-0.153,0.224,-0.963,0.089,0.302,-0.011
AIRPOT,1644469981539,1644469977148,4,1644469977148,-0.161,0.221,-0.962,0.013,0.272,-0.006
AIRPOT,1644469981550,1644469977159,4,1644469977159,-0.172,0.217,-0.961,0.015,0.145,0.027
AIRPOT,1644469981574,1644469977183,4,1644469977183,-0.180,0.211,-0.961,0.006,0.118,0.030
AIRPOT,1644469981617,1644469977226,4,1644469977226,-0.185,0.206,-0.961,-0.031,0.147,0.032
AIRPOT,1644469981677,1644469977286,4,1644469977286,-0.191,0.202,-0.961,-0.082,0.132,0.028
AIRPOT,1644469981717,1644469977326,4,1644469977326,-0.201,0.198,-0.959,-0.065,0.049,0.026
AIRPOT,1644469981791,1644469977400,4,1644469977400,-0.210,0.192,-0.959,-0.026,0.032,0.036
AIRPOT,1644469981792,1644469977401,4,1644469977401,-0.217,0.188,-0.958,-0.032,0.007,0.040
AIRPOT,1644469981843,1644469977452,4,1644469977452,-0.219,0.185,-0.958,0.003,-0.036,0.038
AIRPOT,1644469981848,1644469977457,4,1644469977457,-0.214,0.182,-0.960,0.041,0.030,0.061
AIRPOT,1644469981899,1644469977508,4,1644469977508,-0.202,0.180,-0.963,0.033,0.087,0.014
AIRPOT,1644469981960,1644469977569,4,1644469977569,-0.192,0.176,-0.965,0.055,0.138,0.031
AIRPOT,1644469982011,1644469977620,4,1644469977620,-0.182,0.170,-0.968,0.054,0.150,-0.040
AIRPOT,1644469982011,1644469977620,4,1644469977620,-0.175,0.162,-0.971,0.046,0.109,-0.032
AIRPOT,1644469982049,1644469977658,4,1644469977658,-0.171,0.148,-0.974,0.030,0.064,-0.068
AIRPOT,1644469982131,1644469977740,4,1644469977740,-0.169,0.134,-0.976,-0.026,0.064,-0.139
AIRPOT,1644469982133,1644469977742,4,1644469977742,-0.178,0.122,-0.976,-0.052,0.090,-0.022
AIRPOT,1644469982185,1644469977794,4,1644469977794,-0.188,0.107,-0.976,-0.067,0.039,-0.004
AIRPOT,1644469982235,1644469977844,4,1644469977844,-0.199,0.088,-0.976,-0.036,0.032,0.056
AIRPOT,1644469982293,1644469977902,4,1644469977902,-0.206,0.072,-0.976,-0.059,0.104,0.009
AIRPOT,1644469982293,1644469977902,4,1644469977902,-0.216,0.057,-0.975,-0.091,0.135,-0.007
AIRPOT,1644469982351,1644469977960,4,1644469977960,-0.234,0.033,-0.972,-0.065,0.025,0.006
AIRPOT,1644469982411,1644469978020,4,1644469978020,-0.255,0.005,-0.967,0.003,-0.080,0.031
AIRPOT,1644469982413,1644469978022,4,1644469978022,-0.266,-0.016,-0.964,0.041,-0.147,0.033
AIRPOT,1644469982464,1644469978073,4,1644469978073,-0.263,-0.026,-0.964,0.017,-0.141,-0.000
AIRPOT,1644469982505,1644469978114,4,1644469978114,-0.255,-0.031,-0.966,0.004,-0.202,0.014
AIRPOT,1644469982539,1644469978148,4,1644469978148,-0.243,-0.034,-0.970,-0.005,-0.196,0.013
AIRPOT,1644469982615,1644469978224,4,1644469978224,-0.228,-0.044,-0.973,-0.004,-0.260,0.026
AIRPOT,1644469982616,1644469978225,4,1644469978225,-0.207,-0.078,-0.975,-0.004,-0.087,-0.035
AIRPOT,1644469982682,1644469978291,4,1644469978291,-0.180,-0.121,-0.976,-0.026,-0.016,-0.027
AIRPOT,1644469982739,1644469978348,4,1644469978348,-0.155,-0.157,-0.975,-0.018,0.062,-0.023
AIRPOT,1644469982746,1644469978355,4,1644469978355,-0.135,-0.181,-0.974,-0.009,-0.038,0.042
AIRPOT,1644469982800,1644469978409,4,1644469978409,-0.119,-0.202,-0.972,0.025,-0.041,0.036
AIRPOT,1644469982862,1644469978471,4,1644469978471,-0.107,-0.225,-0.968,0.086,-0.009,-0.004
AIRPOT,1644469982864,1644469978473,4,1644469978473,-0.098,-0.244,-0.965,0.082,0.032,-0.027
AIRPOT,1644469982920,1644469978529,4,1644469978529,-0.095,-0.260,-0.961,0.086,0.049,-0.034
AIRPOT,1644469982983,1644469978592,4,1644469978592,-0.093,-0.272,-0.958,0.106,0.093,-0.015
AIRPOT,1644469982983,1644469978592,4,1644469978592,-0.090,-0.282,-0.955,0.083,0.055,-0.020
AIRPOT,1644469983036,1644469978645,4,1644469978645,-0.085,-0.288,-0.954,0.093,0.056,-0.011
AIRPOT,1644469983100,1644469978709,4,1644469978709,-0.077,-0.294,-0.953,0.042,-0.003,-0.024
AIRPOT,1644469983103,1644469978712,4,1644469978712,-0.075,-0.300,-0.951,0.018,-0.009,0.002
AIRPOT,1644469983166,1644469978775,4,1644469978775,-0.076,-0.307,-0.949,0.011,-0.029,-0.008
AIRPOT,1644469983220,1644469978829,4,1644469978829,-0.076,-0.315,-0.946,-0.001,-0.024,0.011
AIRPOT,1644469983284,1644469978893,4,1644469978893,-0.076,-0.322,-0.944,0.003,-0.005,0.009
AIRPOT,1644469983284,1644469978893,4,1644469978893,-0.073,-0.329,-0.942,0.005,-0.005,-0.005
AIRPOT,1644469983314,1644469978923,4,1644469978923,-0.069,-0.336,-0.939,-0.007,0.033,-0.019
AIRPOT,1644469983398,1644469979007,4,1644469979006,-0.066,-0.344,-0.937,-0.007,-0.005,-0.015
AIRPOT,1644469983398,1644469979007,4,1644469979007,-0.066,-0.356,-0.932,0.019,0.003,-0.003
AIRPOT,1644469983457,1644469979066,4,1644469979066,-0.063,-0.370,-0.927,-0.021,-0.005,-0.015
AIRPOT,1644469983457,1644469979066,4,1644469979066,-0.064,-0.385,-0.921,-0.017,-0.017,0.010
AIRPOT,1644469983515,1644469979124,4,1644469979124,-0.066,-0.399,-0.914,-0.007,-0.005,0.027
AIRPOT,1644469983582,1644469979191,4,1644469979191,-0.067,-0.413,-0.908,-0.023,-0.017,0.027
AIRPOT,1644469983582,1644469979191,4,1644469979191,-0.071,-0.425,-0.902,-0.032,0.002,0.030
AIRPOT,1644469983641,1644469979250,4,1644469979250,-0.075,-0.436,-0.897,-0.033,-0.013,0.030
AIRPOT,1644469983682,1644469979291,4,1644469979291,-0.080,-0.446,-0.892,-0.053,-0.039,0.008
AIRPOT,1644469983703,1644469979312,4,1644469979312,-0.086,-0.452,-0.888,-0.066,-0.043,0.024
AIRPOT,1644469983765,1644469979374,4,1644469979374,-0.094,-0.455,-0.886,-0.034,-0.052,0.055
AIRPOT,1644469983874,1644469979483,4,1644469979483,-0.099,-0.455,-0.885,-0.040,-0.058,0.032
AIRPOT,1644469983874,1644469979483,4,1644469979483,-0.104,-0.453,-0.885,-0.022,-0.035,0.032
AIRPOT,1644469983884,1644469979493,4,1644469979493,-0.107,-0.451,-0.886,-0.019,0.009,0.010
AIRPOT,1644469983927,1644469979536,4,1644469979536,-0.108,-0.448,-0.887,-0.024,0.009,-0.014
AIRPOT,1644469984016,1644469979625,4,1644469979625,-0.111,-0.442,-0.890,-0.022,-0.007,-0.005
AIRPOT,1644469984067,1644469979676,4,1644469979676,-0.115,-0.435,-0.893,-0.016,-0.015,0.012
AIRPOT,1644469984069,1644469979678,4,1644469979678,-0.117,-0.427,-0.897,-0.004,-0.031,0.039
AIRPOT,1644469984069,1644469979678,4,1644469979678,-0.114,-0.423,-0.899,-0.015,-0.003,-0.001
AIRPOT,1644469984184,1644469979793,4,1644469979792,-0.110,-0.424,-0.899,-0.017,0.032,-0.023
AIRPOT,1644469984184,1644469979793,4,1644469979793,-0.107,-0.426,-0.898,-0.009,0.005,-0.004
AIRPOT,1644469984301,1644469979910,4,1644469979909,-0.104,-0.425,-0.899,0.000,-0.001,-0.003
AIRPOT,1644469984301,1644469979910,4,1644469979910,-0.103,-0.420,-0.902,-0.006,-0.015,0.017
AIRPOT,1644469984307,1644469979916,4,1644469979916,-0.104,-0.409,-0.907,-0.008,-0.015,0.026
AIRPOT,1644469984307,1644469979916,4,1644469979916,-0.105,-0.389,-0.915,-0.011,0.063,0.031
AIRPOT,1644469984360,1644469979969,4,1644469979969,-0.107,-0.356,-0.928,-0.022,0.024,0.002
AIRPOT,1644469984421,1644469980030,4,1644469980030,-0.113,-0.315,-0.942,-0.081,0.033,-0.004
AIRPOT,1644469984484,1644469980093,4,1644469980093,-0.128,-0.263,-0.956,-0.110,0.078,-0.014
AIRPOT,1644469984484,1644469980093,4,1644469980093,-0.151,-0.197,-0.969,-0.150,0.036,0.028
AIRPOT,1644469984601,1644469980210,4,1644469980210,-0.178,-0.119,-0.977,-0.159,0.045,0.125
AIRPOT,1644469984601,1644469980210,4,1644469980210,-0.203,-0.040,-0.978,-0.143,0.018,0.129
AIRPOT,1644469984605,1644469980214,4,1644469980214,-0.217,0.022,-0.976,-0.209,0.014,0.059
AIRPOT,1644469984660,1644469980269,4,1644469980269,-0.227,0.064,-0.972,-0.210,0.089,0.024
AIRPOT,1644469984720,1644469980329,4,1644469980329,-0.232,0.092,-0.968,-0.178,0.005,-0.009
AIRPOT,1644469984721,1644469980330,4,1644469980330,-0.235,0.104,-0.966,-0.090,-0.002,0.077
AIRPOT,1644469984793,1644469980402,4,1644469980402,-0.233,0.114,-0.966,0.015,0.014,0.026
AIRPOT,1644469984793,1644469980402,4,1644469980402,-0.229,0.126,-0.965,0.073,-0.057,-0.025
AIRPOT,1644469984842,1644469980451,4,1644469980451,-0.227,0.139,-0.964,0.145,-0.056,0.056
AIRPOT,1644469984908,1644469980517,4,1644469980517,-0.222,0.158,-0.962,0.182,-0.049,0.049
AIRPOT,1644469984920,1644469980529,4,1644469980529,-0.216,0.183,-0.959,0.212,-0.051,0.105
AIRPOT,1644469984962,1644469980571,4,1644469980571,-0.211,0.209,-0.955,0.205,-0.106,0.097
AIRPOT,1644469985021,1644469980630,4,1644469980630,-0.210,0.236,-0.949,0.175,-0.127,0.048
AIRPOT,1644469985087,1644469980696,4,1644469980696,-0.219,0.262,-0.940,0.154,-0.097,0.156
AIRPOT,1644469985137,1644469980746,4,1644469980745,-0.232,0.289,-0.929,0.119,-0.079,0.167
AIRPOT,1644469985137,1644469980746,4,1644469980746,-0.246,0.317,-0.916,0.082,-0.072,0.110
AIRPOT,1644469985204,1644469980813,4,1644469980813,-0.259,0.344,-0.903,0.023,-0.024,0.117
AIRPOT,1644469985204,1644469980813,4,1644469980813,-0.273,0.373,-0.887,-0.001,0.029,0.069
AIRPOT,1644469985260,1644469980869,4,1644469980869,-0.284,0.400,-0.871,0.011,0.042,0.093
AIRPOT,1644469985321,1644469980930,4,1644469980930,-0.287,0.424,-0.859,0.012,0.063,0.081
AIRPOT,1644469985323,1644469980932,4,1644469980932,-0.288,0.451,-0.845,0.040,0.017,0.083
AIRPOT,1644469985380,1644469980989,4,1644469980989,-0.290,0.491,-0.822,0.055,-0.071,0.104
AIRPOT,1644469985424,1644469981033,4,1644469981033,-0.295,0.552,-0.780,0.084,-0.128,0.118
AIRPOT,1644469985473,1644469981082,4,1644469981082,-0.299,0.628,-0.718,0.117,-0.153,0.055
AIRPOT,1644469985474,1644469981083,4,1644469981083,-0.297,0.693,-0.657,0.073,0.043,-0.052
AIRPOT,1644469985531,1644469981140,4,1644469981140,-0.297,0.735,-0.609,0.015,0.157,-0.137
AIRPOT,1644469985591,1644469981200,4,1644469981200,-0.300,0.761,-0.576,-0.001,0.227,-0.127
AIRPOT,1644469985594,1644469981203,4,1644469981203,-0.303,0.779,-0.549,-0.015,0.211,-0.148
AIRPOT,1644469985654,1644469981263,4,1644469981263,-0.309,0.792,-0.526,0.016,0.161,-0.089
AIRPOT,1644469985711,1644469981320,4,1644469981320,-0.314,0.803,-0.506,0.006,0.172,-0.054
AIRPOT,1644469985715,1644469981324,4,1644469981324,-0.317,0.811,-0.491,0.002,0.213,-0.012
AIRPOT,1644469985763,1644469981372,4,1644469981372,-0.320,0.814,-0.485,-0.030,0.286,0.025
AIRPOT,1644469985823,1644469981432,4,1644469981432,-0.324,0.813,-0.485,-0.075,0.318,-0.027
AIRPOT,1644469985951,1644469981560,4,1644469981560,-0.330,0.806,-0.492,-0.102,0.356,-0.017
AIRPOT,1644469985956,1644469981565,4,1644469981565,-0.333,0.794,-0.508,-0.123,0.368,-0.004
AIRPOT,1644469985957,1644469981566,4,1644469981566,-0.334,0.777,-0.534,-0.125,0.367,0.015
AIRPOT,1644469985959,1644469981568,4,1644469981568,-0.334,0.750,-0.572,-0.115,0.323,0.047
AIRPOT,1644469986073,1644469981682,4,1644469981682,-0.333,0.713,-0.616,-0.062,0.250,0.105
AIRPOT,1644469986074,1644469981683,4,1644469981683,-0.332,0.668,-0.665,-0.018,0.126,0.137
AIRPOT,1644469986075,1644469981684,4,1644469981684,-0.325,0.621,-0.713,-0.003,-0.014,0.094
AIRPOT,1644469986130,1644469981739,4,1644469981739,-0.303,0.580,-0.756,-0.012,0.013,0.020
AIRPOT,1644469986190,1644469981799,4,1644469981799,-0.270,0.542,-0.796,0.023,0.072,0.072
AIRPOT,1644469986250,1644469981859,4,1644469981859,-0.227,0.499,-0.836,0.037,0.104,0.044
AIRPOT,1644469986250,1644469981859,4,1644469981859,-0.189,0.446,-0.875,0.060,0.005,0.022
AIRPOT,1644469986313,1644469981922,4,1644469981922,-0.158,0.381,-0.911,0.088,-0.154,0.056
AIRPOT,1644469986317,1644469981926,4,1644469981926,-0.126,0.312,-0.942,0.101,-0.154,0.055
AIRPOT,1644469986375,1644469981984,4,1644469981984,-0.099,0.249,-0.963,0.053,-0.199,0.009
AIRPOT,1644469986427,1644469982036,4,1644469982036,-0.083,0.195,-0.977,0.019,-0.148,0.033
AIRPOT,1644469986484,1644469982093,4,1644469982093,-0.074,0.149,-0.986,0.015,-0.143,0.034
AIRPOT,1644469986485,1644469982094,4,1644469982094,-0.067,0.109,-0.992,0.032,-0.123,-0.023
AIRPOT,1644469986551,1644469982160,4,1644469982160,-0.059,0.071,-0.996,0.052,-0.127,-0.061
AIRPOT,1644469986578,1644469982187,4,1644469982187,-0.055,0.034,-0.998,0.026,-0.076,-0.072
AIRPOT,1644469986643,1644469982252,4,1644469982252,-0.060,0.000,-0.998,0.019,-0.072,-0.007
AIRPOT,1644469986693,1644469982302,4,1644469982302,-0.071,-0.028,-0.997,-0.021,-0.072,-0.004
AIRPOT,1644469986693,1644469982302,4,1644469982302,-0.090,-0.053,-0.995,-0.037,0.019,0.061
AIRPOT,1644469986762,1644469982371,4,1644469982371,-0.110,-0.066,-0.992,-0.068,-0.004,0.020
AIRPOT,1644469986762,1644469982371,4,1644469982371,-0.135,-0.078,-0.988,-0.039,-0.042,0.099
AIRPOT,1644469986826,1644469982435,4,1644469982435,-0.150,-0.097,-0.984,-0.087,-0.165,-0.017
AIRPOT,1644469986907,1644469982516,4,1644469982516,-0.165,-0.126,-0.978,-0.098,-0.280,0.024
AIRPOT,1644469986910,1644469982519,4,1644469982519,-0.176,-0.158,-0.972,-0.057,-0.001,0.159
AIRPOT,1644469986960,1644469982569,4,1644469982569,-0.181,-0.168,-0.969,-0.089,-0.002,0.088
AIRPOT,1644469986961,1644469982570,4,1644469982570,-0.189,-0.164,-0.968,-0.027,-0.003,0.046
AIRPOT,1644469987029,1644469982638,4,1644469982638,-0.197,-0.158,-0.968,0.011,-0.114,-0.000
AIRPOT,1644469987094,1644469982703,4,1644469982703,-0.205,-0.157,-0.966,0.017,-0.102,-0.016
AIRPOT,1644469987094,1644469982703,4,1644469982703,-0.210,-0.168,-0.963,0.042,0.052,-0.003
AIRPOT,1644469987148,1644469982757,4,1644469982757,-0.209,-0.185,-0.960,0.059,0.222,-0.037
AIRPOT,1644469987211,1644469982820,4,1644469982820,-0.208,-0.209,-0.956,0.035,0.233,-0.073
AIRPOT,1644469987214,1644469982823,4,1644469982823,-0.206,-0.247,-0.947,-0.001,0.132,-0.116
AIRPOT,1644469987269,1644469982878,4,1644469982878,-0.205,-0.293,-0.934,-0.016,0.072,0.011
AIRPOT,1644469987330,1644469982939,4,1644469982939,-0.197,-0.343,-0.919,-0.022,-0.009,0.102
AIRPOT,1644469987330,1644469982939,4,1644469982939,-0.176,-0.388,-0.905,-0.013,-0.015,0.096
AIRPOT,1644469987412,1644469983021,4,1644469983021,-0.145,-0.432,-0.890,-0.003,-0.091,0.069
AIRPOT,1644469987412,1644469983021,4,1644469983021,-0.110,-0.476,-0.872,0.007,-0.035,0.022
AIRPOT,1644469987462,1644469983071,4,1644469983071,-0.077,-0.516,-0.853,0.015,-0.034,0.028
AIRPOT,1644469987497,1644469983106,4,1644469983106,-0.045,-0.554,-0.831,0.035,-0.005,0.043
AIRPOT,1644469987544,1644469983153,4,1644469983153,-0.013,-0.586,-0.810,0.059,0.007,-0.002
AIRPOT,1644469987598,1644469983207,4,1644469983207,0.016,-0.611,-0.791,0.095,-0.031,-0.002
AIRPOT,1644469987640,1644469983249,4,1644469983249,0.040,-0.631,-0.775,0.093,-0.025,0.002
AIRPOT,1644469987721,1644469983330,4,1644469983330,0.059,-0.647,-0.760,0.066,-0.046,0.005
AIRPOT,1644469987721,1644469983330,4,1644469983330,0.072,-0.661,-0.747,0.056,-0.052,0.027
AIRPOT,1644469987767,1644469983376,4,1644469983376,0.083,-0.674,-0.734,0.025,-0.039,0.024
AIRPOT,1644469987767,1644469983376,4,1644469983376,0.092,-0.687,-0.721,-0.007,-0.022,-0.007
AIRPOT,1644469987871,1644469983480,4,1644469983480,0.097,-0.697,-0.711,0.015,-0.050,0.020
AIRPOT,1644469987873,1644469983482,4,1644469983482,0.098,-0.703,-0.704,0.059,-0.107,0.062
AIRPOT,1644469987923,1644469983532,4,1644469983532,0.100,-0.705,-0.702,-0.021,0.061,-0.031
AIRPOT,1644469987932,1644469983541,4,1644469983541,0.107,-0.713,-0.693,-0.036,0.050,-0.031
AIRPOT,1644469987981,1644469983590,4,1644469983590,0.112,-0.723,-0.682,0.022,-0.043,0.039
AIRPOT,1644469988033,1644469983642,4,1644469983642,0.121,-0.731,-0.672,-0.006,0.025,-0.018
AIRPOT,1644469988081,1644469983690,4,1644469983690,0.133,-0.742,-0.657,0.026,-0.017,0.005
AIRPOT,1644469988166,1644469983775,4,1644469983775,0.147,-0.757,-0.636,0.008,-0.096,-0.045
AIRPOT,1644469988167,1644469983776,4,1644469983776,0.164,-0.780,-0.604,-0.023,-0.116,-0.116
AIRPOT,1644469988242,1644469983851,4,1644469983851,0.186,-0.808,-0.559,-0.003,-0.141,-0.121
AIRPOT,1644469988287,1644469983896,4,1644469983896,0.210,-0.840,-0.500,-0.044,-0.067,-0.102
AIRPOT,1644469988291,1644469983900,4,1644469983900,0.232,-0.868,-0.439,0.021,0.070,0.028
AIRPOT,1644469988291,1644469983900,4,1644469983900,0.252,-0.888,-0.385,0.009,0.097,0.064
AIRPOT,1644469988405,1644469984014,4,1644469984014,0.263,-0.899,-0.349,-0.012,0.218,0.101
AIRPOT,1644469988405,1644469984014,4,1644469984014,0.259,-0.901,-0.349,-0.032,0.219,0.151
AIRPOT,1644469988411,1644469984020,4,1644469984020,0.245,-0.893,-0.378,-0.032,0.211,0.129
AIRPOT,1644469988493,1644469984102,4,1644469984102,0.222,-0.873,-0.435,0.014,0.098,-0.007
AIRPOT,1644469988500,1644469984109,4,1644469984109,0.196,-0.840,-0.506,0.090,-0.138,-0.107
AIRPOT,1644469988551,1644469984160,4,1644469984160,0.187,-0.813,-0.551,0.053,-0.316,-0.176
AIRPOT,1644469988611,1644469984220,4,1644469984220,0.189,-0.803,-0.565,-0.021,-0.054,-0.084
AIRPOT,1644469988617,1644469984226,4,1644469984226,0.189,-0.793,-0.579,-0.055,0.063,0.041
AIRPOT,1644469988672,1644469984281,4,1644469984281,0.179,-0.777,-0.604,-0.036,0.050,0.077
AIRPOT,1644469988733,1644469984342,4,1644469984342,0.162,-0.753,-0.638,-0.017,-0.060,-0.047
AIRPOT,1644469988737,1644469984346,4,1644469984346,0.142,-0.735,-0.664,0.012,-0.080,-0.078
AIRPOT,1644469988801,1644469984410,4,1644469984410,0.125,-0.721,-0.681,-0.025,-0.056,-0.019
AIRPOT,1644469988852,1644469984461,4,1644469984461,0.112,-0.713,-0.692,0.010,0.024,0.043
AIRPOT,1644469988855,1644469984464,4,1644469984464,0.106,-0.705,-0.701,0.014,0.027,0.057
AIRPOT,1644469988923,1644469984532,4,1644469984532,0.109,-0.698,-0.708,0.026,0.001,-0.012
AIRPOT,1644469988971,1644469984580,4,1644469984580,0.114,-0.692,-0.713,0.041,-0.005,-0.022
AIRPOT,1644469988985,1644469984594,4,1644469984594,0.116,-0.687,-0.717,0.022,-0.020,-0.023
AIRPOT,1644469989022,1644469984631,4,1644469984631,0.113,-0.684,-0.721,-0.014,-0.017,-0.016
AIRPOT,1644469989066,1644469984675,4,1644469984675,0.107,-0.681,-0.724,-0.014,0.015,-0.002
AIRPOT,1644469989166,1644469984775,4,1644469984775,0.104,-0.679,-0.727,-0.019,0.003,-0.011
AIRPOT,1644469989166,1644469984775,4,1644469984775,0.101,-0.678,-0.728,-0.017,-0.040,-0.007
AIRPOT,1644469989220,1644469984829,4,1644469984829,0.097,-0.679,-0.728,0.015,0.046,0.009
AIRPOT,1644469989220,1644469984829,4,1644469984829,0.096,-0.679,-0.728,0.009,0.005,-0.011
AIRPOT,1644469989280,1644469984889,4,1644469984889,0.097,-0.680,-0.727,-0.004,-0.015,-0.011
AIRPOT,1644469989354,1644469984963,4,1644469984963,0.094,-0.682,-0.725,-0.013,-0.015,-0.025
AIRPOT,1644469989402,1644469985011,4,1644469985011,0.090,-0.685,-0.723,0.004,0.014,0.013
AIRPOT,1644469989404,1644469985013,4,1644469985013,0.086,-0.687,-0.722,-0.034,-0.024,-0.022
AIRPOT,1644469989465,1644469985074,4,1644469985074,0.082,-0.689,-0.721,0.008,0.031,0.019
AIRPOT,1644469989471,1644469985080,4,1644469985080,0.082,-0.689,-0.720,0.007,0.003,-0.016
AIRPOT,1644469989519,1644469985128,4,1644469985128,0.080,-0.690,-0.719,0.029,0.005,0.008
AIRPOT,1644469989585,1644469985194,4,1644469985194,0.082,-0.690,-0.720,-0.008,-0.011,-0.029
AIRPOT,1644469989585,1644469985194,4,1644469985194,0.078,-0.689,-0.720,-0.004,0.017,0.005
AIRPOT,1644469989640,1644469985249,4,1644469985249,0.078,-0.688,-0.721,-0.002,0.011,0.017
AIRPOT,1644469989671,1644469985280,4,1644469985280,0.078,-0.688,-0.721,-0.017,-0.005,-0.022
AIRPOT,1644469989703,1644469985312,4,1644469985312,0.076,-0.688,-0.721,-0.021,-0.043,-0.006
AIRPOT,1644469989760,1644469985369,4,1644469985369,0.074,-0.689,-0.721,0.007,0.007,0.011
AIRPOT,1644469989822,1644469985431,4,1644469985431,0.073,-0.690,-0.720,-0.004,0.015,0.005
AIRPOT,1644469989866,1644469985475,4,1644469985475,0.075,-0.690,-0.720,0.027,0.025,-0.053
AIRPOT,1644469989871,1644469985480,4,1644469985480,0.074,-0.691,-0.719,-0.009,0.020,-0.001
AIRPOT,1644469989923,1644469985532,4,1644469985532,0.075,-0.693,-0.717,0.000,-0.009,-0.004
AIRPOT,1644469989986,1644469985595,4,1644469985595,0.075,-0.697,-0.713,0.019,0.035,0.020
AIRPOT,1644469989986,1644469985595,4,1644469985595,0.078,-0.704,-0.706,0.024,-0.029,-0.010
AIRPOT,1644469990039,1644469985648,4,1644469985648,0.075,-0.710,-0.700,-0.031,-0.073,-0.079
AIRPOT,1644469990113,1644469985722,4,1644469985722,0.068,-0.719,-0.691,-0.001,0.021,0.062
AIRPOT,1644469990113,1644469985722,4,1644469985722,0.064,-0.729,-0.682,-0.065,0.021,-0.002
AIRPOT,1644469990191,1644469985800,4,1644469985800,0.062,-0.737,-0.673,-0.059,-0.159,0.019
AIRPOT,1644469990191,1644469985800,4,1644469985800,0.060,-0.742,-0.668,-0.021,0.251,-0.042
AIRPOT,1644469990274,1644469985883,4,1644469985883,0.058,-0.747,-0.662,0.133,-0.050,0.074
AIRPOT,1644469990274,1644469985883,4,1644469985883,0.064,-0.749,-0.659,-0.013,-0.188,-0.149
AIRPOT,1644469990331,1644469985940,4,1644469985940,0.061,-0.754,-0.654,-0.072,0.130,-0.107
AIRPOT,1644469990391,1644469986000,4,1644469986000,0.051,-0.759,-0.650,0.123,0.061,0.133
AIRPOT,1644469990392,1644469986001,4,1644469986001,0.051,-0.759,-0.649,-0.069,-0.166,-0.042
AIRPOT,1644469990424,1644469986033,4,1644469986033,0.051,-0.759,-0.649,-0.109,0.065,-0.071
AIRPOT,1644469990493,1644469986102,4,1644469986102,0.042,-0.759,-0.649,0.073,0.083,0.015
AIRPOT,1644469990563,1644469986172,4,1644469986172,0.033,-0.759,-0.651,0.021,-0.044,0.112
AIRPOT,1644469990563,1644469986172,4,1644469986172,0.027,-0.759,-0.651,-0.022,-0.175,0.005
AIRPOT,1644469990625,1644469986234,4,1644469986234,0.023,-0.757,-0.653,-0.111,0.182,-0.197
AIRPOT,1644469990626,1644469986235,4,1644469986235,0.007,-0.756,-0.654,0.084,0.019,0.136
AIRPOT,1644469990691,1644469986300,4,1644469986300,-0.004,-0.754,-0.656,0.049,-0.259,0.126
AIRPOT,1644469990746,1644469986355,4,1644469986355,-0.012,-0.750,-0.661,-0.075,0.106,-0.133
AIRPOT,1644469990750,1644469986359,4,1644469986359,-0.026,-0.749,-0.663,-0.013,0.173,0.026
AIRPOT,1644469990811,1644469986420,4,1644469986420,-0.036,-0.746,-0.665,0.116,-0.139,0.091
AIRPOT,1644469990841,1644469986450,4,1644469986450,-0.039,-0.744,-0.667,-0.041,-0.175,-0.035
AIRPOT,1644469990874,1644469986483,4,1644469986483,-0.042,-0.741,-0.670,-0.107,0.210,-0.176
AIRPOT,1644469990924,1644469986533,4,1644469986533,-0.049,-0.738,-0.673,0.086,0.110,0.067
AIRPOT,1644469990977,1644469986586,4,1644469986586,-0.055,-0.735,-0.676,0.069,-0.194,0.135
AIRPOT,1644469991042,1644469986651,4,1644469986651,-0.052,-0.730,-0.681,-0.076,-0.038,-0.026
AIRPOT,1644469991042,1644469986651,4,1644469986651,-0.051,-0.725,-0.687,-0.059,0.154,-0.145
AIRPOT,1644469991110,1644469986719,4,1644469986719,-0.053,-0.724,-0.688,0.052,-0.002,0.038
AIRPOT,1644469991110,1644469986719,4,1644469986719,-0.053,-0.721,-0.691,0.019,-0.224,0.035
AIRPOT,1644469991171,1644469986780,4,1644469986780,-0.047,-0.719,-0.693,-0.092,0.042,-0.066
AIRPOT,1644469991229,1644469986838,4,1644469986838,-0.042,-0.717,-0.696,-0.039,0.160,-0.129
AIRPOT,1644469991294,1644469986903,4,1644469986903,-0.048,-0.717,-0.696,0.165,-0.059,0.218
AIRPOT,1644469991294,1644469986903,4,1644469986903,-0.044,-0.714,-0.699,-0.046,-0.082,-0.009
AIRPOT,1644469991359,1644469986968,4,1644469986968,-0.039,-0.711,-0.702,-0.097,0.170,-0.178
AIRPOT,1644469991359,1644469986968,4,1644469986968,-0.041,-0.709,-0.704,0.076,0.103,0.037
AIRPOT,1644469991411,1644469987020,4,1644469987020,-0.044,-0.707,-0.706,0.077,-0.264,0.173
AIRPOT,1644469991493,1644469987102,4,1644469987102,-0.040,-0.704,-0.709,-0.078,0.052,-0.054
AIRPOT,1644469991496,1644469987105,4,1644469987105,-0.037,-0.700,-0.713,-0.055,0.152,-0.176
AIRPOT,1644469991561,1644469987170,4,1644469987170,-0.044,-0.699,-0.714,0.088,-0.031,0.206
AIRPOT,1644469991564,1644469987173,4,1644469987173,-0.043,-0.695,-0.718,0.063,-0.148,0.040
AIRPOT,1644469991621,1644469987230,4,1644469987230,-0.042,-0.693,-0.720,-0.163,0.189,-0.221
AIRPOT,1644469991744,1644469987353,4,1644469987352,-0.049,-0.690,-0.722,0.131,0.044,0.055
AIRPOT,1644469991744,1644469987353,4,1644469987353,-0.057,-0.688,-0.723,-0.016,-0.064,0.172
AIRPOT,1644469991745,1644469987354,4,1644469987354,-0.048,-0.687,-0.725,-0.057,-0.083,-0.211
AIRPOT,1644469991803,1644469987412,4,1644469987412,-0.054,-0.687,-0.725,0.019,0.147,0.067
AIRPOT,1644469991803,1644469987412,4,1644469987412,-0.049,-0.691,-0.721,0.001,-0.080,0.034
AIRPOT,1644469991859,1644469987468,4,1644469987468,-0.044,-0.694,-0.719,0.073,-0.214,0.095
AIRPOT,1644469991913,1644469987522,4,1644469987522,-0.036,-0.698,-0.715,-0.126,0.114,-0.132
AIRPOT,1644469991913,1644469987522,4,1644469987522,-0.035,-0.699,-0.714,-0.004,0.181,-0.008
AIRPOT,1644469991966,1644469987575,4,1644469987575,-0.037,-0.700,-0.713,0.057,-0.135,0.088
AIRPOT,1644469992040,1644469987649,4,1644469987649,-0.028,-0.698,-0.715,-0.059,-0.158,-0.082
AIRPOT,1644469992046,1644469987655,4,1644469987655,-0.027,-0.697,-0.716,-0.076,0.015,-0.130
AIRPOT,1644469992104,1644469987713,4,1644469987713,-0.032,-0.701,-0.713,0.117,0.270,0.109
AIRPOT,1644469992179,1644469987788,4,1644469987788,-0.030,-0.700,-0.714,0.007,-0.337,0.006
AIRPOT,1644469992179,1644469987788,4,1644469987788,-0.023,-0.701,-0.713,-0.205,0.316,-0.144
AIRPOT,1644469992247,1644469987856,4,1644469987856,-0.028,-0.704,-0.710,0.132,-0.046,0.089
AIRPOT,1644469992247,1644469987856,4,1644469987856,-0.027,-0.704,-0.710,-0.031,-0.010,0.080
AIRPOT,1644469992313,1644469987922,4,1644469987922,-0.023,-0.704,-0.710,0.073,0.054,-0.105
AIRPOT,1644469992371,1644469987980,4,1644469987980,-0.029,-0.698,-0.716,0.061,-0.128,0.044
AIRPOT,1644469992371,1644469987980,4,1644469987980,-0.030,-0.702,-0.711,-0.026,0.190,0.023
AIRPOT,1644469992425,1644469988034,4,1644469988034,-0.031,-0.703,-0.710,-0.016,-0.211,-0.023
AIRPOT,1644469992513,1644469988122,4,1644469988122,-0.030,-0.709,-0.704,-0.056,0.246,-0.002
AIRPOT,1644469992516,1644469988125,4,1644469988125,-0.032,-0.710,-0.703,-0.022,-0.036,0.039
AIRPOT,1644469992520,1644469988129,4,1644469988129,-0.023,-0.709,-0.705,-0.012,-0.122,-0.146
AIRPOT,1644469992631,1644469988240,4,1644469988239,-0.028,-0.709,-0.704,-0.069,0.133,0.037
AIRPOT,1644469992631,1644469988240,4,1644469988240,-0.019,-0.707,-0.707,0.073,-0.161,0.046
AIRPOT,1644469992697,1644469988306,4,1644469988306,-0.016,-0.703,-0.711,-0.052,0.208,-0.008
AIRPOT,1644469992697,1644469988306,4,1644469988306,-0.012,-0.703,-0.711,0.033,-0.076,-0.004
AIRPOT,1644469992764,1644469988373,4,1644469988373,-0.014,-0.701,-0.713,0.022,-0.036,-0.022
AIRPOT,1644469992769,1644469988378,4,1644469988378,-0.014,-0.703,-0.711,-0.073,0.083,-0.006
AIRPOT,1644469992816,1644469988425,4,1644469988425,-0.013,-0.699,-0.715,0.049,-0.165,0.007
AIRPOT,1644469992870,1644469988479,4,1644469988479,-0.015,-0.700,-0.714,-0.107,0.125,-0.039
AIRPOT,1644469992933,1644469988542,4,1644469988542,-0.010,-0.699,-0.715,0.029,-0.207,-0.032
AIRPOT,1644469992933,1644469988542,4,1644469988542,-0.008,-0.700,-0.714,-0.090,0.214,0.008
AIRPOT,1644469992991,1644469988600,4,1644469988600,0.004,-0.699,-0.715,0.138,-0.270,-0.062
AIRPOT,1644469993043,1644469988652,4,1644469988652,0.000,-0.704,-0.711,-0.063,0.252,0.058
AIRPOT,1644469993056,1644469988665,4,1644469988665,0.012,-0.701,-0.713,0.036,-0.313,-0.147
AIRPOT,1644469993083,1644469988692,4,1644469988692,0.003,-0.704,-0.710,-0.029,0.273,0.102
AIRPOT,1644469993191,1644469988800,4,1644469988800,0.011,-0.704,-0.710,-0.033,-0.240,-0.097
AIRPOT,1644469993191,1644469988800,4,1644469988800,0.007,-0.705,-0.709,-0.052,0.071,0.004
AIRPOT,1644469993292,1644469988901,4,1644469988901,0.013,-0.706,-0.708,-0.050,0.002,-0.064
AIRPOT,1644469993293,1644469988902,4,1644469988902,0.017,-0.708,-0.706,0.084,-0.083,0.071
AIRPOT,1644469993300,1644469988909,4,1644469988909,0.023,-0.709,-0.705,-0.089,0.202,-0.105
AIRPOT,1644469993359,1644469988968,4,1644469988968,0.022,-0.709,-0.705,0.165,-0.299,0.048
AIRPOT,1644469993417,1644469989026,4,1644469989026,0.017,-0.713,-0.701,-0.120,0.279,0.023
AIRPOT,1644469993419,1644469989028,4,1644469989028,0.012,-0.712,-0.702,0.014,-0.121,-0.002
AIRPOT,1644469993502,1644469989111,4,1644469989111,0.008,-0.713,-0.701,-0.130,0.235,0.061
AIRPOT,1644469993505,1644469989114,4,1644469989114,0.012,-0.709,-0.705,0.121,-0.216,-0.031
AIRPOT,1644469993567,1644469989176,4,1644469989176,0.010,-0.709,-0.705,0.010,0.255,0.078
AIRPOT,1644469993629,1644469989238,4,1644469989237,0.008,-0.709,-0.706,0.086,-0.174,-0.026
AIRPOT,1644469993629,1644469989238,4,1644469989238,0.005,-0.710,-0.704,-0.072,0.164,0.042
AIRPOT,1644469993697,1644469989306,4,1644469989306,0.006,-0.708,-0.706,0.010,-0.084,-0.022
AIRPOT,1644469993700,1644469989309,4,1644469989309,0.007,-0.708,-0.706,-0.042,0.062,0.065
AIRPOT,1644469993749,1644469989358,4,1644469989358,0.010,-0.708,-0.706,0.017,-0.121,-0.027
AIRPOT,1644469993811,1644469989420,4,1644469989420,0.013,-0.712,-0.702,-0.060,0.093,0.036
AIRPOT,1644469993811,1644469989420,4,1644469989420,0.011,-0.709,-0.706,0.038,-0.112,-0.002
AIRPOT,1644469993870,1644469989479,4,1644469989479,0.017,-0.713,-0.701,-0.040,0.097,0.047
AIRPOT,1644469993931,1644469989540,4,1644469989540,0.019,-0.711,-0.702,0.043,-0.068,-0.049
AIRPOT,1644469993938,1644469989547,4,1644469989547,0.020,-0.715,-0.699,-0.046,0.101,0.002
AIRPOT,1644469993990,1644469989599,4,1644469989599,0.018,-0.718,-0.696,0.084,-0.132,0.049
AIRPOT,1644469994025,1644469989634,4,1644469989634,0.021,-0.720,-0.694,-0.127,0.182,-0.082
AIRPOT,1644469994059,1644469989668,4,1644469989668,0.023,-0.722,-0.691,0.107,-0.184,0.036
AIRPOT,1644469994110,1644469989719,4,1644469989719,0.026,-0.724,-0.689,-0.069,0.163,-0.042
AIRPOT,1644469994170,1644469989779,4,1644469989779,0.028,-0.728,-0.685,0.095,-0.161,0.061
AIRPOT,1644469994170,1644469989779,4,1644469989779,0.030,-0.730,-0.683,-0.025,0.079,0.007
AIRPOT,1644469994230,1644469989839,4,1644469989839,0.028,-0.735,-0.678,-0.028,0.050,-0.002
AIRPOT,1644469994291,1644469989900,4,1644469989900,0.029,-0.736,-0.676,0.033,-0.084,0.074
AIRPOT,1644469994294,1644469989903,4,1644469989903,0.033,-0.738,-0.674,-0.056,0.012,-0.037
AIRPOT,1644469994373,1644469989982,4,1644469989982,0.035,-0.740,-0.671,0.008,0.148,-0.045
AIRPOT,1644469994373,1644469989982,4,1644469989982,0.028,-0.743,-0.668,0.093,-0.187,0.175
AIRPOT,1644469994431,1644469990040,4,1644469990040,0.034,-0.744,-0.667,-0.127,0.043,-0.232
AIRPOT,1644469994504,1644469990113,4,1644469990113,0.035,-0.745,-0.666,0.068,0.213,-0.059
AIRPOT,1644469994504,1644469990113,4,1644469990113,0.031,-0.739,-0.673,-0.137,0.108,-0.123
AIRPOT,1644469994563,1644469990172,4,1644469990172,0.020,-0.734,-0.679,0.198,-0.247,0.288
AIRPOT,1644469994598,1644469990207,4,1644469990207,0.023,-0.730,-0.683,-0.100,0.097,-0.174
AIRPOT,1644469994627,1644469990236,4,1644469990236,0.015,-0.728,-0.685,0.007,-0.048,-0.003
AIRPOT,1644469994740,1644469990349,4,1644469990349,0.005,-0.723,-0.691,0.007,-0.038,-0.031
AIRPOT,1644469994740,1644469990349,4,1644469990349,-0.008,-0.715,-0.699,0.041,-0.064,0.042
AIRPOT,1644469994745,1644469990354,4,1644469990354,-0.024,-0.707,-0.707,0.085,-0.127,0.071
AIRPOT,1644469994811,1644469990420,4,1644469990420,-0.044,-0.695,-0.718,0.049,-0.000,0.020
AIRPOT,1644469994856,1644469990465,4,1644469990465,-0.063,-0.681,-0.730,0.009,-0.026,0.017
AIRPOT,1644469994862,1644469990471,4,1644469990471,-0.085,-0.660,-0.746,0.011,0.015,0.040
AIRPOT,1644469994918,1644469990527,4,1644469990527,-0.103,-0.635,-0.766,0.015,0.006,-0.002
AIRPOT,1644469994944,1644469990553,4,1644469990553,-0.118,-0.609,-0.784,0.003,0.021,-0.005
AIRPOT,1644469995096,1644469990705,4,1644469990705,-0.132,-0.582,-0.802,-0.018,0.052,-0.005
AIRPOT,1644469995096,1644469990705,4,1644469990705,-0.146,-0.555,-0.819,-0.022,0.040,0.002
AIRPOT,1644469995108,1644469990717,4,1644469990717,-0.157,-0.532,-0.832,-0.014,0.036,-0.010
AIRPOT,1644469995108,1644469990717,4,1644469990717,-0.165,-0.515,-0.841,-0.012,0.022,-0.037
AIRPOT,1644469995155,1644469990764,4,1644469990764,-0.177,-0.503,-0.846,0.013,0.034,-0.034
AIRPOT,1644469995207,1644469990816,4,1644469990816,-0.189,-0.495,-0.848,0.027,0.024,-0.020
AIRPOT,1644469995257,1644469990866,4,1644469990866,-0.203,-0.489,-0.848,0.034,0.065,-0.024
AIRPOT,1644469995257,1644469990866,4,1644469990866,-0.216,-0.485,-0.848,0.024,0.043,-0.031
AIRPOT,1644469995375,1644469990984,4,1644469990984,-0.227,-0.482,-0.846,-0.001,0.047,-0.039
AIRPOT,1644469995375,1644469990984,4,1644469990984,-0.240,-0.480,-0.844,0.004,0.037,-0.030
AIRPOT,1644469995382,1644469990991,4,1644469990991,-0.252,-0.476,-0.843,-0.007,0.059,0.011
AIRPOT,1644469995428,1644469991037,4,1644469991037,-0.262,-0.469,-0.844,-0.027,0.067,-0.017
AIRPOT,1644469995483,1644469991092,4,1644469991092,-0.267,-0.460,-0.847,-0.047,0.072,-0.020
AIRPOT,1644469995530,1644469991139,4,1644469991139,-0.274,-0.450,-0.850,-0.034,0.013,0.004
AIRPOT,1644469995559,1644469991168,4,1644469991168,-0.280,-0.439,-0.854,-0.016,-0.011,0.024
AIRPOT,1644469995607,1644469991216,4,1644469991216,-0.283,-0.429,-0.858,-0.017,0.004,0.012
AIRPOT,1644469995660,1644469991269,4,1644469991269,-0.284,-0.419,-0.862,-0.005,0.012,0.002
AIRPOT,1644469995660,1644469991269,4,1644469991269,-0.284,-0.410,-0.867,0.000,0.015,-0.006
AIRPOT,1644469995713,1644469991322,4,1644469991322,-0.284,-0.400,-0.871,0.003,0.012,-0.003
AIRPOT,1644469995761,1644469991370,4,1644469991370,-0.282,-0.391,-0.876,0.005,0.020,-0.009
AIRPOT,1644469995810,1644469991419,4,1644469991419,-0.280,-0.382,-0.881,0.010,0.017,-0.007
AIRPOT,1644469995863,1644469991472,4,1644469991472,-0.277,-0.373,-0.885,0.013,0.018,-0.012
AIRPOT,1644469995877,1644469991486,4,1644469991486,-0.274,-0.367,-0.889,0.010,0.022,-0.020
AIRPOT,1644469995926,1644469991535,4,1644469991535,-0.271,-0.360,-0.893,0.007,0.026,-0.022
AIRPOT,1644469995983,1644469991592,4,1644469991592,-0.269,-0.354,-0.896,0.009,0.013,-0.013
AIRPOT,1644469996033,1644469991642,4,1644469991642,-0.267,-0.348,-0.898,0.006,0.028,-0.016
AIRPOT,1644469996033,1644469991642,4,1644469991642,-0.265,-0.344,-0.901,0.007,0.017,-0.014
AIRPOT,1644469996093,1644469991702,4,1644469991702,-0.264,-0.342,-0.902,0.010,0.016,-0.010
AIRPOT,1644469996143,1644469991752,4,1644469991752,-0.262,-0.340,-0.903,0.003,0.013,-0.012
AIRPOT,1644469996144,1644469991753,4,1644469991753,-0.260,-0.339,-0.904,0.002,0.016,-0.009
AIRPOT,1644469996262,1644469991871,4,1644469991871,-0.259,-0.339,-0.905,0.007,0.010,-0.009
AIRPOT,1644469996263,1644469991872,4,1644469991872,-0.258,-0.338,-0.905,0.008,0.008,-0.005
AIRPOT,1644469996288,1644469991897,4,1644469991897,-0.257,-0.338,-0.905,0.011,0.002,-0.000
AIRPOT,1644469996337,1644469991946,4,1644469991946,-0.256,-0.337,-0.906,0.006,0.008,-0.007
AIRPOT,1644469996387,1644469991996,4,1644469991996,-0.254,-0.337,-0.907,0.004,0.008,-0.004
AIRPOT,1644469996395,1644469992004,4,1644469992004,-0.253,-0.337,-0.907,-0.001,0.007,0.001
AIRPOT,1644469996444,1644469992053,4,1644469992053,-0.251,-0.337,-0.907,0.002,0.004,-0.023
AIRPOT,1644469996521,1644469992130,4,1644469992130,-0.249,-0.340,-0.907,-0.004,0.010,0.006
AIRPOT,1644469996571,1644469992180,4,1644469992180,-0.245,-0.344,-0.906,-0.011,0.044,0.024
AIRPOT,1644469996623,1644469992232,4,1644469992232,-0.239,-0.346,-0.907,-0.003,0.024,-0.005
AIRPOT,1644469996680,1644469992289,4,1644469992289,-0.232,-0.347,-0.909,-0.010,0.011,-0.024
AIRPOT,1644469996745,1644469992354,4,1644469992354,-0.227,-0.349,-0.909,-0.004,0.017,-0.008
AIRPOT,1644469996812,1644469992421,4,1644469992421,-0.222,-0.350,-0.910,0.000,0.011,0.010
AIRPOT,1644469996814,1644469992423,4,1644469992423,-0.216,-0.350,-0.912,-0.004,-0.019,0.018
AIRPOT,1644469996892,1644469992501,4,1644469992501,-0.208,-0.349,-0.914,0.000,-0.017,0.015
AIRPOT,1644469996896,1644469992505,4,1644469992505,-0.199,-0.347,-0.917,0.001,0.001,0.005
AIRPOT,1644469996898,1644469992507,4,1644469992507,-0.189,-0.343,-0.920,0.002,0.028,-0.016
AIRPOT,1644469996949,1644469992558,4,1644469992558,-0.182,-0.335,-0.924,-0.002,0.043,-0.023
AIRPOT,1644469996957,1644469992566,4,1644469992566,-0.176,-0.324,-0.930,0.001,0.021,-0.008
AIRPOT,1644469996958,1644469992567,4,1644469992567,-0.172,-0.311,-0.935,0.006,0.001,-0.011
AIRPOT,1644469997079,1644469992688,4,1644469992688,-0.170,-0.297,-0.940,0.016,-0.003,-0.000
AIRPOT,1644469997080,1644469992689,4,1644469992689,-0.167,-0.283,-0.945,0.016,-0.002,-0.011
AIRPOT,1644469997192,1644469992801,4,1644469992801,-0.164,-0.269,-0.949,0.017,-0.005,-0.013
AIRPOT,1644469997195,1644469992804,4,1644469992804,-0.162,-0.258,-0.952,0.012,0.006,-0.009
AIRPOT,1644469997221,1644469992830,4,1644469992830,-0.160,-0.252,-0.954,0.010,0.016,-0.017
AIRPOT,1644469997223,1644469992832,4,1644469992832,-0.160,-0.250,-0.955,0.009,0.015,-0.010
AIRPOT,1644469997229,1644469992838,4,1644469992838,-0.159,-0.248,-0.956,0.008,0.002,-0.001
AIRPOT,1644469997282,1644469992891,4,1644469992891,-0.157,-0.247,-0.956,0.007,0.007,-0.001
AIRPOT,1644469997382,1644469992991,4,1644469992991,-0.154,-0.246,-0.957,0.008,-0.000,0.002
AIRPOT,1644469997383,1644469992992,4,1644469992992,-0.151,-0.246,-0.957,0.010,-0.000,-0.006
AIRPOT,1644469997476,1644469993085,4,1644469993085,-0.149,-0.245,-0.958,0.012,0.004,-0.013
AIRPOT,1644469997482,1644469993091,4,1644469993091,-0.149,-0.245,-0.958,0.012,-0.003,-0.005
AIRPOT,1644469997526,1644469993135,4,1644469993135,-0.150,-0.246,-0.958,0.016,0.002,-0.005
AIRPOT,1644469997621,1644469993230,4,1644469993230,-0.151,-0.245,-0.958,0.008,0.017,-0.004
AIRPOT,1644469997625,1644469993234,4,1644469993234,-0.153,-0.243,-0.958,0.008,0.001,-0.003
AIRPOT,1644469997633,1644469993242,4,1644469993242,-0.153,-0.242,-0.958,0.009,-0.013,0.012
AIRPOT,1644469997683,1644469993292,4,1644469993292,-0.151,-0.242,-0.958,0.000,-0.005,-0.003
AIRPOT,1644469997741,1644469993350,4,1644469993350,-0.149,-0.243,-0.958,-0.000,0.001,0.000
AIRPOT,1644469997745,1644469993354,4,1644469993354,-0.149,-0.243,-0.959,0.001,0.007,0.004
AIRPOT,1644469997809,1644469993418,4,1644469993418,-0.148,-0.241,-0.959,-0.001,-0.004,0.004
AIRPOT,1644469997809,1644469993418,4,1644469993418,-0.147,-0.239,-0.960,-0.003,0.003,0.002
AIRPOT,1644469997870,1644469993479,4,1644469993479,-0.144,-0.237,-0.961,-0.006,0.013,-0.004
AIRPOT,1644469997921,1644469993530,4,1644469993530,-0.142,-0.235,-0.962,-0.008,0.021,-0.010
AIRPOT,1644469997927,1644469993536,4,1644469993536,-0.142,-0.232,-0.962,-0.008,0.021,-0.015
AIRPOT,1644469998070,1644469993679,4,1644469993679,-0.143,-0.231,-0.962,-0.006,0.013,-0.012
AIRPOT,1644469998163,1644469993772,4,1644469993772,-0.145,-0.230,-0.962,-0.000,0.015,-0.007
AIRPOT,1644469998168,1644469993777,4,1644469993777,-0.146,-0.232,-0.962,-0.003,0.001,-0.009
AIRPOT,1644469998169,1644469993778,4,1644469993778,-0.146,-0.238,-0.960,-0.005,0.035,-0.018
AIRPOT,1644469998172,1644469993781,4,1644469993781,-0.149,-0.247,-0.958,-0.006,0.022,-0.011
AIRPOT,1644469998221,1644469993830,4,1644469993830,-0.150,-0.258,-0.955,0.003,-0.004,0.021
AIRPOT,1644469998223,1644469993832,4,1644469993832,-0.144,-0.273,-0.951,-0.006,0.007,0.008
AIRPOT,1644469998277,1644469993886,4,1644469993886,-0.133,-0.293,-0.947,-0.021,0.026,-0.011
AIRPOT,1644469998279,1644469993888,4,1644469993888,-0.121,-0.319,-0.940,-0.028,0.053,-0.026
AIRPOT,1644469998394,1644469994003,4,1644469994003,-0.108,-0.350,-0.930,-0.028,0.068,-0.028
AIRPOT,1644469998397,1644469994006,4,1644469994006,-0.095,-0.385,-0.918,-0.016,0.040,-0.016
AIRPOT,1644469998455,1644469994064,4,1644469994064,-0.082,-0.426,-0.901,0.006,0.022,0.010
AIRPOT,1644469998457,1644469994066,4,1644469994066,-0.066,-0.469,-0.881,0.010,0.014,0.015
AIRPOT,1644469998518,1644469994127,4,1644469994127,-0.048,-0.513,-0.857,0.006,-0.009,0.010
AIRPOT,1644469998569,1644469994178,4,1644469994178,-0.030,-0.554,-0.832,0.015,0.013,0.019
AIRPOT,1644469998637,1644469994246,4,1644469994246,-0.011,-0.590,-0.807,0.010,-0.003,0.012
AIRPOT,1644469998746,1644469994355,4,1644469994355,0.008,-0.624,-0.781,0.018,-0.005,0.011
AIRPOT,1644469998777,1644469994386,4,1644469994386,0.026,-0.656,-0.755,0.010,0.010,0.013
AIRPOT,1644469998823,1644469994432,4,1644469994432,0.044,-0.682,-0.730,-0.002,-0.007,0.005
AIRPOT,1644469998921,1644469994530,4,1644469994530,0.054,-0.706,-0.706,0.180,-0.424,0.211
AIRPOT,1644469998971,1644469994580,4,1644469994580,0.061,-0.708,-0.703,0.012,0.026,0.028
AIRPOT,1644469999037,1644469994646,4,1644469994646,0.062,-0.698,-0.713,-0.077,0.121,-0.125
AIRPOT,1644469999037,1644469994646,4,1644469994646,0.063,-0.698,-0.714,-0.028,0.046,-0.039
AIRPOT,1644469999043,1644469994652,4,1644469994652,0.063,-0.706,-0.705,0.088,-0.158,0.123
AIRPOT,1644469999092,1644469994701,4,1644469994701,0.068,-0.704,-0.707,-0.015,0.037,-0.026
AIRPOT,1644469999096,1644469994705,4,1644469994705,0.068,-0.699,-0.712,-0.019,0.047,-0.026
AIRPOT,1644469999099,1644469994708,4,1644469994708,0.069,-0.698,-0.713,0.018,-0.068,0.030
AIRPOT,1644469999169,1644469994778,4,1644469994778,0.070,-0.698,-0.713,0.011,-0.003,0.008
AIRPOT,1644469999207,1644469994816,4,1644469994816,0.071,-0.698,-0.712,0.001,0.008,-0.008
AIRPOT,1644469999212,1644469994821,4,1644469994821,0.071,-0.699,-0.712,0.012,-0.014,0.004
AIRPOT,1644469999214,1644469994823,4,1644469994823,0.070,-0.698,-0.713,0.004,-0.012,-0.000
AIRPOT,1644469999271,1644469994880,4,1644469994880,0.068,-0.698,-0.712,0.006,-0.006,0.009
AIRPOT,1644469999273,1644469994882,4,1644469994882,0.068,-0.699,-0.712,0.004,-0.002,0.002
AIRPOT,1644469999366,1644469994975,4,1644469994975,0.067,-0.700,-0.711,0.002,-0.004,0.005
AIRPOT,1644469999371,1644469994980,4,1644469994980,0.068,-0.700,-0.711,0.004,-0.007,0.002
AIRPOT,1644469999422,1644469995031,4,1644469995031,0.068,-0.700,-0.711,0.003,-0.001,0.000
AIRPOT,1644469999423,1644469995032,4,1644469995032,0.070,-0.700,-0.711,0.003,-0.002,0.005
AIRPOT,1644469999478,1644469995087,4,1644469995087,0.070,-0.700,-0.711,0.007,-0.009,0.011
AIRPOT,1644469999544,1644469995153,4,1644469995153,0.070,-0.700,-0.711,0.005,-0.006,-0.003
AIRPOT,1644469999590,1644469995199,4,1644469995199,0.070,-0.700,-0.711,-0.002,-0.014,-0.012
AIRPOT,1644469999595,1644469995204,4,1644469995204,0.069,-0.701,-0.710,0.005,0.007,0.007
AIRPOT,1644469999647,1644469995256,4,1644469995256,0.068,-0.701,-0.710,-0.000,-0.010,-0.003
AIRPOT,1644469999651,1644469995260,4,1644469995260,0.067,-0.700,-0.711,0.006,-0.004,0.008
AIRPOT,1644469999713,1644469995322,4,1644469995322,0.067,-0.700,-0.711,-0.001,-0.006,-0.005
AIRPOT,1644469999769,1644469995378,4,1644469995378,0.066,-0.700,-0.711,0.003,-0.008,0.001
AIRPOT,1644469999777,1644469995386,4,1644469995386,0.065,-0.700,-0.711,0.003,-0.000,0.004
AIRPOT,1644469999891,1644469995500,4,1644469995500,0.065,-0.701,-0.711,0.003,-0.006,0.005
AIRPOT,1644469999891,1644469995500,4,1644469995500,0.065,-0.701,-0.710,0.000,0.000,-0.000
AIRPOT,1644469999950,1644469995559,4,1644469995559,0.065,-0.701,-0.711,-0.002,-0.004,-0.004
AIRPOT,1644469999977,1644469995586,4,1644469995586,0.064,-0.701,-0.711,0.001,-0.005,0.005
AIRPOT,1644470000081,1644469995690,4,1644469995690,0.064,-0.701,-0.711,0.002,-0.004,0.003
AIRPOT,1644470000084,1644469995693,4,1644469995693,0.064,-0.701,-0.711,0.000,-0.007,-0.008
AIRPOT,1644470000092,1644469995701,4,1644469995701,0.064,-0.701,-0.710,0.002,-0.006,0.003
AIRPOT,1644470000149,1644469995758,4,1644469995758,0.062,-0.701,-0.710,0.005,0.004,0.005
AIRPOT,1644470000201,1644469995810,4,1644469995810,0.062,-0.701,-0.710,0.004,-0.005,0.001
AIRPOT,1644470000203,1644469995812,4,1644469995812,0.061,-0.701,-0.710,0.001,-0.005,-0.002
AIRPOT,1644470000261,1644469995870,4,1644469995870,0.060,-0.702,-0.710,-0.000,-0.010,-0.002
AIRPOT,1644470000262,1644469995871,4,1644469995871,0.059,-0.702,-0.709,-0.001,-0.003,-0.002
AIRPOT,1644470000316,1644469995925,4,1644469995925,0.057,-0.703,-0.709,-0.002,-0.004,-0.002
AIRPOT,1644470000376,1644469995985,4,1644469995985,0.055,-0.704,-0.708,-0.003,-0.001,0.000
AIRPOT,1644470000376,1644469995985,4,1644469995985,0.054,-0.704,-0.708,-0.017,0.015,-0.012
AIRPOT,1644470000442,1644469996051,4,1644469996051,0.050,-0.701,-0.711,-0.005,0.005,-0.002
AIRPOT,1644470000526,1644469996135,4,1644469996135,0.048,-0.698,-0.715,0.014,-0.016,0.019
AIRPOT,1644470000527,1644469996136,4,1644469996136,0.048,-0.697,-0.715,0.004,-0.000,-0.002
AIRPOT,1644470000532,1644469996141,4,1644469996141,0.047,-0.697,-0.715,0.010,-0.003,0.004
AIRPOT,1644470000615,1644469996224,4,1644469996224,0.045,-0.696,-0.717,0.016,-0.013,0.006
AIRPOT,1644470000618,1644469996227,4,1644469996227,0.045,-0.697,-0.716,0.010,-0.011,0.003
AIRPOT,1644470000667,1644469996276,4,1644469996276,0.046,-0.699,-0.714,0.010,-0.003,0.003
AIRPOT,1644470000717,1644469996326,4,1644469996326,0.047,-0.700,-0.712,0.004,-0.008,-0.006
AIRPOT,1644470000829,1644469996438,4,1644469996438,0.043,-0.701,-0.712,0.016,-0.014,0.001
AIRPOT,1644470000830,1644469996439,4,1644469996439,0.035,-0.700,-0.713,0.030,-0.027,0.004
AIRPOT,1644470000835,1644469996444,4,1644469996444,0.021,-0.699,-0.715,0.054,-0.060,0.026
AIRPOT,1644470000888,1644469996497,4,1644469996497,-0.001,-0.694,-0.720,0.088,-0.057,0.073
AIRPOT,1644470000942,1644469996551,4,1644469996551,-0.027,-0.682,-0.731,0.128,-0.170,0.085
AIRPOT,1644470000945,1644469996554,4,1644469996554,-0.061,-0.660,-0.749,0.134,-0.170,0.097
AIRPOT,1644470001001,1644469996610,4,1644469996610,-0.105,-0.616,-0.781,0.113,-0.215,0.170
AIRPOT,1644470001066,1644469996675,4,1644469996675,-0.154,-0.555,-0.818,0.095,-0.192,0.177
AIRPOT,1644470001118,1644469996727,4,1644469996727,-0.196,-0.478,-0.857,0.049,-0.111,0.195
AIRPOT,1644470001121,1644469996730,4,1644469996730,-0.226,-0.397,-0.890,0.005,-0.152,0.139
AIRPOT,1644470001172,1644469996781,4,1644469996781,-0.240,-0.331,-0.913,-0.046,-0.148,0.040
AIRPOT,1644470001199,1644469996808,4,1644469996808,-0.247,-0.277,-0.929,-0.053,-0.227,0.058
AIRPOT,1644470001313,1644469996922,4,1644469996921,-0.245,-0.237,-0.940,-0.041,-0.283,0.146
AIRPOT,1644470001313,1644469996922,4,1644469996922,-0.233,-0.209,-0.950,-0.034,-0.309,0.124
AIRPOT,1644470001315,1644469996924,4,1644469996924,-0.215,-0.190,-0.958,0.025,-0.236,0.134
AIRPOT,1644470001429,1644469997038,4,1644469997038,-0.195,-0.183,-0.964,0.097,-0.191,0.121
AIRPOT,1644470001431,1644469997040,4,1644469997040,-0.173,-0.188,-0.967,0.244,0.042,0.068
AIRPOT,1644470001437,1644469997046,4,1644469997046,-0.143,-0.187,-0.972,0.171,0.105,-0.281
AIRPOT,1644470001485,1644469997094,4,1644469997094,-0.129,-0.179,-0.975,0.208,0.314,-0.256
AIRPOT,1644470001547,1644469997156,4,1644469997156,-0.103,-0.163,-0.981,0.146,0.417,-0.459
AIRPOT,1644470001547,1644469997156,4,1644469997156,-0.085,-0.147,-0.985,0.140,0.263,-0.689
AIRPOT,1644470001597,1644469997206,4,1644469997206,-0.080,-0.151,-0.985,0.208,0.185,-0.571
AIRPOT,1644470001712,1644469997321,4,1644469997321,-0.067,-0.180,-0.981,0.244,0.129,-0.530
AIRPOT,1644470001791,1644469997400,4,1644469997400,-0.050,-0.224,-0.973,0.222,0.080,-0.425
AIRPOT,1644470001793,1644469997402,4,1644469997402,-0.036,-0.269,-0.963,0.173,0.082,-0.314
AIRPOT,1644470001817,1644469997426,4,1644469997426,-0.031,-0.309,-0.951,0.121,0.114,-0.179
AIRPOT,1644470001851,1644469997460,4,1644469997460,-0.033,-0.340,-0.940,0.112,0.102,-0.019
AIRPOT,1644470001851,1644469997460,4,1644469997460,-0.037,-0.363,-0.931,0.100,0.131,0.126
AIRPOT,1644470001883,1644469997492,4,1644469997492,-0.040,-0.377,-0.925,0.081,0.236,0.177
AIRPOT,1644470001905,1644469997514,4,1644469997514,-0.043,-0.383,-0.923,0.046,0.305,0.290
AIRPOT,1644470002018,1644469997627,4,1644469997627,-0.046,-0.394,-0.918,-0.014,0.265,0.296
AIRPOT,1644470002019,1644469997628,4,1644469997628,-0.054,-0.410,-0.911,-0.044,0.213,0.309
AIRPOT,1644470002121,1644469997730,4,1644469997730,-0.062,-0.423,-0.904,-0.064,0.189,0.340
AIRPOT,1644470002122,1644469997731,4,1644469997731,-0.063,-0.435,-0.898,-0.109,0.071,0.268
AIRPOT,1644470002128,1644469997737,4,1644469997737,-0.060,-0.449,-0.892,-0.117,0.065,0.168
AIRPOT,1644470002182,1644469997791,4,1644469997791,-0.060,-0.461,-0.885,-0.117,0.014,0.095
AIRPOT,1644470002182,1644469997791,4,1644469997791,-0.063,-0.472,-0.879,-0.136,-0.019,0.071
AIRPOT,1644470002416,1644469998025,4,1644469998025,-0.068,-0.482,-0.874,-0.097,0.003,0.140
AIRPOT,1644470002417,1644469998026,4,1644469998026,-0.065,-0.491,-0.869,-0.090,0.008,0.092
AIRPOT,1644470002420,1644469998029,4,1644469998029,-0.061,-0.499,-0.864,-0.079,-0.000,0.037
AIRPOT,1644470002450,1644469998059,4,1644469998059,-0.061,-0.505,-0.861,-0.039,0.040,-0.012
AIRPOT,1644470002601,1644469998210,4,1644469998210,-0.063,-0.504,-0.862,-0.031,0.076,-0.058
AIRPOT,1644470002603,1644469998212,4,1644469998212,-0.070,-0.503,-0.861,0.033,0.028,0.003
AIRPOT,1644470002667,1644469998276,4,1644469998276,-0.072,-0.509,-0.858,0.042,-0.087,-0.105
AIRPOT,1644470002668,1644469998277,4,1644469998277,-0.079,-0.515,-0.854,0.081,0.016,0.018
AIRPOT,1644470002721,1644469998330,4,1644469998330,-0.083,-0.518,-0.851,0.059,-0.008,0.007
AIRPOT,1644470002722,1644469998331,4,1644469998331,-0.087,-0.519,-0.850,0.043,0.028,0.029
AIRPOT,1644470002729,1644469998338,4,1644469998338,-0.087,-0.520,-0.850,0.047,0.048,0.002
AIRPOT,1644470002734,1644469998343,4,1644469998343,-0.086,-0.519,-0.850,0.064,0.075,-0.014
AIRPOT,1644470002785,1644469998394,4,1644469998393,-0.081,-0.518,-0.852,0.095,0.055,-0.041
AIRPOT,1644470002785,1644469998394,4,1644469998394,-0.072,-0.516,-0.854,0.111,0.028,-0.039
AIRPOT,1644470002789,1644469998398,4,1644469998398,-0.064,-0.514,-0.856,0.091,0.007,-0.046
AIRPOT,1644470002903,1644469998512,4,1644469998512,-0.063,-0.513,-0.856,0.061,-0.007,-0.011
AIRPOT,1644470002903,1644469998512,4,1644469998512,-0.064,-0.514,-0.855,0.037,0.010,0.048
AIRPOT,1644470002962,1644469998571,4,1644469998571,-0.061,-0.514,-0.856,0.013,0.026,0.021
AIRPOT,1644470002969,1644469998578,4,1644469998578,-0.056,-0.511,-0.858,0.010,0.025,-0.018
AIRPOT,1644470003081,1644469998690,4,1644469998690,-0.053,-0.509,-0.859,-0.001,0.022,-0.069
AIRPOT,1644470003088,1644469998697,4,1644469998697,-0.055,-0.508,-0.859,-0.000,0.006,-0.044
AIRPOT,1644470003092,1644469998701,4,1644469998701,-0.059,-0.508,-0.859,0.005,0.002,-0.004
AIRPOT,1644470003204,1644469998813,4,1644469998813,-0.061,-0.509,-0.858,0.003,0.010,0.018
AIRPOT,1644470003204,1644469998813,4,1644469998813,-0.061,-0.510,-0.858,-0.002,0.012,0.007
AIRPOT,1644470003209,1644469998818,4,1644469998818,-0.061,-0.509,-0.859,-0.014,0.004,-0.018
AIRPOT,1644470003259,1644469998868,4,1644469998868,-0.063,-0.508,-0.859,-0.013,0.003,-0.018
AIRPOT,1644470003315,1644469998924,4,1644469998924,-0.067,-0.508,-0.859,-0.016,0.005,-0.005
AIRPOT,1644470003315,1644469998924,4,1644469998924,-0.070,-0.509,-0.858,-0.021,-0.002,-0.004
AIRPOT,1644470003380,1644469998989,4,1644469998989,-0.072,-0.511,-0.856,-0.024,-0.009,-0.006
AIRPOT,1644470003431,1644469999040,4,1644469999040,-0.075,-0.513,-0.855,-0.009,0.003,0.011
AIRPOT,1644470003486,1644469999095,4,1644469999095,-0.075,-0.514,-0.854,-0.011,-0.010,0.010
AIRPOT,1644470003489,1644469999098,4,1644469999098,-0.076,-0.516,-0.853,-0.009,-0.005,0.008
AIRPOT,1644470003541,1644469999150,4,1644469999150,-0.076,-0.517,-0.853,-0.013,-0.011,-0.004
AIRPOT,1644470003552,1644469999161,4,1644469999161,-0.076,-0.518,-0.852,-0.012,-0.007,0.004
AIRPOT,1644470003605,1644469999214,4,1644469999214,-0.077,-0.519,-0.851,-0.015,-0.006,0.011
