Device,PTPTime,UnixTime,Protocool,CurrentDeviceTime,GyroX,GyroY,GyroZ,AccX,AccY,AccZ,
AIRPOT,1645685394002,1645685393546,4,1645685393546,-0.398,-0.320,-0.860,-0.001,0.002,-0.003
AIRPOT,1645685394096,1645685393640,4,1645685393640,-0.397,-0.320,-0.860,-0.002,-0.001,0.000
AIRPOT,1645685394216,1645685393760,4,1645685393760,-0.399,-0.321,-0.859,-0.001,0.006,0.006
AIRPOT,1645685394384,1645685393928,4,1645685393928,-0.398,-0.322,-0.859,-0.002,0.002,0.002
AIRPOT,1645685394522,1645685394066,4,1645685394066,-0.397,-0.322,-0.859,-0.002,-0.002,0.001
AIRPOT,1645685394633,1645685394177,4,1645685394177,-0.396,-0.323,-0.860,-0.001,0.003,0.001
AIRPOT,1645685394741,1645685394285,4,1645685394285,-0.389,-0.323,-0.863,-0.009,0.020,0.006
AIRPOT,1645685394853,1645685394397,4,1645685394397,-0.373,-0.327,-0.868,-0.019,0.040,0.028
AIRPOT,1645685394867,1645685394411,4,1645685394411,-0.358,-0.329,-0.874,-0.018,-0.000,0.015
AIRPOT,1645685394964,1645685394508,4,1645685394508,-0.327,-0.330,-0.885,0.001,-0.025,-0.002
AIRPOT,1645685395030,1645685394574,4,1645685394574,-0.305,-0.332,-0.893,0.019,-0.011,-0.015
AIRPOT,1645685395118,1645685394662,4,1645685394662,-0.291,-0.332,-0.897,0.015,-0.019,-0.012
AIRPOT,1645685395316,1645685394860,4,1645685394860,-0.280,-0.332,-0.901,0.002,-0.002,-0.004
AIRPOT,1645685395482,1645685395026,4,1645685395026,-0.278,-0.333,-0.901,-0.001,0.001,-0.001
AIRPOT,1645685395586,1645685395130,4,1645685395130,-0.277,-0.334,-0.901,-0.005,0.001,-0.003
AIRPOT,1645685395676,1645685395220,4,1645685395220,-0.279,-0.335,-0.900,0.003,-0.003,0.003
AIRPOT,1645685395838,1645685395382,4,1645685395382,-0.284,-0.333,-0.899,0.003,-0.002,-0.002
AIRPOT,1645685395892,1645685395436,4,1645685395436,-0.287,-0.331,-0.899,0.004,-0.001,-0.002
AIRPOT,1645685395956,1645685395500,4,1645685395500,-0.292,-0.330,-0.898,0.002,-0.002,0.001
AIRPOT,1645685396161,1645685395705,4,1645685395705,-0.298,-0.329,-0.896,-0.000,0.001,0.001
AIRPOT,1645685396309,1645685395853,4,1645685395853,-0.301,-0.328,-0.895,0.000,-0.009,0.002
AIRPOT,1645685396430,1645685395974,4,1645685395974,-0.305,-0.329,-0.894,0.004,0.002,-0.001
AIRPOT,1645685396536,1645685396080,4,1645685396080,-0.308,-0.329,-0.893,-0.001,0.003,0.000
AIRPOT,1645685396646,1645685396190,4,1645685396190,-0.310,-0.330,-0.892,-0.004,0.007,-0.000
AIRPOT,1645685396735,1645685396279,4,1645685396279,-0.310,-0.330,-0.892,-0.002,0.023,0.003
AIRPOT,1645685396755,1645685396299,4,1645685396299,-0.309,-0.326,-0.893,-0.005,0.001,0.001
AIRPOT,1645685396915,1645685396459,4,1645685396459,-0.306,-0.323,-0.895,0.006,-0.004,0.008
AIRPOT,1645685397083,1645685396627,4,1645685396627,-0.300,-0.317,-0.900,-0.002,-0.010,0.003
AIRPOT,1645685397134,1645685396678,4,1645685396678,-0.300,-0.313,-0.901,-0.006,-0.000,-0.003
AIRPOT,1645685397295,1645685396839,4,1645685396839,-0.300,-0.316,-0.900,-0.001,0.015,0.001
AIRPOT,1645685397658,1645685397202,4,1645685397202,-0.288,-0.319,-0.903,0.009,-0.015,-0.001
AIRPOT,1645685397731,1645685397275,4,1645685397275,-0.295,-0.319,-0.900,-0.010,0.002,0.009
AIRPOT,1645685397943,1645685397487,4,1645685397487,-0.314,-0.333,-0.889,0.000,0.021,0.006
AIRPOT,1645685398168,1645685397712,4,1645685397712,-0.326,-0.324,-0.888,0.017,0.008,0.023
AIRPOT,1645685398288,1645685397832,4,1645685397832,-0.323,-0.321,-0.890,-0.007,-0.003,-0.013
AIRPOT,1645685398448,1645685397992,4,1645685397992,-0.324,-0.321,-0.890,0.027,0.020,0.024
AIRPOT,1645685398770,1645685398314,4,1645685398314,-0.318,-0.322,-0.891,0.014,0.016,0.003
AIRPOT,1645685399150,1645685398694,4,1645685398694,-0.347,-0.332,-0.877,0.002,0.019,0.016
AIRPOT,1645685399340,1645685398884,4,1645685398884,-0.352,-0.332,-0.875,0.004,0.010,-0.012
AIRPOT,1645685399392,1645685398936,4,1645685398936,-0.354,-0.329,-0.876,-0.018,-0.019,-0.009
AIRPOT,1645685399632,1645685399176,4,1645685399176,-0.352,-0.323,-0.878,-0.001,-0.019,0.012
AIRPOT,1645685399783,1645685399327,4,1645685399327,-0.337,-0.314,-0.888,0.012,0.003,0.002
AIRPOT,1645685399954,1645685399498,4,1645685399498,-0.326,-0.308,-0.894,0.036,0.037,0.050
AIRPOT,1645685400059,1645685399603,4,1645685399603,-0.318,-0.305,-0.898,0.017,0.011,0.051
AIRPOT,1645685400111,1645685399655,4,1645685399655,-0.314,-0.304,-0.899,0.020,0.022,0.003
AIRPOT,1645685400186,1645685399730,4,1645685399730,-0.302,-0.304,-0.904,-0.056,-0.078,-0.073
AIRPOT,1645685400318,1645685399862,4,1645685399862,-0.302,-0.300,-0.905,0.036,0.006,0.047
AIRPOT,1645685400353,1645685399897,4,1645685399897,-0.298,-0.300,-0.906,-0.043,-0.019,-0.052
AIRPOT,1645685400483,1645685400027,4,1645685400027,-0.292,-0.302,-0.908,-0.009,-0.012,0.003
AIRPOT,1645685400577,1645685400121,4,1645685400121,-0.304,-0.295,-0.906,0.007,0.039,0.040
AIRPOT,1645685400643,1645685400187,4,1645685400187,-0.302,-0.294,-0.907,-0.020,-0.002,-0.025
AIRPOT,1645685400791,1645685400335,4,1645685400335,-0.294,-0.287,-0.912,-0.020,-0.012,-0.070
AIRPOT,1645685400841,1645685400385,4,1645685400385,-0.298,-0.287,-0.911,0.062,0.005,0.058
AIRPOT,1645685400990,1645685400534,4,1645685400534,-0.300,-0.287,-0.910,0.045,0.013,0.081
AIRPOT,1645685401108,1645685400652,4,1645685400652,-0.309,-0.292,-0.905,0.007,0.003,-0.002
AIRPOT,1645685401226,1645685400770,4,1645685400770,-0.318,-0.294,-0.901,0.013,0.023,0.025
AIRPOT,1645685401305,1645685400849,4,1645685400849,-0.320,-0.296,-0.900,0.006,0.003,0.014
AIRPOT,1645685401431,1645685400975,4,1645685400975,-0.319,-0.298,-0.900,-0.013,-0.015,-0.025
AIRPOT,1645685401555,1645685401099,4,1645685401099,-0.333,-0.308,-0.891,-0.003,0.009,-0.017
AIRPOT,1645685401694,1645685401238,4,1645685401238,-0.339,-0.313,-0.887,0.010,0.032,0.015
AIRPOT,1645685401884,1645685401428,4,1645685401428,-0.342,-0.309,-0.887,-0.017,-0.007,-0.014
AIRPOT,1645685401915,1645685401459,4,1645685401459,-0.345,-0.309,-0.886,0.006,0.007,0.011
AIRPOT,1645685402117,1645685401661,4,1645685401661,-0.353,-0.298,-0.887,0.001,0.005,0.014
AIRPOT,1645685402291,1645685401835,4,1645685401835,-0.351,-0.298,-0.887,0.073,0.059,0.068
AIRPOT,1645685402397,1645685401941,4,1645685401941,-0.338,-0.305,-0.891,0.015,0.005,0.027
AIRPOT,1645685402447,1645685401991,4,1645685401991,-0.333,-0.308,-0.891,-0.036,-0.037,-0.065
AIRPOT,1645685402520,1645685402064,4,1645685402064,-0.331,-0.313,-0.890,-0.046,-0.023,-0.078
AIRPOT,1645685402648,1645685402192,4,1645685402192,-0.333,-0.314,-0.889,0.076,0.072,0.107
AIRPOT,1645685402650,1645685402194,4,1645685402194,-0.319,-0.310,-0.896,-0.060,-0.075,-0.058
AIRPOT,1645685402699,1645685402243,4,1645685402243,-0.311,-0.309,-0.899,-0.076,-0.051,-0.078
AIRPOT,1645685402815,1645685402359,4,1645685402359,-0.323,-0.309,-0.894,0.025,0.018,0.015
AIRPOT,1645685402918,1645685402462,4,1645685402462,-0.332,-0.307,-0.892,-0.051,-0.050,-0.045
AIRPOT,1645685403078,1645685402622,4,1645685402622,-0.341,-0.315,-0.886,-0.003,-0.014,0.004
AIRPOT,1645685403198,1645685402742,4,1645685402742,-0.344,-0.321,-0.882,0.007,0.029,-0.001
AIRPOT,1645685403371,1645685402915,4,1645685402915,-0.357,-0.322,-0.877,0.040,0.033,0.041
AIRPOT,1645685403600,1645685403144,4,1645685403144,-0.358,-0.320,-0.877,-0.020,0.027,-0.042
AIRPOT,1645685403767,1645685403311,4,1645685403311,-0.374,-0.311,-0.874,-0.043,0.018,0.031
AIRPOT,1645685403821,1645685403365,4,1645685403365,-0.375,-0.310,-0.874,0.016,0.037,0.027
AIRPOT,1645685403933,1645685403477,4,1645685403477,-0.365,-0.302,-0.881,0.011,-0.025,-0.022
AIRPOT,1645685403990,1645685403534,4,1645685403534,-0.361,-0.297,-0.884,0.031,-0.004,-0.000
AIRPOT,1645685404093,1645685403637,4,1645685403637,-0.361,-0.284,-0.888,0.000,0.033,0.005
AIRPOT,1645685404218,1645685403762,4,1645685403762,-0.368,-0.266,-0.891,-0.012,-0.009,0.008
AIRPOT,1645685404326,1645685403870,4,1645685403870,-0.368,-0.260,-0.893,0.023,0.005,0.012
AIRPOT,1645685404466,1645685404010,4,1645685404010,-0.365,-0.260,-0.894,-0.063,-0.042,-0.063
AIRPOT,1645685404578,1645685404122,4,1645685404122,-0.348,-0.264,-0.900,-0.013,-0.006,-0.032
AIRPOT,1645685404690,1645685404234,4,1645685404234,-0.347,-0.267,-0.899,0.072,0.073,0.113
AIRPOT,1645685404744,1645685404288,4,1645685404288,-0.339,-0.264,-0.903,-0.084,-0.035,-0.073
AIRPOT,1645685404810,1645685404354,4,1645685404354,-0.338,-0.267,-0.903,-0.071,-0.037,-0.078
AIRPOT,1645685404866,1645685404410,4,1645685404410,-0.345,-0.273,-0.898,0.083,0.063,0.126
AIRPOT,1645685404983,1645685404527,4,1645685404527,-0.334,-0.282,-0.899,-0.010,-0.014,-0.077
AIRPOT,1645685405035,1645685404579,4,1645685404579,-0.336,-0.282,-0.898,0.042,-0.017,0.064
AIRPOT,1645685405150,1645685404694,4,1645685404694,-0.331,-0.287,-0.899,-0.023,-0.005,-0.049
AIRPOT,1645685405261,1645685404805,4,1645685404805,-0.330,-0.293,-0.897,0.020,0.036,0.059
AIRPOT,1645685405369,1645685404913,4,1645685404913,-0.308,-0.293,-0.905,0.004,-0.030,-0.053
AIRPOT,1645685405463,1645685405007,4,1645685405007,-0.307,-0.296,-0.905,-0.010,0.004,0.011
AIRPOT,1645685405520,1645685405064,4,1645685405064,-0.306,-0.297,-0.904,-0.024,0.029,-0.004
AIRPOT,1645685405627,1645685405171,4,1645685405171,-0.302,-0.298,-0.905,0.011,-0.023,-0.004
AIRPOT,1645685405679,1645685405223,4,1645685405223,-0.303,-0.298,-0.905,0.011,-0.004,-0.006
AIRPOT,1645685405740,1645685405284,4,1645685405284,-0.304,-0.299,-0.904,0.001,0.000,-0.000
AIRPOT,1645685405921,1645685405465,4,1645685405465,-0.324,-0.307,-0.895,0.020,0.001,-0.021
AIRPOT,1645685406031,1645685405575,4,1645685405575,-0.343,-0.312,-0.886,0.005,0.004,0.028
AIRPOT,1645685406083,1645685405627,4,1645685405627,-0.348,-0.312,-0.884,-0.019,-0.006,-0.009
AIRPOT,1645685406356,1645685405900,4,1645685405900,-0.362,-0.303,-0.881,0.006,-0.015,0.005
AIRPOT,1645685406461,1645685406005,4,1645685406005,-0.359,-0.303,-0.883,-0.046,-0.043,-0.056
AIRPOT,1645685406514,1645685406058,4,1645685406058,-0.363,-0.301,-0.882,0.036,0.039,0.070
AIRPOT,1645685406624,1645685406168,4,1645685406168,-0.353,-0.295,-0.888,0.055,0.041,0.049
AIRPOT,1645685406673,1645685406217,4,1645685406217,-0.339,-0.292,-0.894,-0.053,-0.066,-0.102
AIRPOT,1645685406912,1645685406456,4,1645685406456,-0.326,-0.289,-0.900,-0.040,-0.058,-0.029
AIRPOT,1645685407286,1645685406830,4,1645685406830,-0.328,-0.299,-0.896,-0.019,-0.034,-0.040
AIRPOT,1645685407411,1645685406955,4,1645685406955,-0.336,-0.308,-0.890,-0.007,0.008,0.020
AIRPOT,1645685407464,1645685407008,4,1645685407008,-0.335,-0.309,-0.890,0.023,0.016,0.028
AIRPOT,1645685407638,1645685407182,4,1645685407182,-0.335,-0.313,-0.889,0.016,0.025,0.018
AIRPOT,1645685407807,1645685407351,4,1645685407351,-0.334,-0.311,-0.890,-0.008,-0.009,-0.003
AIRPOT,1645685408067,1645685407611,4,1645685407611,-0.347,-0.324,-0.880,0.004,-0.012,-0.003
AIRPOT,1645685408232,1645685407776,4,1645685407776,-0.351,-0.321,-0.880,0.008,-0.013,-0.014
AIRPOT,1645685408333,1645685407877,4,1645685407877,-0.353,-0.317,-0.880,-0.026,-0.019,-0.006
AIRPOT,1645685408517,1645685408061,4,1645685408061,-0.348,-0.308,-0.886,-0.020,0.001,0.019
AIRPOT,1645685408762,1645685408306,4,1645685408306,-0.342,-0.301,-0.890,-0.073,-0.087,-0.105
AIRPOT,1645685409136,1645685408680,4,1645685408680,-0.319,-0.310,-0.896,-0.042,-0.020,-0.070
AIRPOT,1645685409266,1645685408810,4,1645685408810,-0.325,-0.312,-0.893,0.041,0.039,0.079
AIRPOT,1645685409401,1645685408945,4,1645685408945,-0.322,-0.314,-0.893,-0.045,-0.027,0.039
AIRPOT,1645685409450,1645685408994,4,1645685408994,-0.321,-0.316,-0.893,0.018,0.042,-0.003
AIRPOT,1645685409562,1645685409106,4,1645685409106,-0.314,-0.318,-0.894,-0.016,-0.042,0.021
AIRPOT,1645685409658,1645685409202,4,1645685409202,-0.315,-0.320,-0.893,-0.010,-0.046,0.012
AIRPOT,1645685409767,1645685409311,4,1645685409311,-0.320,-0.324,-0.890,-0.008,0.014,-0.000
AIRPOT,1645685409820,1645685409364,4,1645685409364,-0.322,-0.324,-0.890,-0.010,0.011,0.007
AIRPOT,1645685409986,1645685409530,4,1645685409530,-0.335,-0.319,-0.887,0.011,0.014,0.026
AIRPOT,1645685410019,1645685409563,4,1645685409563,-0.336,-0.318,-0.887,0.006,0.020,-0.031
AIRPOT,1645685410181,1645685409725,4,1645685409725,-0.351,-0.313,-0.883,0.020,-0.001,0.036
AIRPOT,1645685410291,1645685409835,4,1645685409835,-0.352,-0.312,-0.882,0.008,-0.005,-0.008
AIRPOT,1645685410530,1645685410074,4,1645685410074,-0.358,-0.310,-0.881,-0.011,-0.002,-0.063
AIRPOT,1645685410688,1645685410232,4,1645685410232,-0.362,-0.307,-0.880,-0.025,-0.034,0.010
AIRPOT,1645685410831,1645685410375,4,1645685410375,-0.354,-0.310,-0.883,-0.028,-0.011,-0.052
AIRPOT,1645685411072,1645685410616,4,1645685410616,-0.339,-0.313,-0.887,-0.075,-0.048,-0.053
AIRPOT,1645685411212,1645685410756,4,1645685410756,-0.330,-0.309,-0.892,-0.065,-0.088,-0.086
AIRPOT,1645685411292,1645685410836,4,1645685410836,-0.333,-0.310,-0.891,-0.001,0.016,-0.002
AIRPOT,1645685411345,1645685410889,4,1645685410889,-0.331,-0.306,-0.892,0.005,0.015,0.038
AIRPOT,1645685411514,1645685411058,4,1645685411058,-0.315,-0.310,-0.897,0.013,0.017,-0.025
AIRPOT,1645685411574,1645685411118,4,1645685411118,-0.315,-0.313,-0.896,-0.044,0.036,0.004
AIRPOT,1645685411681,1645685411225,4,1645685411225,-0.316,-0.314,-0.895,-0.010,0.022,0.032
AIRPOT,1645685411776,1645685411320,4,1645685411320,-0.307,-0.316,-0.898,-0.001,-0.046,-0.036
AIRPOT,1645685411876,1645685411420,4,1645685411420,-0.307,-0.319,-0.897,-0.017,-0.013,-0.001
AIRPOT,1645685411910,1645685411454,4,1645685411454,-0.307,-0.320,-0.896,-0.013,0.031,0.041
AIRPOT,1645685412029,1645685411573,4,1645685411573,-0.303,-0.319,-0.898,-0.003,-0.002,-0.000
AIRPOT,1645685412079,1645685411623,4,1645685411623,-0.304,-0.321,-0.897,0.004,-0.015,-0.001
AIRPOT,1645685412467,1645685412011,4,1645685412011,-0.334,-0.335,-0.881,-0.002,-0.032,0.017
AIRPOT,1645685412516,1645685412060,4,1645685412060,-0.336,-0.333,-0.881,-0.017,0.013,-0.009
AIRPOT,1645685412779,1645685412323,4,1645685412323,-0.343,-0.312,-0.886,-0.028,0.005,-0.055
AIRPOT,1645685412965,1645685412509,4,1645685412509,-0.341,-0.303,-0.890,-0.058,-0.057,-0.022
AIRPOT,1645685413102,1645685412646,4,1645685412646,-0.343,-0.294,-0.892,0.011,0.007,0.028
AIRPOT,1645685413209,1645685412753,4,1645685412753,-0.337,-0.292,-0.895,-0.008,-0.010,0.010
AIRPOT,1645685413356,1645685412900,4,1645685412900,-0.328,-0.296,-0.897,-0.031,0.012,0.001
AIRPOT,1645685413415,1645685412959,4,1645685412959,-0.322,-0.297,-0.899,0.001,0.004,-0.008
AIRPOT,1645685413517,1645685413061,4,1645685413061,-0.319,-0.297,-0.900,0.020,0.014,-0.001
AIRPOT,1645685413615,1645685413159,4,1645685413159,-0.317,-0.301,-0.900,0.022,-0.004,0.002
AIRPOT,1645685413724,1645685413268,4,1645685413268,-0.315,-0.305,-0.899,-0.046,-0.023,-0.107
AIRPOT,1645685413828,1645685413372,4,1645685413372,-0.327,-0.306,-0.894,0.034,0.016,0.086
AIRPOT,1645685413916,1645685413460,4,1645685413460,-0.337,-0.321,-0.885,0.024,0.028,-0.006
AIRPOT,1645685413989,1645685413533,4,1645685413533,-0.341,-0.328,-0.881,0.003,-0.005,0.005
AIRPOT,1645685414161,1645685413705,4,1645685413705,-0.343,-0.339,-0.876,0.014,0.006,0.030
AIRPOT,1645685414275,1645685413819,4,1645685413819,-0.342,-0.340,-0.876,-0.015,-0.020,-0.004
AIRPOT,1645685414358,1645685413902,4,1645685413902,-0.342,-0.341,-0.876,-0.017,0.000,-0.017
AIRPOT,1645685414562,1645685414106,4,1645685414106,-0.354,-0.343,-0.870,-0.042,0.018,-0.039
AIRPOT,1645685414837,1645685414381,4,1645685414381,-0.375,-0.330,-0.866,-0.017,0.000,-0.027
AIRPOT,1645685414875,1645685414419,4,1645685414419,-0.378,-0.329,-0.865,0.005,0.023,-0.003
AIRPOT,1645685414927,1645685414471,4,1645685414471,-0.380,-0.320,-0.868,-0.004,0.040,0.002
AIRPOT,1645685415122,1645685414666,4,1645685414666,-0.387,-0.303,-0.871,0.024,0.025,0.030
AIRPOT,1645685415327,1645685414871,4,1645685414871,-0.386,-0.300,-0.873,0.020,0.012,0.042
AIRPOT,1645685415477,1645685415021,4,1645685415021,-0.374,-0.305,-0.876,-0.011,-0.007,0.006
AIRPOT,1645685415527,1645685415071,4,1645685415071,-0.371,-0.309,-0.876,-0.002,0.018,-0.022
AIRPOT,1645685415630,1645685415174,4,1645685415174,-0.363,-0.314,-0.878,0.019,0.010,0.018
AIRPOT,1645685415683,1645685415227,4,1645685415227,-0.356,-0.317,-0.879,0.009,0.018,0.007
AIRPOT,1645685415814,1645685415358,4,1645685415358,-0.342,-0.314,-0.885,-0.019,-0.009,0.031
AIRPOT,1645685415990,1645685415534,4,1645685415534,-0.325,-0.319,-0.890,-0.002,-0.009,0.011
AIRPOT,1645685416092,1645685415636,4,1645685415636,-0.315,-0.324,-0.892,0.039,0.029,0.015
AIRPOT,1645685416187,1645685415731,4,1645685415731,-0.309,-0.326,-0.893,0.018,0.000,-0.004
AIRPOT,1645685416298,1645685415842,4,1645685415842,-0.316,-0.332,-0.889,-0.011,0.052,0.009
AIRPOT,1645685416580,1645685416124,4,1645685416124,-0.334,-0.344,-0.878,0.030,-0.022,0.033
AIRPOT,1645685416650,1645685416194,4,1645685416194,-0.346,-0.341,-0.874,-0.014,-0.029,0.017
AIRPOT,1645685416872,1645685416416,4,1645685416416,-0.357,-0.337,-0.871,0.014,-0.016,0.026
AIRPOT,1645685416972,1645685416516,4,1645685416516,-0.362,-0.330,-0.872,-0.014,0.015,0.069
AIRPOT,1645685416998,1645685416542,4,1645685416542,-0.359,-0.326,-0.874,-0.006,-0.010,-0.064
AIRPOT,1645685417216,1645685416760,4,1645685416760,-0.365,-0.322,-0.874,0.030,-0.005,0.048
AIRPOT,1645685417267,1645685416811,4,1645685416811,-0.359,-0.323,-0.875,-0.026,-0.002,-0.075
AIRPOT,1645685417317,1645685416861,4,1645685416861,-0.359,-0.322,-0.876,0.025,-0.023,0.033
AIRPOT,1645685417491,1645685417035,4,1645685417035,-0.350,-0.325,-0.879,-0.023,-0.009,-0.039
AIRPOT,1645685417546,1645685417090,4,1645685417090,-0.352,-0.323,-0.878,0.004,-0.014,0.017
AIRPOT,1645685417822,1645685417366,4,1645685417366,-0.342,-0.339,-0.877,-0.031,-0.012,0.003
AIRPOT,1645685417874,1645685417418,4,1645685417418,-0.342,-0.343,-0.875,-0.018,0.053,0.032
AIRPOT,1645685418033,1645685417577,4,1645685417577,-0.321,-0.362,-0.875,0.005,-0.014,-0.023
AIRPOT,1645685418173,1645685417717,4,1645685417717,-0.322,-0.368,-0.873,-0.027,0.001,0.026
AIRPOT,1645685418433,1645685417977,4,1645685417977,-0.322,-0.367,-0.873,0.017,-0.009,-0.002
AIRPOT,1645685418485,1645685418029,4,1645685418029,-0.322,-0.367,-0.873,0.014,0.013,-0.014
AIRPOT,1645685418554,1645685418098,4,1645685418098,-0.324,-0.367,-0.872,-0.013,-0.027,-0.006
AIRPOT,1645685418703,1645685418247,4,1645685418247,-0.339,-0.353,-0.872,0.010,-0.048,-0.005
AIRPOT,1645685419128,1645685418672,4,1645685418672,-0.379,-0.330,-0.864,-0.018,-0.030,-0.005
AIRPOT,1645685419236,1645685418780,4,1645685418780,-0.381,-0.326,-0.865,-0.022,-0.026,0.017
AIRPOT,1645685419361,1645685418905,4,1645685418905,-0.393,-0.321,-0.862,0.019,0.045,0.033
AIRPOT,1645685419557,1645685419101,4,1645685419101,-0.405,-0.314,-0.859,0.008,0.014,0.014
AIRPOT,1645685419832,1645685419376,4,1645685419376,-0.399,-0.321,-0.859,0.008,0.013,0.040
AIRPOT,1645685419927,1645685419471,4,1645685419471,-0.394,-0.319,-0.862,0.018,-0.003,0.019
AIRPOT,1645685420035,1645685419579,4,1645685419579,-0.390,-0.337,-0.857,-0.013,0.027,0.018
AIRPOT,1645685420147,1645685419691,4,1645685419691,-0.394,-0.350,-0.850,-0.037,-0.019,-0.058
AIRPOT,1645685420318,1645685419862,4,1645685419862,-0.416,-0.363,-0.833,0.046,-0.127,0.011
AIRPOT,1645685420531,1645685420075,4,1645685420075,-0.436,-0.361,-0.825,-0.013,0.015,0.001
AIRPOT,1645685420641,1645685420185,4,1645685420185,-0.437,-0.346,-0.830,-0.030,-0.032,0.045
AIRPOT,1645685420845,1645685420389,4,1645685420389,-0.449,-0.292,-0.844,-0.003,0.053,-0.009
AIRPOT,1645685421061,1645685420605,4,1645685420605,-0.497,-0.262,-0.827,0.024,0.045,0.038
AIRPOT,1645685421172,1645685420716,4,1645685420716,-0.519,-0.246,-0.818,-0.018,-0.020,0.013
AIRPOT,1645685421380,1645685420924,4,1645685420924,-0.551,-0.221,-0.805,0.027,0.004,0.028
AIRPOT,1645685421427,1645685420971,4,1645685420971,-0.559,-0.220,-0.799,-0.035,-0.008,-0.016
AIRPOT,1645685421581,1645685421125,4,1645685421125,-0.602,-0.223,-0.767,0.019,0.010,0.108
AIRPOT,1645685421695,1645685421239,4,1645685421239,-0.612,-0.230,-0.757,-0.022,0.038,-0.033
AIRPOT,1645685421805,1645685421349,4,1645685421349,-0.619,-0.220,-0.754,-0.005,-0.020,0.032
AIRPOT,1645685422019,1645685421563,4,1645685421563,-0.627,-0.197,-0.754,-0.018,-0.007,0.011
AIRPOT,1645685422269,1645685421813,4,1645685421813,-0.631,-0.179,-0.755,-0.022,0.006,-0.031
AIRPOT,1645685422488,1645685422032,4,1645685422032,-0.629,-0.181,-0.756,-0.016,0.001,-0.001
AIRPOT,1645685422549,1645685422093,4,1645685422093,-0.628,-0.182,-0.757,-0.004,0.006,-0.002
AIRPOT,1645685422575,1645685422119,4,1645685422119,-0.627,-0.183,-0.757,-0.009,-0.001,-0.001
AIRPOT,1645685422670,1645685422214,4,1645685422214,-0.624,-0.188,-0.758,0.001,-0.005,-0.001
AIRPOT,1645685422770,1645685422314,4,1645685422314,-0.620,-0.192,-0.760,-0.008,0.001,-0.015
AIRPOT,1645685422932,1645685422476,4,1645685422476,-0.615,-0.201,-0.762,-0.006,0.007,0.008
AIRPOT,1645685422990,1645685422534,4,1645685422534,-0.612,-0.205,-0.764,-0.010,0.021,0.021
AIRPOT,1645685423093,1645685422637,4,1645685422637,-0.594,-0.221,-0.773,-0.007,0.008,0.012
AIRPOT,1645685423196,1645685422740,4,1645685422740,-0.575,-0.236,-0.784,0.014,0.015,0.030
AIRPOT,1645685423309,1645685422853,4,1645685422853,-0.545,-0.251,-0.800,0.007,-0.004,0.038
AIRPOT,1645685423612,1645685423156,4,1645685423156,-0.485,-0.282,-0.828,0.026,0.018,0.022
AIRPOT,1645685423705,1645685423249,4,1645685423249,-0.483,-0.278,-0.831,0.035,-0.010,-0.013
AIRPOT,1645685423864,1645685423408,4,1645685423408,-0.504,-0.269,-0.821,0.026,-0.009,0.014
AIRPOT,1645685423978,1645685423522,4,1645685423522,-0.527,-0.261,-0.809,0.034,-0.005,-0.012
AIRPOT,1645685424038,1645685423582,4,1645685423582,-0.538,-0.257,-0.803,0.004,-0.104,-0.058
AIRPOT,1645685424145,1645685423689,4,1645685423689,-0.592,-0.249,-0.767,0.017,0.067,0.014
AIRPOT,1645685424198,1645685423742,4,1645685423742,-0.608,-0.248,-0.754,0.012,0.004,0.064
AIRPOT,1645685424362,1645685423906,4,1645685423906,-0.622,-0.262,-0.738,-0.011,-0.032,-0.004
AIRPOT,1645685424430,1645685423974,4,1645685423974,-0.626,-0.277,-0.729,-0.020,-0.016,0.047
AIRPOT,1645685424580,1645685424124,4,1645685424124,-0.643,-0.293,-0.707,0.029,-0.006,0.020
AIRPOT,1645685424716,1645685424260,4,1645685424260,-0.666,-0.277,-0.692,-0.048,0.035,0.021
AIRPOT,1645685424982,1645685424526,4,1645685424526,-0.684,-0.245,-0.687,-0.031,0.008,-0.024
AIRPOT,1645685425035,1645685424579,4,1645685424579,-0.689,-0.238,-0.685,0.033,0.020,0.051
AIRPOT,1645685425073,1645685424617,4,1645685424617,-0.690,-0.229,-0.686,-0.030,0.001,-0.007
AIRPOT,1645685425291,1645685424835,4,1645685424835,-0.702,-0.207,-0.682,0.008,0.003,0.021
AIRPOT,1645685425385,1645685424929,4,1645685424929,-0.705,-0.200,-0.680,-0.001,-0.002,0.009
AIRPOT,1645685425432,1645685424976,4,1645685424976,-0.706,-0.198,-0.680,-0.002,0.002,-0.003
AIRPOT,1645685425491,1645685425035,4,1645685425035,-0.707,-0.196,-0.680,-0.005,0.025,0.009
AIRPOT,1645685425544,1645685425088,4,1645685425088,-0.707,-0.193,-0.680,0.001,0.008,-0.001
AIRPOT,1645685425598,1645685425142,4,1645685425142,-0.708,-0.193,-0.680,-0.001,-0.005,0.012
AIRPOT,1645685425647,1645685425191,4,1645685425191,-0.708,-0.192,-0.680,-0.009,-0.004,0.000
AIRPOT,1645685425727,1645685425271,4,1645685425271,-0.706,-0.194,-0.681,-0.015,-0.011,0.004
AIRPOT,1645685425835,1645685425379,4,1645685425379,-0.695,-0.206,-0.689,-0.012,-0.017,0.005
AIRPOT,1645685426001,1645685425545,4,1645685425545,-0.662,-0.236,-0.711,-0.020,0.017,0.003
AIRPOT,1645685426122,1645685425666,4,1645685425666,-0.628,-0.270,-0.730,0.002,-0.007,0.014
AIRPOT,1645685426321,1645685425865,4,1645685425865,-0.577,-0.311,-0.755,0.025,-0.093,-0.025
AIRPOT,1645685426490,1645685426034,4,1645685426034,-0.573,-0.301,-0.763,0.017,0.008,0.073
AIRPOT,1645685426538,1645685426082,4,1645685426082,-0.572,-0.290,-0.767,-0.002,-0.033,-0.050
AIRPOT,1645685426698,1645685426242,4,1645685426242,-0.603,-0.256,-0.756,0.017,-0.016,0.036
AIRPOT,1645685426762,1645685426306,4,1645685426306,-0.621,-0.234,-0.748,0.018,0.015,0.030
AIRPOT,1645685426814,1645685426358,4,1645685426358,-0.625,-0.226,-0.747,0.020,0.021,0.022
AIRPOT,1645685427130,1645685426674,4,1645685426674,-0.628,-0.231,-0.743,-0.014,0.019,-0.020
AIRPOT,1645685427203,1645685426747,4,1645685426747,-0.639,-0.236,-0.732,-0.011,0.019,-0.014
AIRPOT,1645685427358,1645685426902,4,1645685426902,-0.665,-0.239,-0.708,-0.008,0.048,0.002
AIRPOT,1645685427440,1645685426984,4,1645685426984,-0.681,-0.233,-0.694,-0.001,0.090,0.024
AIRPOT,1645685427583,1645685427127,4,1645685427127,-0.691,-0.223,-0.687,-0.013,-0.031,-0.008
AIRPOT,1645685427691,1645685427235,4,1645685427235,-0.695,-0.216,-0.686,-0.020,0.012,-0.025
AIRPOT,1645685427896,1645685427440,4,1645685427440,-0.703,-0.229,-0.674,-0.002,0.002,0.056
AIRPOT,1645685428107,1645685427651,4,1645685427651,-0.677,-0.259,-0.689,0.008,-0.050,-0.007
AIRPOT,1645685428210,1645685427754,4,1645685427754,-0.681,-0.234,-0.694,-0.019,0.035,-0.002
AIRPOT,1645685428457,1645685428001,4,1645685428001,-0.690,-0.202,-0.696,-0.023,-0.021,-0.003
AIRPOT,1645685428578,1645685428122,4,1645685428122,-0.694,-0.195,-0.693,0.014,0.011,0.024
AIRPOT,1645685428781,1645685428325,4,1645685428325,-0.695,-0.189,-0.694,-0.009,0.006,0.004
AIRPOT,1645685428903,1645685428447,4,1645685428447,-0.694,-0.186,-0.695,-0.011,0.003,-0.010
AIRPOT,1645685429112,1645685428656,4,1645685428656,-0.694,-0.183,-0.697,0.003,0.006,0.004
AIRPOT,1645685429262,1645685428806,4,1645685428806,-0.694,-0.179,-0.697,-0.010,0.010,0.003
AIRPOT,1645685429432,1645685428976,4,1645685428976,-0.695,-0.178,-0.697,-0.016,-0.020,-0.024
AIRPOT,1645685429467,1645685429011,4,1645685429011,-0.696,-0.179,-0.695,0.012,0.018,0.027
AIRPOT,1645685429680,1645685429224,4,1645685429224,-0.692,-0.191,-0.696,-0.001,-0.000,-0.003
AIRPOT,1645685429731,1645685429275,4,1645685429275,-0.690,-0.193,-0.697,-0.006,-0.001,0.002
AIRPOT,1645685429794,1645685429338,4,1645685429338,-0.690,-0.191,-0.698,-0.008,-0.003,-0.013
AIRPOT,1645685429899,1645685429443,4,1645685429443,-0.694,-0.186,-0.696,-0.002,-0.005,0.019
AIRPOT,1645685430033,1645685429577,4,1645685429577,-0.691,-0.190,-0.698,-0.004,0.007,0.007
AIRPOT,1645685430113,1645685429657,4,1645685429657,-0.684,-0.196,-0.702,-0.001,0.023,0.016
AIRPOT,1645685430216,1645685429760,4,1645685429760,-0.637,-0.228,-0.736,-0.024,0.116,0.064
AIRPOT,1645685430437,1645685429981,4,1645685429981,-0.424,-0.280,-0.862,0.024,-0.015,-0.032
AIRPOT,1645685430546,1645685430090,4,1645685430090,-0.356,-0.267,-0.896,0.010,-0.042,-0.026
AIRPOT,1645685430700,1645685430244,4,1645685430244,-0.309,-0.252,-0.917,0.012,-0.022,-0.009
AIRPOT,1645685430819,1645685430363,4,1645685430363,-0.292,-0.248,-0.923,0.002,0.006,-0.001
AIRPOT,1645685430877,1645685430421,4,1645685430421,-0.288,-0.247,-0.925,-0.007,-0.017,-0.018
AIRPOT,1645685430944,1645685430488,4,1645685430488,-0.286,-0.246,-0.926,0.011,-0.005,-0.011
AIRPOT,1645685431129,1645685430673,4,1645685430673,-0.281,-0.249,-0.927,0.001,-0.016,0.013
AIRPOT,1645685431146,1645685430690,4,1645685430690,-0.279,-0.250,-0.927,-0.013,0.013,-0.001
AIRPOT,1645685431235,1645685430779,4,1645685430779,-0.275,-0.253,-0.927,0.008,-0.007,0.033
AIRPOT,1645685431288,1645685430832,4,1645685430832,-0.270,-0.255,-0.928,-0.012,0.015,-0.004
AIRPOT,1645685431321,1645685430865,4,1645685430865,-0.266,-0.257,-0.929,0.005,-0.005,0.015
AIRPOT,1645685431592,1645685431136,4,1645685431136,-0.255,-0.272,-0.928,-0.027,-0.012,-0.022
AIRPOT,1645685431882,1645685431426,4,1645685431426,-0.410,-0.263,-0.873,0.121,-0.051,-0.059
AIRPOT,1645685431994,1645685431538,4,1645685431538,-0.528,-0.232,-0.817,0.019,-0.024,0.035
AIRPOT,1645685432155,1645685431699,4,1645685431699,-0.630,-0.174,-0.757,0.000,0.008,0.059
AIRPOT,1645685432251,1645685431795,4,1645685431795,-0.665,-0.157,-0.730,0.014,0.083,0.069
AIRPOT,1645685432299,1645685431843,4,1645685431843,-0.674,-0.153,-0.723,-0.048,0.047,-0.069
AIRPOT,1645685432619,1645685432163,4,1645685432163,-0.732,-0.202,-0.651,-0.011,-0.000,0.033
AIRPOT,1645685432784,1645685432328,4,1645685432328,-0.728,-0.213,-0.652,-0.007,-0.015,0.058
AIRPOT,1645685432846,1645685432390,4,1645685432390,-0.714,-0.233,-0.660,-0.020,-0.050,0.005
AIRPOT,1645685432939,1645685432483,4,1645685432483,-0.711,-0.245,-0.660,0.012,0.007,0.009
AIRPOT,1645685433219,1645685432763,4,1645685432763,-0.714,-0.249,-0.655,-0.022,-0.015,0.029
AIRPOT,1645685433246,1645685432790,4,1645685432790,-0.711,-0.255,-0.655,-0.011,0.100,0.035
AIRPOT,1645685433331,1645685432875,4,1645685432875,-0.697,-0.265,-0.666,0.010,0.066,0.036
AIRPOT,1645685433363,1645685432907,4,1645685432907,-0.687,-0.269,-0.676,-0.005,0.012,-0.043
AIRPOT,1645685433595,1645685433139,4,1645685433139,-0.660,-0.271,-0.700,-0.003,0.020,-0.015
AIRPOT,1645685433693,1645685433237,4,1645685433237,-0.658,-0.267,-0.704,0.020,0.004,0.031
AIRPOT,1645685433729,1645685433273,4,1645685433273,-0.655,-0.263,-0.709,-0.033,0.028,-0.010
AIRPOT,1645685433900,1645685433444,4,1645685433444,-0.643,-0.264,-0.719,0.017,-0.000,0.021
AIRPOT,1645685433962,1645685433506,4,1645685433506,-0.636,-0.266,-0.725,-0.003,0.021,0.008
AIRPOT,1645685434014,1645685433558,4,1645685433558,-0.631,-0.268,-0.728,-0.004,-0.016,0.006
AIRPOT,1645685434226,1645685433770,4,1645685433770,-0.614,-0.282,-0.737,-0.001,0.013,0.006
AIRPOT,1645685434542,1645685434086,4,1645685434086,-0.579,-0.305,-0.756,0.030,-0.032,-0.018
AIRPOT,1645685434683,1645685434227,4,1645685434227,-0.571,-0.306,-0.762,0.000,-0.034,-0.005
AIRPOT,1645685434834,1645685434378,4,1645685434378,-0.566,-0.302,-0.767,0.005,-0.003,-0.008
AIRPOT,1645685434943,1645685434487,4,1645685434487,-0.567,-0.296,-0.769,0.000,-0.036,-0.014
AIRPOT,1645685435063,1645685434607,4,1645685434607,-0.571,-0.295,-0.766,0.007,0.020,0.024
AIRPOT,1645685435110,1645685434654,4,1645685434654,-0.571,-0.294,-0.767,0.002,-0.007,-0.003
AIRPOT,1645685435264,1645685434808,4,1645685434808,-0.570,-0.298,-0.766,0.010,-0.035,-0.002
AIRPOT,1645685435381,1645685434925,4,1645685434925,-0.570,-0.298,-0.765,-0.008,-0.017,0.006
AIRPOT,1645685435382,1645685434926,4,1645685434926,-0.570,-0.299,-0.765,-0.004,0.000,-0.006
AIRPOT,1645685435495,1645685435039,4,1645685435039,-0.572,-0.300,-0.764,-0.008,0.038,0.019
AIRPOT,1645685435779,1645685435323,4,1645685435323,-0.569,-0.301,-0.765,-0.012,-0.013,0.005
AIRPOT,1645685435831,1645685435375,4,1645685435375,-0.570,-0.301,-0.765,0.000,0.007,0.021
AIRPOT,1645685435948,1645685435492,4,1645685435492,-0.570,-0.300,-0.765,-0.006,-0.006,-0.003
AIRPOT,1645685436001,1645685435545,4,1645685435545,-0.570,-0.301,-0.765,0.012,0.027,-0.003
AIRPOT,1645685436072,1645685435616,4,1645685435616,-0.568,-0.305,-0.765,0.002,-0.013,0.012
AIRPOT,1645685436288,1645685435832,4,1645685435832,-0.560,-0.312,-0.767,-0.005,0.014,-0.001
AIRPOT,1645685436341,1645685435885,4,1645685435885,-0.555,-0.318,-0.769,-0.000,-0.018,0.006
AIRPOT,1645685436391,1645685435935,4,1645685435935,-0.552,-0.323,-0.769,0.006,-0.042,0.021
AIRPOT,1645685436438,1645685435982,4,1645685435982,-0.549,-0.329,-0.768,0.026,0.032,-0.001
AIRPOT,1645685436497,1645685436041,4,1645685436041,-0.543,-0.340,-0.768,0.010,-0.025,0.007
AIRPOT,1645685436548,1645685436092,4,1645685436092,-0.541,-0.342,-0.768,0.010,-0.019,0.020
AIRPOT,1645685436598,1645685436142,4,1645685436142,-0.539,-0.344,-0.769,-0.010,0.004,-0.000
AIRPOT,1645685436708,1645685436252,4,1645685436252,-0.527,-0.356,-0.772,-0.012,0.059,0.001
AIRPOT,1645685436806,1645685436350,4,1645685436350,-0.497,-0.369,-0.785,-0.022,0.098,0.038
AIRPOT,1645685436918,1645685436462,4,1645685436462,-0.417,-0.390,-0.821,0.023,-0.013,0.017
AIRPOT,1645685437028,1645685436572,4,1645685436572,-0.326,-0.407,-0.853,0.033,-0.024,0.000
AIRPOT,1645685437111,1645685436655,4,1645685436655,-0.268,-0.418,-0.868,0.008,-0.030,-0.005
AIRPOT,1645685437150,1645685436694,4,1645685436694,-0.245,-0.423,-0.873,0.005,-0.019,-0.008
AIRPOT,1645685437362,1645685436906,4,1645685436906,-0.156,-0.434,-0.887,0.001,-0.004,-0.014
AIRPOT,1645685437513,1645685437057,4,1645685437057,-0.105,-0.427,-0.898,0.009,-0.022,0.003
AIRPOT,1645685437635,1645685437179,4,1645685437179,-0.078,-0.415,-0.907,0.011,-0.020,-0.007
AIRPOT,1645685437770,1645685437314,4,1645685437314,-0.063,-0.402,-0.913,-0.000,-0.002,-0.005
AIRPOT,1645685437923,1645685437467,4,1645685437467,-0.047,-0.390,-0.920,0.008,0.006,-0.007
AIRPOT,1645685438046,1645685437590,4,1645685437590,-0.037,-0.374,-0.927,0.006,0.013,0.014
AIRPOT,1645685438080,1645685437624,4,1645685437624,-0.029,-0.368,-0.929,0.006,0.027,0.012
AIRPOT,1645685438238,1645685437782,4,1645685437782,0.026,-0.319,-0.947,-0.012,-0.004,-0.011
AIRPOT,1645685438309,1645685437853,4,1645685437853,0.048,-0.287,-0.957,-0.017,-0.025,-0.033
AIRPOT,1645685438484,1645685438028,4,1645685438028,0.064,-0.237,-0.969,0.019,0.018,-0.009
AIRPOT,1645685438598,1645685438142,4,1645685438142,0.073,-0.216,-0.974,0.021,-0.004,-0.011
AIRPOT,1645685438706,1645685438250,4,1645685438250,0.074,-0.211,-0.975,0.012,0.010,-0.022
AIRPOT,1645685438992,1645685438536,4,1645685438536,0.061,-0.266,-0.962,0.027,-0.016,-0.023
AIRPOT,1645685439090,1645685438634,4,1645685438634,0.018,-0.307,-0.952,0.070,0.041,-0.030
AIRPOT,1645685439246,1645685438790,4,1645685438790,-0.099,-0.387,-0.917,0.038,0.060,0.004
AIRPOT,1645685439303,1645685438847,4,1645685438847,-0.126,-0.399,-0.908,0.003,0.014,0.004
AIRPOT,1645685439451,1645685438995,4,1645685438995,-0.212,-0.427,-0.879,-0.019,0.039,-0.014
AIRPOT,1645685439745,1645685439289,4,1645685439289,-0.264,-0.433,-0.862,-0.004,0.014,0.013
AIRPOT,1645685439893,1645685439437,4,1645685439437,-0.251,-0.408,-0.878,0.020,0.043,0.017
AIRPOT,1645685440021,1645685439565,4,1645685439565,-0.253,-0.373,-0.893,0.021,-0.029,-0.030
AIRPOT,1645685440043,1645685439587,4,1645685439587,-0.259,-0.377,-0.890,0.018,0.038,0.001
AIRPOT,1645685440108,1645685439652,4,1645685439652,-0.265,-0.371,-0.890,0.008,0.000,0.008
AIRPOT,1645685440182,1645685439726,4,1645685439726,-0.282,-0.351,-0.893,0.008,-0.019,-0.013
AIRPOT,1645685440311,1645685439855,4,1645685439855,-0.311,-0.322,-0.894,-0.008,0.010,0.010
AIRPOT,1645685440446,1645685439990,4,1645685439990,-0.327,-0.310,-0.893,-0.006,0.032,0.004
AIRPOT,1645685440698,1645685440242,4,1645685440242,-0.334,-0.321,-0.886,-0.005,-0.010,0.002
AIRPOT,1645685440753,1645685440297,4,1645685440297,-0.335,-0.321,-0.886,-0.001,0.005,0.005
AIRPOT,1645685440848,1645685440392,4,1645685440392,-0.333,-0.321,-0.887,-0.001,0.003,0.001
AIRPOT,1645685440942,1645685440486,4,1645685440486,-0.331,-0.322,-0.887,0.006,-0.001,-0.005
AIRPOT,1645685441049,1645685440593,4,1645685440593,-0.328,-0.324,-0.887,-0.003,0.007,-0.001
AIRPOT,1645685441256,1645685440800,4,1645685440800,-0.324,-0.324,-0.889,0.001,0.007,-0.003
AIRPOT,1645685441314,1645685440858,4,1645685440858,-0.324,-0.324,-0.889,-0.001,0.003,-0.001
AIRPOT,1645685441372,1645685440916,4,1645685440916,-0.323,-0.324,-0.889,-0.001,0.002,0.001
AIRPOT,1645685441422,1645685440966,4,1645685440966,-0.322,-0.324,-0.890,0.001,-0.001,0.001
AIRPOT,1645685441533,1645685441077,4,1645685441077,-0.321,-0.323,-0.890,-0.001,-0.001,-0.003
AIRPOT,1645685441597,1645685441141,4,1645685441141,-0.322,-0.323,-0.890,0.001,0.004,0.003
AIRPOT,1645685441707,1645685441251,4,1645685441251,-0.321,-0.322,-0.891,0.001,-0.000,-0.002
AIRPOT,1645685441858,1645685441402,4,1645685441402,-0.319,-0.322,-0.891,0.001,0.000,-0.000
AIRPOT,1645685441912,1645685441456,4,1645685441456,-0.319,-0.322,-0.892,0.000,0.003,-0.000
AIRPOT,1645685442019,1645685441563,4,1645685441563,-0.318,-0.321,-0.892,-0.001,0.002,-0.002
AIRPOT,1645685442075,1645685441619,4,1645685441619,-0.318,-0.320,-0.892,-0.002,-0.001,0.000
AIRPOT,1645685442200,1645685441744,4,1645685441744,-0.319,-0.320,-0.892,-0.003,0.004,-0.001
AIRPOT,1645685442360,1645685441904,4,1645685441904,-0.319,-0.319,-0.892,-0.005,0.001,-0.001
AIRPOT,1645685442419,1645685441963,4,1645685441963,-0.319,-0.319,-0.892,-0.000,0.003,-0.002
AIRPOT,1645685442562,1645685442106,4,1645685442106,-0.319,-0.318,-0.893,-0.002,0.006,-0.001
AIRPOT,1645685442636,1645685442180,4,1645685442180,-0.318,-0.318,-0.893,0.000,-0.001,-0.001
AIRPOT,1645685442689,1645685442233,4,1645685442233,-0.318,-0.317,-0.893,-0.002,-0.002,-0.004
AIRPOT,1645685442787,1645685442331,4,1645685442331,-0.320,-0.317,-0.893,-0.006,0.005,-0.001
AIRPOT,1645685442860,1645685442404,4,1645685442404,-0.320,-0.316,-0.893,-0.002,0.000,-0.000
AIRPOT,1645685442966,1645685442510,4,1645685442510,-0.319,-0.316,-0.894,-0.005,-0.003,-0.003
AIRPOT,1645685443077,1645685442621,4,1645685442621,-0.318,-0.315,-0.894,0.000,0.000,-0.000
AIRPOT,1645685443128,1645685442672,4,1645685442672,-0.318,-0.315,-0.894,-0.001,0.001,0.000
AIRPOT,1645685443247,1645685442791,4,1645685442791,-0.317,-0.316,-0.894,-0.000,-0.001,-0.002
AIRPOT,1645685443346,1645685442890,4,1645685442890,-0.318,-0.317,-0.894,-0.001,0.004,0.001
AIRPOT,1645685443397,1645685442941,4,1645685442941,-0.317,-0.318,-0.893,-0.002,0.004,0.001
