Device,PTPTime,UnixTime,Protocool,CurrentDeviceTime,GyroX,GyroY,GyroZ,AccX,AccY,AccZ,
AIRPOT,1645080613940,1645080613484,4,1645080613484,-0.042,-0.159,-0.986,-0.007,0.006,-0.008
AIRPOT,1645080613991,1645080613535,4,1645080613535,-0.043,-0.159,-0.986,-0.004,0.002,0.005
AIRPOT,1645080614049,1645080613593,4,1645080613593,-0.043,-0.159,-0.986,-0.005,-0.004,0.000
AIRPOT,1645080614100,1645080613644,4,1645080613644,-0.042,-0.159,-0.986,-0.003,-0.002,-0.001
AIRPOT,1645080614185,1645080613729,4,1645080613729,-0.040,-0.161,-0.986,-0.000,-0.003,-0.003
AIRPOT,1645080614330,1645080613874,4,1645080613874,-0.039,-0.160,-0.986,-0.003,0.011,-0.019
AIRPOT,1645080614382,1645080613926,4,1645080613926,-0.042,-0.154,-0.987,0.017,-0.007,-0.003
AIRPOT,1645080614518,1645080614062,4,1645080614062,-0.045,-0.155,-0.987,-0.006,0.012,0.002
AIRPOT,1645080614540,1645080614084,4,1645080614084,-0.044,-0.156,-0.987,-0.010,0.005,0.003
AIRPOT,1645080614593,1645080614137,4,1645080614137,-0.043,-0.157,-0.987,-0.002,0.008,-0.004
AIRPOT,1645080614693,1645080614237,4,1645080614237,-0.042,-0.158,-0.987,0.001,-0.006,0.002
AIRPOT,1645080614896,1645080614440,4,1645080614440,-0.040,-0.158,-0.987,-0.003,-0.002,-0.002
AIRPOT,1645080614949,1645080614493,4,1645080614493,-0.041,-0.159,-0.986,0.004,0.001,0.003
AIRPOT,1645080615000,1645080614544,4,1645080614544,-0.040,-0.159,-0.986,-0.004,0.002,-0.002
AIRPOT,1645080615022,1645080614566,4,1645080614566,-0.039,-0.159,-0.986,-0.004,-0.002,-0.000
AIRPOT,1645080615101,1645080614645,4,1645080614645,-0.039,-0.159,-0.986,-0.005,0.001,-0.001
AIRPOT,1645080615153,1645080614697,4,1645080614697,-0.040,-0.159,-0.986,-0.005,-0.003,-0.003
AIRPOT,1645080615221,1645080614765,4,1645080614765,-0.041,-0.160,-0.986,-0.003,0.005,-0.003
AIRPOT,1645080615273,1645080614817,4,1645080614817,-0.042,-0.159,-0.986,-0.003,0.006,-0.005
AIRPOT,1645080615426,1645080614970,4,1645080614970,-0.037,-0.161,-0.986,-0.003,-0.006,-0.003
AIRPOT,1645080615479,1645080615023,4,1645080615023,-0.036,-0.161,-0.986,-0.004,-0.003,-0.006
AIRPOT,1645080615596,1645080615140,4,1645080615140,-0.034,-0.163,-0.986,-0.008,-0.006,-0.007
AIRPOT,1645080615697,1645080615241,4,1645080615241,-0.036,-0.161,-0.986,-0.002,-0.002,-0.002
AIRPOT,1645080615761,1645080615305,4,1645080615305,-0.036,-0.161,-0.986,-0.003,-0.001,0.000
AIRPOT,1645080615926,1645080615470,4,1645080615470,-0.035,-0.161,-0.986,-0.001,-0.002,-0.004
AIRPOT,1645080615986,1645080615530,4,1645080615530,-0.034,-0.160,-0.986,0.000,-0.004,-0.001
AIRPOT,1645080616037,1645080615581,4,1645080615581,-0.034,-0.160,-0.987,-0.001,0.001,-0.007
AIRPOT,1645080616359,1645080615903,4,1645080615903,-0.039,-0.157,-0.987,0.003,0.012,0.001
AIRPOT,1645080616405,1645080615949,4,1645080615949,-0.039,-0.157,-0.987,-0.002,0.001,-0.008
AIRPOT,1645080616482,1645080616026,4,1645080616026,-0.041,-0.160,-0.986,-0.004,-0.000,0.005
AIRPOT,1645080616590,1645080616134,4,1645080616134,-0.042,-0.162,-0.986,-0.002,-0.006,0.017
AIRPOT,1645080616650,1645080616194,4,1645080616194,-0.040,-0.167,-0.985,-0.002,0.012,0.006
AIRPOT,1645080616810,1645080616354,4,1645080616354,-0.025,-0.180,-0.983,0.006,0.002,0.021
AIRPOT,1645080616874,1645080616418,4,1645080616418,-0.012,-0.190,-0.982,-0.012,0.002,-0.006
AIRPOT,1645080616930,1645080616474,4,1645080616474,-0.006,-0.194,-0.981,0.000,0.010,-0.004
AIRPOT,1645080617031,1645080616575,4,1645080616575,0.013,-0.208,-0.978,0.003,0.009,-0.009
AIRPOT,1645080617192,1645080616736,4,1645080616736,0.040,-0.221,-0.974,0.006,0.000,-0.008
AIRPOT,1645080617246,1645080616790,4,1645080616790,0.045,-0.222,-0.974,-0.005,-0.032,-0.001
AIRPOT,1645080617297,1645080616841,4,1645080616841,0.048,-0.226,-0.973,0.003,-0.009,-0.001
AIRPOT,1645080617347,1645080616891,4,1645080616891,0.055,-0.230,-0.972,-0.003,-0.005,-0.009
AIRPOT,1645080617428,1645080616972,4,1645080616972,0.061,-0.236,-0.970,0.030,0.006,0.028
AIRPOT,1645080617485,1645080617029,4,1645080617029,0.067,-0.239,-0.969,-0.011,-0.023,-0.010
AIRPOT,1645080617608,1645080617152,4,1645080617152,0.074,-0.236,-0.969,0.000,0.002,0.001
AIRPOT,1645080617655,1645080617199,4,1645080617199,0.076,-0.236,-0.969,0.006,0.008,0.008
AIRPOT,1645080617811,1645080617355,4,1645080617355,0.092,-0.241,-0.966,0.002,-0.006,0.004
AIRPOT,1645080617874,1645080617418,4,1645080617418,0.100,-0.252,-0.963,-0.000,-0.001,-0.008
AIRPOT,1645080617928,1645080617472,4,1645080617472,0.102,-0.255,-0.962,0.005,0.018,-0.001
AIRPOT,1645080618016,1645080617560,4,1645080617560,0.107,-0.258,-0.960,0.007,0.005,0.008
AIRPOT,1645080618167,1645080617711,4,1645080617711,0.110,-0.254,-0.961,0.008,-0.013,-0.008
AIRPOT,1645080618215,1645080617759,4,1645080617759,0.107,-0.251,-0.962,0.009,-0.017,-0.000
AIRPOT,1645080618275,1645080617819,4,1645080617819,0.101,-0.247,-0.964,0.005,0.002,-0.001
AIRPOT,1645080618380,1645080617924,4,1645080617924,0.096,-0.244,-0.965,-0.003,0.007,0.002
AIRPOT,1645080618437,1645080617981,4,1645080617981,0.094,-0.243,-0.965,-0.002,-0.003,-0.009
AIRPOT,1645080618488,1645080618032,4,1645080618032,0.093,-0.241,-0.966,-0.008,-0.014,-0.006
AIRPOT,1645080618614,1645080618158,4,1645080618158,0.086,-0.242,-0.966,0.000,0.005,0.000
AIRPOT,1645080618766,1645080618310,4,1645080618310,0.083,-0.236,-0.968,0.008,-0.001,0.009
AIRPOT,1645080618889,1645080618433,4,1645080618433,0.077,-0.232,-0.970,0.001,-0.012,-0.006
AIRPOT,1645080618946,1645080618490,4,1645080618490,0.075,-0.229,-0.970,-0.007,-0.009,-0.014
AIRPOT,1645080619007,1645080618551,4,1645080618551,0.069,-0.228,-0.971,-0.003,-0.002,0.001
AIRPOT,1645080619067,1645080618611,4,1645080618611,0.067,-0.228,-0.971,-0.016,-0.012,-0.027
AIRPOT,1645080619127,1645080618671,4,1645080618671,0.060,-0.225,-0.972,-0.006,-0.024,-0.020
AIRPOT,1645080619250,1645080618794,4,1645080618794,0.035,-0.214,-0.976,0.008,-0.016,-0.008
AIRPOT,1645080619368,1645080618912,4,1645080618912,-0.005,-0.194,-0.981,-0.009,-0.022,-0.021
AIRPOT,1645080619487,1645080619031,4,1645080619031,-0.057,-0.162,-0.985,-0.004,-0.009,-0.040
AIRPOT,1645080619547,1645080619091,4,1645080619091,-0.084,-0.138,-0.987,0.006,0.003,-0.041
AIRPOT,1645080619606,1645080619150,4,1645080619150,-0.149,-0.084,-0.985,0.028,0.006,0.016
AIRPOT,1645080619659,1645080619203,4,1645080619203,-0.178,-0.065,-0.982,0.016,-0.013,0.019
AIRPOT,1645080619819,1645080619363,4,1645080619363,-0.226,-0.032,-0.974,-0.033,0.021,0.032
AIRPOT,1645080619888,1645080619432,4,1645080619432,-0.219,-0.035,-0.975,-0.016,0.021,0.011
AIRPOT,1645080620015,1645080619559,4,1645080619559,-0.193,-0.062,-0.979,-0.024,-0.004,0.005
AIRPOT,1645080620103,1645080619647,4,1645080619647,-0.169,-0.075,-0.983,-0.009,0.013,-0.019
AIRPOT,1645080620148,1645080619692,4,1645080619692,-0.161,-0.080,-0.984,-0.007,0.017,-0.012
AIRPOT,1645080620171,1645080619715,4,1645080619715,-0.154,-0.084,-0.984,-0.008,0.024,0.002
AIRPOT,1645080620297,1645080619841,4,1645080619841,-0.124,-0.089,-0.988,-0.016,-0.040,-0.000
AIRPOT,1645080620346,1645080619890,4,1645080619890,-0.110,-0.089,-0.990,-0.012,-0.013,-0.035
AIRPOT,1645080620410,1645080619954,4,1645080619954,-0.108,-0.087,-0.990,0.027,-0.016,0.008
AIRPOT,1645080620467,1645080620011,4,1645080620011,-0.107,-0.085,-0.991,-0.011,-0.031,0.048
AIRPOT,1645080620549,1645080620093,4,1645080620093,-0.084,-0.080,-0.993,-0.018,-0.007,0.001
AIRPOT,1645080620597,1645080620141,4,1645080620141,-0.072,-0.075,-0.995,-0.005,0.013,-0.007
AIRPOT,1645080620657,1645080620201,4,1645080620201,-0.048,-0.054,-0.997,0.002,0.012,-0.004
AIRPOT,1645080620710,1645080620254,4,1645080620254,-0.038,-0.040,-0.999,-0.006,-0.009,-0.004
AIRPOT,1645080620772,1645080620316,4,1645080620316,-0.019,-0.023,-1.000,0.024,0.020,0.012
AIRPOT,1645080620828,1645080620372,4,1645080620372,-0.009,-0.019,-1.000,0.028,0.024,0.004
AIRPOT,1645080620887,1645080620431,4,1645080620431,0.002,-0.014,-1.000,0.011,0.008,0.005
AIRPOT,1645080620949,1645080620493,4,1645080620493,0.016,-0.006,-1.000,0.005,0.010,0.000
AIRPOT,1645080621040,1645080620584,4,1645080620584,0.021,-0.001,-1.000,0.006,0.006,0.004
AIRPOT,1645080621105,1645080620649,4,1645080620649,0.027,-0.005,-1.000,0.016,0.019,0.007
AIRPOT,1645080621174,1645080620718,4,1645080620718,0.036,-0.008,-0.999,0.008,0.009,-0.005
AIRPOT,1645080621229,1645080620773,4,1645080620773,0.040,-0.008,-0.999,0.010,0.007,-0.005
AIRPOT,1645080621280,1645080620824,4,1645080620824,0.044,-0.006,-0.999,0.015,0.013,-0.011
AIRPOT,1645080621400,1645080620944,4,1645080620944,0.049,0.011,-0.999,0.005,-0.018,-0.012
AIRPOT,1645080621507,1645080621051,4,1645080621051,0.050,0.019,-0.999,-0.005,-0.002,0.001
AIRPOT,1645080621559,1645080621103,4,1645080621103,0.052,0.023,-0.998,-0.001,0.008,0.010
AIRPOT,1645080621626,1645080621170,4,1645080621170,0.058,0.032,-0.998,0.001,0.007,0.006
AIRPOT,1645080621682,1645080621226,4,1645080621226,0.062,0.036,-0.997,0.006,0.016,0.007
AIRPOT,1645080621731,1645080621275,4,1645080621275,0.066,0.040,-0.997,0.006,0.009,0.002
AIRPOT,1645080621736,1645080621280,4,1645080621280,0.071,0.044,-0.996,0.001,0.006,-0.002
AIRPOT,1645080621799,1645080621343,4,1645080621343,0.076,0.047,-0.996,0.008,0.010,0.005
AIRPOT,1645080621832,1645080621376,4,1645080621376,0.081,0.049,-0.996,0.006,0.002,0.003
AIRPOT,1645080621862,1645080621406,4,1645080621406,0.086,0.050,-0.995,0.005,0.008,-0.009
AIRPOT,1645080621945,1645080621489,4,1645080621489,0.090,0.048,-0.995,0.011,0.004,-0.001
AIRPOT,1645080622002,1645080621546,4,1645080621546,0.092,0.046,-0.995,0.007,0.008,-0.011
AIRPOT,1645080622042,1645080621586,4,1645080621586,0.092,0.046,-0.995,0.001,-0.008,-0.009
AIRPOT,1645080622108,1645080621652,4,1645080621652,0.091,0.045,-0.995,0.008,0.008,-0.000
AIRPOT,1645080622186,1645080621730,4,1645080621730,0.091,0.046,-0.995,0.007,-0.017,0.001
AIRPOT,1645080622247,1645080621791,4,1645080621791,0.089,0.044,-0.995,0.000,0.013,-0.022
AIRPOT,1645080622297,1645080621841,4,1645080621841,0.085,0.043,-0.995,0.022,-0.003,0.025
AIRPOT,1645080622300,1645080621844,4,1645080621844,0.084,0.043,-0.996,-0.003,-0.001,-0.002
AIRPOT,1645080622361,1645080621905,4,1645080621905,0.083,0.041,-0.996,0.020,0.003,0.028
AIRPOT,1645080622450,1645080621994,4,1645080621994,0.082,0.038,-0.996,0.016,0.016,0.002
AIRPOT,1645080622506,1645080622050,4,1645080622050,0.078,0.035,-0.996,0.012,0.013,0.046
AIRPOT,1645080622637,1645080622181,4,1645080622181,0.070,0.025,-0.997,-0.013,0.012,-0.016
AIRPOT,1645080622704,1645080622248,4,1645080622248,0.065,0.021,-0.998,0.002,-0.002,-0.016
AIRPOT,1645080622848,1645080622392,4,1645080622392,0.064,0.025,-0.998,-0.006,-0.025,0.007
AIRPOT,1645080622913,1645080622457,4,1645080622457,0.063,0.028,-0.998,-0.004,-0.001,-0.005
AIRPOT,1645080622966,1645080622510,4,1645080622510,0.062,0.027,-0.998,0.006,0.008,0.000
AIRPOT,1645080622996,1645080622540,4,1645080622540,0.060,0.025,-0.998,0.010,0.018,0.010
AIRPOT,1645080623117,1645080622661,4,1645080622661,0.059,0.020,-0.998,-0.004,-0.023,0.024
AIRPOT,1645080623241,1645080622785,4,1645080622785,0.056,0.025,-0.998,0.028,0.031,0.024
AIRPOT,1645080623331,1645080622875,4,1645080622875,0.053,0.024,-0.998,-0.000,-0.015,0.018
AIRPOT,1645080623447,1645080622991,4,1645080622991,0.053,0.031,-0.998,-0.001,0.042,-0.001
AIRPOT,1645080623577,1645080623121,4,1645080623121,0.060,0.041,-0.997,0.008,-0.058,0.031
AIRPOT,1645080623689,1645080623233,4,1645080623233,0.071,0.044,-0.997,0.004,0.053,-0.091
AIRPOT,1645080623808,1645080623352,4,1645080623352,0.063,0.039,-0.997,0.017,-0.011,0.052
AIRPOT,1645080623926,1645080623470,4,1645080623470,0.052,0.034,-0.998,-0.036,-0.005,0.013
AIRPOT,1645080623994,1645080623538,4,1645080623538,0.052,0.019,-0.998,0.011,0.013,0.014
AIRPOT,1645080624077,1645080623621,4,1645080623621,0.048,0.015,-0.999,-0.004,-0.049,0.041
AIRPOT,1645080624137,1645080623681,4,1645080623681,0.053,0.010,-0.999,-0.035,0.042,-0.074
AIRPOT,1645080624196,1645080623740,4,1645080623740,0.053,0.012,-0.999,-0.063,0.010,-0.089
AIRPOT,1645080624256,1645080623800,4,1645080623800,0.045,0.014,-0.999,0.044,-0.004,0.108
AIRPOT,1645080624327,1645080623871,4,1645080623871,0.051,0.012,-0.999,0.073,-0.014,0.089
AIRPOT,1645080624377,1645080623921,4,1645080623921,0.061,0.011,-0.998,-0.044,0.005,-0.121
AIRPOT,1645080624442,1645080623986,4,1645080623986,0.058,0.011,-0.998,-0.043,0.007,-0.042
AIRPOT,1645080624497,1645080624041,4,1645080624041,0.054,0.007,-0.998,0.030,0.022,0.030
AIRPOT,1645080624557,1645080624101,4,1645080624101,0.056,0.004,-0.998,0.028,0.015,-0.042
AIRPOT,1645080624622,1645080624166,4,1645080624166,0.056,0.004,-0.998,-0.019,-0.011,-0.015
AIRPOT,1645080624680,1645080624224,4,1645080624224,0.063,0.002,-0.998,-0.054,-0.015,-0.057
AIRPOT,1645080624808,1645080624352,4,1645080624352,0.060,0.000,-0.998,-0.010,-0.016,-0.024
AIRPOT,1645080624865,1645080624409,4,1645080624409,0.056,0.000,-0.998,-0.003,0.011,0.001
AIRPOT,1645080624964,1645080624508,4,1645080624508,0.052,-0.004,-0.999,-0.028,-0.003,-0.010
AIRPOT,1645080625016,1645080624560,4,1645080624560,0.050,-0.006,-0.999,-0.014,-0.013,0.008
AIRPOT,1645080625125,1645080624669,4,1645080624669,0.044,-0.014,-0.999,0.036,0.014,-0.025
AIRPOT,1645080625182,1645080624726,4,1645080624726,0.042,-0.014,-0.999,0.015,0.007,0.018
AIRPOT,1645080625301,1645080624845,4,1645080624845,0.036,-0.014,-0.999,-0.023,-0.005,0.002
AIRPOT,1645080625401,1645080624945,4,1645080624945,0.035,-0.013,-0.999,-0.008,-0.010,-0.005
AIRPOT,1645080625407,1645080624951,4,1645080624951,0.035,-0.010,-0.999,0.006,0.003,0.001
AIRPOT,1645080625458,1645080625002,4,1645080625002,0.036,-0.005,-0.999,-0.024,-0.008,-0.011
AIRPOT,1645080625576,1645080625120,4,1645080625120,0.042,0.012,-0.999,-0.000,-0.025,0.018
AIRPOT,1645080625697,1645080625241,4,1645080625241,0.048,0.022,-0.999,-0.035,0.011,-0.029
AIRPOT,1645080625818,1645080625362,4,1645080625362,0.057,0.025,-0.998,0.052,-0.008,0.102
AIRPOT,1645080625884,1645080625428,4,1645080625428,0.065,0.027,-0.998,0.013,-0.061,0.064
AIRPOT,1645080625946,1645080625490,4,1645080625490,0.074,0.024,-0.997,0.009,0.031,-0.049
AIRPOT,1645080626017,1645080625561,4,1645080625561,0.075,0.024,-0.997,-0.007,0.022,-0.054
AIRPOT,1645080626047,1645080625591,4,1645080625591,0.073,0.021,-0.997,0.001,-0.021,-0.003
AIRPOT,1645080626114,1645080625658,4,1645080625658,0.071,0.023,-0.997,-0.001,0.022,-0.020
AIRPOT,1645080626176,1645080625720,4,1645080625720,0.066,0.025,-0.997,0.023,0.024,0.032
AIRPOT,1645080626300,1645080625844,4,1645080625844,0.068,0.017,-0.998,-0.031,0.046,-0.110
AIRPOT,1645080626331,1645080625875,4,1645080625875,0.057,0.017,-0.998,0.036,-0.045,0.124
AIRPOT,1645080626383,1645080625927,4,1645080625927,0.067,0.015,-0.998,-0.028,0.044,-0.120
AIRPOT,1645080626499,1645080626043,4,1645080626043,0.056,0.020,-0.998,-0.012,-0.052,0.079
AIRPOT,1645080626597,1645080626141,4,1645080626141,0.053,0.019,-0.998,0.010,-0.008,0.079
AIRPOT,1645080626663,1645080626207,4,1645080626207,0.054,0.021,-0.998,0.033,-0.012,0.059
AIRPOT,1645080626717,1645080626261,4,1645080626261,0.060,0.020,-0.998,-0.011,0.024,-0.064
AIRPOT,1645080626779,1645080626323,4,1645080626323,0.055,0.017,-0.998,-0.024,0.020,-0.038
AIRPOT,1645080626836,1645080626380,4,1645080626380,0.046,0.018,-0.999,-0.023,-0.021,0.083
AIRPOT,1645080626897,1645080626441,4,1645080626441,0.047,0.011,-0.999,0.036,0.002,0.055
AIRPOT,1645080626957,1645080626501,4,1645080626501,0.056,0.006,-0.998,-0.025,0.005,-0.055
AIRPOT,1645080627190,1645080626734,4,1645080626734,0.052,-0.016,-0.998,0.009,0.008,-0.021
AIRPOT,1645080627300,1645080626844,4,1645080626844,0.045,-0.020,-0.999,-0.016,-0.028,0.002
AIRPOT,1645080627349,1645080626893,4,1645080626893,0.043,-0.018,-0.999,-0.009,-0.017,-0.012
AIRPOT,1645080627401,1645080626945,4,1645080626945,0.041,-0.015,-0.999,0.022,-0.009,0.017
AIRPOT,1645080627499,1645080627043,4,1645080627043,0.043,-0.003,-0.999,0.011,0.003,0.006
AIRPOT,1645080627564,1645080627108,4,1645080627108,0.046,0.004,-0.999,0.015,-0.019,0.016
AIRPOT,1645080627617,1645080627161,4,1645080627161,0.051,0.014,-0.999,-0.008,-0.005,0.006
AIRPOT,1645080627681,1645080627225,4,1645080627225,0.051,0.018,-0.999,-0.036,-0.002,0.000
AIRPOT,1645080627737,1645080627281,4,1645080627281,0.053,0.024,-0.998,0.009,0.030,0.018
AIRPOT,1645080627798,1645080627342,4,1645080627342,0.057,0.028,-0.998,0.006,-0.007,-0.006
AIRPOT,1645080627887,1645080627431,4,1645080627431,0.063,0.038,-0.997,-0.024,-0.015,-0.019
AIRPOT,1645080627938,1645080627482,4,1645080627482,0.063,0.045,-0.997,-0.027,0.020,-0.053
AIRPOT,1645080627943,1645080627487,4,1645080627487,0.061,0.052,-0.997,-0.021,-0.022,0.046
AIRPOT,1645080628000,1645080627544,4,1645080627544,0.065,0.054,-0.996,0.002,0.036,0.009
AIRPOT,1645080628067,1645080627611,4,1645080627611,0.072,0.059,-0.996,0.016,-0.019,-0.018
AIRPOT,1645080628128,1645080627672,4,1645080627672,0.075,0.058,-0.996,0.052,0.025,-0.004
AIRPOT,1645080628234,1645080627778,4,1645080627778,0.079,0.056,-0.995,0.010,0.030,0.009
AIRPOT,1645080628310,1645080627854,4,1645080627854,0.077,0.049,-0.996,-0.012,0.014,-0.030
AIRPOT,1645080628368,1645080627912,4,1645080627912,0.074,0.045,-0.996,-0.035,0.002,0.005
AIRPOT,1645080628427,1645080627971,4,1645080627971,0.072,0.038,-0.997,0.009,-0.006,-0.009
AIRPOT,1645080628486,1645080628030,4,1645080628030,0.072,0.035,-0.997,0.011,-0.007,-0.029
AIRPOT,1645080628554,1645080628098,4,1645080628098,0.070,0.029,-0.997,-0.031,0.003,-0.042
AIRPOT,1645080628606,1645080628150,4,1645080628150,0.066,0.026,-0.997,0.036,0.004,0.022
AIRPOT,1645080628636,1645080628180,4,1645080628180,0.063,0.026,-0.998,-0.065,-0.020,-0.041
AIRPOT,1645080628689,1645080628233,4,1645080628233,0.058,0.022,-0.998,0.014,-0.014,0.051
AIRPOT,1645080628745,1645080628289,4,1645080628289,0.060,0.019,-0.998,-0.020,0.002,-0.033
AIRPOT,1645080629002,1645080628546,4,1645080628546,0.061,0.033,-0.998,0.007,0.008,-0.016
AIRPOT,1645080629129,1645080628673,4,1645080628673,0.069,0.033,-0.997,0.008,0.018,-0.035
AIRPOT,1645080629182,1645080628726,4,1645080628726,0.071,0.033,-0.997,0.012,-0.007,-0.019
AIRPOT,1645080629187,1645080628731,4,1645080628731,0.069,0.032,-0.997,-0.045,-0.005,0.008
AIRPOT,1645080629237,1645080628781,4,1645080628781,0.069,0.028,-0.997,-0.016,0.003,0.013
AIRPOT,1645080629295,1645080628839,4,1645080628839,0.067,0.024,-0.997,0.009,0.002,0.050
AIRPOT,1645080629356,1645080628900,4,1645080628900,0.069,0.011,-0.998,0.055,0.019,0.039
AIRPOT,1645080629416,1645080628960,4,1645080628960,0.069,0.003,-0.998,0.001,0.016,-0.051
AIRPOT,1645080629524,1645080629068,4,1645080629068,0.056,-0.021,-0.998,-0.026,-0.054,-0.019
AIRPOT,1645080629557,1645080629101,4,1645080629101,0.050,-0.025,-0.998,-0.001,0.008,-0.003
AIRPOT,1645080629592,1645080629136,4,1645080629136,0.046,-0.025,-0.999,-0.013,-0.011,0.006
AIRPOT,1645080629644,1645080629188,4,1645080629188,0.043,-0.023,-0.999,-0.033,-0.002,-0.007
AIRPOT,1645080629706,1645080629250,4,1645080629250,0.039,-0.017,-0.999,-0.049,-0.042,0.006
AIRPOT,1645080629713,1645080629257,4,1645080629257,0.036,-0.015,-0.999,-0.005,0.018,-0.012
AIRPOT,1645080629762,1645080629306,4,1645080629306,0.032,-0.010,-0.999,0.010,0.016,0.019
AIRPOT,1645080629817,1645080629361,4,1645080629361,0.031,-0.008,-0.999,0.021,0.016,-0.011
AIRPOT,1645080629871,1645080629415,4,1645080629415,0.038,0.008,-0.999,-0.007,-0.020,-0.018
AIRPOT,1645080630006,1645080629550,4,1645080629550,0.051,0.031,-0.998,-0.010,0.005,0.022
AIRPOT,1645080630132,1645080629676,4,1645080629676,0.057,0.038,-0.998,0.003,0.003,0.076
AIRPOT,1645080630197,1645080629741,4,1645080629741,0.058,0.042,-0.997,-0.005,-0.010,0.067
AIRPOT,1645080630260,1645080629804,4,1645080629804,0.065,0.039,-0.997,0.017,0.043,-0.006
AIRPOT,1645080630317,1645080629861,4,1645080629861,0.072,0.035,-0.997,0.056,-0.012,0.017
AIRPOT,1645080630384,1645080629928,4,1645080629928,0.077,0.034,-0.996,-0.028,0.010,-0.079
AIRPOT,1645080630408,1645080629952,4,1645080629952,0.071,0.037,-0.997,0.019,-0.050,0.101
AIRPOT,1645080630458,1645080630002,4,1645080630002,0.082,0.031,-0.996,-0.036,0.070,-0.075
AIRPOT,1645080630500,1645080630044,4,1645080630044,0.076,0.032,-0.997,-0.000,-0.023,0.063
AIRPOT,1645080630560,1645080630104,4,1645080630104,0.081,0.027,-0.996,-0.011,0.020,-0.062
AIRPOT,1645080630610,1645080630154,4,1645080630154,0.083,0.023,-0.996,0.007,-0.031,-0.074
AIRPOT,1645080630612,1645080630156,4,1645080630156,0.079,0.021,-0.997,0.007,0.014,0.028
AIRPOT,1645080630743,1645080630287,4,1645080630287,0.079,0.015,-0.997,-0.011,0.006,-0.023
AIRPOT,1645080630858,1645080630402,4,1645080630402,0.070,0.007,-0.998,-0.039,-0.019,0.003
AIRPOT,1645080631015,1645080630559,4,1645080630559,0.061,0.005,-0.998,0.036,-0.011,0.033
AIRPOT,1645080631047,1645080630591,4,1645080630591,0.063,0.002,-0.998,-0.040,-0.007,-0.053
AIRPOT,1645080630925,1645080630469,4,1645080630469,0.064,0.008,-0.998,-0.011,-0.047,0.012
AIRPOT,1645080630983,1645080630527,4,1645080630527,0.063,0.004,-0.998,-0.016,0.033,-0.028
AIRPOT,1645080631193,1645080630737,4,1645080630737,0.051,0.001,-0.999,0.058,0.019,0.075
AIRPOT,1645080631246,1645080630790,4,1645080630790,0.048,0.002,-0.999,-0.043,-0.017,0.007
AIRPOT,1645080631307,1645080630851,4,1645080630851,0.044,0.003,-0.999,-0.014,0.007,0.033
AIRPOT,1645080631367,1645080630911,4,1645080630911,0.041,0.000,-0.999,0.002,0.024,0.007
AIRPOT,1645080631469,1645080631013,4,1645080631013,0.043,0.000,-0.999,0.027,-0.011,0.038
AIRPOT,1645080631532,1645080631076,4,1645080631076,0.046,-0.005,-0.999,0.013,-0.011,0.052
AIRPOT,1645080631585,1645080631129,4,1645080631129,0.049,-0.009,-0.999,0.010,0.024,-0.021
AIRPOT,1645080631672,1645080631216,4,1645080631216,0.046,-0.016,-0.999,-0.004,0.000,-0.013
AIRPOT,1645080631729,1645080631273,4,1645080631273,0.035,-0.032,-0.999,-0.017,-0.016,-0.013
AIRPOT,1645080631807,1645080631351,4,1645080631351,0.029,-0.035,-0.999,-0.011,-0.015,-0.010
AIRPOT,1645080631936,1645080631480,4,1645080631480,0.026,-0.015,-1.000,0.027,0.005,0.028
AIRPOT,1645080632057,1645080631601,4,1645080631601,0.031,-0.003,-1.000,-0.014,0.025,0.003
AIRPOT,1645080632170,1645080631714,4,1645080631714,0.034,0.008,-0.999,0.002,-0.006,0.003
AIRPOT,1645080632225,1645080631769,4,1645080631769,0.036,0.008,-0.999,0.005,0.002,-0.042
AIRPOT,1645080632299,1645080631843,4,1645080631843,0.043,0.012,-0.999,-0.039,0.007,-0.045
AIRPOT,1645080632386,1645080631930,4,1645080631930,0.051,0.014,-0.999,-0.005,-0.020,-0.056
AIRPOT,1645080632498,1645080632042,4,1645080632042,0.051,0.015,-0.999,0.077,-0.011,0.036
AIRPOT,1645080632500,1645080632044,4,1645080632044,0.055,0.018,-0.998,-0.019,0.008,-0.051
AIRPOT,1645080632504,1645080632048,4,1645080632048,0.052,0.021,-0.998,0.012,-0.019,0.065
AIRPOT,1645080632561,1645080632105,4,1645080632105,0.055,0.019,-0.998,-0.036,0.067,-0.051
AIRPOT,1645080632618,1645080632162,4,1645080632162,0.052,0.014,-0.999,-0.022,0.021,-0.001
AIRPOT,1645080632750,1645080632294,4,1645080632294,0.060,0.005,-0.998,0.020,0.030,-0.090
AIRPOT,1645080632783,1645080632327,4,1645080632327,0.059,0.005,-0.998,-0.022,-0.056,0.038
AIRPOT,1645080632817,1645080632361,4,1645080632361,0.061,0.004,-0.998,-0.003,0.025,-0.008
AIRPOT,1645080632895,1645080632439,4,1645080632439,0.058,0.001,-0.998,0.002,0.030,0.014
AIRPOT,1645080633039,1645080632583,4,1645080632583,0.056,0.002,-0.998,0.023,-0.029,0.057
AIRPOT,1645080633094,1645080632638,4,1645080632638,0.058,-0.001,-0.998,0.019,-0.006,0.043
AIRPOT,1645080633151,1645080632695,4,1645080632695,0.062,-0.004,-0.998,-0.027,0.014,-0.055
AIRPOT,1645080633317,1645080632861,4,1645080632861,0.060,-0.008,-0.998,0.072,0.010,-0.016
AIRPOT,1645080633577,1645080633121,4,1645080633121,0.052,-0.023,-0.998,-0.033,-0.007,-0.009
AIRPOT,1645080633625,1645080633169,4,1645080633169,0.046,-0.025,-0.999,-0.029,0.005,-0.003
AIRPOT,1645080633788,1645080633332,4,1645080633332,0.036,-0.038,-0.999,0.020,-0.021,0.057
AIRPOT,1645080633840,1645080633384,4,1645080633384,0.036,-0.045,-0.998,-0.023,0.025,-0.043
AIRPOT,1645080633942,1645080633486,4,1645080633486,0.029,-0.053,-0.998,-0.008,-0.020,-0.012
AIRPOT,1645080633942,1645080633486,4,1645080633486,0.022,-0.057,-0.998,-0.006,-0.029,-0.001
AIRPOT,1645080634034,1645080633578,4,1645080633578,0.011,-0.060,-0.998,0.043,0.017,0.008
AIRPOT,1645080634153,1645080633697,4,1645080633697,-0.003,-0.040,-0.999,-0.075,-0.012,0.004
AIRPOT,1645080634207,1645080633751,4,1645080633751,-0.009,-0.035,-0.999,-0.072,-0.025,0.008
AIRPOT,1645080634244,1645080633788,4,1645080633788,-0.011,-0.029,-1.000,-0.013,0.025,0.029
AIRPOT,1645080634282,1645080633826,4,1645080633826,-0.007,-0.022,-1.000,0.010,-0.006,0.027
AIRPOT,1645080634390,1645080633934,4,1645080633934,0.008,0.002,-1.000,-0.015,-0.054,0.035
AIRPOT,1645080634394,1645080633938,4,1645080633938,0.018,0.013,-1.000,-0.005,0.041,-0.023
AIRPOT,1645080634450,1645080633994,4,1645080633994,0.027,0.024,-0.999,0.015,0.028,0.046
AIRPOT,1645080634508,1645080634052,4,1645080634052,0.047,0.038,-0.998,0.047,0.037,-0.001
AIRPOT,1645080634631,1645080634175,4,1645080634175,0.057,0.045,-0.997,-0.002,0.015,0.015
AIRPOT,1645080634789,1645080634333,4,1645080634333,0.057,0.038,-0.998,0.016,-0.025,0.065
AIRPOT,1645080634841,1645080634385,4,1645080634385,0.061,0.034,-0.998,-0.033,0.042,-0.063
AIRPOT,1645080634881,1645080634425,4,1645080634425,0.059,0.032,-0.998,0.021,-0.003,0.042
AIRPOT,1645080634929,1645080634473,4,1645080634473,0.055,0.030,-0.998,-0.052,0.001,-0.007
AIRPOT,1645080635037,1645080634581,4,1645080634581,0.053,0.020,-0.998,-0.045,-0.032,-0.035
AIRPOT,1645080635254,1645080634798,4,1645080634798,0.056,0.007,-0.998,0.024,0.004,0.103
AIRPOT,1645080635318,1645080634862,4,1645080634862,0.057,0.012,-0.998,0.006,-0.021,0.036
AIRPOT,1645080635377,1645080634921,4,1645080634921,0.055,0.013,-0.998,0.054,0.015,0.001
AIRPOT,1645080635435,1645080634979,4,1645080634979,0.048,0.008,-0.999,-0.032,-0.018,0.037
AIRPOT,1645080635511,1645080635055,4,1645080635055,0.043,0.001,-0.999,0.083,0.020,0.100
AIRPOT,1645080635599,1645080635143,4,1645080635143,0.049,-0.001,-0.999,-0.017,-0.002,-0.043
AIRPOT,1645080635612,1645080635156,4,1645080635156,0.050,-0.002,-0.999,-0.004,-0.032,-0.001
AIRPOT,1645080635656,1645080635200,4,1645080635200,0.053,-0.004,-0.999,-0.014,0.011,-0.020
AIRPOT,1645080635755,1645080635299,4,1645080635299,0.057,-0.011,-0.998,-0.007,0.023,-0.023
AIRPOT,1645080635913,1645080635457,4,1645080635457,0.056,-0.026,-0.998,-0.005,0.008,-0.048
AIRPOT,1645080635965,1645080635509,4,1645080635509,0.052,-0.029,-0.998,-0.022,-0.027,0.029
AIRPOT,1645080636020,1645080635564,4,1645080635564,0.052,-0.033,-0.998,0.004,0.015,-0.043
AIRPOT,1645080636072,1645080635616,4,1645080635616,0.040,-0.041,-0.998,0.010,-0.002,-0.004
AIRPOT,1645080636133,1645080635677,4,1645080635677,0.036,-0.041,-0.999,0.003,0.016,-0.040
AIRPOT,1645080636235,1645080635779,4,1645080635779,0.023,-0.037,-0.999,-0.057,-0.012,0.002
AIRPOT,1645080636289,1645080635833,4,1645080635833,0.021,-0.036,-0.999,-0.016,0.027,0.028
AIRPOT,1645080636345,1645080635889,4,1645080635889,0.021,-0.035,-0.999,0.027,0.012,0.014
AIRPOT,1645080636495,1645080636039,4,1645080636039,0.035,-0.011,-0.999,0.038,-0.008,-0.002
AIRPOT,1645080636605,1645080636149,4,1645080636149,0.047,0.011,-0.999,0.007,0.013,0.023
AIRPOT,1645080636606,1645080636150,4,1645080636150,0.053,0.021,-0.998,-0.004,0.002,-0.000
AIRPOT,1645080636664,1645080636208,4,1645080636208,0.059,0.025,-0.998,-0.017,0.046,-0.037
AIRPOT,1645080636731,1645080636275,4,1645080636275,0.063,0.033,-0.998,0.001,0.043,0.021
AIRPOT,1645080636763,1645080636307,4,1645080636307,0.063,0.035,-0.997,0.028,0.024,0.004
AIRPOT,1645080636859,1645080636403,4,1645080636403,0.064,0.034,-0.997,-0.004,0.010,-0.010
AIRPOT,1645080636975,1645080636519,4,1645080636519,0.058,0.032,-0.998,-0.019,-0.011,0.022
AIRPOT,1645080637042,1645080636586,4,1645080636586,0.060,0.027,-0.998,0.047,0.044,0.014
AIRPOT,1645080637167,1645080636711,4,1645080636711,0.068,0.019,-0.998,0.045,-0.013,0.048
AIRPOT,1645080637285,1645080636829,4,1645080636829,0.076,0.001,-0.997,0.023,0.016,0.003
AIRPOT,1645080637345,1645080636889,4,1645080636889,0.078,-0.002,-0.997,0.039,0.014,0.070
AIRPOT,1645080637485,1645080637029,4,1645080637029,0.076,-0.006,-0.997,0.007,-0.036,0.084
AIRPOT,1645080637537,1645080637081,4,1645080637081,0.079,-0.008,-0.997,0.001,0.067,-0.055
AIRPOT,1645080637701,1645080637245,4,1645080637245,0.069,-0.011,-0.998,-0.062,0.017,-0.063
AIRPOT,1645080637761,1645080637305,4,1645080637305,0.059,-0.013,-0.998,-0.009,0.023,0.059
AIRPOT,1645080637769,1645080637313,4,1645080637313,0.059,-0.018,-0.998,0.011,0.023,-0.002
AIRPOT,1645080637818,1645080637362,4,1645080637362,0.057,-0.022,-0.998,-0.027,-0.008,-0.015
AIRPOT,1645080637870,1645080637414,4,1645080637414,0.056,-0.026,-0.998,0.001,0.002,0.012
AIRPOT,1645080637912,1645080637456,4,1645080637456,0.057,-0.030,-0.998,0.030,-0.007,0.050
AIRPOT,1645080637927,1645080637471,4,1645080637471,0.066,-0.035,-0.997,-0.017,-0.022,-0.043
AIRPOT,1645080637980,1645080637524,4,1645080637524,0.069,-0.041,-0.997,0.027,0.021,-0.004
AIRPOT,1645080638067,1645080637611,4,1645080637611,0.069,-0.042,-0.997,-0.037,-0.028,-0.005
AIRPOT,1645080638170,1645080637714,4,1645080637714,0.063,-0.046,-0.997,0.037,0.012,-0.034
AIRPOT,1645080638306,1645080637850,4,1645080637850,0.044,-0.051,-0.998,0.015,0.066,0.015
AIRPOT,1645080638375,1645080637919,4,1645080637919,0.026,-0.062,-0.998,-0.051,-0.011,-0.024
AIRPOT,1645080638427,1645080637971,4,1645080637971,0.016,-0.066,-0.998,0.013,-0.010,0.019
AIRPOT,1645080638497,1645080638041,4,1645080638041,0.012,-0.068,-0.998,0.017,-0.103,-0.030
AIRPOT,1645080638547,1645080638091,4,1645080638091,0.010,-0.068,-0.998,-0.072,-0.078,-0.035
AIRPOT,1645080638679,1645080638223,4,1645080638223,0.018,-0.062,-0.998,-0.007,0.012,0.003
AIRPOT,1645080638726,1645080638270,4,1645080638270,0.028,-0.056,-0.998,-0.068,-0.023,-0.020
AIRPOT,1645080638794,1645080638338,4,1645080638338,0.037,-0.029,-0.999,-0.020,-0.020,-0.042
AIRPOT,1645080638842,1645080638386,4,1645080638386,0.038,-0.019,-0.999,0.003,0.035,0.008
AIRPOT,1645080638901,1645080638445,4,1645080638445,0.045,-0.005,-0.999,0.011,-0.014,0.014
AIRPOT,1645080638953,1645080638497,4,1645080638497,0.050,-0.004,-0.999,0.036,0.034,0.014
AIRPOT,1645080639013,1645080638557,4,1645080638557,0.059,0.000,-0.998,0.011,-0.003,-0.008
AIRPOT,1645080639175,1645080638719,4,1645080638719,0.062,0.004,-0.998,-0.011,0.020,-0.009
AIRPOT,1645080639280,1645080638824,4,1645080638824,0.062,0.005,-0.998,-0.007,0.001,0.018
AIRPOT,1645080639291,1645080638835,4,1645080638835,0.066,0.008,-0.998,-0.003,-0.000,-0.037
AIRPOT,1645080639359,1645080638903,4,1645080638903,0.069,0.012,-0.998,0.005,0.037,-0.036
AIRPOT,1645080639460,1645080639004,4,1645080639004,0.071,0.010,-0.997,-0.043,0.031,-0.030
AIRPOT,1645080639520,1645080639064,4,1645080639064,0.069,0.010,-0.998,-0.037,-0.010,-0.012
AIRPOT,1645080639620,1645080639164,4,1645080639164,0.079,-0.008,-0.997,0.053,0.041,-0.016
AIRPOT,1645080639741,1645080639285,4,1645080639285,0.077,-0.024,-0.997,-0.040,-0.035,-0.016
AIRPOT,1645080639794,1645080639338,4,1645080639338,0.075,-0.031,-0.997,-0.005,0.003,0.036
AIRPOT,1645080639902,1645080639446,4,1645080639446,0.073,-0.036,-0.997,0.011,-0.028,-0.009
AIRPOT,1645080640045,1645080639589,4,1645080639589,0.066,-0.045,-0.997,0.013,-0.010,-0.004
AIRPOT,1645080640148,1645080639692,4,1645080639692,0.053,-0.046,-0.998,-0.037,-0.008,-0.004
AIRPOT,1645080640210,1645080639754,4,1645080639754,0.052,-0.046,-0.998,0.002,0.041,0.002
AIRPOT,1645080640277,1645080639821,4,1645080639821,0.051,-0.041,-0.998,-0.032,-0.001,-0.025
AIRPOT,1645080640329,1645080639873,4,1645080639873,0.048,-0.044,-0.998,-0.004,0.001,0.026
AIRPOT,1645080640579,1645080640123,4,1645080640123,0.034,-0.063,-0.997,0.013,0.013,0.014
AIRPOT,1645080640650,1645080640194,4,1645080640194,0.021,-0.081,-0.997,0.003,0.001,-0.023
AIRPOT,1645080640712,1645080640256,4,1645080640256,0.011,-0.089,-0.996,-0.033,-0.042,0.002
AIRPOT,1645080640723,1645080640267,4,1645080640267,0.001,-0.100,-0.995,-0.049,-0.048,-0.018
AIRPOT,1645080640834,1645080640378,4,1645080640378,-0.003,-0.113,-0.994,0.009,-0.015,-0.018
AIRPOT,1645080640946,1645080640490,4,1645080640490,-0.012,-0.107,-0.994,-0.065,-0.005,-0.000
AIRPOT,1645080641015,1645080640559,4,1645080640559,-0.019,-0.108,-0.994,0.008,0.094,0.011
AIRPOT,1645080641065,1645080640609,4,1645080640609,-0.023,-0.110,-0.994,0.010,0.004,0.040
AIRPOT,1645080641073,1645080640617,4,1645080640617,-0.022,-0.115,-0.993,-0.008,0.008,0.011
AIRPOT,1645080641169,1645080640713,4,1645080640713,-0.013,-0.111,-0.994,-0.000,0.034,-0.001
AIRPOT,1645080641274,1645080640818,4,1645080640818,-0.008,-0.108,-0.994,0.092,0.038,0.058
AIRPOT,1645080641326,1645080640870,4,1645080640870,-0.010,-0.109,-0.994,-0.021,0.077,-0.018
AIRPOT,1645080641487,1645080641031,4,1645080641031,-0.016,-0.107,-0.994,0.022,0.063,-0.028
AIRPOT,1645080641537,1645080641081,4,1645080641081,-0.019,-0.108,-0.994,0.004,-0.005,0.012
AIRPOT,1645080641590,1645080641134,4,1645080641134,-0.019,-0.107,-0.994,0.001,-0.015,-0.021
AIRPOT,1645080641651,1645080641195,4,1645080641195,-0.023,-0.107,-0.994,-0.017,0.026,-0.011
AIRPOT,1645080641752,1645080641296,4,1645080641296,-0.018,-0.102,-0.995,-0.024,-0.010,-0.027
AIRPOT,1645080641807,1645080641351,4,1645080641351,-0.020,-0.095,-0.995,0.004,-0.008,0.007
AIRPOT,1645080641957,1645080641501,4,1645080641501,-0.030,-0.081,-0.996,0.022,0.001,0.008
AIRPOT,1645080642019,1645080641563,4,1645080641563,-0.036,-0.088,-0.995,-0.029,0.012,0.005
AIRPOT,1645080642084,1645080641628,4,1645080641628,-0.049,-0.086,-0.995,-0.020,0.006,-0.018
AIRPOT,1645080642134,1645080641678,4,1645080641678,-0.058,-0.088,-0.994,0.042,0.010,0.066
AIRPOT,1645080642206,1645080641750,4,1645080641750,-0.060,-0.088,-0.994,-0.013,-0.021,-0.023
AIRPOT,1645080642264,1645080641808,4,1645080641808,-0.063,-0.088,-0.994,0.004,0.007,-0.009
AIRPOT,1645080642318,1645080641862,4,1645080641862,-0.069,-0.089,-0.994,0.009,0.004,0.036
AIRPOT,1645080642385,1645080641929,4,1645080641929,-0.068,-0.087,-0.994,-0.030,-0.021,-0.013
AIRPOT,1645080642503,1645080642047,4,1645080642047,-0.081,-0.091,-0.993,0.007,-0.012,0.048
AIRPOT,1645080642604,1645080642148,4,1645080642148,-0.086,-0.109,-0.990,-0.031,-0.013,-0.036
AIRPOT,1645080642721,1645080642265,4,1645080642265,-0.106,-0.163,-0.981,-0.006,0.021,-0.001
AIRPOT,1645080642882,1645080642426,4,1645080642426,-0.095,-0.164,-0.982,-0.001,-0.023,-0.030
AIRPOT,1645080642941,1645080642485,4,1645080642485,-0.094,-0.162,-0.982,0.024,-0.014,-0.008
AIRPOT,1645080643056,1645080642600,4,1645080642600,-0.110,-0.174,-0.978,-0.051,-0.017,0.018
AIRPOT,1645080643097,1645080642641,4,1645080642641,-0.109,-0.170,-0.979,-0.057,0.022,0.204
AIRPOT,1645080643179,1645080642723,4,1645080642723,-0.060,-0.175,-0.983,-0.000,-0.024,0.031
AIRPOT,1645080643388,1645080642932,4,1645080642932,0.003,-0.182,-0.983,0.037,-0.012,0.004
AIRPOT,1645080643485,1645080643029,4,1645080643029,-0.018,-0.166,-0.986,0.032,-0.033,0.023
AIRPOT,1645080643545,1645080643089,4,1645080643089,-0.026,-0.160,-0.987,0.024,0.113,-0.005
AIRPOT,1645080643613,1645080643157,4,1645080643157,-0.029,-0.158,-0.987,-0.061,-0.054,0.016
AIRPOT,1645080643665,1645080643209,4,1645080643209,-0.028,-0.154,-0.988,-0.028,-0.026,-0.022
AIRPOT,1645080643773,1645080643317,4,1645080643317,-0.031,-0.163,-0.986,-0.058,-0.154,-0.029
AIRPOT,1645080643842,1645080643386,4,1645080643386,-0.033,-0.170,-0.985,0.003,0.071,0.010
AIRPOT,1645080643846,1645080643390,4,1645080643390,-0.036,-0.175,-0.984,0.034,0.016,-0.001
AIRPOT,1645080643929,1645080643473,4,1645080643473,-0.030,-0.177,-0.984,-0.012,0.005,-0.063
AIRPOT,1645080643974,1645080643518,4,1645080643518,-0.033,-0.180,-0.983,0.045,0.031,0.036
AIRPOT,1645080644028,1645080643572,4,1645080643572,-0.028,-0.184,-0.983,-0.015,-0.006,-0.007
AIRPOT,1645080644107,1645080643651,4,1645080643651,-0.025,-0.182,-0.983,-0.026,-0.042,-0.016
AIRPOT,1645080644309,1645080643853,4,1645080643853,-0.021,-0.179,-0.984,-0.024,-0.044,-0.051
AIRPOT,1645080644369,1645080643913,4,1645080643913,-0.021,-0.180,-0.983,-0.018,-0.031,-0.019
AIRPOT,1645080644426,1645080643970,4,1645080643970,-0.022,-0.179,-0.984,0.012,0.011,0.028
AIRPOT,1645080644495,1645080644039,4,1645080644039,-0.025,-0.180,-0.983,-0.006,0.038,-0.055
AIRPOT,1645080644578,1645080644122,4,1645080644122,-0.031,-0.180,-0.983,0.040,0.010,0.057
AIRPOT,1645080644616,1645080644160,4,1645080644160,-0.028,-0.164,-0.986,-0.004,-0.028,0.027
AIRPOT,1645080644668,1645080644212,4,1645080644212,-0.024,-0.159,-0.987,-0.012,-0.031,-0.024
AIRPOT,1645080644814,1645080644358,4,1645080644358,-0.024,-0.153,-0.988,-0.013,-0.002,-0.035
AIRPOT,1645080644867,1645080644411,4,1645080644411,-0.027,-0.161,-0.987,0.000,0.021,0.012
AIRPOT,1645080645034,1645080644578,4,1645080644578,-0.022,-0.125,-0.992,-0.031,-0.026,-0.024
AIRPOT,1645080645133,1645080644677,4,1645080644677,-0.023,-0.114,-0.993,0.031,0.021,0.021
AIRPOT,1645080645244,1645080644788,4,1645080644788,-0.022,-0.111,-0.994,0.051,-0.024,0.068
AIRPOT,1645080645295,1645080644839,4,1645080644839,-0.030,-0.092,-0.995,0.004,0.026,0.009
AIRPOT,1645080645352,1645080644896,4,1645080644896,-0.035,-0.083,-0.996,-0.008,0.032,0.024
AIRPOT,1645080645464,1645080645008,4,1645080645008,-0.028,-0.104,-0.994,0.035,0.049,0.013
AIRPOT,1645080645557,1645080645101,4,1645080645101,-0.013,-0.134,-0.991,-0.037,-0.060,0.013
AIRPOT,1645080645598,1645080645142,4,1645080645142,-0.000,-0.154,-0.988,-0.042,-0.016,0.011
AIRPOT,1645080645700,1645080645244,4,1645080645244,0.041,-0.200,-0.979,0.065,0.086,-0.049
AIRPOT,1645080645743,1645080645287,4,1645080645287,0.054,-0.189,-0.981,-0.058,-0.167,-0.067
AIRPOT,1645080645817,1645080645361,4,1645080645361,0.050,-0.172,-0.984,0.036,0.026,-0.021
AIRPOT,1645080645869,1645080645413,4,1645080645413,0.043,-0.164,-0.986,0.040,0.064,-0.021
AIRPOT,1645080645918,1645080645462,4,1645080645462,0.038,-0.165,-0.986,-0.037,-0.137,0.078
AIRPOT,1645080646025,1645080645569,4,1645080645569,0.039,-0.221,-0.975,0.252,0.439,0.013
AIRPOT,1645080646166,1645080645710,4,1645080645710,0.100,-0.227,-0.969,-0.180,-0.297,-0.021
AIRPOT,1645080646224,1645080645768,4,1645080645768,0.092,-0.224,-0.970,0.137,0.059,-0.049
AIRPOT,1645080646282,1645080645826,4,1645080645826,0.078,-0.227,-0.971,0.078,0.131,0.084
AIRPOT,1645080646426,1645080645970,4,1645080645970,0.130,-0.270,-0.954,-0.026,-0.087,-0.081
AIRPOT,1645080646484,1645080646028,4,1645080646028,0.131,-0.274,-0.953,0.068,0.008,0.010
AIRPOT,1645080646588,1645080646132,4,1645080646132,0.122,-0.257,-0.959,0.015,0.014,-0.082
AIRPOT,1645080646637,1645080646181,4,1645080646181,0.107,-0.245,-0.964,-0.001,-0.040,-0.001
AIRPOT,1645080646751,1645080646295,4,1645080646295,0.044,-0.204,-0.978,0.044,0.042,0.060
AIRPOT,1645080646800,1645080646344,4,1645080646344,0.031,-0.190,-0.981,-0.058,-0.050,0.004
AIRPOT,1645080646854,1645080646398,4,1645080646398,0.021,-0.174,-0.984,-0.004,0.017,0.026
AIRPOT,1645080646911,1645080646455,4,1645080646455,0.010,-0.152,-0.988,-0.016,-0.057,0.012
AIRPOT,1645080646954,1645080646498,4,1645080646498,0.007,-0.147,-0.989,-0.041,0.040,-0.047
AIRPOT,1645080647077,1645080646621,4,1645080646621,0.006,-0.142,-0.990,-0.022,-0.002,0.020
AIRPOT,1645080647132,1645080646676,4,1645080646676,0.012,-0.140,-0.990,-0.027,-0.007,0.018
AIRPOT,1645080647242,1645080646786,4,1645080646786,0.032,-0.138,-0.990,0.032,-0.023,-0.001
AIRPOT,1645080647291,1645080646835,4,1645080646835,0.035,-0.140,-0.990,0.007,-0.018,-0.004
AIRPOT,1645080647358,1645080646902,4,1645080646902,0.031,-0.146,-0.989,-0.007,0.029,0.030
AIRPOT,1645080647412,1645080646956,4,1645080646956,0.031,-0.144,-0.989,-0.006,0.014,0.013
AIRPOT,1645080647527,1645080647071,4,1645080647071,0.031,-0.129,-0.991,0.009,-0.003,-0.013
AIRPOT,1645080647629,1645080647173,4,1645080647173,0.033,-0.125,-0.992,0.019,0.000,-0.011
AIRPOT,1645080647725,1645080647269,4,1645080647269,0.035,-0.127,-0.991,-0.034,-0.024,-0.025
AIRPOT,1645080647727,1645080647271,4,1645080647271,0.038,-0.128,-0.991,0.003,-0.001,0.022
AIRPOT,1645080647845,1645080647389,4,1645080647389,0.049,-0.129,-0.990,-0.069,-0.019,-0.063
AIRPOT,1645080647955,1645080647499,4,1645080647499,0.054,-0.132,-0.990,0.040,0.021,-0.000
AIRPOT,1645080648007,1645080647551,4,1645080647551,0.054,-0.125,-0.991,-0.002,-0.027,-0.096
AIRPOT,1645080648065,1645080647609,4,1645080647609,0.042,-0.117,-0.992,0.028,-0.021,-0.042
AIRPOT,1645080648117,1645080647661,4,1645080647661,0.014,-0.104,-0.995,-0.005,-0.043,0.090
AIRPOT,1645080648174,1645080647718,4,1645080647718,0.012,-0.099,-0.995,-0.036,-0.014,0.029
AIRPOT,1645080648275,1645080647819,4,1645080647819,0.010,-0.086,-0.996,-0.013,0.057,-0.047
AIRPOT,1645080648330,1645080647874,4,1645080647874,0.005,-0.079,-0.997,0.030,0.027,0.047
AIRPOT,1645080648381,1645080647925,4,1645080647925,0.007,-0.068,-0.998,-0.029,-0.005,-0.005
AIRPOT,1645080648436,1645080647980,4,1645080647980,0.015,-0.043,-0.999,-0.031,0.003,-0.039
AIRPOT,1645080648491,1645080648035,4,1645080648035,0.017,-0.032,-0.999,-0.016,-0.022,0.010
AIRPOT,1645080648543,1645080648087,4,1645080648087,0.017,-0.025,-1.000,-0.013,-0.029,0.012
AIRPOT,1645080648597,1645080648141,4,1645080648141,0.021,-0.032,-0.999,0.032,-0.001,0.010
AIRPOT,1645080648639,1645080648183,4,1645080648183,0.025,-0.041,-0.999,-0.016,0.011,-0.048
AIRPOT,1645080648718,1645080648262,4,1645080648262,0.015,-0.067,-0.998,0.010,0.025,-0.014
AIRPOT,1645080648776,1645080648320,4,1645080648320,0.008,-0.073,-0.997,0.005,-0.003,-0.006
AIRPOT,1645080648815,1645080648359,4,1645080648359,0.003,-0.083,-0.997,-0.023,-0.013,0.013
AIRPOT,1645080648867,1645080648411,4,1645080648411,-0.001,-0.093,-0.996,-0.004,0.025,0.030
AIRPOT,1645080648920,1645080648464,4,1645080648464,0.005,-0.108,-0.994,0.018,-0.005,0.043
AIRPOT,1645080648976,1645080648520,4,1645080648520,0.010,-0.115,-0.993,0.021,0.011,-0.035
AIRPOT,1645080649043,1645080648587,4,1645080648587,0.007,-0.118,-0.993,0.025,0.043,-0.034
AIRPOT,1645080649093,1645080648637,4,1645080648637,-0.002,-0.122,-0.993,-0.013,0.004,-0.008
AIRPOT,1645080649149,1645080648693,4,1645080648693,-0.014,-0.129,-0.992,-0.024,-0.048,0.045
AIRPOT,1645080649204,1645080648748,4,1645080648748,-0.046,-0.129,-0.991,-0.021,0.008,-0.022
AIRPOT,1645080649256,1645080648800,4,1645080648800,-0.066,-0.133,-0.989,0.047,-0.000,0.008
AIRPOT,1645080649365,1645080648909,4,1645080648909,-0.120,-0.141,-0.983,-0.006,-0.056,0.093
AIRPOT,1645080649469,1645080649013,4,1645080649013,-0.114,-0.136,-0.984,-0.042,0.066,-0.022
AIRPOT,1645080649514,1645080649058,4,1645080649058,-0.109,-0.135,-0.985,-0.023,0.026,0.093
AIRPOT,1645080649544,1645080649088,4,1645080649088,-0.099,-0.136,-0.986,-0.066,-0.009,-0.017
AIRPOT,1645080649599,1645080649143,4,1645080649143,-0.089,-0.136,-0.987,0.028,0.051,0.013
AIRPOT,1645080649669,1645080649213,4,1645080649213,-0.078,-0.120,-0.990,0.001,0.045,-0.029
AIRPOT,1645080649727,1645080649271,4,1645080649271,-0.069,-0.090,-0.994,-0.022,0.103,-0.100
AIRPOT,1645080649781,1645080649325,4,1645080649325,-0.072,-0.081,-0.994,-0.072,-0.052,0.025
AIRPOT,1645080649948,1645080649492,4,1645080649492,-0.054,-0.067,-0.996,0.006,-0.017,-0.011
AIRPOT,1645080649986,1645080649530,4,1645080649530,-0.052,-0.068,-0.996,0.014,-0.048,-0.003
AIRPOT,1645080650031,1645080649575,4,1645080649575,-0.047,-0.065,-0.997,0.045,0.034,-0.000
AIRPOT,1645080650107,1645080649651,4,1645080649651,-0.041,-0.067,-0.997,0.038,0.030,0.049
AIRPOT,1645080650171,1645080649715,4,1645080649715,-0.034,-0.065,-0.997,-0.013,-0.058,-0.047
AIRPOT,1645080650176,1645080649720,4,1645080649720,-0.036,-0.063,-0.997,-0.042,0.020,-0.016
AIRPOT,1645080650230,1645080649774,4,1645080649774,-0.036,-0.062,-0.997,0.024,0.021,0.039
AIRPOT,1645080650382,1645080649926,4,1645080649926,-0.031,-0.051,-0.998,0.021,-0.051,0.001
AIRPOT,1645080650434,1645080649978,4,1645080649978,-0.029,-0.047,-0.998,-0.047,-0.002,-0.048
AIRPOT,1645080650547,1645080650091,4,1645080650091,-0.025,-0.030,-0.999,0.005,-0.033,-0.014
AIRPOT,1645080650585,1645080650129,4,1645080650129,-0.023,-0.033,-0.999,0.011,0.028,-0.023
AIRPOT,1645080650635,1645080650179,4,1645080650179,-0.023,-0.036,-0.999,0.008,0.012,-0.031
AIRPOT,1645080650694,1645080650238,4,1645080650238,-0.027,-0.040,-0.999,-0.015,0.006,-0.006
AIRPOT,1645080650750,1645080650294,4,1645080650294,-0.033,-0.037,-0.999,0.009,0.004,0.040
AIRPOT,1645080650859,1645080650403,4,1645080650403,-0.032,-0.029,-0.999,0.006,-0.001,-0.014
AIRPOT,1645080650899,1645080650443,4,1645080650443,-0.032,-0.029,-0.999,0.011,0.012,-0.006
AIRPOT,1645080650950,1645080650494,4,1645080650494,-0.031,-0.030,-0.999,-0.004,0.019,-0.046
AIRPOT,1645080651055,1645080650599,4,1645080650599,-0.034,-0.039,-0.999,-0.014,-0.007,0.010
AIRPOT,1645080651118,1645080650662,4,1645080650662,-0.033,-0.039,-0.999,0.002,-0.006,-0.011
AIRPOT,1645080651185,1645080650729,4,1645080650729,-0.033,-0.042,-0.999,0.004,-0.005,-0.011
AIRPOT,1645080651339,1645080650883,4,1645080650883,-0.040,-0.047,-0.998,0.022,0.024,0.011
AIRPOT,1645080651475,1645080651019,4,1645080651019,-0.043,-0.057,-0.997,0.041,-0.011,0.060
AIRPOT,1645080651626,1645080651170,4,1645080651170,-0.042,-0.051,-0.998,-0.009,-0.013,-0.005
AIRPOT,1645080651744,1645080651288,4,1645080651288,-0.038,-0.039,-0.998,0.015,0.011,0.012
AIRPOT,1645080651805,1645080651349,4,1645080651349,-0.041,-0.036,-0.998,0.008,0.024,0.006
AIRPOT,1645080651861,1645080651405,4,1645080651405,-0.046,-0.034,-0.998,-0.005,0.008,-0.014
AIRPOT,1645080651969,1645080651513,4,1645080651513,-0.050,-0.052,-0.997,-0.025,-0.023,0.009
AIRPOT,1645080652073,1645080651617,4,1645080651617,-0.035,-0.091,-0.995,-0.014,0.011,-0.053
AIRPOT,1645080652191,1645080651735,4,1645080651735,-0.037,-0.101,-0.994,0.018,0.048,0.030
AIRPOT,1645080652193,1645080651737,4,1645080651737,-0.033,-0.107,-0.994,-0.002,0.009,0.038
AIRPOT,1645080652255,1645080651799,4,1645080651799,-0.022,-0.113,-0.993,-0.072,-0.017,-0.033
AIRPOT,1645080652367,1645080651911,4,1645080651911,-0.017,-0.138,-0.990,0.103,0.026,0.082
AIRPOT,1645080652444,1645080651988,4,1645080651988,0.003,-0.146,-0.989,0.016,-0.050,-0.080
AIRPOT,1645080652508,1645080652052,4,1645080652052,-0.007,-0.149,-0.989,-0.012,0.021,-0.018
AIRPOT,1645080652665,1645080652209,4,1645080652209,-0.044,-0.140,-0.989,-0.020,0.198,-0.024
AIRPOT,1645080652724,1645080652268,4,1645080652268,-0.049,-0.145,-0.988,-0.067,-0.145,-0.053
AIRPOT,1645080652774,1645080652318,4,1645080652318,-0.056,-0.154,-0.986,0.055,0.102,0.067
AIRPOT,1645080652827,1645080652371,4,1645080652371,-0.053,-0.170,-0.984,0.026,-0.014,-0.012
AIRPOT,1645080652879,1645080652423,4,1645080652423,-0.056,-0.169,-0.984,0.003,-0.065,0.042
AIRPOT,1645080652990,1645080652534,4,1645080652534,-0.073,-0.162,-0.984,0.007,0.027,-0.009
AIRPOT,1645080653045,1645080652589,4,1645080652589,-0.089,-0.154,-0.984,0.054,-0.028,-0.107
AIRPOT,1645080653124,1645080652668,4,1645080652668,-0.163,-0.140,-0.977,0.059,0.124,0.120
AIRPOT,1645080653237,1645080652781,4,1645080652781,-0.211,-0.089,-0.973,-0.025,0.045,0.088
AIRPOT,1645080653409,1645080652953,4,1645080652953,-0.197,-0.056,-0.979,-0.056,-0.002,-0.007
AIRPOT,1645080653478,1645080653022,4,1645080653022,-0.201,-0.041,-0.979,-0.019,-0.036,-0.048
AIRPOT,1645080653537,1645080653081,4,1645080653081,-0.204,-0.033,-0.978,-0.016,-0.024,-0.007
AIRPOT,1645080653636,1645080653180,4,1645080653180,-0.198,-0.016,-0.980,-0.021,0.030,0.016
AIRPOT,1645080653677,1645080653221,4,1645080653221,-0.187,-0.014,-0.982,0.029,-0.028,0.005
AIRPOT,1645080653755,1645080653299,4,1645080653299,-0.165,-0.024,-0.986,0.006,-0.039,-0.013
AIRPOT,1645080653811,1645080653355,4,1645080653355,-0.157,-0.029,-0.987,0.006,-0.025,-0.017
AIRPOT,1645080653980,1645080653524,4,1645080653524,-0.139,-0.040,-0.989,-0.018,0.002,0.003
AIRPOT,1645080654037,1645080653581,4,1645080653581,-0.134,-0.041,-0.990,-0.011,-0.012,-0.004
AIRPOT,1645080654090,1645080653634,4,1645080653634,-0.131,-0.052,-0.990,-0.046,-0.037,0.022
AIRPOT,1645080654196,1645080653740,4,1645080653740,-0.114,-0.071,-0.991,0.014,0.064,0.020
AIRPOT,1645080654197,1645080653741,4,1645080653741,-0.103,-0.077,-0.992,0.023,0.048,0.008
AIRPOT,1645080654383,1645080653927,4,1645080653927,-0.068,-0.061,-0.996,-0.001,0.022,-0.023
AIRPOT,1645080654437,1645080653981,4,1645080653981,-0.054,-0.054,-0.997,-0.002,-0.025,-0.022
AIRPOT,1645080654490,1645080654034,4,1645080654034,-0.051,-0.052,-0.997,0.011,-0.020,-0.010
AIRPOT,1645080654598,1645080654142,4,1645080654142,-0.037,-0.058,-0.998,0.066,-0.052,0.021
AIRPOT,1645080654655,1645080654199,4,1645080654199,-0.025,-0.063,-0.998,-0.044,-0.045,-0.047
AIRPOT,1645080654732,1645080654276,4,1645080654276,-0.025,-0.063,-0.998,0.052,0.025,0.036
AIRPOT,1645080654929,1645080654473,4,1645080654473,-0.061,-0.056,-0.997,-0.032,0.018,-0.004
AIRPOT,1645080654977,1645080654521,4,1645080654521,-0.066,-0.055,-0.996,0.003,-0.005,0.042
AIRPOT,1645080655125,1645080654669,4,1645080654669,-0.069,-0.068,-0.995,0.000,-0.017,-0.022
AIRPOT,1645080655176,1645080654720,4,1645080654720,-0.068,-0.071,-0.995,-0.007,0.012,-0.013
AIRPOT,1645080655225,1645080654769,4,1645080654769,-0.069,-0.078,-0.995,0.019,-0.005,0.010
AIRPOT,1645080655267,1645080654811,4,1645080654811,-0.068,-0.081,-0.994,0.004,-0.001,-0.005
AIRPOT,1645080655324,1645080654868,4,1645080654868,-0.069,-0.078,-0.995,0.002,0.011,-0.011
AIRPOT,1645080655376,1645080654920,4,1645080654920,-0.073,-0.077,-0.994,0.007,0.008,-0.011
AIRPOT,1645080655425,1645080654969,4,1645080654969,-0.077,-0.080,-0.994,-0.002,0.004,-0.003
AIRPOT,1645080655533,1645080655077,4,1645080655077,-0.088,-0.084,-0.993,0.000,-0.001,-0.031
AIRPOT,1645080655565,1645080655109,4,1645080655109,-0.093,-0.083,-0.992,-0.001,-0.016,-0.003
AIRPOT,1645080655619,1645080655163,4,1645080655163,-0.102,-0.080,-0.992,0.010,0.023,-0.037
AIRPOT,1645080655669,1645080655213,4,1645080655213,-0.114,-0.074,-0.991,-0.048,0.038,-0.048
AIRPOT,1645080655767,1645080655311,4,1645080655311,-0.134,-0.055,-0.989,-0.045,-0.028,-0.004
AIRPOT,1645080655829,1645080655373,4,1645080655373,-0.135,-0.052,-0.989,0.012,-0.039,0.023
AIRPOT,1645080655979,1645080655523,4,1645080655523,-0.134,-0.034,-0.990,-0.037,-0.026,-0.096
AIRPOT,1645080656076,1645080655620,4,1645080655620,-0.153,-0.023,-0.988,-0.025,-0.028,0.017
AIRPOT,1645080656128,1645080655672,4,1645080655672,-0.155,-0.016,-0.988,-0.050,0.002,-0.029
AIRPOT,1645080656220,1645080655764,4,1645080655764,-0.154,-0.007,-0.988,0.052,0.004,0.004
AIRPOT,1645080656274,1645080655818,4,1645080655818,-0.154,-0.003,-0.988,0.013,-0.037,-0.028
AIRPOT,1645080656379,1645080655923,4,1645080655923,-0.142,0.015,-0.990,-0.031,0.021,-0.035
AIRPOT,1645080656538,1645080656082,4,1645080656082,-0.136,0.026,-0.990,0.019,0.042,-0.013
AIRPOT,1645080656592,1645080656136,4,1645080656136,-0.137,0.025,-0.990,-0.045,-0.003,-0.015
AIRPOT,1645080656754,1645080656298,4,1645080656298,-0.158,0.013,-0.987,0.013,0.058,-0.019
AIRPOT,1645080656776,1645080656320,4,1645080656320,-0.172,-0.008,-0.985,0.050,0.097,0.077
AIRPOT,1645080656813,1645080656357,4,1645080656357,-0.175,-0.030,-0.984,-0.091,-0.052,0.046
AIRPOT,1645080656872,1645080656416,4,1645080656416,-0.166,-0.043,-0.985,-0.039,-0.064,0.016
AIRPOT,1645080656905,1645080656449,4,1645080656449,-0.162,-0.066,-0.985,0.003,-0.007,0.013
AIRPOT,1645080656951,1645080656495,4,1645080656495,-0.158,-0.087,-0.984,0.006,0.029,-0.017
AIRPOT,1645080657066,1645080656610,4,1645080656610,-0.135,-0.129,-0.983,-0.004,-0.024,0.014
AIRPOT,1645080657116,1645080656660,4,1645080656660,-0.122,-0.141,-0.982,-0.005,-0.029,0.016
AIRPOT,1645080657218,1645080656762,4,1645080656762,-0.094,-0.169,-0.981,0.009,-0.054,-0.053
AIRPOT,1645080657270,1645080656814,4,1645080656814,-0.093,-0.167,-0.982,0.003,-0.057,-0.031
AIRPOT,1645080657386,1645080656930,4,1645080656930,-0.085,-0.183,-0.979,-0.040,-0.031,-0.067
AIRPOT,1645080657530,1645080657074,4,1645080657074,-0.072,-0.175,-0.982,-0.011,-0.054,-0.020
AIRPOT,1645080657591,1645080657135,4,1645080657135,-0.069,-0.175,-0.982,0.032,0.021,0.074
AIRPOT,1645080657641,1645080657185,4,1645080657185,-0.061,-0.174,-0.983,-0.035,0.027,-0.088
AIRPOT,1645080657709,1645080657253,4,1645080657253,-0.068,-0.189,-0.980,-0.063,0.015,-0.067
AIRPOT,1645080657753,1645080657297,4,1645080657297,-0.082,-0.205,-0.975,-0.001,0.002,0.051
AIRPOT,1645080657820,1645080657364,4,1645080657364,-0.097,-0.245,-0.965,-0.012,-0.058,0.078
AIRPOT,1645080657877,1645080657421,4,1645080657421,-0.100,-0.270,-0.958,0.031,-0.033,0.049
AIRPOT,1645080657928,1645080657472,4,1645080657472,-0.098,-0.305,-0.947,0.055,0.039,-0.049
AIRPOT,1645080657980,1645080657524,4,1645080657524,-0.101,-0.345,-0.933,0.005,-0.019,0.006
AIRPOT,1645080658036,1645080657580,4,1645080657580,-0.106,-0.369,-0.923,-0.021,-0.032,-0.022
AIRPOT,1645080658159,1645080657703,4,1645080657703,-0.119,-0.454,-0.883,-0.009,-0.055,0.038
AIRPOT,1645080658305,1645080657849,4,1645080657849,-0.165,-0.589,-0.791,0.024,-0.002,0.021
AIRPOT,1645080658369,1645080657913,4,1645080657913,-0.174,-0.604,-0.778,-0.031,-0.081,-0.011
AIRPOT,1645080658513,1645080658057,4,1645080658057,-0.133,-0.527,-0.840,-0.052,-0.095,0.015
AIRPOT,1645080658571,1645080658115,4,1645080658115,-0.105,-0.452,-0.886,-0.010,-0.048,0.035
AIRPOT,1645080658630,1645080658174,4,1645080658174,-0.031,-0.244,-0.969,-0.010,0.019,-0.018
AIRPOT,1645080658674,1645080658218,4,1645080658218,0.003,-0.129,-0.992,0.004,0.027,0.022
AIRPOT,1645080658908,1645080658452,4,1645080658452,0.236,0.682,-0.692,0.005,-0.102,0.181
AIRPOT,1645080658963,1645080658507,4,1645080658507,0.278,0.769,-0.575,-0.008,-0.012,-0.006
AIRPOT,1645080659015,1645080658559,4,1645080658559,0.316,0.832,-0.455,0.014,0.017,-0.015
AIRPOT,1645080659066,1645080658610,4,1645080658610,0.374,0.887,-0.271,0.050,0.146,-0.094
AIRPOT,1645080659120,1645080658664,4,1645080658664,0.384,0.897,-0.219,0.035,0.111,-0.062
AIRPOT,1645080659173,1645080658717,4,1645080658717,0.385,0.903,-0.188,0.008,0.038,-0.039
AIRPOT,1645080659270,1645080658814,4,1645080658814,0.392,0.909,-0.137,-0.032,-0.066,0.004
AIRPOT,1645080659321,1645080658865,4,1645080658865,0.405,0.907,-0.115,-0.011,-0.028,0.017
AIRPOT,1645080659421,1645080658965,4,1645080658965,0.435,0.897,-0.072,0.059,0.095,0.062
AIRPOT,1645080659483,1645080659027,4,1645080659027,0.433,0.898,-0.078,0.058,0.128,0.122
AIRPOT,1645080659536,1645080659080,4,1645080659080,0.425,0.902,-0.081,0.038,0.058,0.126
AIRPOT,1645080659650,1645080659194,4,1645080659194,0.430,0.900,-0.072,-0.009,0.014,0.025
AIRPOT,1645080659716,1645080659260,4,1645080659260,0.433,0.897,-0.090,0.021,0.059,0.008
AIRPOT,1645080659765,1645080659309,4,1645080659309,0.434,0.896,-0.096,0.014,0.023,-0.031
AIRPOT,1645080659818,1645080659362,4,1645080659362,0.432,0.896,-0.104,0.034,0.032,-0.051
AIRPOT,1645080659934,1645080659478,4,1645080659478,0.423,0.894,-0.150,-0.008,-0.055,-0.014
AIRPOT,1645080659994,1645080659538,4,1645080659538,0.419,0.893,-0.166,-0.010,-0.043,0.011
AIRPOT,1645080660051,1645080659595,4,1645080659595,0.418,0.893,-0.168,-0.001,0.000,-0.005
AIRPOT,1645080660102,1645080659646,4,1645080659646,0.417,0.893,-0.171,0.001,0.012,-0.005
AIRPOT,1645080660155,1645080659699,4,1645080659699,0.417,0.890,-0.185,0.027,0.052,0.004
AIRPOT,1645080660214,1645080659758,4,1645080659758,0.416,0.889,-0.194,0.019,0.030,-0.009
AIRPOT,1645080660318,1645080659862,4,1645080659862,0.413,0.880,-0.235,0.005,0.002,-0.009
AIRPOT,1645080660371,1645080659915,4,1645080659915,0.412,0.877,-0.246,-0.012,-0.016,-0.018
AIRPOT,1645080660540,1645080660084,4,1645080660084,0.414,0.868,-0.276,-0.024,-0.020,-0.052
AIRPOT,1645080660574,1645080660118,4,1645080660118,0.413,0.867,-0.280,-0.015,-0.014,-0.063
AIRPOT,1645080660721,1645080660265,4,1645080660265,0.412,0.862,-0.295,-0.004,-0.012,-0.029
AIRPOT,1645080660899,1645080660443,4,1645080660443,0.415,0.862,-0.292,-0.002,-0.008,-0.006
AIRPOT,1645080661005,1645080660549,4,1645080660549,0.420,0.859,-0.293,-0.003,0.008,-0.014
AIRPOT,1645080661057,1645080660601,4,1645080660601,0.420,0.859,-0.294,-0.006,-0.000,-0.016
AIRPOT,1645080661131,1645080660675,4,1645080660675,0.420,0.858,-0.295,-0.019,-0.016,-0.022
AIRPOT,1645080661181,1645080660725,4,1645080660725,0.422,0.857,-0.296,-0.013,-0.004,-0.018
AIRPOT,1645080661207,1645080660751,4,1645080660751,0.425,0.856,-0.295,-0.006,0.006,-0.020
AIRPOT,1645080661374,1645080660918,4,1645080660918,0.427,0.855,-0.294,0.001,-0.008,-0.012
AIRPOT,1645080661423,1645080660967,4,1645080660967,0.428,0.855,-0.294,0.002,0.000,-0.018
AIRPOT,1645080661485,1645080661029,4,1645080661029,0.429,0.854,-0.293,0.002,-0.002,-0.004
AIRPOT,1645080661541,1645080661085,4,1645080661085,0.430,0.854,-0.291,0.008,0.003,-0.010
AIRPOT,1645080661752,1645080661296,4,1645080661296,0.428,0.857,-0.286,-0.004,0.008,-0.005
AIRPOT,1645080661851,1645080661395,4,1645080661395,0.427,0.857,-0.287,-0.004,-0.003,-0.004
AIRPOT,1645080661902,1645080661446,4,1645080661446,0.428,0.857,-0.287,-0.003,-0.002,-0.006
AIRPOT,1645080662016,1645080661560,4,1645080661560,0.427,0.857,-0.289,-0.000,0.004,-0.004
AIRPOT,1645080662069,1645080661613,4,1645080661613,0.427,0.856,-0.291,-0.006,0.002,-0.009
AIRPOT,1645080662116,1645080661660,4,1645080661660,0.427,0.855,-0.294,0.001,-0.002,0.002
AIRPOT,1645080662170,1645080661714,4,1645080661714,0.426,0.855,-0.296,0.001,-0.003,-0.004
AIRPOT,1645080662229,1645080661773,4,1645080661773,0.424,0.856,-0.297,-0.002,-0.009,-0.013
AIRPOT,1645080662392,1645080661936,4,1645080661936,0.423,0.856,-0.297,0.000,0.000,-0.003
AIRPOT,1645080662431,1645080661975,4,1645080661975,0.423,0.856,-0.297,0.001,0.002,-0.004
AIRPOT,1645080662510,1645080662054,4,1645080662054,0.423,0.856,-0.298,-0.002,-0.001,-0.009
AIRPOT,1645080662535,1645080662079,4,1645080662079,0.422,0.856,-0.298,-0.003,-0.000,-0.007
AIRPOT,1645080662711,1645080662255,4,1645080662255,0.420,0.853,-0.309,0.004,0.026,-0.005
AIRPOT,1645080662820,1645080662364,4,1645080662364,0.405,0.836,-0.369,0.096,0.185,-0.006
AIRPOT,1645080662868,1645080662412,4,1645080662412,0.384,0.821,-0.422,0.121,0.171,0.058
AIRPOT,1645080662932,1645080662476,4,1645080662476,0.301,0.760,-0.576,0.057,0.092,0.103
AIRPOT,1645080662985,1645080662529,4,1645080662529,0.239,0.704,-0.669,0.033,-0.010,0.139
AIRPOT,1645080663044,1645080662588,4,1645080662588,0.171,0.627,-0.760,0.026,-0.072,0.193
AIRPOT,1645080663100,1645080662644,4,1645080662644,0.048,0.423,-0.905,-0.005,-0.109,0.112
AIRPOT,1645080663160,1645080662704,4,1645080662704,0.001,0.315,-0.949,-0.019,-0.094,0.078
AIRPOT,1645080663219,1645080662763,4,1645080662763,-0.062,0.129,-0.990,-0.046,-0.052,0.043
AIRPOT,1645080663279,1645080662823,4,1645080662823,-0.078,0.055,-0.995,-0.037,-0.100,0.010
AIRPOT,1645080663340,1645080662884,4,1645080662884,-0.090,-0.042,-0.995,-0.045,-0.079,-0.065
AIRPOT,1645080663394,1645080662938,4,1645080662938,-0.094,-0.060,-0.994,-0.041,-0.101,-0.017
AIRPOT,1645080663501,1645080663045,4,1645080663045,-0.094,-0.082,-0.992,0.006,0.009,-0.004
AIRPOT,1645080663580,1645080663124,4,1645080663124,-0.088,-0.088,-0.992,0.007,0.021,-0.001
AIRPOT,1645080663637,1645080663181,4,1645080663181,-0.084,-0.089,-0.993,-0.002,-0.007,-0.006
AIRPOT,1645080663710,1645080663254,4,1645080663254,-0.077,-0.088,-0.993,-0.013,-0.019,-0.008
AIRPOT,1645080663758,1645080663302,4,1645080663302,-0.076,-0.086,-0.993,-0.001,-0.013,0.010
AIRPOT,1645080663909,1645080663453,4,1645080663453,-0.059,-0.069,-0.996,-0.011,-0.014,-0.017
AIRPOT,1645080663949,1645080663493,4,1645080663493,-0.056,-0.064,-0.996,-0.005,-0.016,-0.014
AIRPOT,1645080664006,1645080663550,4,1645080663550,-0.054,-0.061,-0.997,0.004,0.003,-0.005
AIRPOT,1645080664061,1645080663605,4,1645080663605,-0.051,-0.053,-0.997,-0.003,0.000,0.007
AIRPOT,1645080664120,1645080663664,4,1645080663664,-0.049,-0.051,-0.997,-0.002,0.010,0.014
AIRPOT,1645080664225,1645080663769,4,1645080663769,-0.046,-0.066,-0.997,0.005,0.016,-0.014
AIRPOT,1645080664282,1645080663826,4,1645080663826,-0.047,-0.063,-0.997,0.005,-0.027,-0.035
AIRPOT,1645080664309,1645080663853,4,1645080663853,-0.048,-0.059,-0.997,0.013,0.013,0.006
AIRPOT,1645080664435,1645080663979,4,1645080663979,-0.042,-0.055,-0.998,-0.010,-0.014,-0.014
AIRPOT,1645080664510,1645080664054,4,1645080664054,-0.038,-0.045,-0.998,-0.016,-0.028,-0.018
AIRPOT,1645080664567,1645080664111,4,1645080664111,-0.042,-0.043,-0.998,0.006,-0.007,0.022
AIRPOT,1645080664759,1645080664303,4,1645080664303,-0.060,-0.046,-0.997,-0.013,-0.000,0.008
AIRPOT,1645080664868,1645080664412,4,1645080664412,-0.050,-0.043,-0.998,-0.007,-0.048,-0.015
AIRPOT,1645080664990,1645080664534,4,1645080664534,-0.047,-0.036,-0.998,-0.006,-0.002,-0.014
AIRPOT,1645080665053,1645080664597,4,1645080664597,-0.046,-0.029,-0.999,-0.017,-0.011,-0.005
AIRPOT,1645080665156,1645080664700,4,1645080664700,-0.036,-0.015,-0.999,0.004,0.001,-0.004
AIRPOT,1645080665208,1645080664752,4,1645080664752,-0.032,-0.011,-0.999,0.001,-0.009,-0.007
AIRPOT,1645080665320,1645080664864,4,1645080664864,-0.027,-0.001,-1.000,-0.008,-0.013,0.010
AIRPOT,1645080665379,1645080664923,4,1645080664923,-0.028,0.000,-1.000,-0.011,-0.016,0.021
AIRPOT,1645080665433,1645080664977,4,1645080664977,-0.027,-0.006,-1.000,-0.000,-0.004,-0.010
AIRPOT,1645080665493,1645080665037,4,1645080665037,-0.029,-0.009,-1.000,0.001,0.003,-0.016
AIRPOT,1645080665561,1645080665105,4,1645080665105,-0.028,-0.004,-1.000,-0.002,0.004,0.003
AIRPOT,1645080665605,1645080665149,4,1645080665149,-0.024,0.001,-1.000,-0.003,-0.001,0.002
AIRPOT,1645080665655,1645080665199,4,1645080665199,-0.020,0.005,-1.000,-0.004,-0.005,0.006
AIRPOT,1645080665711,1645080665255,4,1645080665255,-0.011,0.011,-1.000,-0.003,-0.002,-0.011
AIRPOT,1645080665760,1645080665304,4,1645080665304,-0.008,0.012,-1.000,0.012,0.019,-0.042
AIRPOT,1645080665857,1645080665401,4,1645080665401,0.000,0.024,-1.000,0.022,0.038,0.010
AIRPOT,1645080665959,1645080665503,4,1645080665503,0.000,-0.002,-1.000,-0.007,0.014,0.025
AIRPOT,1645080666012,1645080665556,4,1645080665556,-0.005,-0.018,-1.000,-0.018,0.017,-0.024
AIRPOT,1645080666115,1645080665659,4,1645080665659,-0.009,-0.140,-0.990,0.185,0.362,0.238
AIRPOT,1645080666178,1645080665722,4,1645080665722,0.032,-0.252,-0.967,0.144,0.179,0.121
AIRPOT,1645080666238,1645080665782,4,1645080665782,0.130,-0.428,-0.894,0.001,-0.290,-0.214
AIRPOT,1645080666288,1645080665832,4,1645080665832,0.135,-0.458,-0.879,-0.091,-0.482,-0.122
AIRPOT,1645080666340,1645080665884,4,1645080665884,0.104,-0.480,-0.871,-0.070,-0.325,-0.077
AIRPOT,1645080666399,1645080665943,4,1645080665943,-0.014,-0.480,-0.877,0.071,-0.048,-0.100
AIRPOT,1645080666464,1645080666008,4,1645080666008,-0.098,-0.461,-0.882,0.113,0.019,-0.034
AIRPOT,1645080666522,1645080666066,4,1645080666066,-0.196,-0.437,-0.878,0.053,-0.081,-0.060
AIRPOT,1645080666525,1645080666069,4,1645080666069,-0.319,-0.419,-0.850,0.082,-0.147,0.042
AIRPOT,1645080666583,1645080666127,4,1645080666127,-0.431,-0.394,-0.812,0.168,0.128,0.208
AIRPOT,1645080666681,1645080666225,4,1645080666225,-0.470,-0.363,-0.804,-0.002,0.000,0.051
AIRPOT,1645080666825,1645080666369,4,1645080666369,-0.381,-0.363,-0.850,0.022,-0.022,-0.000
AIRPOT,1645080666847,1645080666391,4,1645080666391,-0.349,-0.364,-0.863,0.027,-0.009,0.015
AIRPOT,1645080666900,1645080666444,4,1645080666444,-0.318,-0.367,-0.874,0.012,-0.018,-0.011
AIRPOT,1645080667111,1645080666655,4,1645080666655,-0.283,-0.317,-0.905,0.026,0.072,0.034
AIRPOT,1645080667137,1645080666681,4,1645080666681,-0.271,-0.312,-0.911,0.041,0.124,0.001
AIRPOT,1645080667061,1645080666605,4,1645080666605,-0.285,-0.331,-0.900,0.014,-0.049,0.028
AIRPOT,1645080667284,1645080666828,4,1645080666828,-0.206,-0.288,-0.935,-0.032,-0.050,0.005
AIRPOT,1645080667404,1645080666948,4,1645080666948,-0.157,-0.268,-0.951,-0.012,0.001,-0.013
AIRPOT,1645080667453,1645080666997,4,1645080666997,-0.146,-0.267,-0.953,0.023,0.024,-0.045
AIRPOT,1645080667528,1645080667072,4,1645080667072,-0.136,-0.260,-0.956,0.039,0.025,-0.007
AIRPOT,1645080667579,1645080667123,4,1645080667123,-0.130,-0.255,-0.958,0.009,-0.007,-0.001
AIRPOT,1645080667631,1645080667175,4,1645080667175,-0.127,-0.254,-0.959,0.008,0.001,0.004
AIRPOT,1645080667687,1645080667231,4,1645080667231,-0.128,-0.252,-0.959,0.011,0.003,-0.026
AIRPOT,1645080667847,1645080667391,4,1645080667391,-0.121,-0.243,-0.963,0.019,0.018,-0.015
AIRPOT,1645080667905,1645080667449,4,1645080667449,-0.116,-0.242,-0.963,0.041,0.029,0.004
AIRPOT,1645080668009,1645080667553,4,1645080667553,-0.104,-0.239,-0.965,0.021,0.036,-0.001
AIRPOT,1645080668222,1645080667766,4,1645080667766,-0.095,-0.230,-0.969,-0.002,0.018,-0.031
AIRPOT,1645080668223,1645080667767,4,1645080667767,-0.096,-0.224,-0.970,0.002,0.037,-0.074
AIRPOT,1645080668293,1645080667837,4,1645080667837,-0.105,-0.192,-0.976,0.001,0.009,0.038
AIRPOT,1645080668345,1645080667889,4,1645080667889,-0.104,-0.195,-0.975,0.021,0.014,0.030
AIRPOT,1645080668452,1645080667996,4,1645080667996,-0.097,-0.201,-0.975,0.011,-0.030,-0.020
AIRPOT,1645080668507,1645080668051,4,1645080668051,-0.095,-0.196,-0.976,-0.008,-0.040,-0.016
AIRPOT,1645080668557,1645080668101,4,1645080668101,-0.093,-0.191,-0.977,-0.004,-0.012,-0.008
AIRPOT,1645080668616,1645080668160,4,1645080668160,-0.087,-0.177,-0.980,-0.003,-0.006,-0.004
AIRPOT,1645080668674,1645080668218,4,1645080668218,-0.084,-0.170,-0.982,-0.022,0.020,-0.106
AIRPOT,1645080668715,1645080668259,4,1645080668259,-0.087,-0.155,-0.984,0.039,0.022,-0.034
AIRPOT,1645080668782,1645080668326,4,1645080668326,-0.069,-0.113,-0.991,-0.006,-0.009,0.023
AIRPOT,1645080668870,1645080668414,4,1645080668414,-0.046,-0.074,-0.996,0.010,0.010,0.010
AIRPOT,1645080668920,1645080668464,4,1645080668464,-0.038,-0.044,-0.998,0.035,0.062,-0.019
AIRPOT,1645080668981,1645080668525,4,1645080668525,-0.020,0.025,-0.999,0.002,-0.007,0.015
AIRPOT,1645080669080,1645080668624,4,1645080668624,-0.013,0.061,-0.998,0.011,0.039,0.036
AIRPOT,1645080669110,1645080668654,4,1645080668654,-0.010,0.070,-0.998,-0.003,0.015,0.024
