Device,PTPTime,UnixTime,Protocool,CurrentDeviceTime,GyroX,GyroY,GyroZ,AccX,AccY,AccZ,
AIRPOT,1646375288573,1646375287289,4,1646375287289,0.163,-0.165,-0.973,-0.020,-0.035,0.008
AIRPOT,1646375288586,1646375287302,4,1646375287302,0.197,-0.131,-0.972,-0.015,-0.012,0.006
AIRPOT,1646375288627,1646375287343,4,1646375287343,0.227,-0.098,-0.969,0.006,0.044,0.013
AIRPOT,1646375288689,1646375287405,4,1646375287405,0.257,-0.065,-0.964,0.025,0.039,-0.000
AIRPOT,1646375288813,1646375287529,4,1646375287529,0.286,-0.037,-0.958,0.019,0.022,0.002
AIRPOT,1646375288874,1646375287590,4,1646375287590,0.313,-0.008,-0.950,0.031,0.084,-0.004
AIRPOT,1646375288987,1646375287703,4,1646375287703,0.338,0.020,-0.941,0.039,0.035,-0.012
AIRPOT,1646375288988,1646375287704,4,1646375287704,0.360,0.045,-0.932,0.037,0.062,-0.003
AIRPOT,1646375289036,1646375287752,4,1646375287752,0.381,0.065,-0.922,0.030,0.028,-0.026
AIRPOT,1646375289038,1646375287754,4,1646375287754,0.397,0.082,-0.914,0.050,0.073,-0.034
AIRPOT,1646375289052,1646375287768,4,1646375287768,0.429,0.123,-0.895,0.043,0.018,-0.018
AIRPOT,1646375289052,1646375287768,4,1646375287768,0.430,0.122,-0.894,0.041,-0.003,-0.022
AIRPOT,1646375289143,1646375287859,4,1646375287859,0.421,0.125,-0.898,0.034,-0.012,-0.019
AIRPOT,1646375289144,1646375287860,4,1646375287860,0.412,0.126,-0.902,0.023,0.006,-0.010
AIRPOT,1646375289207,1646375287923,4,1646375287923,0.405,0.127,-0.905,0.012,-0.014,0.016
AIRPOT,1646375289207,1646375287923,4,1646375287923,0.404,0.125,-0.906,-0.001,-0.007,0.025
AIRPOT,1646375289279,1646375287995,4,1646375287995,0.406,0.121,-0.906,-0.017,0.013,-0.011
AIRPOT,1646375289280,1646375287996,4,1646375287996,0.409,0.116,-0.905,-0.006,-0.002,-0.012
AIRPOT,1646375289343,1646375288059,4,1646375288059,0.408,0.113,-0.906,-0.014,-0.011,-0.007
AIRPOT,1646375289345,1646375288061,4,1646375288061,0.407,0.110,-0.907,-0.010,-0.009,0.008
AIRPOT,1646375289407,1646375288123,4,1646375288123,0.408,0.108,-0.907,-0.011,0.003,0.009
AIRPOT,1646375289458,1646375288174,4,1646375288174,0.409,0.106,-0.906,-0.010,-0.005,-0.001
AIRPOT,1646375289464,1646375288180,4,1646375288180,0.409,0.104,-0.906,-0.004,-0.004,-0.001
AIRPOT,1646375289465,1646375288181,4,1646375288181,0.410,0.102,-0.906,0.004,-0.003,0.005
AIRPOT,1646375289513,1646375288229,4,1646375288229,0.411,0.100,-0.906,0.005,-0.003,-0.002
AIRPOT,1646375289514,1646375288230,4,1646375288230,0.412,0.097,-0.906,0.006,-0.007,0.002
AIRPOT,1646375289582,1646375288298,4,1646375288298,0.412,0.094,-0.906,-0.000,0.002,-0.011
AIRPOT,1646375289583,1646375288299,4,1646375288299,0.411,0.093,-0.907,0.001,-0.001,0.005
AIRPOT,1646375289623,1646375288339,4,1646375288339,0.409,0.091,-0.908,-0.004,0.004,0.005
AIRPOT,1646375289722,1646375288438,4,1646375288438,0.407,0.090,-0.909,-0.003,-0.011,0.001
AIRPOT,1646375289766,1646375288482,4,1646375288482,0.406,0.088,-0.910,0.001,0.005,0.004
AIRPOT,1646375289767,1646375288483,4,1646375288483,0.404,0.087,-0.911,-0.001,-0.002,0.002
AIRPOT,1646375289822,1646375288538,4,1646375288538,0.403,0.086,-0.911,-0.007,-0.003,-0.011
AIRPOT,1646375289823,1646375288539,4,1646375288539,0.401,0.086,-0.912,-0.013,-0.006,0.009
AIRPOT,1646375289891,1646375288607,4,1646375288607,0.400,0.086,-0.913,-0.012,-0.019,0.005
AIRPOT,1646375289991,1646375288707,4,1646375288707,0.399,0.085,-0.913,-0.007,-0.003,-0.005
AIRPOT,1646375289992,1646375288708,4,1646375288708,0.399,0.084,-0.913,0.001,-0.020,0.007
AIRPOT,1646375290001,1646375288717,4,1646375288717,0.400,0.084,-0.912,-0.010,-0.009,0.010
AIRPOT,1646375290093,1646375288809,4,1646375288809,0.402,0.085,-0.912,-0.011,0.014,-0.007
AIRPOT,1646375290132,1646375288848,4,1646375288848,0.402,0.088,-0.911,-0.002,0.031,0.007
AIRPOT,1646375290133,1646375288849,4,1646375288849,0.403,0.091,-0.911,0.005,-0.016,0.001
AIRPOT,1646375290256,1646375288972,4,1646375288972,0.405,0.089,-0.910,-0.010,0.026,-0.005
AIRPOT,1646375290265,1646375288981,4,1646375288981,0.409,0.087,-0.908,-0.007,-0.011,0.020
AIRPOT,1646375290328,1646375289044,4,1646375289044,0.414,0.085,-0.906,-0.014,0.012,-0.001
AIRPOT,1646375290329,1646375289045,4,1646375289045,0.418,0.085,-0.904,-0.001,-0.005,0.009
AIRPOT,1646375290374,1646375289090,4,1646375289090,0.421,0.083,-0.903,0.006,0.017,-0.016
AIRPOT,1646375290374,1646375289090,4,1646375289090,0.423,0.080,-0.902,0.019,-0.017,0.008
AIRPOT,1646375290425,1646375289141,4,1646375289141,0.427,0.076,-0.901,0.009,0.000,-0.001
AIRPOT,1646375290425,1646375289141,4,1646375289141,0.430,0.073,-0.900,-0.003,-0.009,-0.008
AIRPOT,1646375290480,1646375289196,4,1646375289196,0.430,0.068,-0.900,0.003,-0.006,0.014
AIRPOT,1646375290501,1646375289217,4,1646375289217,0.431,0.068,-0.900,-0.005,-0.006,0.005
AIRPOT,1646375290594,1646375289310,4,1646375289310,0.430,0.069,-0.900,-0.009,0.001,-0.001
AIRPOT,1646375290595,1646375289311,4,1646375289311,0.430,0.069,-0.900,0.007,-0.026,0.018
AIRPOT,1646375290674,1646375289390,4,1646375289390,0.432,0.068,-0.899,-0.010,0.012,-0.004
AIRPOT,1646375290787,1646375289503,4,1646375289503,0.433,0.068,-0.899,0.003,-0.015,-0.001
AIRPOT,1646375290837,1646375289553,4,1646375289553,0.434,0.067,-0.898,0.002,-0.009,0.004
AIRPOT,1646375290943,1646375289659,4,1646375289659,0.436,0.068,-0.898,0.001,-0.002,0.001
AIRPOT,1646375291137,1646375289853,4,1646375289853,0.437,0.067,-0.897,0.011,-0.012,-0.002
AIRPOT,1646375291138,1646375289854,4,1646375289854,0.438,0.067,-0.897,-0.005,-0.017,-0.013
AIRPOT,1646375291313,1646375290029,4,1646375290029,0.437,0.066,-0.897,0.003,0.020,0.013
AIRPOT,1646375291314,1646375290030,4,1646375290030,0.437,0.066,-0.897,0.005,-0.011,0.017
AIRPOT,1646375291383,1646375290099,4,1646375290099,0.438,0.066,-0.897,-0.004,0.004,-0.011
AIRPOT,1646375291384,1646375290100,4,1646375290100,0.437,0.068,-0.897,-0.003,0.002,-0.001
AIRPOT,1646375291396,1646375290112,4,1646375290112,0.438,0.070,-0.896,-0.015,0.015,-0.007
AIRPOT,1646375291397,1646375290113,4,1646375290113,0.438,0.071,-0.896,-0.007,0.004,-0.003
AIRPOT,1646375291445,1646375290161,4,1646375290161,0.441,0.068,-0.895,0.003,-0.006,0.007
AIRPOT,1646375291446,1646375290162,4,1646375290162,0.441,0.069,-0.895,-0.000,0.006,0.003
AIRPOT,1646375291494,1646375290210,4,1646375290210,0.441,0.070,-0.895,0.004,0.004,0.007
AIRPOT,1646375291496,1646375290212,4,1646375290212,0.442,0.070,-0.894,0.002,-0.010,-0.006
AIRPOT,1646375291503,1646375290219,4,1646375290219,0.442,0.068,-0.895,-0.006,0.019,-0.006
AIRPOT,1646375291560,1646375290276,4,1646375290276,0.441,0.069,-0.895,-0.010,0.009,-0.005
AIRPOT,1646375291561,1646375290277,4,1646375290277,0.440,0.068,-0.895,0.002,-0.001,0.010
AIRPOT,1646375291686,1646375290402,4,1646375290402,0.439,0.067,-0.896,-0.002,-0.004,-0.016
AIRPOT,1646375291687,1646375290403,4,1646375290403,0.438,0.065,-0.897,0.014,-0.004,0.012
AIRPOT,1646375291733,1646375290449,4,1646375290449,0.437,0.064,-0.897,-0.000,-0.024,-0.006
AIRPOT,1646375291734,1646375290450,4,1646375290450,0.436,0.063,-0.898,-0.003,-0.016,0.010
AIRPOT,1646375291789,1646375290505,4,1646375290505,0.434,0.063,-0.898,-0.009,-0.016,0.010
AIRPOT,1646375291790,1646375290506,4,1646375290506,0.434,0.064,-0.899,-0.004,-0.001,0.005
AIRPOT,1646375291838,1646375290554,4,1646375290554,0.433,0.066,-0.899,-0.006,0.007,-0.004
AIRPOT,1646375291889,1646375290605,4,1646375290605,0.432,0.068,-0.899,-0.004,-0.003,0.008
AIRPOT,1646375292001,1646375290717,4,1646375290717,0.431,0.069,-0.900,-0.003,0.015,-0.003
AIRPOT,1646375292002,1646375290718,4,1646375290718,0.430,0.071,-0.900,-0.004,0.004,-0.002
AIRPOT,1646375292030,1646375290746,4,1646375290746,0.430,0.072,-0.900,-0.002,-0.004,0.000
AIRPOT,1646375292031,1646375290747,4,1646375290747,0.429,0.072,-0.900,0.006,0.005,0.004
AIRPOT,1646375292130,1646375290846,4,1646375290846,0.429,0.072,-0.900,0.000,-0.002,-0.009
AIRPOT,1646375292131,1646375290847,4,1646375290847,0.428,0.071,-0.901,0.014,-0.007,-0.002
AIRPOT,1646375292182,1646375290898,4,1646375290898,0.427,0.068,-0.902,0.013,0.006,-0.011
AIRPOT,1646375292287,1646375291003,4,1646375291003,0.425,0.063,-0.903,0.034,-0.000,-0.009
AIRPOT,1646375292289,1646375291005,4,1646375291005,0.423,0.052,-0.905,0.063,0.003,-0.006
AIRPOT,1646375292341,1646375291057,4,1646375291057,0.423,0.033,-0.906,0.078,-0.000,-0.037
AIRPOT,1646375292399,1646375291115,4,1646375291115,0.418,0.003,-0.909,0.085,-0.030,-0.049
AIRPOT,1646375292450,1646375291166,4,1646375291166,0.409,-0.041,-0.911,0.127,-0.026,0.008
AIRPOT,1646375292451,1646375291167,4,1646375291167,0.404,-0.099,-0.910,0.111,-0.007,-0.033
AIRPOT,1646375292456,1646375291172,4,1646375291172,0.392,-0.166,-0.905,0.118,0.068,-0.014
AIRPOT,1646375292510,1646375291226,4,1646375291226,0.370,-0.238,-0.898,0.110,0.083,-0.030
AIRPOT,1646375292583,1646375291299,4,1646375291299,0.339,-0.309,-0.889,0.113,0.079,0.005
AIRPOT,1646375292583,1646375291299,4,1646375291299,0.297,-0.378,-0.877,0.107,0.088,-0.024
AIRPOT,1646375292631,1646375291347,4,1646375291347,0.243,-0.439,-0.865,0.113,0.113,-0.014
AIRPOT,1646375292722,1646375291438,4,1646375291438,0.179,-0.490,-0.853,0.074,0.107,-0.041
AIRPOT,1646375292800,1646375291516,4,1646375291516,0.104,-0.532,-0.841,0.026,0.116,-0.034
AIRPOT,1646375292834,1646375291550,4,1646375291550,0.025,-0.562,-0.827,-0.006,0.108,0.028
AIRPOT,1646375292841,1646375291557,4,1646375291557,-0.043,-0.580,-0.814,-0.035,0.141,0.053
AIRPOT,1646375292843,1646375291559,4,1646375291559,-0.092,-0.587,-0.804,-0.067,0.190,0.022
AIRPOT,1646375292912,1646375291628,4,1646375291628,-0.122,-0.589,-0.799,-0.097,0.185,0.010
AIRPOT,1646375292917,1646375291633,4,1646375291633,-0.132,-0.590,-0.797,-0.106,0.146,-0.003
AIRPOT,1646375292918,1646375291634,4,1646375291634,-0.130,-0.596,-0.793,-0.089,0.109,-0.007
AIRPOT,1646375293020,1646375291736,4,1646375291736,-0.118,-0.604,-0.788,-0.073,0.070,-0.024
AIRPOT,1646375293020,1646375291736,4,1646375291736,-0.101,-0.611,-0.785,-0.066,0.029,-0.050
AIRPOT,1646375293118,1646375291834,4,1646375291834,-0.085,-0.612,-0.786,-0.058,0.028,-0.043
AIRPOT,1646375293119,1646375291835,4,1646375291835,-0.071,-0.609,-0.790,-0.027,0.022,-0.015
AIRPOT,1646375293229,1646375291945,4,1646375291945,-0.053,-0.601,-0.798,0.007,0.040,-0.014
AIRPOT,1646375293236,1646375291952,4,1646375291952,-0.034,-0.587,-0.809,-0.025,-0.019,-0.094
AIRPOT,1646375293334,1646375292050,4,1646375292050,-0.022,-0.568,-0.823,-0.042,-0.042,-0.089
AIRPOT,1646375293335,1646375292051,4,1646375292051,-0.020,-0.549,-0.836,0.015,-0.080,-0.021
AIRPOT,1646375293395,1646375292111,4,1646375292111,-0.014,-0.540,-0.842,0.014,-0.076,0.072
AIRPOT,1646375293396,1646375292112,4,1646375292112,-0.007,-0.542,-0.840,-0.021,-0.062,0.085
AIRPOT,1646375293486,1646375292202,4,1646375292202,-0.003,-0.554,-0.832,0.027,0.054,0.238
AIRPOT,1646375293486,1646375292202,4,1646375292202,0.013,-0.568,-0.823,0.037,0.045,0.237
AIRPOT,1646375293494,1646375292210,4,1646375292210,0.031,-0.586,-0.810,0.061,-0.014,0.199
AIRPOT,1646375293494,1646375292210,4,1646375292210,0.055,-0.607,-0.793,0.066,-0.108,0.100
AIRPOT,1646375293545,1646375292261,4,1646375292261,0.081,-0.623,-0.778,0.036,-0.203,-0.102
AIRPOT,1646375293597,1646375292313,4,1646375292313,0.092,-0.640,-0.763,0.013,-0.157,0.009
AIRPOT,1646375293707,1646375292423,4,1646375292423,0.101,-0.646,-0.757,-0.027,0.113,-0.040
AIRPOT,1646375293788,1646375292504,4,1646375292504,0.105,-0.625,-0.774,-0.046,0.120,-0.051
AIRPOT,1646375293840,1646375292556,4,1646375292556,0.103,-0.590,-0.801,0.002,-0.001,-0.137
AIRPOT,1646375293841,1646375292557,4,1646375292557,0.094,-0.556,-0.826,0.012,-0.086,-0.156
AIRPOT,1646375293848,1646375292564,4,1646375292564,0.080,-0.532,-0.843,0.041,0.037,-0.022
AIRPOT,1646375293849,1646375292565,4,1646375292565,0.078,-0.520,-0.851,0.038,0.085,0.107
AIRPOT,1646375293913,1646375292629,4,1646375292629,0.085,-0.520,-0.850,0.009,0.079,0.116
AIRPOT,1646375293913,1646375292629,4,1646375292629,0.090,-0.527,-0.845,0.032,0.045,0.114
AIRPOT,1646375294024,1646375292740,4,1646375292740,0.098,-0.543,-0.834,0.091,-0.002,0.121
AIRPOT,1646375294025,1646375292741,4,1646375292741,0.117,-0.561,-0.819,0.139,-0.020,-0.068
AIRPOT,1646375294110,1646375292826,4,1646375292826,0.141,-0.573,-0.808,0.119,-0.036,-0.081
AIRPOT,1646375294141,1646375292857,4,1646375292857,0.150,-0.573,-0.806,-0.008,-0.058,-0.099
AIRPOT,1646375294248,1646375292964,4,1646375292964,0.136,-0.564,-0.814,-0.044,-0.020,-0.065
AIRPOT,1646375294249,1646375292965,4,1646375292965,0.112,-0.548,-0.829,-0.034,0.016,-0.027
AIRPOT,1646375294380,1646375293096,4,1646375293096,0.093,-0.534,-0.841,-0.011,-0.002,0.028
AIRPOT,1646375294434,1646375293150,4,1646375293150,0.085,-0.534,-0.841,-0.030,-0.037,0.028
AIRPOT,1646375294497,1646375293213,4,1646375293212,0.078,-0.543,-0.836,-0.047,-0.016,0.002
AIRPOT,1646375294497,1646375293213,4,1646375293213,0.069,-0.553,-0.830,-0.027,0.009,0.011
AIRPOT,1646375294611,1646375293327,4,1646375293327,0.062,-0.556,-0.829,-0.028,-0.009,-0.003
AIRPOT,1646375294612,1646375293328,4,1646375293328,0.054,-0.555,-0.830,-0.017,0.009,0.004
AIRPOT,1646375294683,1646375293399,4,1646375293399,0.049,-0.551,-0.833,-0.001,0.014,0.033
AIRPOT,1646375294683,1646375293399,4,1646375293399,0.043,-0.549,-0.835,-0.004,-0.013,0.012
AIRPOT,1646375294717,1646375293433,4,1646375293433,0.037,-0.549,-0.835,-0.006,0.009,0.010
AIRPOT,1646375294773,1646375293489,4,1646375293489,0.036,-0.548,-0.836,-0.001,-0.013,0.013
AIRPOT,1646375294928,1646375293644,4,1646375293644,0.050,-0.550,-0.834,0.023,0.029,-0.005
AIRPOT,1646375294929,1646375293645,4,1646375293645,0.057,-0.549,-0.834,0.019,0.019,-0.037
AIRPOT,1646375295029,1646375293745,4,1646375293745,0.060,-0.546,-0.836,0.026,0.020,-0.008
AIRPOT,1646375295030,1646375293746,4,1646375293746,0.062,-0.543,-0.837,0.029,0.005,0.004
AIRPOT,1646375295043,1646375293759,4,1646375293759,0.065,-0.543,-0.837,0.001,-0.008,0.007
AIRPOT,1646375295044,1646375293760,4,1646375293760,0.068,-0.544,-0.836,-0.001,-0.025,-0.001
AIRPOT,1646375295098,1646375293814,4,1646375293814,0.073,-0.549,-0.833,0.018,0.036,0.020
AIRPOT,1646375295099,1646375293815,4,1646375293815,0.080,-0.548,-0.832,0.023,0.006,-0.001
AIRPOT,1646375295148,1646375293864,4,1646375293864,0.089,-0.547,-0.832,0.054,0.029,0.016
AIRPOT,1646375295148,1646375293864,4,1646375293864,0.100,-0.544,-0.833,0.054,0.020,-0.011
AIRPOT,1646375295210,1646375293926,4,1646375293926,0.106,-0.541,-0.835,0.047,-0.013,-0.031
AIRPOT,1646375295211,1646375293927,4,1646375293927,0.106,-0.540,-0.835,0.035,-0.022,-0.004
AIRPOT,1646375295283,1646375293999,4,1646375293999,0.103,-0.542,-0.834,0.022,-0.011,-0.001
AIRPOT,1646375295283,1646375293999,4,1646375293999,0.098,-0.545,-0.833,0.009,-0.005,0.001
AIRPOT,1646375295341,1646375294057,4,1646375294057,0.092,-0.547,-0.832,0.000,0.001,0.010
AIRPOT,1646375295377,1646375294093,4,1646375294093,0.087,-0.548,-0.832,-0.019,-0.005,0.007
AIRPOT,1646375295526,1646375294242,4,1646375294242,0.083,-0.550,-0.831,-0.016,0.006,0.014
AIRPOT,1646375295526,1646375294242,4,1646375294242,0.080,-0.552,-0.830,-0.010,0.009,0.003
AIRPOT,1646375295636,1646375294352,4,1646375294352,0.077,-0.554,-0.829,-0.011,0.009,-0.004
AIRPOT,1646375295637,1646375294353,4,1646375294353,0.074,-0.554,-0.829,-0.010,0.001,0.003
AIRPOT,1646375295722,1646375294438,4,1646375294438,0.072,-0.554,-0.829,-0.005,-0.009,0.010
AIRPOT,1646375295768,1646375294484,4,1646375294484,0.071,-0.556,-0.828,-0.001,-0.003,0.014
AIRPOT,1646375295946,1646375294662,4,1646375294662,0.070,-0.558,-0.827,-0.003,-0.000,0.005
AIRPOT,1646375295946,1646375294662,4,1646375294662,0.070,-0.559,-0.826,0.002,-0.001,0.011
AIRPOT,1646375295996,1646375294712,4,1646375294712,0.071,-0.560,-0.826,0.004,-0.003,0.002
AIRPOT,1646375296005,1646375294721,4,1646375294721,0.071,-0.561,-0.824,0.006,-0.010,0.008
AIRPOT,1646375296180,1646375294896,4,1646375294896,0.073,-0.563,-0.823,0.004,0.001,0.001
AIRPOT,1646375296182,1646375294898,4,1646375294898,0.074,-0.563,-0.823,0.005,-0.009,-0.016
AIRPOT,1646375296241,1646375294957,4,1646375294957,0.073,-0.563,-0.823,0.002,-0.028,-0.051
AIRPOT,1646375296245,1646375294961,4,1646375294961,0.070,-0.562,-0.824,0.001,0.000,-0.000
AIRPOT,1646375296297,1646375295013,4,1646375295013,0.067,-0.562,-0.824,0.005,0.012,0.025
AIRPOT,1646375296298,1646375295014,4,1646375295014,0.066,-0.563,-0.823,0.003,0.023,0.043
AIRPOT,1646375296304,1646375295020,4,1646375295020,0.068,-0.575,-0.815,-0.002,0.014,0.014
AIRPOT,1646375296355,1646375295071,4,1646375295071,0.067,-0.579,-0.812,0.004,0.011,0.021
AIRPOT,1646375296365,1646375295081,4,1646375295081,0.067,-0.583,-0.809,-0.001,-0.000,0.010
AIRPOT,1646375296365,1646375295081,4,1646375295081,0.069,-0.587,-0.807,-0.001,-0.002,-0.007
AIRPOT,1646375296432,1646375295148,4,1646375295148,0.070,-0.591,-0.804,-0.002,-0.003,-0.017
AIRPOT,1646375296481,1646375295197,4,1646375295197,0.071,-0.595,-0.800,0.006,-0.006,-0.014
AIRPOT,1646375296498,1646375295214,4,1646375295214,0.073,-0.600,-0.797,0.004,-0.005,-0.015
AIRPOT,1646375296569,1646375295285,4,1646375295285,0.074,-0.603,-0.794,-0.004,0.021,0.044
AIRPOT,1646375296688,1646375295404,4,1646375295404,0.074,-0.604,-0.793,0.001,0.019,0.066
AIRPOT,1646375296689,1646375295405,4,1646375295405,0.076,-0.606,-0.792,0.001,0.000,0.064
AIRPOT,1646375296749,1646375295465,4,1646375295465,0.078,-0.610,-0.788,0.005,-0.011,0.035
AIRPOT,1646375296865,1646375295581,4,1646375295581,0.081,-0.614,-0.785,0.006,-0.022,0.016
AIRPOT,1646375297002,1646375295718,4,1646375295718,0.084,-0.616,-0.783,0.004,-0.031,-0.030
AIRPOT,1646375297003,1646375295719,4,1646375295719,0.087,-0.616,-0.783,0.001,-0.031,-0.053
AIRPOT,1646375297017,1646375295733,4,1646375295733,0.087,-0.614,-0.785,-0.007,-0.022,-0.034
AIRPOT,1646375297017,1646375295733,4,1646375295733,0.085,-0.610,-0.788,-0.012,-0.001,0.005
AIRPOT,1646375297067,1646375295783,4,1646375295783,0.089,-0.609,-0.788,-0.003,-0.001,-0.026
AIRPOT,1646375297067,1646375295783,4,1646375295783,0.091,-0.610,-0.787,-0.001,-0.014,-0.026
AIRPOT,1646375297133,1646375295849,4,1646375295849,0.093,-0.610,-0.787,-0.006,-0.015,-0.023
AIRPOT,1646375297135,1646375295851,4,1646375295851,0.094,-0.611,-0.786,0.007,-0.003,-0.001
AIRPOT,1646375297184,1646375295900,4,1646375295900,0.096,-0.611,-0.786,0.001,-0.009,-0.009
AIRPOT,1646375297185,1646375295901,4,1646375295901,0.096,-0.612,-0.785,0.004,0.019,0.024
AIRPOT,1646375297251,1646375295967,4,1646375295967,0.097,-0.612,-0.785,0.002,-0.004,0.004
AIRPOT,1646375297252,1646375295968,4,1646375295968,0.098,-0.612,-0.785,0.006,0.014,0.042
AIRPOT,1646375297268,1646375295984,4,1646375295984,0.100,-0.613,-0.784,0.007,0.014,0.035
AIRPOT,1646375297322,1646375296038,4,1646375296038,0.103,-0.613,-0.783,0.013,-0.000,0.026
AIRPOT,1646375297373,1646375296089,4,1646375296089,0.105,-0.614,-0.783,0.018,-0.019,-0.009
AIRPOT,1646375297502,1646375296218,4,1646375296218,0.106,-0.613,-0.783,0.015,-0.030,-0.054
AIRPOT,1646375297502,1646375296218,4,1646375296218,0.104,-0.610,-0.786,0.011,-0.013,-0.034
AIRPOT,1646375297510,1646375296226,4,1646375296226,0.100,-0.605,-0.790,0.000,-0.012,-0.033
AIRPOT,1646375297567,1646375296283,4,1646375296283,0.095,-0.602,-0.793,-0.001,0.020,0.037
AIRPOT,1646375297568,1646375296284,4,1646375296284,0.091,-0.602,-0.793,-0.007,0.010,0.067
AIRPOT,1646375297667,1646375296383,4,1646375296383,0.089,-0.604,-0.792,-0.015,0.030,0.055
AIRPOT,1646375297688,1646375296404,4,1646375296404,0.087,-0.606,-0.791,-0.011,0.014,0.039
AIRPOT,1646375297688,1646375296404,4,1646375296404,0.087,-0.606,-0.790,-0.007,-0.000,-0.005
AIRPOT,1646375297735,1646375296451,4,1646375296451,0.087,-0.606,-0.791,-0.002,0.013,0.009
AIRPOT,1646375297860,1646375296576,4,1646375296576,0.087,-0.607,-0.790,-0.003,0.044,0.047
AIRPOT,1646375297860,1646375296576,4,1646375296576,0.088,-0.608,-0.789,0.007,0.049,0.055
AIRPOT,1646375297914,1646375296630,4,1646375296630,0.092,-0.610,-0.787,0.010,0.016,0.030
AIRPOT,1646375297921,1646375296637,4,1646375296637,0.097,-0.614,-0.784,0.014,-0.008,-0.004
AIRPOT,1646375297969,1646375296685,4,1646375296685,0.100,-0.617,-0.781,0.011,-0.034,-0.036
AIRPOT,1646375297970,1646375296686,4,1646375296686,0.102,-0.619,-0.779,0.018,-0.030,-0.046
AIRPOT,1646375298019,1646375296735,4,1646375296735,0.102,-0.619,-0.779,0.004,-0.033,-0.051
AIRPOT,1646375298026,1646375296742,4,1646375296742,0.099,-0.618,-0.780,0.001,-0.026,-0.025
AIRPOT,1646375298086,1646375296802,4,1646375296802,0.096,-0.617,-0.781,-0.007,0.005,0.020
AIRPOT,1646375298153,1646375296869,4,1646375296869,0.093,-0.616,-0.782,-0.008,0.027,0.045
AIRPOT,1646375298245,1646375296961,4,1646375296961,0.094,-0.617,-0.782,-0.007,-0.007,-0.011
AIRPOT,1646375298246,1646375296962,4,1646375296962,0.094,-0.618,-0.781,-0.006,-0.016,-0.028
AIRPOT,1646375298257,1646375296973,4,1646375296973,0.093,-0.618,-0.781,-0.007,-0.001,-0.011
AIRPOT,1646375298362,1646375297078,4,1646375297078,0.091,-0.618,-0.781,-0.011,-0.004,-0.008
AIRPOT,1646375298413,1646375297129,4,1646375297129,0.089,-0.618,-0.781,-0.003,0.007,0.012
AIRPOT,1646375298414,1646375297130,4,1646375297130,0.091,-0.619,-0.780,-0.010,-0.016,-0.041
AIRPOT,1646375298463,1646375297179,4,1646375297179,0.091,-0.620,-0.779,-0.007,-0.014,-0.042
AIRPOT,1646375298464,1646375297180,4,1646375297180,0.091,-0.620,-0.779,-0.003,-0.006,-0.018
AIRPOT,1646375298556,1646375297272,4,1646375297272,0.089,-0.619,-0.780,-0.002,0.009,0.036
AIRPOT,1646375298556,1646375297272,4,1646375297272,0.090,-0.619,-0.781,-0.002,0.009,0.013
AIRPOT,1646375298607,1646375297323,4,1646375297323,0.091,-0.619,-0.780,0.003,0.044,0.082
AIRPOT,1646375298622,1646375297338,4,1646375297338,0.096,-0.620,-0.779,0.009,0.007,0.024
AIRPOT,1646375298684,1646375297400,4,1646375297400,0.099,-0.621,-0.777,0.013,-0.006,-0.000
AIRPOT,1646375298708,1646375297424,4,1646375297424,0.102,-0.623,-0.775,0.022,-0.031,-0.035
AIRPOT,1646375298790,1646375297506,4,1646375297506,0.103,-0.623,-0.775,0.013,-0.047,-0.067
AIRPOT,1646375298834,1646375297550,4,1646375297550,0.101,-0.622,-0.777,0.007,-0.009,-0.005
AIRPOT,1646375298880,1646375297596,4,1646375297596,0.098,-0.619,-0.779,-0.003,0.003,0.010
AIRPOT,1646375298975,1646375297691,4,1646375297691,0.094,-0.618,-0.781,0.001,0.015,0.070
AIRPOT,1646375299066,1646375297782,4,1646375297782,0.092,-0.619,-0.780,-0.005,0.027,0.080
AIRPOT,1646375299124,1646375297840,4,1646375297840,0.091,-0.622,-0.778,-0.011,0.009,0.043
AIRPOT,1646375299163,1646375297879,4,1646375297879,0.091,-0.622,-0.778,-0.011,-0.007,0.008
AIRPOT,1646375299211,1646375297927,4,1646375297927,0.090,-0.621,-0.779,-0.007,-0.005,-0.004
AIRPOT,1646375299243,1646375297959,4,1646375297959,0.089,-0.619,-0.781,-0.003,0.016,0.026
AIRPOT,1646375299364,1646375298080,4,1646375298080,0.089,-0.618,-0.781,0.002,0.017,0.031
AIRPOT,1646375299417,1646375298133,4,1646375298133,0.090,-0.618,-0.781,-0.005,0.019,0.008
AIRPOT,1646375299418,1646375298134,4,1646375298134,0.092,-0.617,-0.781,-0.004,-0.004,-0.033
AIRPOT,1646375299476,1646375298192,4,1646375298192,0.092,-0.616,-0.782,0.001,0.007,0.016
AIRPOT,1646375299476,1646375298192,4,1646375298192,0.092,-0.617,-0.781,0.002,0.007,0.025
AIRPOT,1646375299592,1646375298308,4,1646375298308,0.095,-0.622,-0.777,0.003,-0.037,-0.055
AIRPOT,1646375299593,1646375298309,4,1646375298309,0.093,-0.620,-0.779,-0.001,-0.010,-0.027
AIRPOT,1646375299594,1646375298310,4,1646375298310,0.092,-0.617,-0.782,-0.007,0.017,-0.007
AIRPOT,1646375299597,1646375298313,4,1646375298313,0.092,-0.613,-0.785,-0.008,0.016,-0.014
AIRPOT,1646375299665,1646375298381,4,1646375298381,0.093,-0.611,-0.786,-0.004,0.012,-0.006
AIRPOT,1646375299666,1646375298382,4,1646375298382,0.093,-0.611,-0.786,-0.006,-0.002,-0.030
AIRPOT,1646375299720,1646375298436,4,1646375298436,0.092,-0.611,-0.787,-0.008,-0.014,-0.044
AIRPOT,1646375299724,1646375298440,4,1646375298440,0.090,-0.612,-0.786,-0.001,0.002,0.013
AIRPOT,1646375299779,1646375298495,4,1646375298495,0.090,-0.614,-0.784,0.002,0.024,0.036
AIRPOT,1646375299780,1646375298496,4,1646375298496,0.094,-0.615,-0.783,-0.003,-0.034,-0.062
AIRPOT,1646375299894,1646375298610,4,1646375298610,0.093,-0.616,-0.783,0.007,-0.004,-0.018
AIRPOT,1646375299894,1646375298610,4,1646375298610,0.092,-0.615,-0.783,0.003,-0.019,-0.024
AIRPOT,1646375299911,1646375298627,4,1646375298627,0.089,-0.613,-0.785,0.005,0.001,0.031
AIRPOT,1646375299965,1646375298681,4,1646375298681,0.088,-0.614,-0.785,-0.000,0.004,0.043
AIRPOT,1646375300011,1646375298727,4,1646375298727,0.089,-0.616,-0.783,0.000,0.018,0.056
AIRPOT,1646375300060,1646375298776,4,1646375298776,0.090,-0.618,-0.781,-0.005,-0.002,0.013
AIRPOT,1646375300154,1646375298870,4,1646375298870,0.091,-0.619,-0.780,-0.001,-0.034,-0.026
AIRPOT,1646375300155,1646375298871,4,1646375298871,0.091,-0.619,-0.780,0.003,-0.024,-0.024
AIRPOT,1646375300194,1646375298910,4,1646375298910,0.091,-0.617,-0.782,-0.009,-0.000,-0.024
AIRPOT,1646375300297,1646375299013,4,1646375299013,0.089,-0.614,-0.784,-0.002,0.031,0.048
AIRPOT,1646375300396,1646375299112,4,1646375299112,0.089,-0.613,-0.785,0.000,0.035,0.081
AIRPOT,1646375300396,1646375299112,4,1646375299112,0.091,-0.614,-0.784,0.001,0.010,0.045
AIRPOT,1646375300446,1646375299162,4,1646375299162,0.094,-0.617,-0.782,0.008,-0.008,0.020
AIRPOT,1646375300496,1646375299212,4,1646375299212,0.097,-0.618,-0.780,-0.000,-0.004,-0.010
AIRPOT,1646375300630,1646375299346,4,1646375299346,0.096,-0.605,-0.791,0.005,0.031,0.060
AIRPOT,1646375300670,1646375299386,4,1646375299386,0.095,-0.600,-0.794,0.007,0.022,0.071
AIRPOT,1646375300682,1646375299398,4,1646375299398,0.095,-0.597,-0.797,0.011,-0.034,0.004
AIRPOT,1646375300683,1646375299399,4,1646375299399,0.094,-0.595,-0.798,0.013,-0.026,-0.013
AIRPOT,1646375300721,1646375299437,4,1646375299437,0.090,-0.593,-0.800,-0.001,-0.017,-0.049
AIRPOT,1646375300817,1646375299533,4,1646375299533,0.086,-0.591,-0.802,-0.005,-0.003,-0.044
AIRPOT,1646375301022,1646375299738,4,1646375299738,0.082,-0.590,-0.803,0.000,0.007,0.015
AIRPOT,1646375301033,1646375299749,4,1646375299749,0.081,-0.590,-0.804,-0.010,0.029,0.028
AIRPOT,1646375301215,1646375299931,4,1646375299931,0.080,-0.588,-0.805,-0.008,0.021,0.006
AIRPOT,1646375301217,1646375299933,4,1646375299933,0.080,-0.586,-0.806,-0.003,-0.005,-0.029
AIRPOT,1646375301332,1646375300048,4,1646375300048,0.080,-0.584,-0.808,-0.005,0.009,-0.014
AIRPOT,1646375301400,1646375300116,4,1646375300116,0.079,-0.582,-0.809,-0.008,-0.001,-0.011
AIRPOT,1646375301638,1646375300354,4,1646375300354,0.077,-0.569,-0.819,-0.005,0.009,-0.011
AIRPOT,1646375301818,1646375300534,4,1646375300534,0.078,-0.565,-0.822,-0.008,-0.044,-0.059
AIRPOT,1646375301828,1646375300544,4,1646375300544,0.075,-0.551,-0.831,-0.013,0.035,0.053
AIRPOT,1646375301864,1646375300580,4,1646375300580,0.077,-0.547,-0.833,0.004,0.025,0.055
AIRPOT,1646375301937,1646375300653,4,1646375300653,0.087,-0.532,-0.842,-0.001,0.008,0.061
AIRPOT,1646375301938,1646375300654,4,1646375300654,0.087,-0.533,-0.842,0.003,0.026,0.072
AIRPOT,1646375301974,1646375300690,4,1646375300690,0.087,-0.542,-0.836,-0.005,-0.004,0.007
AIRPOT,1646375302023,1646375300739,4,1646375300739,0.086,-0.545,-0.834,-0.002,-0.008,0.012
AIRPOT,1646375302072,1646375300788,4,1646375300788,0.086,-0.548,-0.832,-0.006,-0.017,-0.034
AIRPOT,1646375302076,1646375300792,4,1646375300792,0.085,-0.549,-0.831,-0.007,-0.030,-0.062
AIRPOT,1646375302262,1646375300978,4,1646375300978,0.082,-0.549,-0.832,-0.009,-0.024,-0.064
AIRPOT,1646375302270,1646375300986,4,1646375300986,0.078,-0.547,-0.834,-0.010,0.011,-0.016
AIRPOT,1646375302275,1646375300991,4,1646375300991,0.077,-0.545,-0.835,-0.006,0.023,0.026
AIRPOT,1646375302387,1646375301103,4,1646375301103,0.079,-0.544,-0.835,-0.004,0.025,0.008
AIRPOT,1646375302520,1646375301236,4,1646375301236,0.080,-0.544,-0.836,-0.007,-0.008,-0.053
AIRPOT,1646375302522,1646375301238,4,1646375301238,0.077,-0.543,-0.836,-0.001,-0.003,-0.029
AIRPOT,1646375302721,1646375301437,4,1646375301437,0.076,-0.544,-0.836,-0.001,-0.006,-0.020
AIRPOT,1646375302721,1646375301437,4,1646375301437,0.075,-0.545,-0.835,-0.004,-0.006,-0.013
AIRPOT,1646375302744,1646375301460,4,1646375301460,0.077,-0.553,-0.830,0.003,-0.011,-0.029
AIRPOT,1646375302793,1646375301509,4,1646375301509,0.075,-0.555,-0.829,-0.003,-0.007,-0.034
AIRPOT,1646375302845,1646375301561,4,1646375301561,0.075,-0.564,-0.823,-0.001,0.034,0.062
AIRPOT,1646375302896,1646375301612,4,1646375301612,0.078,-0.567,-0.820,-0.004,-0.015,-0.034
AIRPOT,1646375303017,1646375301733,4,1646375301733,0.079,-0.575,-0.814,0.001,0.005,-0.006
AIRPOT,1646375303024,1646375301740,4,1646375301740,0.079,-0.577,-0.813,-0.006,-0.006,-0.001
AIRPOT,1646375303179,1646375301895,4,1646375301895,0.078,-0.580,-0.811,0.001,0.021,0.053
AIRPOT,1646375303191,1646375301907,4,1646375301907,0.078,-0.584,-0.808,0.002,0.011,0.064
AIRPOT,1646375303217,1646375301933,4,1646375301933,0.079,-0.593,-0.801,0.006,-0.022,0.012
AIRPOT,1646375303273,1646375301989,4,1646375301989,0.078,-0.594,-0.801,0.004,0.002,0.043
AIRPOT,1646375303378,1646375302094,4,1646375302094,0.076,-0.594,-0.801,-0.002,0.015,0.035
AIRPOT,1646375303383,1646375302099,4,1646375302099,0.077,-0.594,-0.801,-0.006,-0.022,-0.031
AIRPOT,1646375303390,1646375302106,4,1646375302106,0.074,-0.587,-0.806,0.001,0.000,-0.002
AIRPOT,1646375303488,1646375302204,4,1646375302204,0.072,-0.585,-0.808,-0.004,0.042,0.064
AIRPOT,1646375303674,1646375302390,4,1646375302390,0.073,-0.584,-0.809,-0.011,0.009,0.010
AIRPOT,1646375303674,1646375302390,4,1646375302390,0.074,-0.584,-0.809,0.002,-0.002,-0.011
AIRPOT,1646375303715,1646375302431,4,1646375302431,0.078,-0.581,-0.810,-0.002,0.008,-0.042
AIRPOT,1646375303717,1646375302433,4,1646375302433,0.077,-0.577,-0.813,-0.004,0.007,-0.017
AIRPOT,1646375303886,1646375302602,4,1646375302602,0.074,-0.574,-0.816,-0.001,0.016,0.020
AIRPOT,1646375303940,1646375302656,4,1646375302656,0.074,-0.573,-0.816,-0.001,0.002,0.012
AIRPOT,1646375303946,1646375302662,4,1646375302662,0.075,-0.580,-0.811,-0.008,-0.008,-0.031
AIRPOT,1646375303949,1646375302665,4,1646375302665,0.073,-0.581,-0.811,0.003,0.007,0.033
AIRPOT,1646375304051,1646375302767,4,1646375302767,0.075,-0.587,-0.806,0.001,0.013,0.028
AIRPOT,1646375304168,1646375302884,4,1646375302884,0.077,-0.590,-0.804,-0.001,-0.011,-0.020
AIRPOT,1646375304179,1646375302895,4,1646375302895,0.078,-0.593,-0.801,0.001,-0.017,-0.016
AIRPOT,1646375304331,1646375303047,4,1646375303047,0.076,-0.593,-0.801,-0.001,-0.005,0.005
AIRPOT,1646375304476,1646375303192,4,1646375303192,0.075,-0.593,-0.802,-0.008,0.008,0.025
AIRPOT,1646375304570,1646375303286,4,1646375303286,0.074,-0.593,-0.801,-0.002,0.017,0.055
AIRPOT,1646375304680,1646375303396,4,1646375303396,0.078,-0.599,-0.797,-0.004,-0.006,0.016
AIRPOT,1646375304857,1646375303573,4,1646375303573,0.079,-0.600,-0.796,-0.006,-0.008,-0.008
AIRPOT,1646375304912,1646375303628,4,1646375303628,0.082,-0.602,-0.794,0.002,0.020,0.057
AIRPOT,1646375304913,1646375303629,4,1646375303629,0.084,-0.605,-0.792,-0.008,0.013,0.029
AIRPOT,1646375305066,1646375303782,4,1646375303782,0.092,-0.607,-0.790,0.010,-0.011,0.011
AIRPOT,1646375305068,1646375303784,4,1646375303784,0.094,-0.608,-0.788,0.008,-0.006,-0.011
AIRPOT,1646375305111,1646375303827,4,1646375303827,0.086,-0.600,-0.795,-0.010,-0.017,-0.026
AIRPOT,1646375305133,1646375303849,4,1646375303849,0.082,-0.600,-0.796,-0.008,0.017,0.014
AIRPOT,1646375305338,1646375304054,4,1646375304054,0.081,-0.599,-0.796,-0.010,0.016,-0.005
AIRPOT,1646375305387,1646375304103,4,1646375304103,0.081,-0.598,-0.797,-0.007,-0.008,-0.020
AIRPOT,1646375305407,1646375304123,4,1646375304123,0.083,-0.600,-0.796,0.001,-0.003,0.012
AIRPOT,1646375305498,1646375304214,4,1646375304214,0.083,-0.601,-0.795,0.001,0.001,0.017
AIRPOT,1646375305554,1646375304270,4,1646375304270,0.084,-0.604,-0.793,-0.002,-0.004,0.029
AIRPOT,1646375305556,1646375304272,4,1646375304272,0.086,-0.606,-0.791,0.000,0.016,0.022
AIRPOT,1646375305616,1646375304332,4,1646375304332,0.084,-0.608,-0.789,-0.003,0.011,0.033
AIRPOT,1646375305617,1646375304333,4,1646375304333,0.082,-0.609,-0.789,-0.006,0.014,0.048
AIRPOT,1646375305668,1646375304384,4,1646375304384,0.082,-0.610,-0.788,-0.002,0.011,0.040
AIRPOT,1646375305732,1646375304448,4,1646375304448,0.084,-0.612,-0.786,-0.004,0.004,0.014
AIRPOT,1646375305777,1646375304493,4,1646375304493,0.084,-0.613,-0.786,-0.001,0.001,0.002
AIRPOT,1646375305822,1646375304538,4,1646375304538,0.084,-0.613,-0.786,-0.001,0.011,0.020
AIRPOT,1646375306004,1646375304720,4,1646375304720,0.084,-0.613,-0.786,0.003,0.024,0.052
AIRPOT,1646375306066,1646375304782,4,1646375304782,0.085,-0.614,-0.785,0.001,0.018,0.040
AIRPOT,1646375306118,1646375304834,4,1646375304834,0.087,-0.616,-0.783,0.004,-0.021,-0.023
AIRPOT,1646375306120,1646375304836,4,1646375304836,0.087,-0.618,-0.782,0.004,-0.016,-0.014
AIRPOT,1646375306311,1646375305027,4,1646375305027,0.088,-0.617,-0.782,0.002,0.001,-0.010
AIRPOT,1646375306318,1646375305034,4,1646375305034,0.088,-0.616,-0.783,0.003,-0.000,0.001
AIRPOT,1646375306408,1646375305124,4,1646375305124,0.089,-0.614,-0.784,-0.006,-0.013,-0.038
AIRPOT,1646375306409,1646375305125,4,1646375305125,0.085,-0.612,-0.787,-0.009,0.005,0.009
AIRPOT,1646375306467,1646375305183,4,1646375305183,0.080,-0.609,-0.789,-0.017,-0.004,0.000
AIRPOT,1646375306468,1646375305184,4,1646375305184,0.080,-0.610,-0.789,-0.014,0.011,0.004
AIRPOT,1646375306527,1646375305243,4,1646375305243,0.082,-0.609,-0.789,0.004,-0.001,0.002
AIRPOT,1646375306534,1646375305250,4,1646375305250,0.082,-0.609,-0.789,0.002,0.013,0.033
AIRPOT,1646375306585,1646375305301,4,1646375305301,0.083,-0.609,-0.789,-0.003,0.027,0.042
AIRPOT,1646375306644,1646375305360,4,1646375305360,0.084,-0.610,-0.788,0.004,0.037,0.061
AIRPOT,1646375306752,1646375305468,4,1646375305468,0.087,-0.610,-0.788,0.011,-0.000,0.002
AIRPOT,1646375306761,1646375305477,4,1646375305477,0.089,-0.610,-0.787,0.019,-0.032,-0.023
AIRPOT,1646375306813,1646375305529,4,1646375305529,0.090,-0.610,-0.787,0.010,-0.021,-0.044
AIRPOT,1646375306817,1646375305533,4,1646375305533,0.088,-0.608,-0.789,0.009,-0.005,-0.009
AIRPOT,1646375306957,1646375305673,4,1646375305673,0.085,-0.607,-0.790,0.001,0.003,0.013
AIRPOT,1646375306960,1646375305676,4,1646375305676,0.083,-0.606,-0.791,-0.003,0.029,0.036
AIRPOT,1646375307277,1646375305993,4,1646375305993,0.081,-0.607,-0.791,-0.004,0.015,0.050
AIRPOT,1646375307279,1646375305995,4,164637534,-0.018,-0.035,0.009,-0.004,-0.012,0.005,103
AIRPOT,1646375307388,1646375306104,4,1646375306104,0.082,-0.610,-0.789,-0.006,-0.024,-0.032
AIRPOT,1646375307607,1646375306323,4,1646375306323,0.082,-0.615,-0.784,0.001,-0.013,-0.002
AIRPOT,1646375307707,1646375306423,4,1646375306423,0.084,-0.618,-0.782,-0.001,-0.018,-0.021
AIRPOT,1646375307759,1646375306475,4,1646375306475,0.089,-0.622,-0.778,0.002,-0.015,-0.018
AIRPOT,1646375307759,1646375306475,4,1646375306475,0.090,-0.622,-0.778,0.003,0.008,0.017
AIRPOT,1646375307818,1646375306534,4,1646375306534,0.092,-0.613,-0.785,0.001,0.004,-0.018
AIRPOT,1646375307821,1646375306537,4,1646375306537,0.091,-0.612,-0.786,-0.009,-0.002,-0.028
AIRPOT,1646375308023,1646375306739,4,1646375306739,0.084,-0.611,-0.787,-0.010,0.001,-0.006
AIRPOT,1646375308025,1646375306741,4,1646375306741,0.081,-0.612,-0.787,-0.016,-0.002,-0.001
AIRPOT,1646375308167,1646375306883,4,1646375306883,0.080,-0.615,-0.785,-0.013,0.007,0.023
AIRPOT,1646375308232,1646375306948,4,1646375306948,0.080,-0.616,-0.784,-0.013,0.011,0.004
AIRPOT,1646375308296,1646375307012,4,1646375307012,0.081,-0.617,-0.783,-0.001,-0.011,0.003
AIRPOT,1646375308298,1646375307014,4,1646375307014,0.082,-0.619,-0.781,0.004,0.022,0.051
AIRPOT,1646375308394,1646375307110,4,1646375307110,0.087,-0.623,-0.777,0.001,0.002,0.008
AIRPOT,1646375308445,1646375307161,4,1646375307161,0.086,-0.623,-0.778,-0.009,0.018,0.022
AIRPOT,1646375308529,1646375307245,4,1646375307245,0.086,-0.627,-0.774,-0.003,0.010,0.013
AIRPOT,1646375308532,1646375307248,4,1646375307248,0.088,-0.628,-0.773,-0.003,0.013,0.014
AIRPOT,1646375308594,1646375307310,4,1646375307310,0.089,-0.629,-0.772,-0.003,0.015,0.030
AIRPOT,1646375308699,1646375307415,4,1646375307415,0.091,-0.630,-0.771,0.002,0.015,0.045
AIRPOT,1646375308754,1646375307470,4,1646375307470,0.093,-0.632,-0.769,0.002,-0.004,0.003
AIRPOT,1646375308760,1646375307476,4,1646375307476,0.095,-0.634,-0.767,0.003,-0.010,-0.012
AIRPOT,1646375308783,1646375307499,4,1646375307499,0.097,-0.636,-0.766,0.002,-0.014,-0.012
AIRPOT,1646375308786,1646375307502,4,1646375307502,0.098,-0.637,-0.765,-0.002,-0.020,-0.025
AIRPOT,1646375308894,1646375307610,4,1646375307610,0.101,-0.635,-0.766,0.000,-0.004,-0.012
AIRPOT,1646375309053,1646375307769,4,1646375307769,0.100,-0.632,-0.768,0.004,0.009,-0.005
AIRPOT,1646375309119,1646375307835,4,1646375307835,0.100,-0.629,-0.771,0.005,-0.013,-0.020
AIRPOT,1646375309177,1646375307893,4,1646375307893,0.099,-0.628,-0.772,0.005,0.010,0.007
AIRPOT,1646375309235,1646375307951,4,1646375307951,0.098,-0.627,-0.773,-0.002,-0.004,-0.018
AIRPOT,1646375309237,1646375307953,4,1646375307953,0.097,-0.625,-0.774,0.000,-0.009,-0.017
AIRPOT,164637546375309499,164637546375308215,4,1646375308215,0.085,-0.622,-0.778,0.001,0.014,0.043
AIRPOT,1646375309416,1646375308132,4,1646375308132,0.087,-0.619,-0.781,-0.006,0.015,0.022
AIRPOT,1646375309467,1646375308183,4,1646375308183,0.085,-0.620,-0.780,-0.008,-0.004,0.006
AIRPOT,1445,161,-0.154,-0.003,0.002,0.007,103
AIRPOT,1646375309762,1646375308478,4,1646375308478,0.088,-0.622,-0.778,-0.006,0.015,0.006
AIRPOT,1646375309764,1646375308480,4,1646375308480,0.090,-0.622,-0.778,0.006,-0.006,-0.004
AIRPOT,1646375310089,1646375308805,4,1646375308805,0.088,-0.620,-0.780,0.000,-0.022,-0.023
AIRPOT,1646375310091,1646375308807,4,1646375308807,0.085,-0.618,-0.781,-0.008,0.021,0.013
AIRPOT,1646375310133,1646375308849,4,1646375308849,0.088,-0.619,-0.781,-0.004,0.016,0.026
AIRPOT,1646375310315,1646375309031,4,1646375309031,0.089,-0.621,-0.779,0.000,-0.004,0.006
AIRPOT,1646375310408,1646375309124,4,1646375309124,0.091,-0.638,-0.765,0.002,-0.041,-0.050
AIRPOT,1646375310409,1646375309125,4,1646375309125,0.092,-0.639,-0.764,0.004,-0.042,-0.040
AIRPOT,1646375310618,1646375309334,4,1646375309334,0.094,-0.636,-0.766,0.003,0.022,0.023
AIRPOT,1646375310717,1646375309433,4,1646375309433,0.099,-0.634,-0.767,0.011,-0.007,-0.015
AIRPOT,1646375310843,1646375309559,4,1646375309559,0.090,-0.624,-0.776,-0.007,-0.006,-0.015
AIRPOT,1646375310850,1646375309566,4,1646375309566,0.087,-0.624,-0.776,-0.009,-0.007,-0.016
AIRPOT,1646375310855,1646375309571,4,1646375309571,0.080,-0.623,-0.778,-0.001,0.016,0.043
AIRPOT,1646375310857,1646375309573,4,1646375309573,0.079,-0.622,-0.779,-0.013,0.014,0.019
AIRPOT,1646375310950,1646375309666,4,1646375309666,0.083,-0.623,-0.778,-0.000,-0.001,-0.003
AIRPOT,1646375310989,1646375309705,4,1646375309705,0.082,-0.623,-0.778,0.001,0.012,0.027
AIRPOT,1646375311203,1646375309919,4,1646375309919,0.081,-0.623,-0.778,-0.001,0.021,0.035
AIRPOT,1646375311268,1646375309984,4,1646375309984,0.081,-0.625,-0.776,-0.005,0.008,0.037
AIRPOT,1646375311319,1646375310035,4,1646375310035,0.081,-0.626,-0.775,-0.003,0.005,0.018
AIRPOT,1646375311321,1646375310037,4,1646375310037,0.081,-0.626,-0.775,-0.006,0.007,0.017
AIRPOT,1646375311358,1646375310074,4,1646375310074,0.083,-0.628,-0.774,-0.004,0.002,-0.001
AIRPOT,1646375311536,1646375310252,4,1646375310252,0.085,-0.626,-0.775,-0.002,-0.009,-0.033
AIRPOT,1646375311587,1646375310303,4,1646375310303,0.084,-0.625,-0.776,-0.009,0.026,0.038
AIRPOT,1646375311589,1646375310305,4,1646375310305,0.086,-0.626,-0.775,-0.006,0.012,0.025
AIRPOT,1646375311644,1646375310360,4,1646375310360,0.089,-0.628,-0.773,-0.003,-0.024,-0.040
AIRPOT,1646375311646,1646375310362,4,1646375310362,0.090,-0.628,-0.773,0.007,0.005,0.010
AIRPOT,1646375311704,1646375310420,4,1646375310420,0.088,-0.624,-0.777,0.000,0.010,-0.002
AIRPOT,1646375311706,1646375310422,4,1646375310422,0.087,-0.621,-0.779,-0.003,0.022,0.013
AIRPOT,1646375311823,1646375310539,4,1646375310539,0.086,-0.619,-0.781,0.000,-0.006,-0.012
AIRPOT,1646375311826,1646375310542,4,1646375310542,0.086,-0.619,-0.781,-0.000,-0.009,-0.023
AIRPOT,1646375311878,1646375310594,4,1646375310594,0.085,-0.620,-0.780,-0.005,0.003,-0.013
AIRPOT,1646375311880,1646375310596,4,1646375310596,0.085,-0.620,-0.780,-0.005,-0.013,-0.029
AIRPOT,1646375312009,1646375310725,4,1646375310725,0.083,-0.620,-0.780,-0.007,0.008,-0.009
AIRPOT,1646375312059,1646375310775,4,1646375310775,0.083,-0.619,-0.781,-0.003,-0.010,-0.028
AIRPOT,1646375312294,1646375311010,4,1646375311010,0.080,-0.618,-0.782,-0.007,-0.003,0.016
AIRPOT,1646375312297,1646375311013,4,1646375311013,0.080,-0.619,-0.781,-0.012,0.027,0.016
AIRPOT,1646375312359,1646375311075,4,1646375311075,0.079,-0.619,-0.781,-0.009,0.032,0.043
AIRPOT,1646375312409,1646375311125,4,1646375311125,0.082,-0.620,-0.780,0.005,0.007,0.023
AIRPOT,1646375312463,1646375311179,4,1646375311179,0.091,-0.631,-0.770,0.005,-0.032,-0.033
AIRPOT,1646375312466,1646375311182,4,1646375311182,0.088,-0.631,-0.771,-0.007,-0.008,-0.025
AIRPOT,1646375312515,1646375311231,4,1646375311231,0.084,-0.630,-0.772,-0.005,0.025,0.055
AIRPOT,1646375312525,1646375311241,4,1646375311241,0.084,-0.630,-0.772,-0.007,0.011,0.027
AIRPOT,1646375312528,1646375311244,4,1646375311244,0.086,-0.631,-0.771,-0.001,0.000,0.001
AIRPOT,1646375312530,1646375311246,4,1646375311246,0.087,-0.631,-0.771,0.006,0.010,0.031
AIRPOT,1646375312625,1646375311341,4,1646375311341,0.087,-0.631,-0.771,0.002,0.008,0.026
AIRPOT,1646375312702,1646375311418,4,1646375311418,0.086,-0.632,-0.770,0.003,0.022,0.048
AIRPOT,1646375312757,1646375311473,4,1646375311473,0.088,-0.636,-0.767,0.009,-0.020,0.019
AIRPOT,1646375312895,1646375311611,4,1646375311611,0.088,-0.638,-0.765,0.007,-0.014,-0.005
AIRPOT,1646375312898,1646375311614,4,1646375311614,0.088,-0.638,-0.765,-0.002,-0.024,-0.040
AIRPOT,1646375312946,1646375311662,4,1646375311662,0.086,-0.635,-0.768,-0.004,-0.029,-0.055
AIRPOT,1646375312949,1646375311665,4,1646375311665,0.084,-0.631,-0.771,-0.008,-0.005,-0.030
AIRPOT,1646375313059,1646375311775,4,1646375311775,0.083,-0.626,-0.775,-0.009,0.021,0.001
AIRPOT,1646375313062,1646375311778,4,1646375311778,0.082,-0.623,-0.778,-0.005,0.017,0.006
AIRPOT,1646375313084,1646375311800,4,1646375311800,0.081,-0.621,-0.780,-0.009,0.006,-0.003
AIRPOT,1646375313095,1646375311811,4,1646375311811,0.081,-0.620,-0.781,-0.013,-0.004,-0.031
AIRPOT,1646375313147,1646375311863,4,1646375311863,0.079,-0.618,-0.782,-0.006,0.005,-0.011
AIRPOT,1646375313148,1646375311864,4,1646375311864,0.079,-0.617,-0.783,-0.006,-0.016,-0.043
AIRPOT,1646375313211,1646375311927,4,1646375311927,0.078,-0.616,-0.784,-0.002,-0.014,-0.032
AIRPOT,1646375313238,1646375311954,4,1646375311954,0.076,-0.616,-0.784,-0.007,-0.019,-0.048
AIRPOT,1646375313453,1646375312169,4,1646375312169,0.073,-0.616,-0.785,-0.006,0.026,0.031
AIRPOT,1646375313455,1646375312171,4,1646375312171,0.073,-0.616,-0.784,-0.008,0.012,0.038
AIRPOT,1646375313619,1646375312335,4,1646375312335,0.073,-0.617,-0.784,-0.004,0.047,0.053
AIRPOT,1646375313680,1646375312396,4,1646375312396,0.075,-0.618,-0.782,-0.001,0.013,0.016
AIRPOT,1646375313735,1646375312451,4,1646375312451,0.078,-0.620,-0.781,0.006,-0.001,-0.007
AIRPOT,1646375313737,1646375312453,4,1646375312453,0.080,-0.622,-0.779,0.008,-0.017,-0.003
AIRPOT,1646375313851,1646375312567,4,1646375312567,0.081,-0.622,-0.778,-0.009,0.009,0.009
AIRPOT,1646375313854,1646375312570,4,1646375312570,0.079,-0.621,-0.780,-0.009,0.014,0.012
AIRPOT,1646375313918,1646375312634,4,1646375312634,0.080,-0.624,-0.777,0.001,0.011,0.029
AIRPOT,1646375313954,1646375312670,4,1646375312670,0.081,-0.625,-0.776,0.001,0.018,0.037
AIRPOT,1646375314164,1646375312880,4,1646375312880,0.083,-0.628,-0.774,0.001,0.003,0.010
AIRPOT,1646375314205,1646375312921,4,1646375312921,0.082,-0.629,-0.773,-0.006,0.009,0.011
AIRPOT,1646375314308,1646375313024,4,1646375313024,0.081,-0.629,-0.774,-0.002,-0.003,0.003
AIRPOT,1646375314315,1646375313031,4,1646375313031,0.079,-0.628,-0.774,0.001,0.002,0.028
AIRPOT,1646375314603,1646375313319,4,1646375313319,0.080,-0.628,-0.774,-0.011,-0.029,-0.027
AIRPOT,1646375314606,1646375313322,4,1646375313322,0.079,-0.628,-0.774,-0.006,0.000,0.007
AIRPOT,1646375314748,1646375313464,4,1646375313464,0.084,-0.618,-0.782,-0.000,-0.003,-0.026
AIRPOT,1646375314749,1646375313465,4,1646375313465,0.083,-0.616,-0.784,-0.004,0.006,-0.003
AIRPOT,1646375314809,1646375313525,4,1646375313525,0.075,-0.618,-0.783,-0.009,-0.007,0.000
AIRPOT,1646375314814,1646375313530,4,1646375313530,0.074,-0.619,-0.782,-0.013,-0.003,-0.010
AIRPOT,1646375314923,1646375313639,4,1646375313639,0.072,-0.619,-0.782,-0.011,0.017,0.020
AIRPOT,1646375315170,1646375313886,4,1646375313886,0.073,-0.619,-0.782,-0.006,0.035,0.035
AIRPOT,1646375315209,1646375313925,4,1646375313925,0.084,-0.622,-0.778,0.013,-0.002,-0.015
AIRPOT,1646375315254,1646375313970,4,1646375313970,0.087,-0.623,-0.777,0.017,-0.040,-0.045
AIRPOT,1646375315351,1646375314067,4,1646375314067,0.087,-0.624,-0.776,0.009,-0.038,-0.041
AIRPOT,1646375315354,1646375314070,4,1646375314070,0.086,-0.623,-0.777,-0.002,-0.016,-0.014
AIRPOT,1646375315362,1646375314078,4,1646375314078,0.093,-0.600,-0.795,0.001,-0.009,0.044
AIRPOT,1646375315417,1646375314133,4,1646375314133,0.097,-0.597,-0.796,-0.001,-0.044,-0.027
AIRPOT,1646375315467,1646375314183,4,1646375314183,0.098,-0.597,-0.797,0.000,-0.005,0.005
AIRPOT,1646375315468,1646375314184,4,1646375314184,0.100,-0.596,-0.797,-0.000,-0.009,-0.019
AIRPOT,1646375315529,1646375314245,4,1646375314245,0.100,-0.595,-0.797,-0.002,-0.004,-0.003
AIRPOT,1646375315537,1646375314253,4,1646375314253,0.102,-0.595,-0.798,-0.004,0.003,-0.001
AIRPOT,1646375315595,1646375314311,4,1646375314311,0.104,-0.592,-0.799,-0.002,0.001,-0.007
AIRPOT,1646375315602,1646375314318,4,1646375314318,0.106,-0.589,-0.801,0.009,-0.008,-0.017
AIRPOT,1646375315758,1646375314474,4,1646375314474,0.107,-0.586,-0.803,0.007,-0.017,-0.044
AIRPOT,1646375315761,1646375314477,4,1646375314477,0.105,-0.585,-0.804,0.013,0.003,-0.012
AIRPOT,1646375315819,1646375314535,4,1646375314535,0.103,-0.584,-0.805,-0.001,-0.013,-0.034
AIRPOT,1646375315821,1646375314537,4,1646375314537,0.099,-0.584,-0.806,-0.001,0.002,-0.002
AIRPOT,1646375315900,1646375314616,4,1646375314616,0.095,-0.584,-0.806,-0.007,0.015,-0.002
AIRPOT,1646375315948,1646375314664,4,1646375314664,0.091,-0.584,-0.807,-0.005,-0.003,-0.003
AIRPOT,1646375316047,1646375314763,4,1646375314763,0.090,-0.584,-0.807,-0.006,-0.013,-0.015
AIRPOT,1646375316054,1646375314770,4,1646375314770,0.087,-0.584,-0.807,0.001,-0.005,-0.009
AIRPOT,1646375316305,1646375315021,4,1646375315021,0.085,-0.584,-0.808,0.004,0.019,0.038
AIRPOT,1646375316308,1646375315024,4,1646375315024,0.085,-0.582,-0.809,-0.013,0.007,-0.005
AIRPOT,1646375316371,1646375315087,4,1646375315087,0.081,-0.580,-0.811,-0.003,0.016,0.014
AIRPOT,1646375316373,1646375315089,4,1646375315089,0.081,-0.578,-0.812,-0.010,0.024,0.007
AIRPOT,1646375316420,1646375315136,4,1646375315136,0.079,-0.579,-0.812,0.006,0.013,0.071
AIRPOT,1646375316421,1646375315137,4,1646375315137,0.079,-0.581,-0.810,-0.003,0.016,0.035
AIRPOT,1646375316611,1646375315327,4,1646375315327,0.080,-0.582,-0.809,-0.005,0.004,0.005
AIRPOT,1646375316613,1646375315329,4,1646375315329,0.080,-0.582,-0.809,-0.001,0.007,0.010
AIRPOT,1646375316663,1646375315379,4,1646375315379,0.080,-0.581,-0.810,-0.004,0.005,0.005
AIRPOT,1646375316737,1646375315453,4,1646375315453,0.079,-0.580,-0.811,-0.002,0.009,0.011
AIRPOT,1646375316791,1646375315507,4,1646375315507,0.079,-0.580,-0.811,-0.004,0.013,-0.005
AIRPOT,1646375316924,1646375315640,4,1646375315640,0.078,-0.579,-0.812,-0.003,0.019,0.021
AIRPOT,1646375316967,1646375315683,4,1646375315683,0.077,-0.578,-0.812,-0.004,-0.012,-0.017
AIRPOT,1646375316974,1646375315690,4,1646375315690,0.076,-0.579,-0.812,-0.001,0.022,0.033
AIRPOT,1646375317013,1646375315729,4,1646375315729,0.076,-0.580,-0.811,-0.006,-0.017,-0.016
AIRPOT,1646375317016,1646375315732,4,1646375315732,0.076,-0.580,-0.811,-0.002,0.004,-0.004
AIRPOT,1646375317123,1646375315839,4,1646375315839,0.077,-0.574,-0.815,-0.009,0.010,-0.020
AIRPOT,1646375317126,1646375315842,4,1646375315842,0.074,-0.571,-0.817,-0.006,0.004,0.009
AIRPOT,1646375317176,1646375315892,4,1646375315892,0.074,-0.570,-0.818,-0.004,0.001,-0.011
AIRPOT,1646375317180,1646375315896,4,1646375315896,0.075,-0.569,-0.819,-0.007,0.006,-0.012
AIRPOT,1646375317317,1646375316033,4,1646375316033,0.076,-0.568,-0.819,-0.004,0.005,-0.013
AIRPOT,1646375317319,1646375316035,4,1646375316035,0.077,-0.567,-0.820,-0.010,0.002,-0.040
AIRPOT,1646375317374,1646375316090,4,1646375316090,0.076,-0.566,-0.821,0.000,-0.004,-0.017
AIRPOT,1646375317382,1646375316098,4,1646375316098,0.074,-0.566,-0.821,-0.006,-0.011,-0.007
AIRPOT,1646375317434,1646375316150,4,1646375316150,0.074,-0.567,-0.820,-0.009,0.002,0.002
AIRPOT,1646375317643,1646375316359,4,1646375316359,0.074,-0.568,-0.820,-0.003,0.031,0.067
AIRPOT,1646375317862,1646375316578,4,1646375316578,0.078,-0.569,-0.819,-0.002,0.006,-0.006
AIRPOT,1646375317864,1646375316580,4,1646375316580,0.079,-0.569,-0.819,0.009,0.013,0.011
AIRPOT,1646375317926,1646375316642,4,1646375316642,0.082,-0.569,-0.818,0.016,0.013,0.055
AIRPOT,1646375317927,1646375316643,4,1646375316643,0.085,-0.568,-0.818,0.009,-0.014,-0.032
AIRPOT,1646375317981,1646375316697,4,1646375316697,0.069,-0.559,-0.827,-0.004,0.031,0.045
AIRPOT,1646375317994,1646375316710,4,1646375316710,0.068,-0.559,-0.826,0.004,0.008,0.033
AIRPOT,1646375318089,1646375316805,4,1646375316805,0.066,-0.562,-0.825,-0.001,0.014,0.019
AIRPOT,1646375318169,1646375316885,4,1646375316885,0.066,-0.562,-0.824,0.003,-0.007,0.013
AIRPOT,1646375318296,1646375317012,4,1646375317012,0.066,-0.563,-0.824,-0.002,-0.011,-0.015
AIRPOT,1646375318296,1646375317012,4,1646375317012,0.065,-0.564,-0.823,-0.001,0.010,0.008
AIRPOT,1646375318378,1646375317094,4,1646375317094,0.064,-0.564,-0.823,-0.006,0.010,0.017
AIRPOT,1646375318380,1646375317096,4,1646375317096,0.062,-0.565,-0.823,-0.013,-0.012,-0.016
AIRPOT,1646375318471,1646375317187,4,1646375317187,0.063,-0.564,-0.823,-0.007,-0.005,-0.026
AIRPOT,1646375318522,1646375317238,4,1646375317238,0.064,-0.557,-0.828,0.001,0.005,-0.028
AIRPOT,1646375318529,1646375317245,4,1646375317245,0.064,-0.555,-0.829,0.001,0.005,-0.009
AIRPOT,1646375318730,1646375317446,4,1646375317446,0.063,-0.555,-0.829,-0.001,0.003,0.000
AIRPOT,1646375318732,1646375317448,4,1646375317448,0.064,-0.555,-0.829,-0.005,0.007,0.000
AIRPOT,1646375318880,1646375317596,4,1646375317596,0.064,-0.555,-0.829,-0.001,-0.011,-0.016
AIRPOT,1646375318882,1646375317598,4,1646375317598,0.064,-0.556,-0.829,-0.001,-0.006,-0.008
AIRPOT,1646375318938,1646375317654,4,1646375317654,0.063,-0.555,-0.830,-0.005,-0.016,-0.037
AIRPOT,1646375318940,1646375317656,4,1646375317656,0.061,-0.554,-0.830,0.001,-0.001,0.005
AIRPOT,1646375319000,1646375317716,4,1646375317716,0.069,-0.561,-0.825,0.012,-0.031,-0.046
AIRPOT,1646375319070,1646375317786,4,1646375317786,0.067,-0.561,-0.825,-0.001,-0.016,-0.023
AIRPOT,1646375319109,1646375317825,4,1646375317825,0.065,-0.563,-0.824,-0.003,0.008,0.020
AIRPOT,1646375319159,1646375317875,4,1646375317875,0.063,-0.564,-0.823,-0.008,0.025,0.053
AIRPOT,1646375319219,1646375317935,4,1646375317935,0.063,-0.566,-0.822,-0.004,0.014,0.047
AIRPOT,1646375319221,1646375317937,4,1646375317937,0.065,-0.568,-0.820,-0.008,-0.011,-0.006
AIRPOT,1646375319323,1646375318039,4,1646375318039,0.066,-0.569,-0.820,0.000,-0.013,-0.013
AIRPOT,1646375319326,1646375318042,4,1646375318042,0.066,-0.569,-0.819,-0.002,0.005,0.006
AIRPOT,1646375319490,1646375318206,4,1646375318206,0.066,-0.570,-0.819,0.000,0.031,0.060
AIRPOT,1646375319492,1646375318208,4,1646375318208,0.068,-0.571,-0.818,0.000,0.021,0.054
AIRPOT,1646375319551,1646375318267,4,1646375318267,0.072,-0.576,-0.814,0.001,-0.027,-0.015
AIRPOT,1646375319604,1646375318320,4,1646375318320,0.071,-0.577,-0.814,0.003,-0.027,0.021
AIRPOT,1646375319606,1646375318322,4,1646375318322,0.072,-0.579,-0.812,-0.002,-0.009,-0.017
AIRPOT,1646375319668,1646375318384,4,1646375318384,0.074,-0.577,-0.813,-0.000,-0.018,-0.038
AIRPOT,1646375319771,1646375318487,4,1646375318487,0.073,-0.575,-0.815,-0.004,0.001,-0.024
AIRPOT,1646375319869,1646375318585,4,1646375318585,0.071,-0.571,-0.818,-0.002,0.018,0.006
AIRPOT,1646375319871,1646375318587,4,1646375318587,0.070,-0.569,-0.820,0.002,0.009,0.004
AIRPOT,1646375320053,1646375318769,4,1646375318769,0.071,-0.567,-0.821,0.001,0.006,-0.012
AIRPOT,1646375320056,1646375318772,4,1646375318772,0.071,-0.566,-0.821,-0.005,0.001,-0.027
AIRPOT,1646375320070,1646375318786,4,1646375318786,0.071,-0.563,-0.823,-0.005,0.006,-0.017
AIRPOT,1646375320176,1646375318892,4,1646375318892,0.071,-0.563,-0.823,-0.008,-0.022,-0.033
AIRPOT,1646375320258,1646375318974,4,1646375318974,0.065,-0.562,-0.824,-0.011,0.012,0.021
AIRPOT,1646375320261,1646375318977,4,1646375318977,0.065,-0.560,-0.826,0.000,0.014,0.028
AIRPOT,1646375320270,1646375318986,4,1646375318986,0.067,-0.560,-0.826,0.005,0.026,0.057
AIRPOT,1646375320273,1646375318989,4,1646375318989,0.071,-0.561,-0.825,0.004,0.028,0.041
AIRPOT,1646375320371,1646375319087,4,1646375319087,0.078,-0.563,-0.823,0.004,-0.025,-0.057
AIRPOT,1646375320395,1646375319111,4,1646375319111,0.079,-0.561,-0.824,0.008,-0.002,-0.014
AIRPOT,1646375320518,1646375319234,4,1646375319234,0.079,-0.558,-0.826,0.002,-0.015,-0.023
AIRPOT,1646375320520,1646375319236,4,1646375319236,0.077,-0.557,-0.827,0.004,0.014,0.054
AIRPOT,1646375320572,1646375319288,4,1646375319288,0.076,-0.559,-0.826,0.001,0.021,0.062
AIRPOT,1646375320589,1646375319305,4,1646375319305,0.078,-0.560,-0.825,-0.002,-0.011,0.011
AIRPOT,1646375320597,1646375319313,4,1646375319313,0.075,-0.559,-0.826,-0.002,-0.004,0.004
AIRPOT,1646375320643,1646375319359,4,1646375319359,0.072,-0.559,-0.826,-0.005,0.024,0.049
AIRPOT,1646375320656,1646375319372,4,1646375319372,0.072,-0.561,-0.825,-0.003,0.020,0.051
AIRPOT,1646375320704,1646375319420,4,1646375319420,0.073,-0.563,-0.823,-0.001,0.007,0.015
AIRPOT,1646375320773,1646375319489,4,1646375319489,0.072,-0.563,-0.824,-0.001,-0.005,-0.004
AIRPOT,1646375320774,1646375319490,4,1646375319490,0.070,-0.563,-0.824,-0.003,0.006,0.042
AIRPOT,1646375320823,1646375319539,4,1646375319539,0.069,-0.564,-0.823,0.002,0.004,0.043
AIRPOT,1646375320826,1646375319542,4,1646375319542,0.070,-0.566,-0.821,-0.002,-0.002,-0.007
AIRPOT,1646375320874,1646375319590,4,1646375319590,0.072,-0.566,-0.822,-0.006,-0.018,-0.048
AIRPOT,1646375320876,1646375319592,4,1646375319592,0.072,-0.563,-0.823,-0.000,-0.028,-0.057
AIRPOT,1646375320939,1646375319655,4,1646375319655,0.071,-0.560,-0.825,0.004,-0.014,-0.030
AIRPOT,1646375320941,1646375319657,4,1646375319657,0.072,-0.558,-0.827,0.000,0.022,-0.011
AIRPOT,1646375321039,1646375319755,4,1646375319755,0.072,-0.554,-0.829,-0.005,0.021,0.002
AIRPOT,1646375321040,1646375319756,4,1646375319756,0.069,-0.552,-0.831,0.003,-0.011,-0.005
AIRPOT,1646375321093,1646375319809,4,1646375319809,0.067,-0.553,-0.831,-0.007,-0.011,-0.012
AIRPOT,1646375321106,1646375319822,4,1646375319822,0.066,-0.553,-0.831,-0.014,-0.003,-0.024
AIRPOT,1646375321213,1646375319929,4,1646375319929,0.066,-0.553,-0.831,-0.006,0.010,-0.005
AIRPOT,1646375321256,1646375319972,4,1646375319972,0.067,-0.552,-0.831,0.003,0.004,-0.008
AIRPOT,1646375321373,1646375320089,4,1646375320089,0.069,-0.552,-0.831,-0.002,0.010,-0.004
AIRPOT,1646375321374,1646375320090,4,1646375320090,0.070,-0.552,-0.831,-0.009,-0.004,-0.031
AIRPOT,1646375321539,1646375320255,4,1646375320255,0.070,-0.553,-0.830,0.003,-0.019,-0.017
AIRPOT,1646375321539,1646375320255,4,1646375320255,0.069,-0.555,-0.829,-0.001,0.002,0.010
AIRPOT,1646375321725,1646375320441,4,1646375320441,0.069,-0.555,-0.829,-0.005,0.006,0.017
AIRPOT,1646375321765,1646375320481,4,1646375320481,0.070,-0.557,-0.828,-0.002,-0.010,0.032
AIRPOT,1646375321809,1646375320525,4,1646375320525,0.071,-0.559,-0.826,-0.002,0.029,0.030
AIRPOT,1646375321861,1646375320577,4,1646375320577,0.074,-0.559,-0.826,-0.001,-0.001,-0.007
AIRPOT,1646375321915,1646375320631,4,1646375320631,0.072,-0.557,-0.827,-0.002,-0.005,0.006
AIRPOT,1646375321918,1646375320634,4,1646375320634,0.070,-0.557,-0.828,-0.004,0.018,0.034
AIRPOT,1646375322063,1646375320779,4,1646375320779,0.073,-0.555,-0.828,0.005,-0.006,-0.013
AIRPOT,1646375322066,1646375320782,4,1646375320782,0.073,-0.555,-0.828,0.003,-0.007,-0.018
AIRPOT,1646375322176,1646375320892,4,1646375320892,0.072,-0.556,-0.828,-0.009,0.020,0.013
AIRPOT,1646375322176,1646375320892,4,1646375320892,0.070,-0.556,-0.828,-0.005,0.017,0.046
AIRPOT,1646375322185,1646375320901,4,1646375320901,0.073,-0.561,-0.825,-0.004,0.018,0.024
AIRPOT,1646375322186,1646375320902,4,1646375320902,0.073,-0.562,-0.824,0.006,-0.010,-0.006
AIRPOT,1646375322420,1646375321136,4,1646375321136,0.074,-0.563,-0.823,0.006,-0.013,-0.021
AIRPOT,1646375322483,1646375321199,4,1646375321199,0.076,-0.564,-0.822,-0.001,0.001,0.004
AIRPOT,1646375322542,1646375321258,4,1646375321258,0.078,-0.567,-0.820,0.002,-0.012,0.012
AIRPOT,1646375322599,1646375321315,4,1646375321315,0.079,-0.568,-0.819,-0.002,-0.022,-0.025
AIRPOT,1646375322664,1646375321380,4,1646375321380,0.078,-0.563,-0.823,-0.005,-0.009,-0.044
AIRPOT,1646375322666,1646375321382,4,1646375321382,0.077,-0.559,-0.825,-0.004,0.005,-0.012
AIRPOT,1646375322704,1646375321420,4,1646375321420,0.071,-0.555,-0.829,-0.010,-0.000,-0.028
AIRPOT,1646375322712,1646375321428,4,1646375321428,0.070,-0.554,-0.830,-0.010,0.017,-0.018
AIRPOT,1646375322715,1646375321431,4,1646375321431,0.070,-0.552,-0.831,0.004,-0.018,-0.027
AIRPOT,1646375322717,1646375321433,4,1646375321433,0.071,-0.552,-0.831,0.010,-0.009,-0.002
AIRPOT,1646375322723,1646375321439,4,1646375321439,0.071,-0.554,-0.830,0.006,-0.007,0.002
AIRPOT,1646375322729,1646375321445,4,1646375321445,0.071,-0.554,-0.829,-0.002,-0.011,-0.012
AIRPOT,1646375322797,1646375321513,4,1646375321513,0.068,-0.554,-0.830,-0.000,0.001,0.027
AIRPOT,1646375322799,1646375321515,4,1646375321515,0.067,-0.554,-0.830,-0.001,0.024,0.086
AIRPOT,1646375322999,1646375321715,4,1646375321715,0.068,-0.555,-0.829,-0.003,0.017,0.047
AIRPOT,1646375323174,1646375321890,4,1646375321890,0.069,-0.556,-0.829,0.004,0.014,0.030
AIRPOT,1646375323263,1646375321979,4,1646375321979,0.070,-0.555,-0.829,0.005,-0.022,-0.015
AIRPOT,1646375323264,1646375321980,4,1646375321980,0.069,-0.554,-0.829,0.005,-0.008,0.014
AIRPOT,1646375323330,1646375322046,4,1646375322046,0.068,-0.554,-0.829,0.001,0.006,0.005
AIRPOT,1646375323331,1646375322047,4,1646375322047,0.066,-0.553,-0.830,-0.003,0.008,0.005
AIRPOT,1646375323375,1646375322091,4,1646375322091,0.059,-0.548,-0.834,-0.007,-0.013,-0.023
AIRPOT,1646375323382,1646375322098,4,1646375322098,0.058,-0.546,-0.835,-0.008,-0.006,-0.012
AIRPOT,1646375323440,1646375322156,4,1646375322156,0.056,-0.543,-0.838,-0.008,0.003,-0.003
AIRPOT,1646375323441,1646375322157,4,1646375322157,0.054,-0.538,-0.841,-0.007,0.003,0.003
AIRPOT,1646375323465,1646375322181,4,1646375322181,0.053,-0.535,-0.843,-0.006,0.010,0.005
AIRPOT,1646375323467,1646375322183,4,1646375322183,0.052,-0.533,-0.844,-0.008,0.015,0.002
AIRPOT,1646375323517,1646375322233,4,1646375322233,0.052,-0.531,-0.846,-0.006,0.004,-0.006
AIRPOT,1646375323603,1646375322319,4,1646375322319,0.051,-0.530,-0.847,-0.003,-0.003,0.001
AIRPOT,1646375323656,1646375322372,4,1646375322372,0.051,-0.530,-0.847,-0.005,0.003,0.004
AIRPOT,1646375323659,1646375322375,4,1646375322375,0.051,-0.529,-0.847,-0.006,0.012,0.005
AIRPOT,1646375323781,1646375322497,4,1646375322497,0.052,-0.528,-0.848,-0.003,0.013,0.008
AIRPOT,1646375323782,1646375322498,4,1646375322498,0.052,-0.527,-0.848,0.001,0.003,-0.002
AIRPOT,1646375323925,1646375322641,4,1646375322641,0.053,-0.528,-0.848,0.001,0.006,-0.003
AIRPOT,1646375323931,1646375322647,4,1646375322647,0.054,-0.528,-0.847,-0.000,0.003,-0.002
AIRPOT,1646375323979,1646375322695,4,1646375322695,0.054,-0.529,-0.847,0.003,0.008,0.006
AIRPOT,1646375323982,1646375322698,4,1646375322698,0.055,-0.529,-0.847,0.004,0.001,-0.001
AIRPOT,1646375324040,1646375322756,4,1646375322756,0.056,-0.529,-0.847,0.004,-0.009,-0.003
AIRPOT,1646375324041,1646375322757,4,1646375322757,0.055,-0.529,-0.847,0.001,-0.004,-0.001
AIRPOT,1646375324101,1646375322817,4,1646375322817,0.054,-0.529,-0.847,0.002,-0.002,0.008
AIRPOT,1646375324103,1646375322819,4,1646375322819,0.054,-0.529,-0.847,0.001,-0.001,0.012
AIRPOT,1646375324166,1646375322882,4,1646375322882,0.054,-0.529,-0.847,-0.002,0.006,-0.003
AIRPOT,1646375324209,1646375322925,4,1646375322925,0.053,-0.528,-0.847,-0.003,0.006,-0.005
AIRPOT,1646375324310,1646375323026,4,1646375323026,0.052,-0.527,-0.848,-0.004,0.006,0.000
AIRPOT,1646375324317,1646375323033,4,1646375323033,0.051,-0.527,-0.848,-0.002,-0.002,0.012
AIRPOT,1646375324367,1646375323083,4,1646375323083,0.050,-0.528,-0.848,-0.001,0.002,0.013
AIRPOT,1646375324368,1646375323084,4,1646375323084,0.050,-0.528,-0.848,-0.004,0.004,-0.002
AIRPOT,1646375324470,1646375323186,4,1646375323186,0.050,-0.528,-0.848,-0.003,0.001,-0.003
AIRPOT,1646375324472,1646375323188,4,1646375323188,0.050,-0.528,-0.848,0.001,-0.001,0.004
AIRPOT,1646375324523,1646375323239,4,1646375323239,0.050,-0.528,-0.848,-0.002,0.004,0.004
AIRPOT,1646375324526,1646375323242,4,1646375323242,0.050,-0.528,-0.848,-0.001,0.008,0.002
AIRPOT,1646375324635,1646375323351,4,1646375323351,0.050,-0.529,-0.847,-0.001,0.005,-0.003
AIRPOT,1646375324636,1646375323352,4,1646375323352,0.050,-0.529,-0.847,0.001,-0.002,-0.001
AIRPOT,1646375324646,1646375323362,4,1646375323362,0.050,-0.529,-0.847,-0.002,-0.002,-0.001
AIRPOT,1646375324703,1646375323419,4,1646375323419,0.049,-0.531,-0.846,-0.000,0.007,0.007
AIRPOT,1646375324808,1646375323524,4,1646375323524,0.050,-0.531,-0.846,-0.005,0.003,0.002
AIRPOT,1646375324810,1646375323526,4,1646375323526,0.049,-0.532,-0.845,-0.001,0.006,0.003
AIRPOT,1646375324885,1646375323601,4,1646375323601,0.049,-0.533,-0.845,-0.002,-0.005,0.005
AIRPOT,1646375324914,1646375323630,4,1646375323630,0.050,-0.534,-0.844,0.000,-0.001,0.006
AIRPOT,1646375324970,1646375323686,4,1646375323686,0.050,-0.535,-0.844,-0.000,-0.001,0.003
AIRPOT,1646375324971,1646375323687,4,1646375323687,0.049,-0.535,-0.844,0.000,0.000,-0.000
AIRPOT,1646375325174,1646375323890,4,1646375323890,0.049,-0.535,-0.844,0.000,0.004,0.002
AIRPOT,1646375325176,1646375323892,4,1646375323892,0.048,-0.535,-0.844,0.001,-0.001,0.002
AIRPOT,1646375325282,1646375323998,4,1646375323998,0.047,-0.534,-0.844,-0.001,0.003,0.009
AIRPOT,1646375325288,1646375324004,4,1646375324004,0.047,-0.534,-0.844,-0.000,0.003,0.003
AIRPOT,1646375325435,1646375324151,4,1646375324151,0.047,-0.535,-0.844,-0.002,0.004,-0.005
AIRPOT,1646375325436,1646375324152,4,1646375324152,0.047,-0.535,-0.843,0.000,-0.003,-0.003
AIRPOT,1646375325579,1646375324295,4,1646375324295,0.046,-0.536,-0.843,-0.002,-0.004,0.004
AIRPOT,1646375325582,1646375324298,4,1646375324298,0.045,-0.536,-0.843,-0.001,-0.001,0.008
AIRPOT,1646375325666,1646375324382,4,1646375324382,0.044,-0.534,-0.844,0.000,0.002,0.005
AIRPOT,1646375325670,1646375324386,4,1646375324386,0.044,-0.534,-0.845,0.000,0.000,-0.000
AIRPOT,1646375325722,1646375324438,4,1646375324438,0.044,-0.532,-0.845,-0.001,0.005,0.003
AIRPOT,1646375325723,1646375324439,4,1646375324439,0.044,-0.531,-0.846,-0.002,0.001,-0.001
AIRPOT,1646375325779,1646375324495,4,1646375324495,0.044,-0.531,-0.846,-0.001,-0.002,0.000
AIRPOT,1646375325782,1646375324498,4,1646375324498,0.043,-0.531,-0.846,-0.001,0.004,0.007
AIRPOT,1646375325838,1646375324554,4,1646375324554,0.043,-0.529,-0.848,-0.000,0.006,-0.002
AIRPOT,1646375325839,1646375324555,4,1646375324555,0.042,-0.528,-0.848,0.001,-0.001,0.004
AIRPOT,1646375325960,1646375324676,4,1646375324676,0.041,-0.527,-0.849,0.002,-0.002,0.009
AIRPOT,1646375325962,1646375324678,4,1646375324678,0.041,-0.527,-0.849,-0.000,-0.000,-0.001
AIRPOT,1646375326028,1646375324744,4,1646375324744,0.041,-0.526,-0.850,-0.002,0.002,-0.004
AIRPOT,1646375326030,1646375324746,4,1646375324746,0.040,-0.525,-0.850,-0.001,0.001,0.002
AIRPOT,1646375326080,1646375324796,4,1646375324796,0.039,-0.524,-0.851,-0.003,0.001,0.005
AIRPOT,1646375326084,1646375324800,4,1646375324800,0.039,-0.524,-0.851,-0.007,0.004,0.005
AIRPOT,1646375326093,1646375324809,4,1646375324809,0.039,-0.523,-0.851,-0.004,0.005,0.003
AIRPOT,1646375326267,1646375324983,4,1646375324983,0.038,-0.522,-0.852,-0.005,-0.001,0.001
AIRPOT,1646375326362,1646375325078,4,1646375325078,0.038,-0.522,-0.852,-0.002,0.005,0.007
AIRPOT,1646375326363,1646375325079,4,1646375325079,0.039,-0.523,-0.851,-0.001,0.005,0.001
AIRPOT,1646375326377,1646375325093,4,1646375325093,0.040,-0.524,-0.851,-0.002,0.011,-0.004
AIRPOT,1646375326425,1646375325141,4,1646375325141,0.040,-0.525,-0.850,-0.000,0.002,-0.002
AIRPOT,1646375326481,1646375325197,4,1646375325197,0.041,-0.528,-0.848,-0.002,0.002,0.006
AIRPOT,1646375326559,1646375325275,4,1646375325275,0.042,-0.530,-0.847,0.002,-0.003,0.003
AIRPOT,1646375326561,1646375325277,4,1646375325277,0.042,-0.530,-0.847,0.003,-0.004,0.006
AIRPOT,1646375326599,1646375325315,4,1646375325315,0.042,-0.529,-0.848,0.000,-0.001,-0.001
AIRPOT,1646375326583,1646375325299,4,1646375325299,0.043,-0.530,-0.847,0.001,-0.000,0.003
AIRPOT,1646375326585,1646375325301,4,1646375325301,0.043,-0.530,-0.847,0.001,-0.000,0.003
AIRPOT,1646375326595,1646375325311,4,1646375325311,0.043,-0.529,-0.847,0.002,0.001,0.002
AIRPOT,1646375326650,1646375325366,4,1646375325366,0.041,-0.529,-0.847,0.002,0.006,-0.003
AIRPOT,1646375326863,1646375325579,4,1646375325579,0.040,-0.528,-0.848,-0.001,0.006,0.006
AIRPOT,1646375326866,1646375325582,4,1646375325582,0.039,-0.527,-0.849,-0.003,-0.000,0.001
AIRPOT,1646375327110,1646375325826,4,1646375325826,0.038,-0.527,-0.849,-0.000,-0.005,0.007
AIRPOT,1646375327162,1646375325878,4,1646375325878,0.037,-0.527,-0.849,-0.001,-0.004,0.003
AIRPOT,1646375327173,1646375325889,4,1646375325889,0.036,-0.527,-0.849,-0.005,0.001,0.001
AIRPOT,1646375327377,1646375326093,4,1646375326093,0.035,-0.526,-0.850,-0.003,0.005,0.002
