DeviceName,PTPTime,UnixTime,protocool,CurrentDeviceTime,DistanceMM,DistanceCM,Weight,Count,DistanceADC,WeightADC,DeviceName(Current)
DEVICE,1646375291963,1646375273970,4,1646375273970,735,73,0,0,59475,0,DKU001#
DEVICE,1646375291995,1646375274002,4,1646375274002,733,73,0,0,59475,0,DKU001#
DEVICE,1646375292027,1646375274034,4,1646375274034,737,73,0,0,59475,0,DKU001#
DEVICE,1646375292059,1646375274066,4,1646375274066,736,73,0,0,59475,0,DKU001#
DEVICE,1646375292091,1646375274098,4,1646375274098,737,73,0,0,59475,0,DKU001#
DEVICE,1646375292123,1646375274130,4,1646375274130,753,75,0,0,59475,0,DKU001#
DEVICE,1646375292155,1646375274162,4,1646375274162,735,73,0,0,59475,0,DKU001#
DEVICE,1646375292187,1646375274194,4,1646375274194,748,74,0,0,59475,0,DKU001#
DEVICE,1646375292219,1646375274226,4,1646375274226,742,74,0,0,59475,0,DKU001#
DEVICE,1646375292251,1646375274258,4,1646375274258,733,73,0,0,59475,0,DKU001#
DEVICE,1646375292283,1646375274290,4,1646375274290,743,74,0,0,59475,0,DKU001#
DEVICE,1646375292315,1646375274322,4,1646375274322,747,74,0,0,59475,0,DKU001#
DEVICE,1646375292347,1646375274354,4,1646375274354,745,74,0,0,59475,0,DKU001#
DEVICE,1646375292380,1646375274387,4,1646375274387,741,74,0,0,59475,0,DKU001#
DEVICE,1646375292411,1646375274418,4,1646375274418,745,74,0,0,59475,0,DKU001#
DEVICE,1646375292443,1646375274450,4,1646375274450,735,73,0,0,59475,0,DKU001#
DEVICE,1646375292475,1646375274482,4,1646375274482,733,73,0,0,59475,0,DKU001#
DEVICE,1646375292507,1646375274514,4,1646375274514,730,73,0,0,59475,0,DKU001#
DEVICE,1646375292539,1646375274546,4,1646375274546,747,74,0,0,59475,0,DKU001#
DEVICE,1646375292571,1646375274578,4,1646375274578,736,73,0,0,59475,0,DKU001#
DEVICE,1646375292587,1646375274594,4,1646375274594,728,72,0,0,59475,0,DKU001#
DEVICE,1646375292635,1646375274642,4,1646375274642,735,73,0,0,59475,0,DKU001#
DEVICE,1646375292652,1646375274659,4,1646375274659,743,74,0,0,59475,0,DKU001#
DEVICE,1646375292683,1646375274690,4,1646375274690,734,73,0,0,59475,0,DKU001#
DEVICE,1646375292731,1646375274738,4,1646375274738,745,74,0,0,59475,0,DKU001#
DEVICE,1646375292748,1646375274755,4,1646375274755,730,73,0,0,59475,0,DKU001#
DEVICE,1646375292779,1646375274786,4,1646375274786,736,73,0,0,59475,0,DKU001#
DEVICE,1646375292811,1646375274818,4,1646375274818,744,74,0,0,59475,0,DKU001#
DEVICE,1646375292843,1646375274850,4,1646375274850,737,73,0,0,59475,0,DKU001#
DEVICE,1646375292875,1646375274882,4,1646375274882,740,74,0,0,59475,0,DKU001#
DEVICE,1646375292923,1646375274930,4,1646375274930,741,74,0,0,59437,0,DKU001#
DEVICE,1646375292939,1646375274946,4,1646375274946,747,74,0,0,59437,0,DKU001#
DEVICE,1646375292972,1646375274979,4,1646375274979,738,73,0,0,59437,0,DKU001#
DEVICE,1646375293003,1646375275010,4,1646375275010,736,73,0,0,59437,0,DKU001#
DEVICE,1646375293035,1646375275042,4,1646375275042,743,74,0,0,59437,0,DKU001#
DEVICE,1646375293067,1646375275074,4,1646375275074,747,74,0,0,59437,0,DKU001#
DEVICE,1646375293099,1646375275106,4,1646375275106,740,74,0,0,59437,0,DKU001#
DEVICE,1646375293131,1646375275138,4,1646375275138,739,73,0,0,59437,0,DKU001#
DEVICE,1646375293163,1646375275170,4,1646375275170,724,72,0,0,59437,0,DKU001#
DEVICE,1646375293195,1646375275202,4,1646375275202,748,74,0,0,59437,0,DKU001#
DEVICE,1646375293227,1646375275234,4,1646375275234,742,74,0,0,59437,0,DKU001#
DEVICE,1646375293259,1646375275266,4,1646375275266,730,73,0,0,59437,0,DKU001#
DEVICE,1646375293291,1646375275298,4,1646375275298,730,73,0,0,59437,0,DKU001#
DEVICE,1646375293323,1646375275330,4,1646375275330,755,75,0,0,59437,0,DKU001#
DEVICE,1646375293355,1646375275362,4,1646375275362,738,73,0,0,59437,0,DKU001#
DEVICE,1646375293387,1646375275394,4,1646375275394,750,75,0,0,59437,0,DKU001#
DEVICE,1646375293419,1646375275426,4,1646375275426,747,74,0,0,59437,0,DKU001#
DEVICE,1646375293451,1646375275458,4,1646375275458,741,74,0,0,59437,0,DKU001#
DEVICE,1646375293483,1646375275490,4,1646375275490,754,75,0,0,59437,0,DKU001#
DEVICE,1646375293515,1646375275522,4,1646375275522,749,74,0,0,59437,0,DKU001#
DEVICE,1646375293547,1646375275554,4,1646375275554,757,75,0,0,59437,0,DKU001#
DEVICE,1646375293579,1646375275586,4,1646375275586,744,74,0,0,59437,0,DKU001#
DEVICE,1646375293611,1646375275618,4,1646375275618,740,74,0,0,59437,0,DKU001#
DEVICE,1646375293643,1646375275650,4,1646375275650,734,73,0,0,59437,0,DKU001#
DEVICE,1646375293675,1646375275682,4,1646375275682,743,74,0,0,59437,0,DKU001#
DEVICE,1646375293707,1646375275714,4,1646375275714,735,73,0,0,59437,0,DKU001#
DEVICE,1646375293739,1646375275746,4,1646375275746,744,74,0,0,59437,0,DKU001#
DEVICE,1646375293771,1646375275778,4,1646375275778,744,74,0,0,59437,0,DKU001#
DEVICE,1646375293803,1646375275810,4,1646375275810,753,75,0,0,59437,0,DKU001#
DEVICE,1646375293835,1646375275842,4,1646375275842,748,74,0,0,59437,0,DKU001#
DEVICE,1646375293867,1646375275874,4,1646375275874,738,73,0,0,59437,0,DKU001#
DEVICE,1646375293899,1646375275906,4,1646375275906,751,75,0,0,59437,0,DKU001#
DEVICE,1646375293947,1646375275954,4,1646375275954,754,75,0,0,59487,0,DKU001#
DEVICE,1646375293963,1646375275970,4,1646375275970,743,74,0,0,59487,0,DKU001#
DEVICE,1646375293995,1646375276002,4,1646375276002,734,73,0,0,59487,0,DKU001#
DEVICE,1646375294027,1646375276034,4,1646375276034,746,74,0,0,59487,0,DKU001#
DEVICE,1646375294059,1646375276066,4,1646375276066,739,73,0,0,59487,0,DKU001#
DEVICE,1646375294091,1646375276098,4,1646375276098,750,75,0,0,59487,0,DKU001#
DEVICE,1646375294122,1646375276129,4,1646375276129,757,75,0,0,59487,0,DKU001#
DEVICE,1646375294154,1646375276161,4,1646375276161,741,74,0,0,59487,0,DKU001#
DEVICE,1646375294186,1646375276193,4,1646375276193,739,73,0,0,59487,0,DKU001#
DEVICE,1646375294219,1646375276226,4,1646375276226,753,75,0,0,59487,0,DKU001#
DEVICE,1646375294250,1646375276257,4,1646375276257,733,73,0,0,59487,0,DKU001#
DEVICE,1646375294282,1646375276289,4,1646375276289,732,73,0,0,59487,0,DKU001#
DEVICE,1646375294314,1646375276321,4,1646375276321,743,74,0,0,59487,0,DKU001#
DEVICE,1646375294346,1646375276353,4,1646375276353,738,73,0,0,59487,0,DKU001#
DEVICE,1646375294379,1646375276386,4,1646375276386,744,74,0,0,59487,0,DKU001#
DEVICE,1646375294410,1646375276417,4,1646375276417,720,72,0,0,59487,0,DKU001#
DEVICE,1646375294442,1646375276449,4,1646375276449,744,74,0,0,59487,0,DKU001#
DEVICE,1646375294474,1646375276481,4,1646375276481,741,74,0,0,59487,0,DKU001#
DEVICE,1646375294506,1646375276513,4,1646375276513,733,73,0,0,59487,0,DKU001#
DEVICE,1646375294538,1646375276545,4,1646375276545,747,74,0,0,59487,0,DKU001#
DEVICE,1646375294570,1646375276577,4,1646375276577,743,74,0,0,59487,0,DKU001#
DEVICE,1646375294602,1646375276609,4,1646375276609,745,74,0,0,59487,0,DKU001#
DEVICE,1646375294634,1646375276641,4,1646375276641,740,74,0,0,59487,0,DKU001#
DEVICE,1646375294666,1646375276673,4,1646375276673,733,73,0,0,59487,0,DKU001#
DEVICE,1646375294698,1646375276705,4,1646375276705,737,73,0,0,59487,0,DKU001#
DEVICE,1646375294730,1646375276737,4,1646375276737,740,74,0,0,59487,0,DKU001#
DEVICE,1646375294762,1646375276769,4,1646375276769,740,74,0,0,59487,0,DKU001#
DEVICE,1646375294794,1646375276801,4,1646375276801,737,73,0,0,59487,0,DKU001#
DEVICE,1646375294826,1646375276833,4,1646375276833,731,73,0,0,59487,0,DKU001#
DEVICE,1646375294858,1646375276865,4,1646375276865,740,74,0,0,59487,0,DKU001#
DEVICE,1646375294890,1646375276897,4,1646375276897,733,73,0,0,59487,0,DKU001#
DEVICE,1646375294938,1646375276945,4,1646375276945,741,74,0,0,59456,0,DKU001#
DEVICE,1646375294954,1646375276961,4,1646375276961,748,74,0,0,59456,0,DKU001#
DEVICE,1646375294986,1646375276993,4,1646375276993,743,74,0,0,59456,0,DKU001#
DEVICE,1646375295018,1646375277025,4,1646375277025,742,74,0,0,59456,0,DKU001#
DEVICE,1646375295050,1646375277057,4,1646375277057,734,73,0,0,59456,0,DKU001#
DEVICE,1646375295082,1646375277089,4,1646375277089,738,73,0,0,59456,0,DKU001#
DEVICE,1646375295114,1646375277121,4,1646375277121,741,74,0,0,59456,0,DKU001#
DEVICE,1646375295146,1646375277153,4,1646375277153,749,74,0,0,59456,0,DKU001#
DEVICE,1646375295178,1646375277185,4,1646375277185,734,73,0,0,59456,0,DKU001#
DEVICE,1646375295210,1646375277217,4,1646375277217,735,73,0,0,59456,0,DKU001#
DEVICE,1646375295242,1646375277249,4,1646375277249,739,73,0,0,59456,0,DKU001#
DEVICE,1646375295274,1646375277281,4,1646375277281,741,74,0,0,59456,0,DKU001#
DEVICE,1646375295306,1646375277313,4,1646375277313,734,73,0,0,59456,0,DKU001#
DEVICE,1646375295338,1646375277345,4,1646375277345,738,73,0,0,59456,0,DKU001#
DEVICE,1646375295370,1646375277377,4,1646375277377,739,73,0,0,59456,0,DKU001#
DEVICE,1646375295402,1646375277409,4,1646375277409,741,74,0,0,59456,0,DKU001#
DEVICE,1646375295434,1646375277441,4,1646375277441,744,74,0,0,59456,0,DKU001#
DEVICE,1646375295466,1646375277473,4,1646375277473,733,73,0,0,59456,0,DKU001#
DEVICE,1646375295498,1646375277505,4,1646375277505,727,72,0,0,59456,0,DKU001#
DEVICE,1646375295530,1646375277537,4,1646375277537,741,74,0,0,59456,0,DKU001#
DEVICE,1646375295562,1646375277569,4,1646375277569,741,74,0,0,59456,0,DKU001#
DEVICE,1646375295594,1646375277601,4,1646375277601,730,73,0,0,59456,0,DKU001#
DEVICE,1646375295626,1646375277633,4,1646375277633,732,73,0,0,59456,0,DKU001#
DEVICE,1646375295658,1646375277665,4,1646375277665,737,73,0,0,59456,0,DKU001#
DEVICE,1646375295690,1646375277697,4,1646375277697,750,75,0,0,59456,0,DKU001#
DEVICE,1646375295722,1646375277729,4,1646375277729,739,73,0,0,59456,0,DKU001#
DEVICE,1646375295753,1646375277760,4,1646375277760,735,73,0,0,59456,0,DKU001#
DEVICE,1646375295785,1646375277792,4,1646375277792,746,74,0,0,59456,0,DKU001#
DEVICE,1646375295817,1646375277824,4,1646375277824,725,72,0,0,59456,0,DKU001#
DEVICE,1646375295849,1646375277856,4,1646375277856,740,74,0,0,59456,0,DKU001#
DEVICE,1646375295881,1646375277888,4,1646375277888,748,74,0,0,59456,0,DKU001#
DEVICE,1646375295929,1646375277936,4,1646375277936,738,73,0,0,59500,0,DKU001#
DEVICE,1646375295946,1646375277953,4,1646375277953,726,72,0,0,59500,0,DKU001#
DEVICE,1646375295978,1646375277985,4,1646375277985,738,73,0,0,59500,0,DKU001#
DEVICE,1646375296010,1646375278017,4,1646375278017,728,72,0,0,59500,0,DKU001#
DEVICE,1646375296042,1646375278049,4,1646375278049,735,73,0,0,59500,0,DKU001#
DEVICE,1646375296073,1646375278080,4,1646375278080,718,71,0,0,59500,0,DKU001#
DEVICE,1646375296105,1646375278112,4,1646375278112,723,72,0,0,59500,0,DKU001#
DEVICE,1646375296137,1646375278144,4,1646375278144,702,70,0,0,59500,0,DKU001#
DEVICE,1646375296169,1646375278176,4,1646375278176,694,69,0,0,59500,0,DKU001#
DEVICE,1646375296201,1646375278208,4,1646375278208,685,68,5,0,59500,0,DKU001#
DEVICE,1646375296233,1646375278240,4,1646375278240,670,67,5,0,59500,0,DKU001#
DEVICE,1646375296265,1646375278272,4,1646375278272,660,66,5,0,59500,0,DKU001#
DEVICE,1646375296297,1646375278304,4,1646375278304,634,63,5,0,59500,0,DKU001#
DEVICE,1646375296329,1646375278336,4,1646375278336,616,61,5,0,59500,0,DKU001#
DEVICE,1646375296361,1646375278368,4,1646375278368,602,60,5,0,59500,0,DKU001#
DEVICE,1646375296393,1646375278400,4,1646375278400,580,58,5,0,59500,0,DKU001#
DEVICE,1646375296425,1646375278432,4,1646375278432,558,55,5,0,59500,0,DKU001#
DEVICE,1646375296457,1646375278464,4,1646375278464,538,53,5,0,59500,0,DKU001#
DEVICE,1646375296489,1646375278496,4,1646375278496,517,51,5,0,59500,0,DKU001#
DEVICE,1646375296521,1646375278528,4,1646375278528,504,50,5,0,59500,0,DKU001#
DEVICE,1646375296553,1646375278560,4,1646375278560,478,47,5,1,59500,0,DKU001#
DEVICE,1646375296585,1646375278592,4,1646375278592,462,46,5,1,59500,175,DKU001#
DEVICE,1646375296617,1646375278624,4,1646375278624,440,44,5,1,59500,175,DKU001#
DEVICE,1646375296649,1646375278656,4,1646375278656,430,43,5,1,59500,175,DKU001#
DEVICE,1646375296681,1646375278688,4,1646375278688,423,42,5,1,59500,175,DKU001#
DEVICE,1646375296713,1646375278720,4,1646375278720,410,41,5,1,59500,175,DKU001#
DEVICE,1646375296745,1646375278752,4,1646375278752,395,39,5,1,59500,175,DKU001#
DEVICE,1646375296777,1646375278784,4,1646375278784,402,40,5,1,59500,177,DKU001#
DEVICE,1646375296809,1646375278816,4,1646375278816,401,40,5,1,59500,179,DKU001#
DEVICE,1646375296841,1646375278848,4,1646375278848,400,40,5,1,59500,183,DKU001#
DEVICE,1646375296873,1646375278880,4,1646375278880,405,40,5,1,59500,185,DKU001#
DEVICE,1646375296905,1646375278912,4,1646375278912,414,41,5,1,59500,187,DKU001#
DEVICE,1646375296936,1646375278943,4,1646375278943,423,42,5,1,59500,187,DKU001#
DEVICE,1646375296969,1646375278976,4,1646375278976,451,45,5,1,59500,187,DKU001#
DEVICE,1646375297001,1646375279008,4,1646375279008,456,45,5,1,59500,189,DKU001#
DEVICE,1646375297033,1646375279040,4,1646375279040,480,48,5,1,59500,193,DKU001#
DEVICE,1646375297065,1646375279072,4,1646375279072,501,50,5,1,59500,197,DKU001#
DEVICE,1646375297097,1646375279104,4,1646375279104,523,52,5,1,59500,202,DKU001#
DEVICE,1646375297129,1646375279136,4,1646375279136,552,55,5,1,59500,208,DKU001#
DEVICE,1646375297161,1646375279168,4,1646375279168,572,57,5,1,59500,216,DKU001#
DEVICE,1646375297193,1646375279200,4,1646375279200,593,59,5,1,59500,222,DKU001#
DEVICE,1646375297225,1646375279232,4,1646375279232,620,62,5,1,59500,225,DKU001#
DEVICE,1646375297257,1646375279264,4,1646375279264,637,63,5,1,59500,225,DKU001#
DEVICE,1646375297289,1646375279296,4,1646375279296,650,65,5,1,59500,225,DKU001#
DEVICE,1646375297321,1646375279328,4,1646375279328,666,66,5,1,59500,225,DKU001#
DEVICE,1646375297353,1646375279360,4,1646375279360,685,68,5,1,59500,225,DKU001#
DEVICE,1646375297385,1646375279392,4,1646375279392,698,69,5,1,59500,225,DKU001#
DEVICE,1646375297417,1646375279424,4,1646375279424,709,70,0,1,59500,225,DKU001#
DEVICE,1646375297449,1646375279456,4,1646375279456,724,72,0,1,59500,225,DKU001#
DEVICE,1646375297481,1646375279488,4,1646375279488,719,71,0,1,59500,150,DKU001#
DEVICE,1646375297513,1646375279520,4,1646375279520,740,74,0,1,59500,75,DKU001#
DEVICE,1646375297545,1646375279552,4,1646375279552,732,73,0,1,59500,0,DKU001#
DEVICE,1646375297577,1646375279584,4,1646375279584,719,71,0,1,59500,0,DKU001#
DEVICE,1646375297609,1646375279616,4,1646375279616,717,71,0,1,59500,0,DKU001#
DEVICE,1646375297641,1646375279648,4,1646375279648,692,69,0,1,59500,0,DKU001#
DEVICE,1646375297672,1646375279679,4,1646375279679,691,69,5,1,59500,0,DKU001#
DEVICE,1646375297704,1646375279711,4,1646375279711,667,66,5,1,59500,0,DKU001#
DEVICE,1646375297736,1646375279743,4,1646375279743,634,63,5,1,59500,0,DKU001#
DEVICE,1646375297769,1646375279776,4,1646375279776,615,61,5,1,59500,0,DKU001#
DEVICE,1646375297800,1646375279807,4,1646375279807,575,57,5,1,59500,0,DKU001#
DEVICE,1646375297832,1646375279839,4,1646375279839,551,55,5,1,59500,0,DKU001#
DEVICE,1646375297865,1646375279872,4,1646375279872,526,52,5,1,59500,0,DKU001#
DEVICE,1646375297897,1646375279904,4,1646375279904,501,50,5,1,59500,0,DKU001#
DEVICE,1646375297928,1646375279935,4,1646375279935,471,47,5,2,59500,0,DKU001#
DEVICE,1646375297961,1646375279968,4,1646375279968,452,45,5,2,59500,200,DKU001#
DEVICE,1646375297993,1646375280000,4,1646375280000,431,43,5,2,59500,200,DKU001#
DEVICE,1646375298024,1646375280031,4,1646375280031,416,41,5,2,59500,200,DKU001#
DEVICE,1646375298056,1646375280063,4,1646375280063,404,40,5,2,59500,200,DKU001#
DEVICE,1646375298088,1646375280095,4,1646375280095,394,39,5,2,59500,200,DKU001#
DEVICE,1646375298120,1646375280127,4,1646375280127,390,39,5,2,59500,200,DKU001#
DEVICE,1646375298152,1646375280159,4,1646375280159,386,38,5,2,59500,200,DKU001#
DEVICE,1646375298184,1646375280191,4,1646375280191,386,38,5,2,59500,200,DKU001#
DEVICE,1646375298216,1646375280223,4,1646375280223,395,39,5,2,59500,200,DKU001#
DEVICE,1646375298248,1646375280255,4,1646375280255,402,40,5,2,59500,200,DKU001#
DEVICE,1646375298280,1646375280287,4,1646375280287,419,41,5,2,59500,200,DKU001#
DEVICE,1646375298312,1646375280319,4,1646375280319,438,43,5,2,59500,200,DKU001#
DEVICE,1646375298344,1646375280351,4,1646375280351,459,45,5,2,59500,200,DKU001#
DEVICE,1646375298376,1646375280383,4,1646375280383,477,47,5,2,59500,197,DKU001#
DEVICE,1646375298408,1646375280415,4,1646375280415,496,49,5,2,59500,193,DKU001#
DEVICE,1646375298440,1646375280447,4,1646375280447,516,51,5,2,59500,189,DKU001#
DEVICE,1646375298472,1646375280479,4,1646375280479,546,54,5,2,59500,187,DKU001#
DEVICE,1646375298504,1646375280511,4,1646375280511,576,57,5,2,59500,187,DKU001#
DEVICE,1646375298536,1646375280543,4,1646375280543,596,59,5,2,59500,187,DKU001#
DEVICE,1646375298568,1646375280575,4,1646375280575,615,61,5,2,59500,187,DKU001#
DEVICE,1646375298600,1646375280607,4,1646375280607,641,64,5,2,59500,187,DKU001#
DEVICE,1646375298632,1646375280639,4,1646375280639,662,66,5,2,59500,187,DKU001#
DEVICE,1646375298664,1646375280671,4,1646375280671,681,68,5,2,59500,187,DKU001#
DEVICE,1646375298696,1646375280703,4,1646375280703,701,70,0,2,59500,187,DKU001#
DEVICE,1646375298728,1646375280735,4,1646375280735,709,70,0,2,59500,187,DKU001#
DEVICE,1646375298760,1646375280767,4,1646375280767,718,71,0,2,59500,125,DKU001#
DEVICE,1646375298792,1646375280799,4,1646375280799,722,72,0,2,59500,62,DKU001#
DEVICE,1646375298824,1646375280831,4,1646375280831,744,74,0,2,59500,0,DKU001#
DEVICE,1646375298856,1646375280863,4,1646375280863,724,72,0,2,59500,0,DKU001#
DEVICE,1646375298888,1646375280895,4,1646375280895,726,72,0,2,59500,0,DKU001#
DEVICE,1646375298920,1646375280927,4,1646375280927,716,71,0,2,59500,0,DKU001#
DEVICE,1646375298952,1646375280959,4,1646375280959,708,70,0,2,59500,0,DKU001#
DEVICE,1646375298984,1646375280991,4,1646375280991,697,69,0,2,59500,0,DKU001#
DEVICE,1646375299016,1646375281023,4,1646375281023,666,66,5,2,59500,0,DKU001#
DEVICE,1646375299048,1646375281055,4,1646375281055,641,64,5,2,59500,0,DKU001#
DEVICE,1646375299080,1646375281087,4,1646375281087,615,61,5,2,59500,0,DKU001#
DEVICE,1646375299112,1646375281119,4,1646375281119,591,59,5,2,59500,0,DKU001#
DEVICE,1646375299144,1646375281151,4,1646375281151,560,56,5,2,59500,0,DKU001#
DEVICE,1646375299176,1646375281183,4,1646375281183,528,52,5,2,59500,0,DKU001#
DEVICE,1646375299208,1646375281215,4,1646375281215,513,51,5,2,59500,0,DKU001#
DEVICE,1646375299240,1646375281247,4,1646375281247,486,48,5,2,59500,0,DKU001#
DEVICE,1646375299272,1646375281279,4,1646375281279,467,46,5,3,59500,218,DKU001#
DEVICE,1646375299304,1646375281311,4,1646375281311,448,44,5,3,59500,212,DKU001#
DEVICE,1646375299335,1646375281342,4,1646375281342,433,43,5,3,59500,212,DKU001#
DEVICE,1646375299368,1646375281375,4,1646375281375,408,40,5,3,59500,212,DKU001#
DEVICE,1646375299399,1646375281406,4,1646375281406,402,40,5,3,59500,212,DKU001#
DEVICE,1646375299432,1646375281439,4,1646375281439,396,39,5,3,59500,212,DKU001#
DEVICE,1646375299463,1646375281470,4,1646375281470,387,38,5,3,59500,212,DKU001#
DEVICE,1646375299496,1646375281503,4,1646375281503,393,39,5,3,59500,212,DKU001#
DEVICE,1646375299528,1646375281535,4,1646375281535,406,40,5,3,59500,212,DKU001#
DEVICE,1646375299560,1646375281567,4,1646375281567,406,40,5,3,59500,212,DKU001#
DEVICE,1646375299592,1646375281599,4,1646375281599,418,41,5,3,59500,212,DKU001#
DEVICE,1646375299624,1646375281631,4,1646375281631,428,42,5,3,59500,216,DKU001#
DEVICE,1646375299656,1646375281663,4,1646375281663,451,45,5,3,59500,229,DKU001#
DEVICE,1646375299687,1646375281694,4,1646375281694,475,47,5,3,59500,247,DKU001#
DEVICE,1646375299719,1646375281726,4,1646375281726,495,49,5,3,59500,264,DKU001#
DEVICE,1646375299751,1646375281758,4,1646375281758,518,51,5,3,59500,272,DKU001#
DEVICE,1646375299783,1646375281790,4,1646375281790,539,53,5,3,59500,275,DKU001#
DEVICE,1646375299815,1646375281822,4,1646375281822,571,57,5,3,59500,275,DKU001#
DEVICE,1646375299847,1646375281854,4,1646375281854,589,58,5,3,59500,275,DKU001#
DEVICE,1646375299879,1646375281886,4,1646375281886,631,63,5,3,59500,275,DKU001#
DEVICE,1646375299912,1646375281919,4,1646375281919,643,64,5,3,59500,275,DKU001#
DEVICE,1646375299944,1646375281951,4,1646375281951,674,67,5,3,59500,275,DKU001#
DEVICE,1646375299976,1646375281983,4,1646375281983,677,67,5,3,59500,275,DKU001#
DEVICE,1646375300008,1646375282015,4,1646375282015,692,69,5,3,59500,275,DKU001#
DEVICE,1646375300039,1646375282046,4,1646375282046,713,71,0,3,59500,275,DKU001#
DEVICE,1646375300055,1646375282062,4,1646375282062,722,72,0,3,59500,275,DKU001#
DEVICE,1646375300087,1646375282094,4,1646375282094,737,73,0,3,59500,183,DKU001#
DEVICE,1646375300119,1646375282126,4,1646375282126,733,73,0,3,59500,91,DKU001#
DEVICE,1646375300151,1646375282158,4,1646375282158,740,74,0,3,59500,0,DKU001#
DEVICE,1646375300183,1646375282190,4,1646375282190,731,73,0,3,59500,0,DKU001#
DEVICE,1646375300215,1646375282222,4,1646375282222,717,71,0,3,59500,0,DKU001#
DEVICE,1646375300247,1646375282254,4,1646375282254,703,70,0,3,59500,0,DKU001#
DEVICE,1646375300279,1646375282286,4,1646375282286,686,68,0,3,59500,0,DKU001#
DEVICE,1646375300311,1646375282318,4,1646375282318,682,68,5,3,59500,0,DKU001#
DEVICE,1646375300343,1646375282350,4,1646375282350,636,63,5,3,59500,0,DKU001#
DEVICE,1646375300375,1646375282382,4,1646375282382,613,61,5,3,59500,0,DKU001#
DEVICE,1646375300407,1646375282414,4,1646375282414,600,60,5,3,59500,0,DKU001#
DEVICE,1646375300439,1646375282446,4,1646375282446,561,56,5,3,59500,0,DKU001#
DEVICE,1646375300471,1646375282478,4,1646375282478,535,53,5,3,59500,0,DKU001#
DEVICE,1646375300503,1646375282510,4,1646375282510,508,50,5,3,59500,0,DKU001#
DEVICE,1646375300535,1646375282542,4,1646375282542,494,49,5,3,59500,0,DKU001#
DEVICE,1646375300567,1646375282574,4,1646375282574,471,47,5,4,59500,287,DKU001#
DEVICE,1646375300599,1646375282606,4,1646375282606,445,44,5,4,59500,287,DKU001#
DEVICE,1646375300631,1646375282638,4,1646375282638,430,43,5,4,59500,287,DKU001#
DEVICE,1646375300663,1646375282670,4,1646375282670,411,41,5,4,59500,287,DKU001#
DEVICE,1646375300695,1646375282702,4,1646375282702,405,40,5,4,59500,287,DKU001#
DEVICE,1646375300727,1646375282734,4,1646375282734,388,38,5,4,59500,287,DKU001#
DEVICE,1646375300759,1646375282766,4,1646375282766,391,39,5,4,59500,287,DKU001#
DEVICE,1646375300791,1646375282798,4,1646375282798,390,39,5,4,59500,287,DKU001#
DEVICE,1646375300823,1646375282830,4,1646375282830,390,39,5,4,59500,289,DKU001#
DEVICE,1646375300855,1646375282862,4,1646375282862,397,39,5,4,59500,293,DKU001#
DEVICE,1646375300887,1646375282894,4,1646375282894,408,40,5,4,59500,297,DKU001#
DEVICE,1646375300919,1646375282926,4,1646375282926,418,41,5,4,59500,302,DKU001#
DEVICE,1646375300951,1646375282958,4,1646375282958,435,43,5,4,59500,306,DKU001#
DEVICE,1646375300983,1646375282990,4,1646375282990,453,45,5,4,59500,310,DKU001#
DEVICE,1646375301015,1646375283022,4,1646375283022,467,46,5,4,59500,312,DKU001#
DEVICE,1646375301047,1646375283054,4,1646375283054,495,49,5,4,59500,312,DKU001#
DEVICE,1646375301079,1646375283086,4,1646375283086,523,52,5,4,59500,314,DKU001#
DEVICE,1646375301111,1646375283118,4,1646375283118,522,52,5,4,59500,318,DKU001#
DEVICE,1646375301143,1646375283150,4,1646375283150,554,55,5,4,59500,322,DKU001#
DEVICE,1646375301175,1646375283182,4,1646375283182,584,58,5,4,59500,325,DKU001#
DEVICE,1646375301207,1646375283214,4,1646375283214,597,59,5,4,59500,325,DKU001#
DEVICE,1646375301239,1646375283246,4,1646375283246,624,62,5,4,59500,325,DKU001#
DEVICE,1646375301271,1646375283278,4,1646375283278,631,63,5,4,59500,325,DKU001#
DEVICE,1646375301303,1646375283310,4,1646375283310,654,65,5,4,59500,325,DKU001#
DEVICE,1646375301335,1646375283342,4,1646375283342,673,67,5,4,59500,325,DKU001#
DEVICE,1646375301367,1646375283374,4,1646375283374,672,67,5,4,59500,325,DKU001#
DEVICE,1646375301399,1646375283406,4,1646375283406,690,69,5,4,59500,325,DKU001#
DEVICE,1646375301431,1646375283438,4,1646375283438,694,69,5,4,59500,325,DKU001#
DEVICE,1646375301462,1646375283469,4,1646375283469,695,69,5,4,59500,325,DKU001#
DEVICE,1646375301495,1646375283502,4,1646375283502,690,69,5,4,59500,325,DKU001#
DEVICE,1646375301527,1646375283534,4,1646375283534,686,68,5,4,59500,325,DKU001#
DEVICE,1646375301559,1646375283566,4,1646375283566,682,68,5,4,59500,325,DKU001#
DEVICE,1646375301591,1646375283598,4,1646375283598,659,65,5,4,59500,325,DKU001#
DEVICE,1646375301623,1646375283630,4,1646375283630,642,64,5,4,59500,325,DKU001#
DEVICE,1646375301655,1646375283662,4,1646375283662,607,60,5,4,59500,325,DKU001#
DEVICE,1646375301687,1646375283694,4,1646375283694,604,60,5,4,59500,325,DKU001#
DEVICE,1646375301719,1646375283726,4,1646375283726,573,57,5,4,59500,325,DKU001#
DEVICE,1646375301751,1646375283758,4,1646375283758,550,55,5,4,59500,325,DKU001#
DEVICE,1646375301783,1646375283790,4,1646375283790,525,52,5,4,59500,325,DKU001#
DEVICE,1646375301815,1646375283822,4,1646375283822,505,50,5,4,59500,325,DKU001#
DEVICE,1646375301846,1646375283853,4,1646375283853,479,47,5,5,59500,325,DKU001#
DEVICE,1646375301879,1646375283886,4,1646375283886,454,45,5,5,59500,250,DKU001#
DEVICE,1646375301911,1646375283918,4,1646375283918,436,43,5,5,59500,250,DKU001#
DEVICE,1646375301943,1646375283950,4,1646375283950,433,43,5,5,59500,250,DKU001#
DEVICE,1646375301975,1646375283982,4,1646375283982,409,40,5,5,59500,250,DKU001#
DEVICE,1646375302006,1646375284013,4,1646375284013,404,40,5,5,59500,250,DKU001#
DEVICE,1646375302039,1646375284046,4,1646375284046,397,39,5,5,59500,250,DKU001#
DEVICE,1646375302070,1646375284077,4,1646375284077,406,40,5,5,59500,250,DKU001#
DEVICE,1646375302102,1646375284109,4,1646375284109,412,41,5,5,59500,252,DKU001#
DEVICE,1646375302134,1646375284141,4,1646375284141,415,41,5,5,59500,256,DKU001#
DEVICE,1646375302166,1646375284173,4,1646375284173,420,42,5,5,59500,260,DKU001#
DEVICE,1646375302198,1646375284205,4,1646375284205,432,43,5,5,59500,264,DKU001#
DEVICE,1646375302230,1646375284237,4,1646375284237,450,45,5,5,59500,270,DKU001#
DEVICE,1646375302262,1646375284269,4,1646375284269,464,46,5,5,59500,277,DKU001#
DEVICE,1646375302295,1646375284302,4,1646375284302,489,48,5,5,59500,281,DKU001#
DEVICE,1646375302326,1646375284333,4,1646375284333,498,49,5,5,59500,281,DKU001#
DEVICE,1646375302358,1646375284365,4,1646375284365,529,52,5,5,59500,281,DKU001#
DEVICE,1646375302390,1646375284397,4,1646375284397,563,56,5,5,59500,281,DKU001#
DEVICE,1646375302422,1646375284429,4,1646375284429,572,57,5,5,59500,277,DKU001#
DEVICE,1646375302454,1646375284461,4,1646375284461,588,58,5,5,59500,272,DKU001#
DEVICE,1646375302486,1646375284493,4,1646375284493,613,61,5,5,59500,268,DKU001#
DEVICE,1646375302518,1646375284525,4,1646375284525,650,65,5,5,59500,268,DKU001#
DEVICE,1646375302550,1646375284557,4,1646375284557,672,67,5,5,59500,268,DKU001#
DEVICE,1646375302582,1646375284589,4,1646375284589,677,67,5,5,59500,268,DKU001#
DEVICE,1646375302614,1646375284621,4,1646375284621,701,70,0,5,59500,268,DKU001#
DEVICE,1646375302647,1646375284654,4,1646375284654,705,70,0,5,59500,268,DKU001#
DEVICE,1646375302678,1646375284685,4,1646375284685,718,71,0,5,59500,179,DKU001#
DEVICE,1646375302710,1646375284717,4,1646375284717,716,71,0,5,59500,89,DKU001#
DEVICE,1646375302742,1646375284749,4,1646375284749,739,73,0,5,59500,0,DKU001#
DEVICE,1646375302775,1646375284782,4,1646375284782,728,72,0,5,59500,0,DKU001#
DEVICE,1646375302806,1646375284813,4,1646375284813,704,70,0,5,59500,0,DKU001#
DEVICE,1646375302838,1646375284845,4,1646375284845,694,69,0,5,59500,0,DKU001#
DEVICE,1646375302870,1646375284877,4,1646375284877,682,68,5,5,59500,0,DKU001#
DEVICE,1646375302902,1646375284909,4,1646375284909,649,64,5,5,59500,0,DKU001#
DEVICE,1646375302934,1646375284941,4,1646375284941,638,63,5,5,59500,0,DKU001#
DEVICE,1646375302966,1646375284973,4,1646375284973,615,61,5,5,59500,0,DKU001#
DEVICE,1646375302998,1646375285005,4,1646375285005,588,58,5,5,59500,0,DKU001#
DEVICE,1646375303030,1646375285037,4,1646375285037,563,56,5,5,59500,0,DKU001#
DEVICE,1646375303062,1646375285069,4,1646375285069,548,54,5,5,59500,0,DKU001#
DEVICE,1646375303094,1646375285101,4,1646375285101,519,51,5,5,59500,0,DKU001#
DEVICE,1646375303126,1646375285133,4,1646375285133,491,49,5,5,59500,0,DKU001#
DEVICE,1646375303158,1646375285165,4,1646375285165,478,47,5,6,59500,262,DKU001#
DEVICE,1646375303190,1646375285197,4,1646375285197,460,46,5,6,59500,262,DKU001#
DEVICE,1646375303222,1646375285229,4,1646375285229,452,45,5,6,59500,262,DKU001#
DEVICE,1646375303254,1646375285261,4,1646375285261,434,43,5,6,59500,262,DKU001#
DEVICE,1646375303286,1646375285293,4,1646375285293,427,42,5,6,59500,262,DKU001#
DEVICE,1646375303317,1646375285324,4,1646375285324,418,41,5,6,59500,262,DKU001#
DEVICE,1646375303350,1646375285357,4,1646375285357,414,41,5,6,59500,262,DKU001#
DEVICE,1646375303382,1646375285389,4,1646375285389,416,41,5,6,59500,264,DKU001#
DEVICE,1646375303414,1646375285421,4,1646375285421,420,42,5,6,59500,266,DKU001#
DEVICE,1646375303445,1646375285452,4,1646375285452,433,43,5,6,59500,270,DKU001#
DEVICE,1646375303478,1646375285485,4,1646375285485,436,43,5,6,59500,272,DKU001#
DEVICE,1646375303510,1646375285517,4,1646375285517,454,45,5,6,59500,275,DKU001#
DEVICE,1646375303542,1646375285549,4,1646375285549,466,46,5,6,59500,279,DKU001#
DEVICE,1646375303574,1646375285581,4,1646375285581,475,47,5,6,59500,291,DKU001#
DEVICE,1646375303606,1646375285613,4,1646375285613,501,50,5,6,59500,308,DKU001#
DEVICE,1646375303638,1646375285645,4,1646375285645,523,52,5,6,59500,320,DKU001#
DEVICE,1646375303669,1646375285676,4,1646375285676,546,54,5,6,59500,327,DKU001#
DEVICE,1646375303702,1646375285709,4,1646375285709,570,57,5,6,59500,329,DKU001#
DEVICE,1646375303734,1646375285741,4,1646375285741,588,58,5,6,59500,331,DKU001#
DEVICE,1646375303765,1646375285772,4,1646375285772,607,60,5,6,59500,331,DKU001#
DEVICE,1646375303797,1646375285804,4,1646375285804,621,62,5,6,59500,331,DKU001#
DEVICE,1646375303829,1646375285836,4,1646375285836,653,65,5,6,59500,331,DKU001#
DEVICE,1646375303861,1646375285868,4,1646375285868,661,66,5,6,59500,331,DKU001#
DEVICE,1646375303894,1646375285901,4,1646375285901,680,68,5,6,59500,331,DKU001#
DEVICE,1646375303926,1646375285933,4,1646375285933,683,68,5,6,59500,331,DKU001#
DEVICE,1646375303958,1646375285965,4,1646375285965,701,70,0,6,59500,331,DKU001#
DEVICE,1646375303990,1646375285997,4,1646375285997,709,70,0,6,59500,331,DKU001#
DEVICE,1646375304021,1646375286028,4,1646375286028,719,71,0,6,59500,220,DKU001#
DEVICE,1646375304053,1646375286060,4,1646375286060,701,70,0,6,59500,110,DKU001#
DEVICE,1646375304085,1646375286092,4,1646375286092,705,70,0,6,59500,0,DKU001#
DEVICE,1646375304117,1646375286124,4,1646375286124,712,71,0,6,59500,0,DKU001#
DEVICE,1646375304149,1646375286156,4,1646375286156,691,69,0,6,59500,0,DKU001#
DEVICE,1646375304181,1646375286188,4,1646375286188,676,67,5,6,59500,0,DKU001#
DEVICE,1646375304213,1646375286220,4,1646375286220,670,67,5,6,59500,0,DKU001#
DEVICE,1646375304245,1646375286252,4,1646375286252,644,64,5,6,59500,0,DKU001#
DEVICE,1646375304278,1646375286285,4,1646375286285,635,63,5,6,59500,0,DKU001#
DEVICE,1646375304309,1646375286316,4,1646375286316,609,60,5,6,59500,0,DKU001#
DEVICE,1646375304341,1646375286348,4,1646375286348,576,57,5,6,59500,0,DKU001#
DEVICE,1646375304373,1646375286380,4,1646375286380,552,55,5,6,59500,0,DKU001#
DEVICE,1646375304405,1646375286412,4,1646375286412,529,52,5,6,59500,0,DKU001#
DEVICE,1646375304437,1646375286444,4,1646375286444,509,50,5,6,59500,0,DKU001#
DEVICE,1646375304469,1646375286476,4,1646375286476,484,48,5,6,59500,0,DKU001#
DEVICE,1646375304501,1646375286508,4,1646375286508,466,46,5,7,59500,225,DKU001#
DEVICE,1646375304533,1646375286540,4,1646375286540,445,44,5,7,59500,225,DKU001#
DEVICE,1646375304565,1646375286572,4,1646375286572,442,44,5,7,59500,225,DKU001#
DEVICE,1646375304597,1646375286604,4,1646375286604,430,43,5,7,59500,225,DKU001#
DEVICE,1646375304629,1646375286636,4,1646375286636,427,42,5,7,59500,225,DKU001#
DEVICE,1646375304661,1646375286668,4,1646375286668,416,41,5,7,59500,225,DKU001#
DEVICE,1646375304693,1646375286700,4,1646375286700,416,41,5,7,59500,225,DKU001#
DEVICE,1646375304725,1646375286732,4,1646375286732,415,41,5,7,59500,227,DKU001#
DEVICE,1646375304757,1646375286764,4,1646375286764,418,41,5,7,59500,233,DKU001#
DEVICE,1646375304789,1646375286796,4,1646375286796,436,43,5,7,59500,243,DKU001#
DEVICE,1646375304821,1646375286828,4,1646375286828,446,44,5,7,59500,256,DKU001#
DEVICE,1646375304853,1646375286860,4,1646375286860,467,46,5,7,59500,268,DKU001#
DEVICE,1646375304885,1646375286892,4,1646375286892,470,47,5,7,59500,279,DKU001#
DEVICE,1646375304917,1646375286924,4,1646375286924,493,49,5,7,59500,285,DKU001#
DEVICE,1646375304949,1646375286956,4,1646375286956,507,50,5,7,59500,287,DKU001#
DEVICE,1646375304981,1646375286988,4,1646375286988,529,52,5,7,59500,287,DKU001#
DEVICE,1646375305013,1646375287020,4,1646375287020,553,55,5,7,59500,287,DKU001#
DEVICE,1646375305045,1646375287052,4,1646375287052,573,57,5,7,59500,287,DKU001#
DEVICE,1646375305077,1646375287084,4,1646375287084,596,59,5,7,59500,287,DKU001#
DEVICE,1646375305109,1646375287116,4,1646375287116,607,60,5,7,59500,287,DKU001#
DEVICE,1646375305141,1646375287148,4,1646375287148,636,63,5,7,59500,287,DKU001#
DEVICE,1646375305173,1646375287180,4,1646375287180,654,65,5,7,59500,287,DKU001#
DEVICE,1646375305205,1646375287212,4,1646375287212,670,67,5,7,59500,287,DKU001#
DEVICE,1646375305237,1646375287244,4,1646375287244,689,68,5,7,59500,287,DKU001#
DEVICE,1646375305269,1646375287276,4,1646375287276,694,69,5,7,59500,287,DKU001#
DEVICE,1646375305301,1646375287308,4,1646375287308,707,70,0,7,59500,287,DKU001#
DEVICE,1646375305333,1646375287340,4,1646375287340,725,72,0,7,59500,287,DKU001#
DEVICE,1646375305365,1646375287372,4,1646375287372,723,72,0,7,59500,191,DKU001#
DEVICE,1646375305397,1646375287404,4,1646375287404,721,72,0,7,59500,95,DKU001#
DEVICE,1646375305428,1646375287435,4,1646375287435,713,71,0,7,59500,0,DKU001#
DEVICE,1646375305461,1646375287468,4,1646375287468,710,71,0,7,59500,0,DKU001#
DEVICE,1646375305493,1646375287500,4,1646375287500,703,70,0,7,59500,0,DKU001#
DEVICE,1646375305525,1646375287532,4,1646375287532,690,69,0,7,59500,0,DKU001#
DEVICE,1646375305557,1646375287564,4,1646375287564,663,66,5,7,59500,0,DKU001#
DEVICE,1646375305589,1646375287596,4,1646375287596,657,65,5,7,59500,0,DKU001#
DEVICE,1646375305621,1646375287628,4,1646375287628,634,63,5,7,59500,0,DKU001#
DEVICE,1646375305653,1646375287660,4,1646375287660,610,61,5,7,59500,0,DKU001#
DEVICE,1646375305685,1646375287692,4,1646375287692,592,59,5,7,59500,0,DKU001#
DEVICE,1646375305717,1646375287724,4,1646375287724,573,57,5,7,59500,0,DKU001#
DEVICE,1646375305748,1646375287755,4,1646375287755,542,54,5,7,59500,0,DKU001#
DEVICE,1646375305780,1646375287787,4,1646375287787,525,52,5,7,59500,0,DKU001#
DEVICE,1646375305812,1646375287819,4,1646375287819,494,49,5,7,59500,0,DKU001#
DEVICE,1646375305845,1646375287852,4,1646375287852,482,48,5,8,59500,268,DKU001#
DEVICE,1646375305876,1646375287883,4,1646375287883,463,46,5,8,59500,262,DKU001#
DEVICE,1646375305909,1646375287916,4,1646375287916,443,44,5,8,59500,262,DKU001#
DEVICE,1646375305940,1646375287947,4,1646375287947,436,43,5,8,59500,262,DKU001#
DEVICE,1646375305972,1646375287979,4,1646375287979,431,43,5,8,59500,262,DKU001#
DEVICE,1646375306004,1646375288011,4,1646375288011,426,42,5,8,59500,262,DKU001#
DEVICE,1646375306036,1646375288043,4,1646375288043,416,41,5,8,59500,262,DKU001#
DEVICE,1646375306068,1646375288075,4,1646375288075,420,42,5,8,59500,262,DKU001#
DEVICE,1646375306100,1646375288107,4,1646375288107,419,41,5,8,59500,262,DKU001#
DEVICE,1646375306132,1646375288139,4,1646375288139,435,43,5,8,59500,262,DKU001#
DEVICE,1646375306164,1646375288171,4,1646375288171,443,44,5,8,59500,264,DKU001#
DEVICE,1646375306196,1646375288203,4,1646375288203,457,45,5,8,59500,268,DKU001#
DEVICE,1646375306228,1646375288235,4,1646375288235,467,46,5,8,59500,281,DKU001#
DEVICE,1646375306261,1646375288268,4,1646375288268,482,48,5,8,59500,295,DKU001#
DEVICE,1646375306292,1646375288299,4,1646375288299,498,49,5,8,59500,310,DKU001#
DEVICE,1646375306324,1646375288331,4,1646375288331,527,52,5,8,59500,318,DKU001#
DEVICE,1646375306356,1646375288363,4,1646375288363,549,54,5,8,59500,322,DKU001#
DEVICE,1646375306388,1646375288395,4,1646375288395,566,56,5,8,59500,325,DKU001#
DEVICE,1646375306420,1646375288427,4,1646375288427,586,58,5,8,59500,325,DKU001#
DEVICE,1646375306452,1646375288459,4,1646375288459,607,60,5,8,59500,325,DKU001#
DEVICE,1646375306484,1646375288491,4,1646375288491,619,61,5,8,59500,325,DKU001#
DEVICE,1646375306500,1646375288507,4,1646375288507,653,65,5,8,59500,325,DKU001#
DEVICE,1646375306532,1646375288539,4,1646375288539,669,66,5,8,59500,325,DKU001#
DEVICE,1646375306565,1646375288572,4,1646375288572,689,68,5,8,59500,325,DKU001#
DEVICE,1646375306596,1646375288603,4,1646375288603,690,69,5,8,59500,325,DKU001#
DEVICE,1646375306628,1646375288635,4,1646375288635,714,71,0,8,59500,325,DKU001#
DEVICE,1646375306661,1646375288668,4,1646375288668,699,69,0,8,59500,325,DKU001#
DEVICE,1646375306692,1646375288699,4,1646375288699,713,71,0,8,59500,325,DKU001#
DEVICE,1646375306724,1646375288731,4,1646375288731,719,71,0,8,59500,216,DKU001#
DEVICE,1646375306756,1646375288763,4,1646375288763,713,71,0,8,59500,108,DKU001#
DEVICE,1646375306788,1646375288795,4,1646375288795,718,71,0,8,59500,0,DKU001#
DEVICE,1646375306820,1646375288827,4,1646375288827,699,69,0,8,59500,0,DKU001#
DEVICE,1646375306852,1646375288859,4,1646375288859,685,68,5,8,59500,0,DKU001#
DEVICE,1646375306884,1646375288891,4,1646375288891,689,68,5,8,59500,0,DKU001#
DEVICE,1646375306916,1646375288923,4,1646375288923,665,66,5,8,59500,0,DKU001#
DEVICE,1646375306948,1646375288955,4,1646375288955,644,64,5,8,59500,0,DKU001#
DEVICE,1646375306980,1646375288987,4,1646375288987,620,62,5,8,59500,0,DKU001#
DEVICE,1646375307012,1646375289019,4,1646375289019,602,60,5,8,59500,0,DKU001#
DEVICE,1646375307045,1646375289052,4,1646375289052,589,58,5,8,59500,0,DKU001#
DEVICE,1646375307076,1646375289083,4,1646375289083,554,55,5,8,59500,0,DKU001#
DEVICE,1646375307108,1646375289115,4,1646375289115,539,53,5,8,59500,0,DKU001#
DEVICE,1646375307140,1646375289147,4,1646375289147,523,52,5,8,59500,0,DKU001#
DEVICE,1646375307172,1646375289179,4,1646375289179,488,48,5,8,59500,0,DKU001#
DEVICE,1646375307204,1646375289211,4,1646375289211,472,47,5,9,59500,262,DKU001#
DEVICE,1646375307236,1646375289243,4,1646375289243,455,45,5,9,59500,256,DKU001#
DEVICE,1646375307268,1646375289275,4,1646375289275,437,43,5,9,59500,256,DKU001#
DEVICE,1646375307300,1646375289307,4,1646375289307,425,42,5,9,59500,256,DKU001#
DEVICE,1646375307332,1646375289339,4,1646375289339,417,41,5,9,59500,256,DKU001#
DEVICE,1646375307364,1646375289371,4,1646375289371,410,41,5,9,59500,254,DKU001#
DEVICE,1646375307396,1646375289403,4,1646375289403,405,40,5,9,59500,252,DKU001#
DEVICE,1646375307428,1646375289435,4,1646375289435,401,40,5,9,59500,250,DKU001#
DEVICE,1646375307460,1646375289467,4,1646375289467,406,40,5,9,59500,250,DKU001#
DEVICE,1646375307492,1646375289499,4,1646375289499,409,40,5,9,59500,250,DKU001#
DEVICE,1646375307524,1646375289531,4,1646375289531,427,42,5,9,59500,250,DKU001#
DEVICE,1646375307556,1646375289563,4,1646375289563,441,44,5,9,59500,250,DKU001#
DEVICE,1646375307588,1646375289595,4,1646375289595,459,45,5,9,59500,252,DKU001#
DEVICE,1646375307620,1646375289627,4,1646375289627,472,47,5,9,59500,258,DKU001#
DEVICE,1646375307651,1646375289658,4,1646375289658,487,48,5,9,59500,266,DKU001#
DEVICE,1646375307684,1646375289691,4,1646375289691,508,50,5,9,59500,272,DKU001#
DEVICE,1646375307715,1646375289722,4,1646375289722,534,53,5,9,59500,277,DKU001#
DEVICE,1646375307747,1646375289754,4,1646375289754,552,55,5,9,59500,281,DKU001#
DEVICE,1646375307779,1646375289786,4,1646375289786,578,57,5,9,59500,287,DKU001#
DEVICE,1646375307811,1646375289818,4,1646375289818,600,60,5,9,59500,291,DKU001#
DEVICE,1646375307844,1646375289851,4,1646375289851,620,62,5,9,59500,293,DKU001#
DEVICE,1646375307875,1646375289882,4,1646375289882,636,63,5,9,59500,293,DKU001#
DEVICE,1646375307908,1646375289915,4,1646375289915,665,66,5,9,59500,293,DKU001#
DEVICE,1646375307940,1646375289947,4,1646375289947,673,67,5,9,59500,293,DKU001#
DEVICE,1646375307972,1646375289979,4,1646375289979,678,67,5,9,59500,293,DKU001#
DEVICE,1646375308003,1646375290010,4,1646375290010,688,68,5,9,59500,293,DKU001#
DEVICE,1646375308035,1646375290042,4,1646375290042,705,70,0,9,59500,293,DKU001#
DEVICE,1646375308067,1646375290074,4,1646375290074,704,70,0,9,59500,293,DKU001#
DEVICE,1646375308099,1646375290106,4,1646375290106,699,69,0,9,59500,195,DKU001#
DEVICE,1646375308131,1646375290138,4,1646375290138,709,70,0,9,59500,97,DKU001#
DEVICE,1646375308163,1646375290170,4,1646375290170,699,69,0,9,59500,0,DKU001#
DEVICE,1646375308196,1646375290203,4,1646375290203,688,68,5,9,59500,0,DKU001#
DEVICE,1646375308228,1646375290235,4,1646375290235,682,68,5,9,59500,0,DKU001#
DEVICE,1646375308259,1646375290266,4,1646375290266,659,65,5,9,59500,0,DKU001#
DEVICE,1646375308291,1646375290298,4,1646375290298,646,64,5,9,59500,0,DKU001#
DEVICE,1646375308323,1646375290330,4,1646375290330,630,63,5,9,59500,0,DKU001#
DEVICE,1646375308355,1646375290362,4,1646375290362,602,60,5,9,59500,0,DKU001#
DEVICE,1646375308387,1646375290394,4,1646375290394,582,58,5,9,59500,0,DKU001#
DEVICE,1646375308419,1646375290426,4,1646375290426,551,55,5,9,59500,0,DKU001#
DEVICE,1646375308451,1646375290458,4,1646375290458,536,53,5,9,59500,0,DKU001#
DEVICE,1646375308483,1646375290490,4,1646375290490,515,51,5,9,59500,0,DKU001#
DEVICE,1646375308515,1646375290522,4,1646375290522,488,48,5,9,59500,0,DKU001#
DEVICE,1646375308547,1646375290554,4,1646375290554,478,47,5,10,59500,287,DKU001#
DEVICE,1646375308579,1646375290586,4,1646375290586,458,45,5,10,59500,275,DKU001#
DEVICE,1646375308611,1646375290618,4,1646375290618,439,43,5,10,59500,275,DKU001#
DEVICE,1646375308643,1646375290650,4,1646375290650,431,43,5,10,59500,275,DKU001#
DEVICE,1646375308675,1646375290682,4,1646375290682,415,41,5,10,59500,275,DKU001#
DEVICE,1646375308707,1646375290714,4,1646375290714,412,41,5,10,59500,275,DKU001#
DEVICE,1646375308739,1646375290746,4,1646375290746,416,41,5,10,59500,272,DKU001#
DEVICE,1646375308771,1646375290778,4,1646375290778,409,40,5,10,59500,266,DKU001#
DEVICE,1646375308803,1646375290810,4,1646375290810,414,41,5,10,59500,260,DKU001#
DEVICE,1646375308835,1646375290842,4,1646375290842,419,41,5,10,59500,256,DKU001#
DEVICE,1646375308867,1646375290874,4,1646375290874,433,43,5,10,59500,256,DKU001#
DEVICE,1646375308899,1646375290906,4,1646375290906,445,44,5,10,59500,256,DKU001#
DEVICE,1646375308931,1646375290938,4,1646375290938,463,46,5,10,59500,258,DKU001#
DEVICE,1646375308963,1646375290970,4,1646375290970,474,47,5,10,59500,264,DKU001#
DEVICE,1646375308994,1646375291001,4,1646375291001,501,50,5,10,59500,275,DKU001#
DEVICE,1646375309028,1646375291035,4,1646375291035,507,50,5,10,59500,283,DKU001#
DEVICE,1646375309059,1646375291066,4,1646375291066,533,53,5,10,59500,287,DKU001#
DEVICE,1646375309091,1646375291098,4,1646375291098,557,55,5,10,59500,289,DKU001#
DEVICE,1646375309123,1646375291130,4,1646375291130,579,57,5,10,59500,293,DKU001#
DEVICE,1646375309155,1646375291162,4,1646375291162,590,59,5,10,59500,297,DKU001#
DEVICE,1646375309187,1646375291194,4,1646375291194,607,60,5,10,59500,300,DKU001#
DEVICE,1646375309219,1646375291226,4,1646375291226,632,63,5,10,59500,300,DKU001#
DEVICE,1646375309251,1646375291258,4,1646375291258,642,64,5,10,59500,300,DKU001#
DEVICE,1646375309283,1646375291290,4,1646375291290,658,65,5,10,59500,300,DKU001#
DEVICE,1646375309315,1646375291322,4,1646375291322,685,68,5,10,59500,300,DKU001#
DEVICE,1646375309346,1646375291353,4,1646375291353,685,68,5,10,59500,300,DKU001#
DEVICE,1646375309379,1646375291386,4,1646375291386,709,70,0,10,59500,300,DKU001#
DEVICE,1646375309411,1646375291418,4,1646375291418,699,69,0,10,59500,300,DKU001#
DEVICE,1646375309443,1646375291450,4,1646375291450,710,71,0,10,59500,200,DKU001#
DEVICE,1646375309475,1646375291482,4,1646375291482,708,70,0,10,59500,100,DKU001#
DEVICE,1646375309507,1646375291514,4,1646375291514,707,70,0,10,59500,0,DKU001#
DEVICE,1646375309539,1646375291546,4,1646375291546,693,69,0,10,59500,0,DKU001#
DEVICE,1646375309570,1646375291577,4,1646375291577,686,68,5,10,59500,0,DKU001#
DEVICE,1646375309602,1646375291609,4,1646375291609,674,67,5,10,59500,0,DKU001#
DEVICE,1646375309634,1646375291641,4,1646375291641,670,67,5,10,59500,0,DKU001#
DEVICE,1646375309666,1646375291673,4,1646375291673,644,64,5,10,59500,0,DKU001#
DEVICE,1646375309698,1646375291705,4,1646375291705,636,63,5,10,59500,0,DKU001#
DEVICE,1646375309730,1646375291737,4,1646375291737,625,62,5,10,59500,0,DKU001#
DEVICE,1646375309762,1646375291769,4,1646375291769,586,58,5,10,59500,0,DKU001#
DEVICE,1646375309795,1646375291802,4,1646375291802,557,55,5,10,59500,0,DKU001#
DEVICE,1646375309826,1646375291833,4,1646375291833,540,54,5,10,59500,0,DKU001#
DEVICE,1646375309858,1646375291865,4,1646375291865,518,51,5,10,59500,0,DKU001#
DEVICE,1646375309890,1646375291897,4,1646375291897,490,49,5,10,59500,0,DKU001#
DEVICE,1646375309922,1646375291929,4,1646375291929,473,47,5,11,59500,281,DKU001#
DEVICE,1646375309954,1646375291961,4,1646375291961,460,46,5,11,59500,287,DKU001#
DEVICE,1646375309986,1646375291993,4,1646375291993,442,44,5,11,59500,287,DKU001#
DEVICE,1646375310018,1646375292025,4,1646375292025,426,42,5,11,59500,287,DKU001#
DEVICE,1646375310050,1646375292057,4,1646375292057,425,42,5,11,59500,287,DKU001#
DEVICE,1646375310082,1646375292089,4,1646375292089,407,40,5,11,59500,289,DKU001#
DEVICE,1646375310114,1646375292121,4,1646375292121,403,40,5,11,59500,291,DKU001#
DEVICE,1646375310146,1646375292153,4,1646375292153,412,41,5,11,59500,293,DKU001#
DEVICE,1646375310178,1646375292185,4,1646375292185,418,41,5,11,59500,293,DKU001#
DEVICE,1646375310211,1646375292218,4,1646375292218,429,42,5,11,59500,293,DKU001#
DEVICE,1646375310242,1646375292249,4,1646375292249,432,43,5,11,59500,293,DKU001#
DEVICE,1646375310274,1646375292281,4,1646375292281,449,44,5,11,59500,291,DKU001#
DEVICE,1646375310306,1646375292313,4,1646375292313,464,46,5,11,59500,289,DKU001#
DEVICE,1646375310338,1646375292345,4,1646375292345,479,47,5,11,59500,287,DKU001#
DEVICE,1646375310370,1646375292377,4,1646375292377,496,49,5,11,59500,287,DKU001#
DEVICE,1646375310402,1646375292409,4,1646375292409,521,52,5,11,59500,287,DKU001#
DEVICE,1646375310434,1646375292441,4,1646375292441,540,54,5,11,59500,287,DKU001#
DEVICE,1646375310466,1646375292473,4,1646375292473,564,56,5,11,59500,291,DKU001#
DEVICE,1646375310498,1646375292505,4,1646375292505,582,58,5,11,59500,295,DKU001#
DEVICE,1646375310530,1646375292537,4,1646375292537,610,61,5,11,59500,300,DKU001#
DEVICE,1646375310562,1646375292569,4,1646375292569,631,63,5,11,59500,300,DKU001#
DEVICE,1646375310594,1646375292601,4,1646375292601,629,62,5,11,59500,300,DKU001#
DEVICE,1646375310626,1646375292633,4,1646375292633,647,64,5,11,59500,300,DKU001#
DEVICE,1646375310658,1646375292665,4,1646375292665,664,66,5,11,59500,300,DKU001#
DEVICE,1646375310690,1646375292697,4,1646375292697,698,69,5,11,59500,300,DKU001#
DEVICE,1646375310722,1646375292729,4,1646375292729,697,69,5,11,59500,300,DKU001#
DEVICE,1646375310754,1646375292761,4,1646375292761,709,70,0,11,59500,300,DKU001#
DEVICE,1646375310786,1646375292793,4,1646375292793,700,70,0,11,59500,300,DKU001#
DEVICE,1646375310818,1646375292825,4,1646375292825,713,71,0,11,59500,200,DKU001#
DEVICE,1646375310850,1646375292857,4,1646375292857,712,71,0,11,59500,100,DKU001#
DEVICE,1646375310882,1646375292889,4,1646375292889,701,70,0,11,59500,0,DKU001#
DEVICE,1646375310914,1646375292921,4,1646375292921,694,69,0,11,59500,0,DKU001#
DEVICE,1646375310946,1646375292953,4,1646375292953,680,68,5,11,59500,0,DKU001#
DEVICE,1646375310978,1646375292985,4,1646375292985,672,67,5,11,59500,0,DKU001#
DEVICE,1646375311010,1646375293017,4,1646375293017,654,65,5,11,59500,0,DKU001#
DEVICE,1646375311042,1646375293049,4,1646375293049,636,63,5,11,59500,0,DKU001#
DEVICE,1646375311074,1646375293081,4,1646375293081,601,60,5,11,59500,0,DKU001#
DEVICE,1646375311106,1646375293113,4,1646375293113,595,59,5,11,59500,0,DKU001#
DEVICE,1646375311138,1646375293145,4,1646375293145,563,56,5,11,59500,0,DKU001#
DEVICE,1646375311170,1646375293177,4,1646375293177,544,54,5,11,59500,0,DKU001#
DEVICE,1646375311202,1646375293209,4,1646375293209,523,52,5,11,59500,0,DKU001#
DEVICE,1646375311234,1646375293241,4,1646375293241,508,50,5,11,59500,0,DKU001#
DEVICE,1646375311266,1646375293273,4,1646375293273,484,48,5,11,59500,0,DKU001#
DEVICE,1646375311298,1646375293305,4,1646375293305,464,46,5,12,59500,300,DKU001#
DEVICE,1646375311329,1646375293336,4,1646375293336,455,45,5,12,59500,300,DKU001#
DEVICE,1646375311361,1646375293368,4,1646375293368,430,43,5,12,59500,300,DKU001#
DEVICE,1646375311394,1646375293401,4,1646375293401,418,41,5,12,59500,300,DKU001#
DEVICE,1646375311426,1646375293433,4,1646375293433,404,40,5,12,59500,300,DKU001#
DEVICE,1646375311458,1646375293465,4,1646375293465,396,39,5,12,59500,297,DKU001#
DEVICE,1646375311489,1646375293496,4,1646375293496,388,38,5,12,59500,289,DKU001#
DEVICE,1646375311521,1646375293528,4,1646375293528,388,38,5,12,59500,275,DKU001#
DEVICE,1646375311554,1646375293561,4,1646375293561,394,39,5,12,59500,260,DKU001#
DEVICE,1646375311585,1646375293592,4,1646375293592,399,39,5,12,59500,250,DKU001#
DEVICE,1646375311617,1646375293624,4,1646375293624,406,40,5,12,59500,245,DKU001#
DEVICE,1646375311649,1646375293656,4,1646375293656,416,41,5,12,59500,243,DKU001#
DEVICE,1646375311681,1646375293688,4,1646375293688,422,42,5,12,59500,243,DKU001#
DEVICE,1646375311713,1646375293720,4,1646375293720,440,44,5,12,59500,245,DKU001#
DEVICE,1646375311745,1646375293752,4,1646375293752,462,46,5,12,59500,247,DKU001#
DEVICE,1646375311778,1646375293785,4,1646375293785,478,47,5,12,59500,252,DKU001#
DEVICE,1646375311809,1646375293816,4,1646375293816,508,50,5,12,59500,256,DKU001#
DEVICE,1646375311842,1646375293849,4,1646375293849,521,52,5,12,59500,260,DKU001#
DEVICE,1646375311873,1646375293880,4,1646375293880,540,54,5,12,59500,262,DKU001#
DEVICE,1646375311905,1646375293912,4,1646375293912,581,58,5,12,59500,262,DKU001#
DEVICE,1646375311937,1646375293944,4,1646375293944,579,57,5,12,59500,262,DKU001#
DEVICE,1646375311969,1646375293976,4,1646375293976,613,61,5,12,59500,262,DKU001#
DEVICE,1646375312001,1646375294008,4,1646375294008,628,62,5,12,59500,262,DKU001#
DEVICE,1646375312033,1646375294040,4,1646375294040,654,65,5,12,59500,262,DKU001#
DEVICE,1646375312065,1646375294072,4,1646375294072,659,65,5,12,59500,262,DKU001#
DEVICE,1646375312097,1646375294104,4,1646375294104,665,66,5,12,59500,262,DKU001#
DEVICE,1646375312129,1646375294136,4,1646375294136,683,68,5,12,59500,262,DKU001#
DEVICE,1646375312161,1646375294168,4,1646375294168,693,69,5,12,59500,262,DKU001#
DEVICE,1646375312193,1646375294200,4,1646375294200,692,69,5,12,59500,262,DKU001#
DEVICE,1646375312225,1646375294232,4,1646375294232,695,69,5,12,59500,262,DKU001#
DEVICE,1646375312257,1646375294264,4,1646375294264,691,69,5,12,59500,262,DKU001#
DEVICE,1646375312289,1646375294296,4,1646375294296,683,68,5,12,59500,262,DKU001#
DEVICE,1646375312321,1646375294328,4,1646375294328,678,67,5,12,59500,262,DKU001#
DEVICE,1646375312353,1646375294360,4,1646375294360,653,65,5,12,59500,262,DKU001#
DEVICE,1646375312385,1646375294392,4,1646375294392,627,62,5,12,59500,262,DKU001#
DEVICE,1646375312417,1646375294424,4,1646375294424,622,62,5,12,59500,262,DKU001#
DEVICE,1646375312449,1646375294456,4,1646375294456,593,59,5,12,59500,262,DKU001#
DEVICE,1646375312481,1646375294488,4,1646375294488,576,57,5,12,59500,262,DKU001#
DEVICE,1646375312513,1646375294520,4,1646375294520,552,55,5,12,59500,262,DKU001#
DEVICE,1646375312545,1646375294552,4,1646375294552,521,52,5,12,59500,262,DKU001#
DEVICE,1646375312577,1646375294584,4,1646375294584,494,49,5,13,59500,262,DKU001#
DEVICE,1646375312609,1646375294616,4,1646375294616,477,47,5,13,59500,256,DKU001#
DEVICE,1646375312641,1646375294648,4,1646375294648,457,45,5,13,59500,256,DKU001#
DEVICE,1646375312673,1646375294680,4,1646375294680,435,43,5,13,59500,256,DKU001#
DEVICE,1646375312704,1646375294711,4,1646375294711,418,41,5,13,59500,256,DKU001#
DEVICE,1646375312737,1646375294744,4,1646375294744,409,40,5,13,59500,252,DKU001#
DEVICE,1646375312769,1646375294776,4,1646375294776,398,39,5,13,59500,245,DKU001#
DEVICE,1646375312801,1646375294808,4,1646375294808,395,39,5,13,59500,239,DKU001#
DEVICE,1646375312833,1646375294840,4,1646375294840,385,38,5,13,59500,235,DKU001#
DEVICE,1646375312865,1646375294872,4,1646375294872,392,39,5,13,59500,231,DKU001#
DEVICE,1646375312897,1646375294904,4,1646375294904,407,40,5,13,59500,227,DKU001#
DEVICE,1646375312929,1646375294936,4,1646375294936,408,40,5,13,59500,225,DKU001#
DEVICE,1646375312961,1646375294968,4,1646375294968,417,41,5,13,59500,225,DKU001#
DEVICE,1646375312993,1646375295000,4,1646375295000,444,44,5,13,59500,225,DKU001#
DEVICE,1646375313025,1646375295032,4,1646375295032,462,46,5,13,59500,227,DKU001#
DEVICE,1646375313057,1646375295064,4,1646375295064,480,48,5,13,59500,233,DKU001#
DEVICE,1646375313089,1646375295096,4,1646375295096,504,50,5,13,59500,243,DKU001#
DEVICE,1646375313121,1646375295128,4,1646375295128,519,51,5,13,59500,256,DKU001#
DEVICE,1646375313137,1646375295144,4,1646375295144,554,55,5,13,59500,268,DKU001#
DEVICE,1646375313169,1646375295176,4,1646375295176,562,56,5,13,59500,279,DKU001#
DEVICE,1646375313201,1646375295208,4,1646375295208,578,57,5,13,59500,285,DKU001#
DEVICE,1646375313233,1646375295240,4,1646375295240,610,61,5,13,59500,287,DKU001#
DEVICE,1646375313265,1646375295272,4,1646375295272,637,63,5,13,59500,287,DKU001#
DEVICE,1646375313296,1646375295303,4,1646375295303,647,64,5,13,59500,287,DKU001#
DEVICE,1646375313328,1646375295335,4,1646375295335,662,66,5,13,59500,287,DKU001#
DEVICE,1646375313361,1646375295368,4,1646375295368,685,68,5,13,59500,287,DKU001#
DEVICE,1646375313393,1646375295400,4,1646375295400,685,68,5,13,59500,287,DKU001#
DEVICE,1646375313425,1646375295432,4,1646375295432,695,69,5,13,59500,287,DKU001#
DEVICE,1646375313457,1646375295464,4,1646375295464,683,68,5,13,59500,287,DKU001#
DEVICE,1646375313488,1646375295495,4,1646375295495,698,69,5,13,59500,287,DKU001#
DEVICE,1646375313521,1646375295528,4,1646375295528,696,69,5,13,59500,287,DKU001#
DEVICE,1646375313552,1646375295559,4,1646375295559,706,70,0,13,59500,287,DKU001#
DEVICE,1646375313584,1646375295591,4,1646375295591,695,69,0,13,59500,287,DKU001#
DEVICE,1646375313616,1646375295623,4,1646375295623,684,68,5,13,59500,191,DKU001#
DEVICE,1646375313648,1646375295655,4,1646375295655,677,67,5,13,59500,95,DKU001#
DEVICE,1646375313680,1646375295687,4,1646375295687,667,66,5,13,59500,0,DKU001#
DEVICE,1646375313712,1646375295719,4,1646375295719,653,65,5,13,59500,0,DKU001#
DEVICE,1646375313744,1646375295751,4,1646375295751,635,63,5,13,59500,0,DKU001#
DEVICE,1646375313777,1646375295784,4,1646375295784,620,62,5,13,59500,0,DKU001#
DEVICE,1646375313809,1646375295816,4,1646375295816,591,59,5,13,59500,0,DKU001#
DEVICE,1646375313840,1646375295847,4,1646375295847,569,56,5,13,59500,0,DKU001#
DEVICE,1646375313872,1646375295879,4,1646375295879,546,54,5,13,59500,0,DKU001#
DEVICE,1646375313904,1646375295911,4,1646375295911,522,52,5,13,59500,0,DKU001#
DEVICE,1646375313936,1646375295943,4,1646375295943,510,51,5,13,59500,0,DKU001#
DEVICE,1646375313968,1646375295975,4,1646375295975,486,48,5,13,59500,0,DKU001#
DEVICE,1646375314000,1646375296007,4,1646375296007,477,47,5,14,59500,225,DKU001#
DEVICE,1646375314032,1646375296039,4,1646375296039,457,45,5,14,59500,225,DKU001#
DEVICE,1646375314064,1646375296071,4,1646375296071,435,43,5,14,59500,225,DKU001#
DEVICE,1646375314096,1646375296103,4,1646375296103,429,42,5,14,59500,225,DKU001#
DEVICE,1646375314128,1646375296135,4,1646375296135,430,43,5,14,59500,225,DKU001#
DEVICE,1646375314160,1646375296167,4,1646375296167,420,42,5,14,59500,225,DKU001#
DEVICE,1646375314192,1646375296199,4,1646375296199,412,41,5,14,59500,225,DKU001#
DEVICE,1646375314224,1646375296231,4,1646375296231,415,41,5,14,59500,225,DKU001#
DEVICE,1646375314256,1646375296263,4,1646375296263,428,42,5,14,59500,225,DKU001#
DEVICE,1646375314288,1646375296295,4,1646375296295,439,43,5,14,59500,227,DKU001#
DEVICE,1646375314320,1646375296327,4,1646375296327,443,44,5,14,59500,231,DKU001#
DEVICE,1646375314352,1646375296359,4,1646375296359,462,46,5,14,59500,237,DKU001#
DEVICE,1646375314384,1646375296391,4,1646375296391,473,47,5,14,59500,245,DKU001#
DEVICE,1646375314416,1646375296423,4,1646375296423,498,49,5,14,59500,254,DKU001#
DEVICE,1646375314448,1646375296455,4,1646375296455,514,51,5,14,59500,262,DKU001#
DEVICE,1646375314480,1646375296487,4,1646375296487,529,52,5,14,59500,268,DKU001#
DEVICE,1646375314512,1646375296519,4,1646375296519,550,55,5,14,59500,272,DKU001#
DEVICE,1646375314544,1646375296551,4,1646375296551,586,58,5,14,59500,277,DKU001#
DEVICE,1646375314576,1646375296583,4,1646375296583,603,60,5,14,59500,279,DKU001#
DEVICE,1646375314608,1646375296615,4,1646375296615,621,62,5,14,59500,281,DKU001#
DEVICE,1646375314640,1646375296647,4,1646375296647,657,65,5,14,59500,281,DKU001#
DEVICE,1646375314672,1646375296679,4,1646375296679,672,67,5,14,59500,281,DKU001#
DEVICE,1646375314704,1646375296711,4,1646375296711,668,66,5,14,59500,281,DKU001#
DEVICE,1646375314736,1646375296743,4,1646375296743,680,68,5,14,59500,281,DKU001#
DEVICE,1646375314768,1646375296775,4,1646375296775,698,69,5,14,59500,281,DKU001#
DEVICE,1646375314800,1646375296807,4,1646375296807,694,69,5,14,59500,281,DKU001#
DEVICE,1646375314832,1646375296839,4,1646375296839,711,71,0,14,59500,281,DKU001#
DEVICE,1646375314864,1646375296871,4,1646375296871,707,70,0,14,59500,281,DKU001#
DEVICE,1646375314896,1646375296903,4,1646375296903,707,70,0,14,59500,187,DKU001#
DEVICE,1646375314928,1646375296935,4,1646375296935,697,69,0,14,59500,93,DKU001#
DEVICE,1646375314960,1646375296967,4,1646375296967,696,69,5,14,59500,93,DKU001#
DEVICE,1646375314992,1646375296999,4,1646375296999,679,67,5,14,59500,93,DKU001#
DEVICE,1646375315024,1646375297031,4,1646375297031,659,65,5,14,59500,0,DKU001#
DEVICE,1646375315056,1646375297063,4,1646375297063,645,64,5,14,59500,0,DKU001#
DEVICE,1646375315088,1646375297095,4,1646375297095,627,62,5,14,59500,0,DKU001#
DEVICE,1646375315119,1646375297126,4,1646375297126,610,61,5,14,59500,0,DKU001#
DEVICE,1646375315152,1646375297159,4,1646375297159,583,58,5,14,59500,0,DKU001#
DEVICE,1646375315184,1646375297191,4,1646375297191,559,55,5,14,59500,0,DKU001#
DEVICE,1646375315215,1646375297222,4,1646375297222,533,53,5,14,59500,0,DKU001#
DEVICE,1646375315248,1646375297255,4,1646375297255,518,51,5,14,59500,0,DKU001#
DEVICE,1646375315280,1646375297287,4,1646375297287,494,49,5,14,59500,0,DKU001#
DEVICE,1646375315312,1646375297319,4,1646375297319,472,47,5,15,59500,250,DKU001#
DEVICE,1646375315344,1646375297351,4,1646375297351,457,45,5,15,59500,243,DKU001#
DEVICE,1646375315376,1646375297383,4,1646375297383,442,44,5,15,59500,243,DKU001#
DEVICE,1646375315408,1646375297415,4,1646375297415,431,43,5,15,59500,243,DKU001#
DEVICE,1646375315439,1646375297446,4,1646375297446,422,42,5,15,59500,243,DKU001#
DEVICE,1646375315472,1646375297479,4,1646375297479,421,42,5,15,59500,241,DKU001#
DEVICE,1646375315503,1646375297510,4,1646375297510,416,41,5,15,59500,239,DKU001#
DEVICE,1646375315535,1646375297542,4,1646375297542,417,41,5,15,59500,237,DKU001#
DEVICE,1646375315567,1646375297574,4,1646375297574,417,41,5,15,59500,237,DKU001#
DEVICE,1646375315599,1646375297606,4,1646375297606,425,42,5,15,59500,237,DKU001#
DEVICE,1646375315632,1646375297639,4,1646375297639,437,43,5,15,59500,239,DKU001#
DEVICE,1646375315663,1646375297670,4,1646375297670,451,45,5,15,59500,241,DKU001#
DEVICE,1646375315695,1646375297702,4,1646375297702,461,46,5,15,59500,243,DKU001#
DEVICE,1646375315727,1646375297734,4,1646375297734,488,48,5,15,59500,243,DKU001#
DEVICE,1646375315760,1646375297767,4,1646375297767,496,49,5,15,59500,247,DKU001#
DEVICE,1646375315792,1646375297799,4,1646375297799,519,51,5,15,59500,256,DKU001#
DEVICE,1646375315823,1646375297830,4,1646375297830,542,54,5,15,59500,266,DKU001#
DEVICE,1646375315855,1646375297862,4,1646375297862,559,55,5,15,59500,272,DKU001#
DEVICE,1646375315887,1646375297894,4,1646375297894,587,58,5,15,59500,275,DKU001#
DEVICE,1646375315919,1646375297926,4,1646375297926,609,60,5,15,59500,275,DKU001#
DEVICE,1646375315952,1646375297959,4,1646375297959,633,63,5,15,59500,275,DKU001#
DEVICE,1646375315983,1646375297990,4,1646375297990,644,64,5,15,59500,275,DKU001#
DEVICE,1646375316015,1646375298022,4,1646375298022,665,66,5,15,59500,275,DKU001#
DEVICE,1646375316047,1646375298054,4,1646375298054,689,68,5,15,59500,275,DKU001#
DEVICE,1646375316079,1646375298086,4,1646375298086,691,69,5,15,59500,275,DKU001#
DEVICE,1646375316111,1646375298118,4,1646375298118,706,70,0,15,59500,275,DKU001#
DEVICE,1646375316143,1646375298150,4,1646375298150,704,70,0,15,59500,275,DKU001#
DEVICE,1646375316175,1646375298182,4,1646375298182,738,73,0,15,59500,183,DKU001#
DEVICE,1646375316207,1646375298214,4,1646375298214,728,72,0,15,59500,91,DKU001#
DEVICE,1646375316239,1646375298246,4,1646375298246,714,71,0,15,59500,0,DKU001#
DEVICE,1646375316271,1646375298278,4,1646375298278,706,70,0,15,59500,0,DKU001#
DEVICE,1646375316303,1646375298310,4,1646375298310,696,69,0,15,59500,0,DKU001#
DEVICE,1646375316335,1646375298342,4,1646375298342,683,68,5,15,59500,0,DKU001#
DEVICE,1646375316367,1646375298374,4,1646375298374,666,66,5,15,59500,0,DKU001#
DEVICE,1646375316399,1646375298406,4,1646375298406,650,65,5,15,59500,0,DKU001#
DEVICE,1646375316431,1646375298438,4,1646375298438,640,64,5,15,59500,0,DKU001#
DEVICE,1646375316463,1646375298470,4,1646375298470,621,62,5,15,59500,0,DKU001#
DEVICE,1646375316495,1646375298502,4,1646375298502,588,58,5,15,59500,0,DKU001#
DEVICE,1646375316527,1646375298534,4,1646375298534,576,57,5,15,59500,0,DKU001#
DEVICE,1646375316559,1646375298566,4,1646375298566,545,54,5,15,59500,0,DKU001#
DEVICE,1646375316591,1646375298598,4,1646375298598,517,51,5,15,59500,0,DKU001#
DEVICE,1646375316623,1646375298630,4,1646375298630,498,49,5,15,59500,0,DKU001#
DEVICE,1646375316655,1646375298662,4,1646375298662,475,47,5,16,59500,275,DKU001#
DEVICE,1646375316687,1646375298694,4,1646375298694,463,46,5,16,59500,275,DKU001#
DEVICE,1646375316719,1646375298726,4,1646375298726,446,44,5,16,59500,275,DKU001#
DEVICE,1646375316751,1646375298758,4,1646375298758,428,42,5,16,59500,275,DKU001#
DEVICE,1646375316783,1646375298790,4,1646375298790,423,42,5,16,59500,275,DKU001#
DEVICE,1646375316815,1646375298822,4,1646375298822,417,41,5,16,59500,275,DKU001#
DEVICE,1646375316847,1646375298854,4,1646375298854,404,40,5,16,59500,270,DKU001#
DEVICE,1646375316879,1646375298886,4,1646375298886,405,40,5,16,59500,262,DKU001#
DEVICE,1646375316911,1646375298918,4,1646375298918,411,41,5,16,59500,254,DKU001#
DEVICE,1646375316943,1646375298950,4,1646375298950,410,41,5,16,59500,250,DKU001#
DEVICE,1646375316975,1646375298982,4,1646375298982,420,42,5,16,59500,250,DKU001#
DEVICE,1646375317007,1646375299014,4,1646375299014,419,41,5,16,59500,250,DKU001#
DEVICE,1646375317039,1646375299046,4,1646375299046,438,43,5,16,59500,250,DKU001#
DEVICE,1646375317071,1646375299078,4,1646375299078,457,45,5,16,59500,250,DKU001#
DEVICE,1646375317103,1646375299110,4,1646375299110,471,47,5,16,59500,250,DKU001#
DEVICE,1646375317135,1646375299142,4,1646375299142,499,49,5,16,59500,250,DKU001#
DEVICE,1646375317167,1646375299174,4,1646375299174,521,52,5,16,59500,250,DKU001#
DEVICE,1646375317199,1646375299206,4,1646375299206,549,54,5,16,59500,250,DKU001#
DEVICE,1646375317231,1646375299238,4,1646375299238,555,55,5,16,59500,250,DKU001#
DEVICE,1646375317262,1646375299269,4,1646375299269,571,57,5,16,59500,250,DKU001#
DEVICE,1646375317295,1646375299302,4,1646375299302,623,62,5,16,59500,250,DKU001#
DEVICE,1646375317326,1646375299333,4,1646375299333,633,63,5,16,59500,250,DKU001#
DEVICE,1646375317359,1646375299366,4,1646375299366,656,65,5,16,59500,250,DKU001#
DEVICE,1646375317391,1646375299398,4,1646375299398,665,66,5,16,59500,250,DKU001#
DEVICE,1646375317422,1646375299429,4,1646375299429,690,69,5,16,59500,250,DKU001#
DEVICE,1646375317455,1646375299462,4,1646375299462,689,68,5,16,59500,250,DKU001#
DEVICE,1646375317486,1646375299493,4,1646375299493,693,69,5,16,59500,250,DKU001#
DEVICE,1646375317518,1646375299525,4,1646375299525,725,72,0,16,59500,250,DKU001#
DEVICE,1646375317550,1646375299557,4,1646375299557,721,72,0,16,59500,250,DKU001#
DEVICE,1646375317582,1646375299589,4,1646375299589,720,72,0,16,59500,166,DKU001#
DEVICE,1646375317614,1646375299621,4,1646375299621,727,72,0,16,59500,83,DKU001#
DEVICE,1646375317646,1646375299653,4,1646375299653,709,70,0,16,59500,0,DKU001#
DEVICE,1646375317678,1646375299685,4,1646375299685,701,70,0,16,59500,0,DKU001#
DEVICE,1646375317710,1646375299717,4,1646375299717,695,69,0,16,59500,0,DKU001#
DEVICE,1646375317743,1646375299750,4,1646375299750,671,67,5,16,59500,0,DKU001#
DEVICE,1646375317775,1646375299782,4,1646375299782,666,66,5,16,59500,0,DKU001#
DEVICE,1646375317806,1646375299813,4,1646375299813,642,64,5,16,59500,0,DKU001#
DEVICE,1646375317839,1646375299846,4,1646375299846,624,62,5,16,59500,0,DKU001#
DEVICE,1646375317870,1646375299877,4,1646375299877,601,60,5,16,59500,0,DKU001#
DEVICE,1646375317902,1646375299909,4,1646375299909,575,57,5,16,59500,0,DKU001#
DEVICE,1646375317934,1646375299941,4,1646375299941,543,54,5,16,59500,0,DKU001#
DEVICE,1646375317966,1646375299973,4,1646375299973,543,54,5,16,59500,0,DKU001#
DEVICE,1646375317998,1646375300005,4,1646375300005,508,50,5,16,59500,0,DKU001#
DEVICE,1646375318030,1646375300037,4,1646375300037,485,48,5,16,59500,0,DKU001#
DEVICE,1646375318062,1646375300069,4,1646375300069,467,46,5,17,59500,225,DKU001#
DEVICE,1646375318094,1646375300101,4,1646375300101,454,45,5,17,59500,225,DKU001#
DEVICE,1646375318126,1646375300133,4,1646375300133,442,44,5,17,59500,225,DKU001#
DEVICE,1646375318158,1646375300165,4,1646375300165,428,42,5,17,59500,225,DKU001#
DEVICE,1646375318190,1646375300197,4,1646375300197,420,42,5,17,59500,225,DKU001#
DEVICE,1646375318222,1646375300229,4,1646375300229,415,41,5,17,59500,227,DKU001#
DEVICE,1646375318254,1646375300261,4,1646375300261,427,42,5,17,59500,231,DKU001#
DEVICE,1646375318286,1646375300293,4,1646375300293,424,42,5,17,59500,237,DKU001#
DEVICE,1646375318318,1646375300325,4,1646375300325,426,42,5,17,59500,243,DKU001#
DEVICE,1646375318350,1646375300357,4,1646375300357,442,44,5,17,59500,247,DKU001#
DEVICE,1646375318382,1646375300389,4,1646375300389,449,44,5,17,59500,252,DKU001#
DEVICE,1646375318414,1646375300421,4,1646375300421,465,46,5,17,59500,256,DKU001#
DEVICE,1646375318446,1646375300453,4,1646375300453,480,48,5,17,59500,260,DKU001#
DEVICE,1646375318478,1646375300485,4,1646375300485,502,50,5,17,59500,262,DKU001#
DEVICE,1646375318510,1646375300517,4,1646375300517,519,51,5,17,59500,262,DKU001#
DEVICE,1646375318542,1646375300549,4,1646375300549,533,53,5,17,59500,262,DKU001#
DEVICE,1646375318574,1646375300581,4,1646375300581,559,55,5,17,59500,262,DKU001#
DEVICE,1646375318606,1646375300613,4,1646375300613,583,58,5,17,59500,262,DKU001#
DEVICE,1646375318638,1646375300645,4,1646375300645,612,61,5,17,59500,262,DKU001#
DEVICE,1646375318670,1646375300677,4,1646375300677,626,62,5,17,59500,262,DKU001#
DEVICE,1646375318702,1646375300709,4,1646375300709,642,64,5,17,59500,262,DKU001#
DEVICE,1646375318734,1646375300741,4,1646375300741,661,66,5,17,59500,262,DKU001#
DEVICE,1646375318766,1646375300773,4,1646375300773,676,67,5,17,59500,262,DKU001#
DEVICE,1646375318798,1646375300805,4,1646375300805,696,69,5,17,59500,262,DKU001#
DEVICE,1646375318830,1646375300837,4,1646375300837,693,69,5,17,59500,262,DKU001#
DEVICE,1646375318862,1646375300869,4,1646375300869,720,72,0,17,59500,262,DKU001#
DEVICE,1646375318894,1646375300901,4,1646375300901,726,72,0,17,59500,262,DKU001#
DEVICE,1646375318926,1646375300933,4,1646375300933,717,71,0,17,59500,175,DKU001#
DEVICE,1646375318958,1646375300965,4,1646375300965,716,71,0,17,59500,87,DKU001#
DEVICE,1646375318990,1646375300997,4,1646375300997,709,70,0,17,59500,0,DKU001#
DEVICE,1646375319022,1646375301029,4,1646375301029,712,71,0,17,59500,0,DKU001#
DEVICE,1646375319054,1646375301061,4,1646375301061,714,71,0,17,59500,0,DKU001#
DEVICE,1646375319086,1646375301093,4,1646375301093,694,69,0,17,59500,0,DKU001#
DEVICE,1646375319118,1646375301125,4,1646375301125,670,67,5,17,59500,0,DKU001#
DEVICE,1646375319150,1646375301157,4,1646375301157,651,65,5,17,59500,0,DKU001#
DEVICE,1646375319182,1646375301189,4,1646375301189,630,63,5,17,59500,0,DKU001#
DEVICE,1646375319214,1646375301221,4,1646375301221,610,61,5,17,59500,0,DKU001#
DEVICE,1646375319246,1646375301253,4,1646375301253,595,59,5,17,59500,0,DKU001#
DEVICE,1646375319278,1646375301285,4,1646375301285,561,56,5,17,59500,0,DKU001#
DEVICE,1646375319310,1646375301317,4,1646375301317,529,52,5,17,59500,0,DKU001#
DEVICE,1646375319342,1646375301349,4,1646375301349,513,51,5,17,59500,0,DKU001#
DEVICE,1646375319374,1646375301381,4,1646375301381,489,48,5,17,59500,0,DKU001#
DEVICE,1646375319406,1646375301413,4,1646375301413,480,48,5,18,59500,237,DKU001#
DEVICE,1646375319438,1646375301445,4,1646375301445,452,45,5,18,59500,243,DKU001#
DEVICE,1646375319469,1646375301476,4,1646375301476,436,43,5,18,59500,243,DKU001#
DEVICE,1646375319502,1646375301509,4,1646375301509,421,42,5,18,59500,243,DKU001#
DEVICE,1646375319534,1646375301541,4,1646375301541,419,41,5,18,59500,243,DKU001#
DEVICE,1646375319566,1646375301573,4,1646375301573,403,40,5,18,59500,245,DKU001#
DEVICE,1646375319597,1646375301604,4,1646375301604,409,40,5,18,59500,250,DKU001#
DEVICE,1646375319629,1646375301636,4,1646375301636,406,40,5,18,59500,256,DKU001#
DEVICE,1646375319661,1646375301668,4,1646375301668,416,41,5,18,59500,260,DKU001#
DEVICE,1646375319694,1646375301701,4,1646375301701,427,42,5,18,59500,262,DKU001#
DEVICE,1646375319726,1646375301733,4,1646375301733,441,44,5,18,59500,262,DKU001#
DEVICE,1646375319758,1646375301765,4,1646375301765,451,45,5,18,59500,262,DKU001#
DEVICE,1646375319773,1646375301780,4,1646375301780,465,46,5,18,59500,262,DKU001#
DEVICE,1646375319806,1646375301813,4,1646375301813,486,48,5,18,59500,262,DKU001#
DEVICE,1646375319838,1646375301845,4,1646375301845,504,50,5,18,59500,262,DKU001#
DEVICE,1646375319869,1646375301876,4,1646375301876,527,52,5,18,59500,264,DKU001#
DEVICE,1646375319902,1646375301909,4,1646375301909,554,55,5,18,59500,270,DKU001#
DEVICE,1646375319933,1646375301940,4,1646375301940,579,57,5,18,59500,281,DKU001#
DEVICE,1646375319965,1646375301972,4,1646375301972,605,60,5,18,59500,289,DKU001#
DEVICE,1646375319997,1646375302004,4,1646375302004,610,61,5,18,59500,293,DKU001#
DEVICE,1646375320029,1646375302036,4,1646375302036,642,64,5,18,59500,293,DKU001#
DEVICE,1646375320061,1646375302068,4,1646375302068,654,65,5,18,59500,293,DKU001#
DEVICE,1646375320093,1646375302100,4,1646375302100,678,67,5,18,59500,293,DKU001#
DEVICE,1646375320126,1646375302133,4,1646375302133,690,69,5,18,59500,293,DKU001#
DEVICE,1646375320157,1646375302164,4,1646375302164,695,69,5,18,59500,293,DKU001#
DEVICE,1646375320189,1646375302196,4,1646375302196,699,69,5,18,59500,293,DKU001#
DEVICE,1646375320221,1646375302228,4,1646375302228,712,71,0,18,59500,293,DKU001#
DEVICE,1646375320253,1646375302260,4,1646375302260,716,71,0,18,59500,293,DKU001#
DEVICE,1646375320285,1646375302292,4,1646375302292,725,72,0,18,59500,195,DKU001#
DEVICE,1646375320317,1646375302324,4,1646375302324,714,71,0,18,59500,97,DKU001#
DEVICE,1646375320349,1646375302356,4,1646375302356,713,71,0,18,59500,0,DKU001#
DEVICE,1646375320381,1646375302388,4,1646375302388,700,70,0,18,59500,0,DKU001#
DEVICE,1646375320413,1646375302420,4,1646375302420,674,67,0,18,59500,0,DKU001#
DEVICE,1646375320445,1646375302452,4,1646375302452,670,67,5,18,59500,0,DKU001#
DEVICE,1646375320477,1646375302484,4,1646375302484,644,64,5,18,59500,0,DKU001#
DEVICE,1646375320509,1646375302516,4,1646375302516,620,62,5,18,59500,0,DKU001#
DEVICE,1646375320541,1646375302548,4,1646375302548,605,60,5,18,59500,0,DKU001#
DEVICE,1646375320573,1646375302580,4,1646375302580,584,58,5,18,59500,0,DKU001#
DEVICE,1646375320605,1646375302612,4,1646375302612,549,54,5,18,59500,0,DKU001#
DEVICE,1646375320637,1646375302644,4,1646375302644,534,53,5,18,59500,0,DKU001#
DEVICE,1646375320669,1646375302676,4,1646375302676,508,50,5,18,59500,0,DKU001#
DEVICE,1646375320701,1646375302708,4,1646375302708,486,48,5,18,59500,0,DKU001#
DEVICE,1646375320733,1646375302740,4,1646375302740,469,46,5,19,59500,237,DKU001#
DEVICE,1646375320765,1646375302772,4,1646375302772,447,44,5,19,59500,237,DKU001#
DEVICE,1646375320797,1646375302804,4,1646375302804,434,43,5,19,59500,237,DKU001#
DEVICE,1646375320829,1646375302836,4,1646375302836,420,42,5,19,59500,237,DKU001#
DEVICE,1646375320861,1646375302868,4,1646375302868,408,40,5,19,59500,237,DKU001#
DEVICE,1646375320893,1646375302900,4,1646375302900,405,40,5,19,59500,237,DKU001#
DEVICE,1646375320925,1646375302932,4,1646375302932,409,40,5,19,59500,237,DKU001#
DEVICE,1646375320957,1646375302964,4,1646375302964,405,40,5,19,59500,237,DKU001#
DEVICE,1646375320989,1646375302996,4,1646375302996,418,41,5,19,59500,237,DKU001#
DEVICE,1646375321020,1646375303027,4,1646375303027,417,41,5,19,59500,237,DKU001#
DEVICE,1646375321053,1646375303060,4,1646375303060,432,43,5,19,59500,237,DKU001#
DEVICE,1646375321085,1646375303092,4,1646375303092,447,44,5,19,59500,239,DKU001#
DEVICE,1646375321117,1646375303124,4,1646375303124,469,46,5,19,59500,245,DKU001#
DEVICE,1646375321149,1646375303156,4,1646375303156,481,48,5,19,59500,254,DKU001#
DEVICE,1646375321181,1646375303188,4,1646375303188,509,50,5,19,59500,260,DKU001#
DEVICE,1646375321213,1646375303220,4,1646375303220,521,52,5,19,59500,262,DKU001#
DEVICE,1646375321245,1646375303252,4,1646375303252,552,55,5,19,59500,262,DKU001#
DEVICE,1646375321277,1646375303284,4,1646375303284,565,56,5,19,59500,262,DKU001#
DEVICE,1646375321309,1646375303316,4,1646375303316,588,58,5,19,59500,262,DKU001#
DEVICE,1646375321341,1646375303348,4,1646375303348,616,61,5,19,59500,262,DKU001#
DEVICE,1646375321373,1646375303380,4,1646375303380,634,63,5,19,59500,262,DKU001#
DEVICE,1646375321405,1646375303412,4,1646375303412,657,65,5,19,59500,262,DKU001#
DEVICE,1646375321437,1646375303444,4,1646375303444,671,67,5,19,59500,262,DKU001#
DEVICE,1646375321468,1646375303475,4,1646375303475,681,68,5,19,59500,262,DKU001#
DEVICE,1646375321500,1646375303507,4,1646375303507,696,69,5,19,59500,262,DKU001#
DEVICE,1646375321533,1646375303540,4,1646375303540,706,70,0,19,59500,262,DKU001#
DEVICE,1646375321564,1646375303571,4,1646375303571,722,72,0,19,59500,262,DKU001#
DEVICE,1646375321597,1646375303604,4,1646375303604,729,72,0,19,59500,175,DKU001#
DEVICE,1646375321629,1646375303636,4,1646375303636,726,72,0,19,59500,87,DKU001#
DEVICE,1646375321660,1646375303667,4,1646375303667,717,71,0,19,59500,0,DKU001#
DEVICE,1646375321692,1646375303699,4,1646375303699,725,72,0,19,59500,0,DKU001#
DEVICE,1646375321724,1646375303731,4,1646375303731,714,71,0,19,59500,0,DKU001#
DEVICE,1646375321757,1646375303764,4,1646375303764,700,70,0,19,59500,0,DKU001#
DEVICE,1646375321789,1646375303796,4,1646375303796,682,68,0,19,59500,0,DKU001#
DEVICE,1646375321821,1646375303828,4,1646375303828,672,67,5,19,59500,0,DKU001#
DEVICE,1646375321852,1646375303859,4,1646375303859,660,66,5,19,59500,0,DKU001#
DEVICE,1646375321885,1646375303892,4,1646375303892,640,64,5,19,59500,0,DKU001#
DEVICE,1646375321916,1646375303923,4,1646375303923,612,61,5,19,59500,0,DKU001#
DEVICE,1646375321948,1646375303955,4,1646375303955,588,58,5,19,59500,0,DKU001#
DEVICE,1646375321980,1646375303987,4,1646375303987,553,55,5,19,59500,0,DKU001#
DEVICE,1646375322012,1646375304019,4,1646375304019,545,54,5,19,59500,0,DKU001#
DEVICE,1646375322044,1646375304051,4,1646375304051,519,51,5,19,59500,0,DKU001#
DEVICE,1646375322076,1646375304083,4,1646375304083,502,50,5,19,59500,0,DKU001#
DEVICE,1646375322108,1646375304115,4,1646375304115,475,47,5,19,59500,0,DKU001#
DEVICE,1646375322140,1646375304147,4,1646375304147,453,45,5,20,59500,250,DKU001#
DEVICE,1646375322172,1646375304179,4,1646375304179,441,44,5,20,59500,250,DKU001#
DEVICE,1646375322204,1646375304211,4,1646375304211,421,42,5,20,59500,250,DKU001#
DEVICE,1646375322236,1646375304243,4,1646375304243,406,40,5,20,59500,250,DKU001#
DEVICE,1646375322268,1646375304275,4,1646375304275,403,40,5,20,59500,250,DKU001#
DEVICE,1646375322300,1646375304307,4,1646375304307,402,40,5,20,59500,250,DKU001#
DEVICE,1646375322332,1646375304339,4,1646375304339,398,39,5,20,59500,252,DKU001#
DEVICE,1646375322364,1646375304371,4,1646375304371,402,40,5,20,59500,256,DKU001#
DEVICE,1646375322396,1646375304403,4,1646375304403,410,41,5,20,59500,262,DKU001#
DEVICE,1646375322428,1646375304435,4,1646375304435,422,42,5,20,59500,268,DKU001#
DEVICE,1646375322460,1646375304467,4,1646375304467,432,43,5,20,59500,272,DKU001#
DEVICE,1646375322493,1646375304500,4,1646375304500,441,44,5,20,59500,275,DKU001#
DEVICE,1646375322524,1646375304531,4,1646375304531,456,45,5,20,59500,275,DKU001#
DEVICE,1646375322556,1646375304563,4,1646375304563,472,47,5,20,59500,275,DKU001#
DEVICE,1646375322588,1646375304595,4,1646375304595,491,49,5,20,59500,275,DKU001#
DEVICE,1646375322620,1646375304627,4,1646375304627,516,51,5,20,59500,272,DKU001#
DEVICE,1646375322652,1646375304659,4,1646375304659,535,53,5,20,59500,270,DKU001#
DEVICE,1646375322684,1646375304691,4,1646375304691,553,55,5,20,59500,268,DKU001#
DEVICE,1646375322716,1646375304723,4,1646375304723,576,57,5,20,59500,268,DKU001#
DEVICE,1646375322748,1646375304755,4,1646375304755,589,58,5,20,59500,268,DKU001#
DEVICE,1646375322780,1646375304787,4,1646375304787,609,60,5,20,59500,268,DKU001#
DEVICE,1646375322812,1646375304819,4,1646375304819,621,62,5,20,59500,268,DKU001#
DEVICE,1646375322844,1646375304851,4,1646375304851,640,64,5,20,59500,268,DKU001#
DEVICE,1646375322876,1646375304883,4,1646375304883,646,64,5,20,59500,268,DKU001#
DEVICE,1646375322908,1646375304915,4,1646375304915,658,65,5,20,59500,268,DKU001#
DEVICE,1646375322940,1646375304947,4,1646375304947,677,67,5,20,59500,268,DKU001#
DEVICE,1646375322972,1646375304979,4,1646375304979,671,67,5,20,59500,268,DKU001#
DEVICE,1646375323004,1646375305011,4,1646375305011,682,68,5,20,59500,268,DKU001#
DEVICE,1646375323036,1646375305043,4,1646375305043,700,70,0,20,59500,268,DKU001#
DEVICE,1646375323068,1646375305075,4,1646375305075,694,69,0,20,59500,268,DKU001#
DEVICE,1646375323100,1646375305107,4,1646375305107,691,69,5,20,59500,179,DKU001#
DEVICE,1646375323131,1646375305138,4,1646375305138,697,69,5,20,59500,89,DKU001#
DEVICE,1646375323164,1646375305171,4,1646375305171,711,71,0,20,59500,0,DKU001#
DEVICE,1646375323195,1646375305202,4,1646375305202,706,70,0,20,59500,0,DKU001#
DEVICE,1646375323227,1646375305234,4,1646375305234,712,71,0,20,59500,0,DKU001#
DEVICE,1646375323260,1646375305267,4,1646375305267,718,71,0,20,59500,0,DKU001#
DEVICE,1646375323292,1646375305299,4,1646375305299,715,71,0,20,59500,0,DKU001#
DEVICE,1646375323324,1646375305331,4,1646375305331,716,71,0,20,59500,0,DKU001#
DEVICE,1646375323356,1646375305363,4,1646375305363,715,71,0,20,59500,0,DKU001#
DEVICE,1646375323387,1646375305394,4,1646375305394,733,73,0,20,59500,0,DKU001#
DEVICE,1646375323419,1646375305426,4,1646375305426,723,72,0,20,59500,0,DKU001#
DEVICE,1646375323451,1646375305458,4,1646375305458,708,70,0,20,59500,0,DKU001#
DEVICE,1646375323483,1646375305490,4,1646375305490,733,73,0,20,59500,0,DKU001#
DEVICE,1646375323515,1646375305522,4,1646375305522,720,72,0,20,59500,0,DKU001#
DEVICE,1646375323547,1646375305554,4,1646375305554,740,74,0,20,59500,0,DKU001#
DEVICE,1646375323579,1646375305586,4,1646375305586,733,73,0,20,59500,0,DKU001#
DEVICE,1646375323611,1646375305618,4,1646375305618,716,71,0,20,59500,0,DKU001#
DEVICE,1646375323643,1646375305650,4,1646375305650,741,74,0,20,59500,0,DKU001#
DEVICE,1646375323675,1646375305682,4,1646375305682,747,74,0,20,59500,0,DKU001#
DEVICE,1646375323708,1646375305715,4,1646375305715,740,74,0,20,59500,0,DKU001#
DEVICE,1646375323739,1646375305746,4,1646375305746,740,74,0,20,59500,0,DKU001#
DEVICE,1646375323771,1646375305778,4,1646375305778,739,73,0,20,59500,0,DKU001#
DEVICE,1646375323803,1646375305810,4,1646375305810,741,74,0,20,59500,0,DKU001#
DEVICE,1646375323835,1646375305842,4,1646375305842,735,73,0,20,59500,0,DKU001#
DEVICE,1646375323867,1646375305874,4,1646375305874,742,74,0,20,59500,0,DKU001#
DEVICE,1646375323899,1646375305906,4,1646375305906,740,74,0,20,59500,0,DKU001#
DEVICE,1646375323931,1646375305938,4,1646375305938,728,72,0,20,59500,0,DKU001#
DEVICE,1646375323963,1646375305970,4,1646375305970,741,74,0,20,59500,0,DKU001#
DEVICE,1646375323995,1646375306002,4,1646375306002,738,73,0,20,59500,0,DKU001#
DEVICE,1646375324027,1646375306034,4,1646375306034,750,75,0,20,59500,0,DKU001#
DEVICE,1646375324059,1646375306066,4,1646375306066,733,73,0,20,59500,0,DKU001#
DEVICE,1646375324091,1646375306098,4,1646375306098,746,74,0,20,59500,0,DKU001#
DEVICE,1646375324139,1646375306146,4,1646375306146,738,73,0,20,59312,0,DKU001#
DEVICE,1646375324155,1646375306162,4,1646375306162,738,73,0,20,59312,0,DKU001#
DEVICE,1646375324187,1646375306194,4,1646375306194,754,75,0,20,59312,0,DKU001#
DEVICE,1646375324219,1646375306226,4,1646375306226,738,73,0,20,59312,0,DKU001#
DEVICE,1646375324251,1646375306258,4,1646375306258,754,75,0,20,59312,0,DKU001#
DEVICE,1646375324283,1646375306290,4,1646375306290,741,74,0,20,59312,0,DKU001#
DEVICE,1646375324315,1646375306322,4,1646375306322,739,73,0,20,59312,0,DKU001#
DEVICE,1646375324347,1646375306354,4,1646375306354,745,74,0,20,59312,0,DKU001#
DEVICE,1646375324379,1646375306386,4,1646375306386,734,73,0,20,59312,0,DKU001#
DEVICE,1646375324412,1646375306419,4,1646375306419,728,72,0,20,59312,0,DKU001#
DEVICE,1646375324443,1646375306450,4,1646375306450,733,73,0,20,59312,0,DKU001#
DEVICE,1646375324475,1646375306482,4,1646375306482,745,74,0,20,59312,0,DKU001#
DEVICE,1646375324507,1646375306514,4,1646375306514,738,73,0,20,59312,0,DKU001#
DEVICE,1646375324539,1646375306546,4,1646375306546,738,73,0,20,59312,0,DKU001#
DEVICE,1646375324571,1646375306578,4,1646375306578,728,72,0,20,59312,0,DKU001#
DEVICE,1646375324603,1646375306610,4,1646375306610,738,73,0,20,59312,0,DKU001#
DEVICE,1646375324635,1646375306642,4,1646375306642,742,74,0,20,59312,0,DKU001#
DEVICE,1646375324667,1646375306674,4,1646375306674,737,73,0,20,59312,0,DKU001#
DEVICE,1646375324699,1646375306706,4,1646375306706,743,74,0,20,59312,0,DKU001#
DEVICE,1646375324731,1646375306738,4,1646375306738,744,74,0,20,59312,0,DKU001#
DEVICE,1646375324763,1646375306770,4,1646375306770,749,74,0,20,59312,0,DKU001#
DEVICE,1646375324795,1646375306802,4,1646375306802,743,74,0,20,59312,0,DKU001#
DEVICE,1646375324826,1646375306833,4,1646375306833,740,74,0,20,59312,0,DKU001#
DEVICE,1646375324859,1646375306866,4,1646375306866,755,75,0,20,59312,0,DKU001#
DEVICE,1646375324891,1646375306898,4,1646375306898,734,73,0,20,59312,0,DKU001#
DEVICE,1646375324923,1646375306930,4,1646375306930,736,73,0,20,59312,0,DKU001#
DEVICE,1646375324955,1646375306962,4,1646375306962,743,74,0,20,59312,0,DKU001#
DEVICE,1646375324987,1646375306994,4,1646375306994,742,74,0,20,59312,0,DKU001#
DEVICE,1646375325019,1646375307026,4,1646375307026,745,74,0,20,59312,0,DKU001#
DEVICE,1646375325051,1646375307058,4,1646375307058,758,75,0,20,59312,0,DKU001#
DEVICE,1646375325083,1646375307090,4,1646375307090,746,74,0,20,59312,0,DKU001#
DEVICE,1646375325114,1646375307121,4,1646375307121,745,74,0,20,59337,0,DKU001#
DEVICE,1646375325147,1646375307154,4,1646375307154,735,73,0,20,59337,0,DKU001#
DEVICE,1646375325178,1646375307185,4,1646375307185,739,73,0,20,59337,0,DKU001#
DEVICE,1646375325210,1646375307217,4,1646375307217,737,73,0,20,59337,0,DKU001#
DEVICE,1646375325243,1646375307250,4,1646375307250,747,74,0,20,59337,0,DKU001#
DEVICE,1646375325275,1646375307282,4,1646375307282,744,74,0,20,59337,0,DKU001#
DEVICE,1646375325307,1646375307314,4,1646375307314,743,74,0,20,59337,0,DKU001#
DEVICE,1646375325339,1646375307346,4,1646375307346,740,74,0,20,59337,0,DKU001#
DEVICE,1646375325370,1646375307377,4,1646375307377,740,74,0,20,59337,0,DKU001#
DEVICE,1646375325403,1646375307410,4,1646375307410,748,74,0,20,59337,0,DKU001#
DEVICE,1646375325434,1646375307441,4,1646375307441,744,74,0,20,59337,0,DKU001#
DEVICE,1646375325466,1646375307473,4,1646375307473,741,74,0,20,59337,0,DKU001#
DEVICE,1646375325498,1646375307505,4,1646375307505,735,73,0,20,59337,0,DKU001#
DEVICE,1646375325530,1646375307537,4,1646375307537,755,75,0,20,59337,0,DKU001#
DEVICE,1646375325562,1646375307569,4,1646375307569,751,75,0,20,59337,0,DKU001#
DEVICE,1646375325594,1646375307601,4,1646375307601,735,73,0,20,59337,0,DKU001#
DEVICE,1646375325626,1646375307633,4,1646375307633,733,73,0,20,59337,0,DKU001#
DEVICE,1646375325659,1646375307666,4,1646375307666,744,74,0,20,59337,0,DKU001#
DEVICE,1646375325690,1646375307697,4,1646375307697,753,75,0,20,59337,0,DKU001#
DEVICE,1646375325723,1646375307730,4,1646375307730,743,74,0,20,59337,0,DKU001#
DEVICE,1646375325754,1646375307761,4,1646375307761,742,74,0,20,59337,0,DKU001#
DEVICE,1646375325786,1646375307793,4,1646375307793,746,74,0,20,59337,0,DKU001#
DEVICE,1646375325818,1646375307825,4,1646375307825,739,73,0,20,59337,0,DKU001#
DEVICE,1646375325850,1646375307857,4,1646375307857,740,74,0,20,59337,0,DKU001#
DEVICE,1646375325882,1646375307889,4,1646375307889,746,74,0,20,59337,0,DKU001#
DEVICE,1646375325914,1646375307921,4,1646375307921,740,74,0,20,59337,0,DKU001#
DEVICE,1646375325946,1646375307953,4,1646375307953,734,73,0,20,59337,0,DKU001#
DEVICE,1646375325978,1646375307985,4,1646375307985,732,73,0,20,59337,0,DKU001#
DEVICE,1646375326010,1646375308017,4,1646375308017,745,74,0,20,59337,0,DKU001#
DEVICE,1646375326042,1646375308049,4,1646375308049,733,73,0,20,59337,0,DKU001#
DEVICE,1646375326074,1646375308081,4,1646375308081,749,74,0,20,59337,0,DKU001#
DEVICE,1646375326106,1646375308113,4,1646375308113,730,73,0,20,59337,0,DKU001#
DEVICE,1646375326138,1646375308145,4,1646375308145,734,73,0,20,59350,0,DKU001#
DEVICE,1646375326170,1646375308177,4,1646375308177,747,74,0,20,59350,0,DKU001#
DEVICE,1646375326202,1646375308209,4,1646375308209,744,74,0,20,59350,0,DKU001#
DEVICE,1646375326234,1646375308241,4,1646375308241,742,74,0,20,59350,0,DKU001#
DEVICE,1646375326266,1646375308273,4,1646375308273,739,73,0,20,59350,0,DKU001#
