Device,PTPTime,UnixTime,Protocool,CurrentDeviceTime,GyroX,GyroY,GyroZ,AccX,AccY,AccZ,
AIRPOT,1646375214770,1646375213472,4,1646375213472,-0.219,-0.094,-0.971,0.149,-0.242,0.170
AIRPOT,1646375214828,1646375213530,4,1646375213530,-0.174,-0.067,-0.982,0.212,-0.305,0.155
AIRPOT,1646375214829,1646375213531,4,1646375213531,-0.091,-0.030,-0.995,0.362,-0.189,0.164
AIRPOT,1646375214881,1646375213583,4,1646375213583,0.024,-0.009,-1.000,0.330,0.040,-0.014
AIRPOT,1646375214882,1646375213584,4,1646375213584,0.128,-0.017,-0.992,0.197,0.281,-0.113
AIRPOT,1646375215071,1646375213773,4,1646375213773,0.197,-0.044,-0.979,0.076,0.368,-0.133
AIRPOT,1646375215071,1646375213773,4,1646375213773,0.238,-0.068,-0.969,-0.069,0.378,-0.206
AIRPOT,1646375215087,1646375213789,4,1646375213789,0.244,-0.080,-0.967,-0.106,0.262,-0.166
AIRPOT,1646375215122,1646375213824,4,1646375213824,0.224,-0.083,-0.971,-0.030,0.110,-0.028
AIRPOT,1646375215131,1646375213833,4,1646375213833,0.209,-0.079,-0.975,-0.055,0.070,-0.018
AIRPOT,1646375215131,1646375213833,4,1646375213833,0.193,-0.067,-0.979,-0.096,0.288,-0.132
AIRPOT,1646375215179,1646375213881,4,1646375213881,0.147,-0.049,-0.988,-0.017,0.326,-0.214
AIRPOT,1646375215233,1646375213935,4,1646375213935,0.061,-0.027,-0.998,0.148,0.321,-0.109
AIRPOT,1646375215322,1646375214024,4,1646375214024,-0.048,-0.015,-0.999,0.261,0.027,-0.044
AIRPOT,1646375215466,1646375214168,4,1646375214168,-0.159,-0.026,-0.987,0.320,-0.055,0.070
AIRPOT,1646375215467,1646375214169,4,1646375214169,-0.245,-0.058,-0.968,0.218,-0.179,0.099
AIRPOT,1646375215568,1646375214270,4,1646375214270,-0.302,-0.097,-0.948,0.149,-0.235,0.143
AIRPOT,1646375215681,1646375214383,4,1646375214383,-0.324,-0.125,-0.938,0.065,-0.214,0.146
AIRPOT,1646375215733,1646375214435,4,1646375214435,-0.323,-0.134,-0.937,0.003,-0.102,0.034
AIRPOT,1646375215735,1646375214437,4,1646375214437,-0.319,-0.134,-0.938,-0.022,-0.010,0.009
AIRPOT,1646375215848,1646375214550,4,1646375214550,-0.314,-0.130,-0.940,-0.008,-0.004,0.010
AIRPOT,1646375215848,1646375214550,4,1646375214550,-0.308,-0.126,-0.943,0.003,0.011,-0.002
AIRPOT,1646375215915,1646375214617,4,1646375214617,-0.300,-0.124,-0.946,0.001,-0.012,0.004
AIRPOT,1646375215916,1646375214618,4,1646375214618,-0.300,-0.124,-0.946,-0.006,-0.005,0.001
AIRPOT,1646375215923,1646375214625,4,1646375214625,-0.300,-0.124,-0.946,-0.011,-0.005,0.010
AIRPOT,1646375215964,1646375214666,4,1646375214666,-0.301,-0.124,-0.946,-0.010,-0.002,0.000
AIRPOT,1646375216015,1646375214717,4,1646375214717,-0.300,-0.125,-0.946,-0.005,0.019,-0.004
AIRPOT,1646375216048,1646375214750,4,1646375214750,-0.301,-0.124,-0.946,0.001,0.013,0.001
AIRPOT,1646375216099,1646375214801,4,1646375214801,-0.302,-0.123,-0.945,0.007,-0.001,0.002
AIRPOT,1646375216100,1646375214802,4,1646375214802,-0.304,-0.122,-0.945,-0.000,-0.009,0.006
AIRPOT,1646375216272,1646375214974,4,1646375214974,-0.305,-0.121,-0.945,-0.007,0.003,0.011
AIRPOT,1646375216383,1646375215085,4,1646375215085,-0.305,-0.119,-0.945,-0.011,0.015,0.000
AIRPOT,1646375216434,1646375215136,4,1646375215136,-0.305,-0.117,-0.945,-0.024,0.003,0.007
AIRPOT,1646375216575,1646375215277,4,1646375215277,-0.306,-0.115,-0.945,-0.012,-0.005,0.013
AIRPOT,1646375216637,1646375215339,4,1646375215339,-0.305,-0.114,-0.945,-0.012,-0.001,-0.002
AIRPOT,1646375216638,1646375215340,4,1646375215340,-0.304,-0.114,-0.946,-0.004,0.015,-0.004
AIRPOT,1646375216666,1646375215368,4,1646375215368,-0.300,-0.113,-0.947,-0.006,-0.016,0.012
AIRPOT,1646375216718,1646375215420,4,1646375215420,-0.298,-0.115,-0.947,-0.007,-0.000,0.007
AIRPOT,1646375216721,1646375215423,4,1646375215423,-0.291,-0.120,-0.949,-0.008,0.045,0.021
AIRPOT,1646375216723,1646375215425,4,1646375215425,-0.287,-0.122,-0.950,-0.023,0.024,0.012
AIRPOT,1646375216726,1646375215428,4,1646375215428,-0.284,-0.122,-0.951,-0.033,0.038,0.040
AIRPOT,1646375216733,1646375215435,4,1646375215435,-0.277,-0.122,-0.953,-0.050,0.054,0.032
AIRPOT,1646375216940,1646375215642,4,1646375215642,-0.265,-0.122,-0.956,-0.041,0.060,0.008
AIRPOT,1646375216940,1646375215642,4,1646375215642,-0.249,-0.124,-0.960,-0.057,0.052,-0.009
AIRPOT,1646375216987,1646375215689,4,1646375215689,-0.232,-0.126,-0.965,-0.056,0.000,0.016
AIRPOT,1646375217024,1646375215726,4,1646375215726,-0.212,-0.125,-0.969,-0.066,0.009,0.091
AIRPOT,1646375217051,1646375215753,4,1646375215753,-0.185,-0.119,-0.975,-0.056,-0.032,0.057
AIRPOT,1646375217101,1646375215803,4,1646375215803,-0.156,-0.115,-0.981,-0.037,-0.105,0.059
AIRPOT,1646375217305,1646375216007,4,1646375216007,-0.122,-0.109,-0.987,-0.008,-0.023,0.011
AIRPOT,1646375217305,1646375216007,4,1646375216007,-0.089,-0.103,-0.991,0.018,-0.129,-0.010
AIRPOT,1646375217397,1646375216099,4,1646375216099,-0.055,-0.099,-0.994,0.058,-0.054,0.022
AIRPOT,1646375217398,1646375216100,4,1646375216100,-0.023,-0.096,-0.995,0.067,-0.056,-0.024
AIRPOT,1646375217406,1646375216108,4,1646375216108,0.004,-0.097,-0.995,0.091,-0.041,-0.009
AIRPOT,1646375217406,1646375216108,4,1646375216108,0.029,-0.099,-0.995,0.087,-0.016,-0.007
AIRPOT,1646375217435,1646375216137,4,1646375216137,0.094,-0.085,-0.992,0.040,-0.061,-0.032
AIRPOT,1646375217515,1646375216217,4,1646375216217,0.100,-0.076,-0.992,0.070,-0.023,0.004
AIRPOT,1646375217576,1646375216278,4,1646375216278,0.105,-0.066,-0.992,0.057,-0.052,-0.019
AIRPOT,1646375217577,1646375216279,4,1646375216279,0.108,-0.058,-0.992,0.026,-0.011,-0.038
AIRPOT,1646375217588,1646375216290,4,1646375216290,0.106,-0.049,-0.993,0.021,0.018,-0.016
AIRPOT,1646375217588,1646375216290,4,1646375216290,0.102,-0.042,-0.994,0.010,-0.001,0.011
AIRPOT,1646375217627,1646375216329,4,1646375216329,0.099,-0.038,-0.994,0.006,0.011,0.027
AIRPOT,1646375217640,1646375216342,4,1646375216342,0.099,-0.034,-0.995,-0.016,-0.002,-0.002
AIRPOT,1646375217694,1646375216396,4,1646375216396,0.098,-0.030,-0.995,0.004,0.031,0.008
AIRPOT,1646375217742,1646375216444,4,1646375216444,0.097,-0.025,-0.995,0.006,0.015,-0.024
AIRPOT,1646375217798,1646375216500,4,1646375216500,0.095,-0.023,-0.995,0.004,0.058,-0.030
AIRPOT,1646375217874,1646375216576,4,1646375216576,0.091,-0.022,-0.996,0.007,0.005,-0.010
AIRPOT,1646375217922,1646375216624,4,1646375216624,0.086,-0.022,-0.996,0.010,0.007,0.007
AIRPOT,1646375217991,1646375216693,4,1646375216693,0.082,-0.021,-0.996,0.011,0.001,0.016
AIRPOT,1646375218040,1646375216742,4,1646375216742,0.079,-0.021,-0.997,0.004,0.017,-0.010
AIRPOT,1646375218041,1646375216743,4,1646375216743,0.076,-0.020,-0.997,0.003,0.029,0.002
AIRPOT,1646375218097,1646375216799,4,1646375216799,0.074,-0.020,-0.997,-0.010,0.015,-0.001
AIRPOT,1646375218098,1646375216800,4,1646375216800,0.073,-0.020,-0.997,0.000,0.012,0.018
AIRPOT,1646375218253,1646375216955,4,1646375216955,0.074,-0.020,-0.997,-0.004,0.008,-0.001
AIRPOT,1646375218253,1646375216955,4,1646375216955,0.073,-0.020,-0.997,0.003,0.007,-0.004
AIRPOT,1646375218406,1646375217108,4,1646375217108,0.072,-0.020,-0.997,0.004,-0.008,0.003
AIRPOT,1646375218406,1646375217108,4,1646375217108,0.073,-0.022,-0.997,0.002,-0.001,0.001
AIRPOT,1646375218681,1646375217383,4,1646375217383,0.072,-0.023,-0.997,-0.004,-0.002,0.007
AIRPOT,1646375218681,1646375217383,4,1646375217383,0.072,-0.024,-0.997,0.003,0.000,0.003
AIRPOT,1646375218730,1646375217432,4,1646375217432,0.073,-0.027,-0.997,0.013,0.006,-0.004
AIRPOT,1646375218731,1646375217433,4,1646375217433,0.073,-0.030,-0.997,0.007,-0.004,-0.009
AIRPOT,1646375218793,1646375217495,4,1646375217495,0.073,-0.044,-0.996,0.017,0.012,0.002
AIRPOT,1646375218793,1646375217495,4,1646375217495,0.074,-0.055,-0.996,-0.006,0.042,0.005
AIRPOT,1646375218843,1646375217545,4,1646375217545,0.078,-0.074,-0.994,-0.014,0.012,0.011
AIRPOT,1646375218843,1646375217545,4,1646375217545,0.079,-0.073,-0.994,-0.010,-0.024,0.011
AIRPOT,1646375218908,1646375217610,4,1646375217610,0.080,-0.072,-0.994,-0.005,-0.022,-0.006
AIRPOT,1646375218927,1646375217629,4,1646375217629,0.080,-0.072,-0.994,0.002,-0.012,-0.010
AIRPOT,1646375218982,1646375217684,4,1646375217684,0.082,-0.073,-0.994,0.011,-0.007,-0.002
AIRPOT,1646375218982,1646375217684,4,1646375217684,0.084,-0.075,-0.994,0.006,-0.006,0.007
AIRPOT,1646375219129,1646375217831,4,1646375217831,0.085,-0.080,-0.993,0.018,-0.022,-0.013
AIRPOT,1646375219177,1646375217879,4,1646375217879,0.082,-0.087,-0.993,0.045,-0.085,-0.030
AIRPOT,1646375219251,1646375217953,4,1646375217953,0.077,-0.100,-0.992,0.084,-0.254,-0.006
AIRPOT,1646375219253,1646375217955,4,1646375217955,0.082,-0.126,-0.989,0.207,-0.242,0.085
AIRPOT,1646375219312,1646375218014,4,1646375218014,0.106,-0.167,-0.980,0.273,-0.128,0.020
AIRPOT,1646375219313,1646375218015,4,1646375218015,0.134,-0.224,-0.965,0.271,0.065,-0.046
AIRPOT,1646375219427,1646375218129,4,1646375218129,0.128,-0.360,-0.924,0.103,0.259,-0.119
AIRPOT,1646375219427,1646375218129,4,1646375218129,0.095,-0.411,-0.907,0.012,0.360,-0.072
AIRPOT,1646375219493,1646375218195,4,1646375218195,0.064,-0.446,-0.893,-0.077,0.217,-0.054
AIRPOT,1646375219494,1646375218196,4,1646375218196,0.036,-0.471,-0.881,-0.095,0.199,-0.041
AIRPOT,1646375219545,1646375218247,4,1646375218247,0.016,-0.488,-0.873,-0.139,0.147,-0.011
AIRPOT,1646375219545,1646375218247,4,1646375218247,0.001,-0.503,-0.864,-0.109,0.104,0.042
AIRPOT,1646375219604,1646375218306,4,1646375218306,0.000,-0.519,-0.855,-0.066,0.045,0.064
AIRPOT,1646375219604,1646375218306,4,1646375218306,0.011,-0.538,-0.843,0.006,0.012,0.043
AIRPOT,1646375219695,1646375218397,4,1646375218397,0.036,-0.559,-0.828,0.096,-0.019,-0.008
AIRPOT,1646375219696,1646375218398,4,1646375218398,0.060,-0.576,-0.815,0.100,-0.049,-0.053
AIRPOT,1646375219705,1646375218407,4,1646375218407,0.079,-0.587,-0.806,0.087,0.051,0.005
AIRPOT,1646375219705,1646375218407,4,1646375218407,0.100,-0.595,-0.797,-0.013,-0.051,-0.034
AIRPOT,1646375219711,1646375218413,4,1646375218413,0.114,-0.610,-0.784,0.009,-0.014,0.035
AIRPOT,1646375219711,1646375218413,4,1646375218413,0.132,-0.626,-0.768,-0.023,-0.015,0.014
AIRPOT,1646375219812,1646375218514,4,1646375218514,0.145,-0.646,-0.749,-0.091,0.082,-0.095
AIRPOT,1646375219830,1646375218532,4,1646375218532,0.154,-0.681,-0.716,-0.076,0.044,-0.039
AIRPOT,1646375219930,1646375218632,4,1646375218632,0.170,-0.730,-0.662,-0.108,0.060,-0.049
AIRPOT,1646375219930,1646375218632,4,1646375218632,0.183,-0.778,-0.601,-0.104,0.072,-0.014
AIRPOT,1646375219982,1646375218684,4,1646375218684,0.191,-0.813,-0.550,-0.038,0.001,0.058
AIRPOT,1646375219985,1646375218687,4,1646375218687,0.197,-0.836,-0.513,0.031,-0.114,0.155
AIRPOT,1646375220037,1646375218739,4,1646375218739,0.204,-0.849,-0.487,0.042,-0.124,0.133
AIRPOT,1646375220038,1646375218740,4,1646375218740,0.206,-0.855,-0.477,0.048,-0.125,0.117
AIRPOT,1646375220089,1646375218791,4,1646375218791,0.205,-0.853,-0.480,0.031,-0.090,0.108
AIRPOT,1646375220146,1646375218848,4,1646375218848,0.203,-0.848,-0.489,0.006,-0.066,0.081
AIRPOT,1646375220196,1646375218898,4,1646375218898,0.201,-0.840,-0.503,-0.011,-0.053,0.051
AIRPOT,1646375220197,1646375218899,4,1646375218899,0.194,-0.831,-0.522,-0.017,-0.037,-0.000
AIRPOT,1646375220270,1646375218972,4,1646375218972,0.183,-0.818,-0.545,-0.030,-0.013,-0.004
AIRPOT,1646375220272,1646375218974,4,1646375218974,0.173,-0.804,-0.569,-0.028,-0.002,0.004
AIRPOT,1646375220322,1646375219024,4,1646375219024,0.167,-0.789,-0.591,-0.019,-0.014,-0.017
AIRPOT,1646375220374,1646375219076,4,1646375219076,0.164,-0.777,-0.608,-0.014,-0.028,-0.048
AIRPOT,1646375220445,1646375219147,4,1646375219147,0.164,-0.767,-0.620,0.004,0.027,-0.025
AIRPOT,1646375220480,1646375219182,4,1646375219182,0.165,-0.757,-0.632,0.012,0.090,-0.008
AIRPOT,1646375220481,1646375219183,4,1646375219183,0.168,-0.747,-0.644,0.001,0.105,-0.008
AIRPOT,1646375220589,1646375219291,4,1646375219291,0.172,-0.736,-0.654,0.014,0.064,0.016
AIRPOT,1646375220590,1646375219292,4,1646375219292,0.176,-0.730,-0.660,0.028,0.045,0.007
AIRPOT,1646375220666,1646375219368,4,1646375219368,0.179,-0.727,-0.663,0.019,0.038,-0.009
AIRPOT,1646375220666,1646375219368,4,1646375219368,0.178,-0.724,-0.666,0.015,0.035,-0.001
AIRPOT,1646375220699,1646375219401,4,1646375219401,0.176,-0.723,-0.669,0.016,0.024,-0.006
AIRPOT,1646375220752,1646375219454,4,1646375219454,0.176,-0.722,-0.669,0.003,-0.005,-0.073
AIRPOT,1646375220805,1646375219507,4,1646375219507,0.173,-0.722,-0.670,-0.001,0.027,-0.024
AIRPOT,1646375220805,1646375219507,4,1646375219507,0.171,-0.722,-0.671,0.007,0.044,0.040
AIRPOT,1646375220871,1646375219573,4,1646375219573,0.171,-0.722,-0.670,-0.000,-0.007,0.004
AIRPOT,1646375220872,1646375219574,4,1646375219574,0.170,-0.725,-0.667,0.004,-0.008,0.031
AIRPOT,1646375220919,1646375219621,4,1646375219621,0.169,-0.728,-0.664,0.001,-0.010,0.007
AIRPOT,1646375220985,1646375219687,4,1646375219687,0.169,-0.730,-0.662,-0.008,-0.028,-0.026
AIRPOT,1646375221041,1646375219743,4,1646375219743,0.167,-0.731,-0.662,-0.005,-0.030,-0.018
AIRPOT,1646375221042,1646375219744,4,1646375219744,0.163,-0.731,-0.662,-0.010,-0.006,0.007
AIRPOT,1646375221091,1646375219793,4,1646375219793,0.159,-0.730,-0.664,-0.023,0.022,0.019
AIRPOT,1646375221166,1646375219868,4,1646375219868,0.156,-0.729,-0.666,-0.023,0.007,0.010
AIRPOT,1646375221220,1646375219922,4,1646375219922,0.154,-0.729,-0.667,-0.016,-0.018,-0.015
AIRPOT,1646375221222,1646375219924,4,1646375219924,0.153,-0.729,-0.667,-0.019,-0.011,-0.036
AIRPOT,1646375221284,1646375219986,4,1646375219986,0.152,-0.728,-0.669,-0.018,0.019,0.005
AIRPOT,1646375221284,1646375219986,4,1646375219986,0.152,-0.726,-0.671,-0.013,0.008,0.011
AIRPOT,1646375221426,1646375220128,4,1646375220128,0.153,-0.726,-0.671,-0.007,-0.000,0.003
AIRPOT,1646375221426,1646375220128,4,1646375220128,0.156,-0.726,-0.670,-0.005,-0.003,-0.005
AIRPOT,1646375221486,1646375220188,4,1646375220188,0.158,-0.726,-0.669,-0.004,-0.017,-0.015
AIRPOT,1646375221487,1646375220189,4,1646375220189,0.159,-0.726,-0.669,0.001,-0.024,-0.030
AIRPOT,1646375221545,1646375220247,4,1646375220247,0.160,-0.725,-0.670,-0.014,0.012,-0.019
AIRPOT,1646375221553,1646375220255,4,1646375220255,0.161,-0.724,-0.671,0.001,-0.003,-0.014
AIRPOT,1646375221639,1646375220341,4,1646375220341,0.161,-0.723,-0.672,0.000,0.014,0.011
AIRPOT,1646375221640,1646375220342,4,1646375220342,0.161,-0.723,-0.672,0.005,0.032,0.041
AIRPOT,1646375221646,1646375220348,4,1646375220348,0.164,-0.723,-0.671,0.007,0.013,0.032
AIRPOT,1646375221699,1646375220401,4,1646375220401,0.166,-0.724,-0.670,0.006,0.001,0.013
AIRPOT,1646375221769,1646375220471,4,1646375220471,0.166,-0.725,-0.669,0.012,-0.005,-0.002
AIRPOT,1646375221770,1646375220472,4,1646375220472,0.166,-0.725,-0.668,0.008,-0.016,-0.024
AIRPOT,1646375221855,1646375220557,4,1646375220557,0.166,-0.725,-0.669,0.001,-0.007,-0.031
AIRPOT,1646375221855,1646375220557,4,1646375220557,0.165,-0.724,-0.670,0.005,0.017,0.006
AIRPOT,1646375221954,1646375220656,4,1646375220656,0.165,-0.723,-0.671,0.003,-0.017,-0.018
AIRPOT,1646375221954,1646375220656,4,1646375220656,0.162,-0.722,-0.673,0.005,-0.015,0.004
AIRPOT,1646375221963,1646375220665,4,1646375220665,0.160,-0.722,-0.673,-0.004,0.016,0.016
AIRPOT,1646375222131,1646375220833,4,1646375220833,0.157,-0.721,-0.675,-0.014,0.013,0.018
AIRPOT,1646375222131,1646375220833,4,1646375220833,0.154,-0.720,-0.677,-0.010,0.017,0.033
AIRPOT,1646375222178,1646375220880,4,1646375220880,0.152,-0.719,-0.678,-0.010,0.014,0.041
AIRPOT,1646375222179,1646375220881,4,1646375220881,0.151,-0.719,-0.679,-0.007,0.005,0.027
AIRPOT,1646375222189,1646375220891,4,1646375220891,0.150,-0.719,-0.679,-0.007,0.007,0.010
AIRPOT,1646375222281,1646375220983,4,1646375220983,0.150,-0.719,-0.679,-0.012,0.012,-0.002
AIRPOT,1646375222282,1646375220984,4,1646375220984,0.149,-0.718,-0.680,-0.009,0.001,-0.017
AIRPOT,1646375222289,1646375220991,4,1646375220991,0.147,-0.718,-0.681,-0.011,0.025,0.003
AIRPOT,1646375222378,1646375221080,4,1646375221080,0.146,-0.717,-0.681,-0.005,0.023,0.018
AIRPOT,1646375222380,1646375221082,4,1646375221082,0.147,-0.717,-0.681,-0.008,-0.014,-0.025
AIRPOT,1646375222397,1646375221099,4,1646375221099,0.147,-0.719,-0.680,0.001,0.008,0.019
AIRPOT,1646375222488,1646375221190,4,1646375221190,0.149,-0.720,-0.678,-0.006,0.010,0.014
AIRPOT,1646375222545,1646375221247,4,1646375221247,0.152,-0.721,-0.676,-0.003,-0.002,-0.018
AIRPOT,1646375222546,1646375221248,4,1646375221248,0.154,-0.721,-0.675,0.002,-0.019,-0.031
AIRPOT,1646375222590,1646375221292,4,1646375221292,0.155,-0.720,-0.676,0.005,-0.021,-0.023
AIRPOT,1646375222728,1646375221430,4,1646375221430,0.154,-0.720,-0.677,-0.001,0.007,-0.002
AIRPOT,1646375222822,1646375221524,4,1646375221524,0.154,-0.719,-0.678,-0.005,0.020,0.005
AIRPOT,1646375222822,1646375221524,4,1646375221524,0.153,-0.718,-0.679,-0.003,0.001,-0.000
AIRPOT,1646375222833,1646375221535,4,1646375221535,0.154,-0.719,-0.678,0.000,-0.001,0.005
AIRPOT,1646375222834,1646375221536,4,1646375221536,0.154,-0.719,-0.677,-0.003,0.013,0.007
AIRPOT,1646375223025,1646375221727,4,1646375221727,0.155,-0.720,-0.677,0.002,0.016,0.037
AIRPOT,1646375223025,1646375221727,4,1646375221727,0.158,-0.720,-0.676,-0.001,-0.016,-0.027
AIRPOT,1646375223073,1646375221775,4,1646375221775,0.160,-0.720,-0.675,0.008,-0.001,0.001
AIRPOT,1646375223073,1646375221775,4,1646375221775,0.161,-0.720,-0.674,0.001,-0.037,-0.058
AIRPOT,1646375223182,1646375221884,4,1646375221884,0.161,-0.720,-0.675,0.000,-0.006,-0.015
AIRPOT,1646375223183,1646375221885,4,1646375221885,0.160,-0.720,-0.676,0.002,-0.010,-0.010
AIRPOT,1646375223193,1646375221895,4,1646375221895,0.159,-0.719,-0.676,-0.000,0.002,0.008
AIRPOT,1646375223194,1646375221896,4,1646375221896,0.158,-0.718,-0.677,-0.009,0.025,0.018
AIRPOT,1646375223324,1646375222026,4,1646375222026,0.156,-0.718,-0.679,-0.005,0.046,0.068
AIRPOT,1646375223325,1646375222027,4,1646375222027,0.158,-0.718,-0.678,-0.001,0.002,0.019
AIRPOT,1646375223331,1646375222033,4,1646375222033,0.159,-0.719,-0.676,-0.001,-0.011,-0.007
AIRPOT,1646375223332,1646375222034,4,1646375222034,0.160,-0.720,-0.675,0.006,-0.005,-0.006
AIRPOT,1646375223390,1646375222092,4,1646375222092,0.161,-0.719,-0.676,0.002,-0.014,-0.032
AIRPOT,1646375223390,1646375222092,4,1646375222092,0.160,-0.718,-0.678,0.004,-0.005,-0.012
AIRPOT,1646375223493,1646375222195,4,1646375222195,0.159,-0.716,-0.680,0.004,0.001,-0.001
AIRPOT,1646375223494,1646375222196,4,1646375222196,0.158,-0.715,-0.681,-0.003,0.011,-0.000
AIRPOT,1646375223629,1646375222331,4,1646375222331,0.157,-0.713,-0.683,-0.005,0.006,0.012
AIRPOT,1646375223629,1646375222331,4,1646375222331,0.155,-0.713,-0.684,-0.000,-0.001,0.015
AIRPOT,1646375223650,1646375222352,4,1646375222352,0.151,-0.714,-0.683,-0.006,0.016,0.012
AIRPOT,1646375223641,1646375222343,4,1646375222343,0.153,-0.714,-0.683,-0.007,0.026,0.027
AIRPOT,1646375223641,1646375222343,4,1646375222343,0.152,-0.714,-0.683,-0.009,0.020,0.022
AIRPOT,1646375223745,1646375222447,4,1646375222447,0.151,-0.715,-0.682,-0.001,0.010,0.030
AIRPOT,1646375223871,1646375222573,4,1646375222573,0.150,-0.717,-0.680,-0.011,-0.002,0.005
AIRPOT,1646375223874,1646375222576,4,1646375222576,0.150,-0.719,-0.679,-0.009,0.020,0.032
AIRPOT,1646375223927,1646375222629,4,1646375222629,0.150,-0.720,-0.678,-0.004,0.006,0.014
AIRPOT,1646375223927,1646375222629,4,1646375222629,0.150,-0.721,-0.676,-0.006,0.010,0.012
AIRPOT,1646375223931,1646375222633,4,1646375222633,0.152,-0.722,-0.675,-0.007,-0.022,-0.022
AIRPOT,1646375223932,1646375222634,4,1646375222634,0.152,-0.723,-0.674,-0.000,-0.017,-0.015
AIRPOT,1646375223980,1646375222682,4,1646375222682,0.152,-0.724,-0.673,-0.001,-0.010,-0.028
AIRPOT,1646375223981,1646375222683,4,1646375222683,0.153,-0.722,-0.675,0.005,-0.019,-0.046
AIRPOT,1646375224044,1646375222746,4,1646375222746,0.152,-0.720,-0.677,0.007,-0.001,-0.005
AIRPOT,1646375224047,1646375222749,4,1646375222749,0.152,-0.718,-0.679,0.003,0.008,0.012
AIRPOT,1646375224102,1646375222804,4,1646375222804,0.150,-0.718,-0.680,0.005,0.024,0.024
AIRPOT,1646375224169,1646375222871,4,1646375222871,0.149,-0.717,-0.681,0.000,0.006,-0.000
AIRPOT,1646375224228,1646375222930,4,1646375222930,0.148,-0.716,-0.682,-0.004,0.009,0.002
AIRPOT,1646375224228,1646375222930,4,1646375222930,0.147,-0.715,-0.684,-0.007,-0.001,-0.011
AIRPOT,1646375224332,1646375223034,4,1646375223034,0.146,-0.714,-0.685,-0.005,0.001,-0.007
AIRPOT,1646375224333,1646375223035,4,1646375223035,0.146,-0.713,-0.685,-0.012,-0.014,-0.034
AIRPOT,1646375224382,1646375223084,4,1646375223084,0.145,-0.713,-0.686,-0.004,0.023,0.027
AIRPOT,1646375224487,1646375223189,4,1646375223189,0.147,-0.713,-0.686,-0.008,-0.017,-0.051
AIRPOT,1646375224633,1646375223335,4,1646375223335,0.147,-0.712,-0.686,0.001,0.007,-0.004
AIRPOT,1646375224635,1646375223337,4,1646375223337,0.147,-0.712,-0.686,-0.012,-0.005,-0.030
AIRPOT,1646375224697,1646375223399,4,1646375223399,0.144,-0.712,-0.688,-0.010,0.010,0.012
AIRPOT,1646375224697,1646375223399,4,1646375223399,0.143,-0.711,-0.688,-0.006,0.015,0.032
AIRPOT,1646375224773,1646375223475,4,1646375223475,0.143,-0.712,-0.687,-0.003,0.017,0.035
AIRPOT,1646375224821,1646375223523,4,1646375223523,0.145,-0.713,-0.686,0.002,0.015,0.055
AIRPOT,1646375225034,1646375223736,4,1646375223736,0.149,-0.713,-0.685,0.003,0.013,0.018
AIRPOT,1646375225035,1646375223737,4,1646375223737,0.154,-0.712,-0.685,0.013,-0.027,-0.032
AIRPOT,1646375225141,1646375223843,4,1646375223843,0.154,-0.712,-0.685,0.018,-0.028,-0.023
AIRPOT,1646375225141,1646375223843,4,1646375223843,0.153,-0.711,-0.687,0.010,-0.001,-0.000
AIRPOT,1646375225205,1646375223907,4,1646375223907,0.152,-0.709,-0.689,-0.001,-0.006,-0.016
AIRPOT,1646375225206,1646375223908,4,1646375223908,0.149,-0.707,-0.691,0.000,-0.001,-0.007
AIRPOT,1646375225257,1646375223959,4,1646375223959,0.138,-0.699,-0.702,-0.009,0.014,0.013
AIRPOT,1646375225258,1646375223960,4,1646375223960,0.137,-0.696,-0.705,-0.005,0.017,0.024
AIRPOT,1646375225309,1646375224011,4,1646375224011,0.135,-0.695,-0.707,-0.002,0.003,0.026
AIRPOT,1646375225310,1646375224012,4,1646375224012,0.133,-0.695,-0.706,-0.003,0.014,0.035
AIRPOT,1646375225383,1646375224085,4,1646375224085,0.134,-0.695,-0.706,-0.009,-0.008,-0.024
AIRPOT,1646375225383,1646375224085,4,1646375224085,0.131,-0.694,-0.708,-0.009,0.007,0.002
AIRPOT,1646375225387,1646375224089,4,1646375224089,0.129,-0.692,-0.710,-0.010,-0.003,-0.002
AIRPOT,1646375225388,1646375224090,4,1646375224090,0.128,-0.690,-0.713,0.006,-0.004,0.016
AIRPOT,1646375225436,1646375224138,4,1646375224138,0.128,-0.688,-0.714,0.001,-0.005,0.006
AIRPOT,1646375225436,1646375224138,4,1646375224138,0.128,-0.686,-0.716,0.002,-0.005,-0.015
AIRPOT,1646375225500,1646375224202,4,1646375224202,0.127,-0.684,-0.718,0.002,-0.001,-0.028
AIRPOT,1646375225500,1646375224202,4,1646375224202,0.126,-0.682,-0.720,-0.000,0.004,-0.018
AIRPOT,1646375225534,1646375224236,4,1646375224236,0.125,-0.680,-0.723,-0.000,0.021,0.015
AIRPOT,1646375225616,1646375224318,4,1646375224318,0.124,-0.677,-0.725,0.003,0.014,0.014
AIRPOT,1646375225632,1646375224334,4,1646375224334,0.124,-0.675,-0.727,0.000,0.004,-0.004
AIRPOT,1646375225836,1646375224538,4,1646375224538,0.122,-0.675,-0.728,-0.006,0.003,-0.008
AIRPOT,1646375225837,1646375224539,4,1646375224539,0.122,-0.675,-0.728,-0.008,-0.000,-0.015
AIRPOT,1646375225851,1646375224553,4,1646375224553,0.121,-0.674,-0.728,-0.008,0.017,0.016
AIRPOT,1646375225852,1646375224554,4,1646375224554,0.123,-0.674,-0.729,-0.013,-0.001,-0.021
AIRPOT,1646375225901,1646375224603,4,1646375224603,0.125,-0.675,-0.728,-0.004,0.004,-0.004
AIRPOT,1646375226026,1646375224728,4,1646375224728,0.127,-0.676,-0.726,-0.000,-0.022,-0.045
AIRPOT,1646375226078,1646375224780,4,1646375224780,0.128,-0.678,-0.724,-0.006,-0.053,-0.095
AIRPOT,1646375226079,1646375224781,4,1646375224781,0.125,-0.679,-0.724,-0.005,-0.009,-0.007
AIRPOT,1646375226087,1646375224789,4,1646375224789,0.122,-0.679,-0.724,-0.011,0.018,0.016
AIRPOT,1646375226101,1646375224803,4,1646375224803,0.120,-0.679,-0.724,0.004,0.039,0.066
AIRPOT,1646375226278,1646375224980,4,1646375224980,0.123,-0.681,-0.722,0.005,0.021,0.003
AIRPOT,1646375226279,1646375224981,4,1646375224981,0.125,-0.683,-0.720,0.004,0.014,0.009
AIRPOT,1646375226288,1646375224990,4,1646375224990,0.127,-0.684,-0.719,0.006,-0.022,-0.008
AIRPOT,1646375226290,1646375224992,4,1646375224992,0.127,-0.685,-0.718,0.006,0.012,0.049
AIRPOT,1646375226342,1646375225044,4,1646375225044,0.129,-0.686,-0.716,-0.001,-0.003,-0.014
AIRPOT,1646375226408,1646375225110,4,1646375225110,0.129,-0.687,-0.716,0.003,-0.017,-0.017
AIRPOT,1646375226524,1646375225226,4,1646375225226,0.128,-0.687,-0.715,-0.001,-0.027,-0.033
AIRPOT,1646375226525,1646375225227,4,1646375225227,0.126,-0.686,-0.716,-0.010,0.002,-0.019
AIRPOT,1646375226592,1646375225294,4,1646375225294,0.123,-0.684,-0.719,-0.006,0.016,0.015
AIRPOT,1646375226592,1646375225294,4,1646375225294,0.121,-0.682,-0.721,-0.001,0.023,0.052
AIRPOT,1646375226771,1646375225473,4,1646375225473,0.120,-0.684,-0.720,-0.001,0.022,0.045
AIRPOT,1646375226772,1646375225474,4,1646375225474,0.121,-0.686,-0.717,-0.001,0.007,0.024
AIRPOT,1646375226823,1646375225525,4,1646375225525,0.121,-0.688,-0.716,0.000,-0.009,0.003
AIRPOT,1646375226824,1646375225526,4,1646375225526,0.120,-0.688,-0.716,-0.004,-0.004,-0.001
AIRPOT,1646375226836,1646375225538,4,1646375225538,0.119,-0.687,-0.717,-0.006,0.006,0.011
AIRPOT,1646375226888,1646375225590,4,1646375225590,0.118,-0.687,-0.717,-0.009,0.016,0.012
AIRPOT,1646375226939,1646375225641,4,1646375225641,0.117,-0.687,-0.717,-0.004,0.009,-0.004
AIRPOT,1646375226988,1646375225690,4,1646375225690,0.116,-0.688,-0.717,-0.007,0.005,0.008
AIRPOT,1646375227032,1646375225734,4,1646375225734,0.117,-0.689,-0.716,-0.008,0.000,0.004
AIRPOT,1646375227095,1646375225797,4,1646375225797,0.119,-0.690,-0.713,-0.001,-0.029,-0.018
AIRPOT,1646375227189,1646375225891,4,1646375225891,0.122,-0.692,-0.712,-0.001,-0.021,-0.046
AIRPOT,1646375227191,1646375225893,4,1646375225893,0.122,-0.690,-0.713,0.000,0.002,-0.030
AIRPOT,1646375227198,1646375225900,4,1646375225900,0.121,-0.687,-0.717,0.007,0.023,0.021
AIRPOT,1646375227199,1646375225901,4,1646375225901,0.121,-0.683,-0.720,0.006,0.021,0.027
AIRPOT,1646375227273,1646375225975,4,1646375225975,0.122,-0.682,-0.721,0.005,-0.017,-0.011
AIRPOT,1646375227273,1646375225975,4,1646375225975,0.122,-0.683,-0.720,0.003,-0.005,-0.007
AIRPOT,1646375227282,1646375225984,4,1646375225984,0.119,-0.683,-0.720,-0.011,0.025,0.023
AIRPOT,1646375227282,1646375225984,4,1646375225984,0.119,-0.683,-0.720,-0.014,0.000,-0.029
AIRPOT,1646375227334,1646375226036,4,1646375226036,0.118,-0.686,-0.718,0.012,0.074,0.127
AIRPOT,1646375227342,1646375226044,4,1646375226044,0.124,-0.687,-0.716,-0.010,-0.060,-0.106
AIRPOT,1646375227406,1646375226108,4,1646375226108,0.124,-0.690,-0.714,0.012,-0.009,0.011
AIRPOT,1646375227406,1646375226108,4,1646375226108,0.126,-0.689,-0.713,-0.017,-0.034,-0.110
AIRPOT,1646375227515,1646375226217,4,1646375226217,0.120,-0.687,-0.716,0.006,0.003,0.037
AIRPOT,1646375227515,1646375226217,4,1646375226217,0.122,-0.687,-0.717,0.008,0.006,-0.002
AIRPOT,1646375227598,1646375226300,4,1646375226300,0.123,-0.686,-0.717,0.006,0.026,0.021
AIRPOT,1646375227599,1646375226301,4,1646375226301,0.122,-0.687,-0.716,0.003,0.048,0.082
AIRPOT,1646375227695,1646375226397,4,1646375226397,0.122,-0.689,-0.714,0.000,0.015,0.039
AIRPOT,1646375227696,1646375226398,4,1646375226398,0.122,-0.693,-0.711,0.007,-0.026,-0.010
AIRPOT,1646375227707,1646375226409,4,1646375226409,0.124,-0.696,-0.707,0.004,-0.046,-0.049
AIRPOT,1646375227761,1646375226463,4,1646375226463,0.122,-0.697,-0.707,-0.012,-0.015,-0.047
AIRPOT,1646375227816,1646375226518,4,1646375226518,0.119,-0.695,-0.709,-0.001,0.016,0.013
AIRPOT,1646375227817,1646375226519,4,1646375226519,0.117,-0.693,-0.712,-0.001,0.018,0.028
AIRPOT,1646375227943,1646375226645,4,1646375226645,0.117,-0.693,-0.712,-0.003,0.014,0.026
AIRPOT,1646375227945,1646375226647,4,1646375226647,0.116,-0.693,-0.712,-0.002,0.003,0.009
AIRPOT,1646375227953,1646375226655,4,1646375226655,0.115,-0.694,-0.711,-0.002,-0.005,-0.005
AIRPOT,1646375227960,1646375226662,4,1646375226662,0.114,-0.694,-0.711,-0.009,-0.004,-0.009
AIRPOT,1646375228001,1646375226703,4,1646375226703,0.112,-0.695,-0.710,-0.006,0.016,0.029
AIRPOT,1646375228069,1646375226771,4,1646375226771,0.112,-0.696,-0.709,-0.007,0.027,0.030
AIRPOT,1646375228070,1646375226772,4,1646375226772,0.113,-0.698,-0.708,-0.002,0.032,0.050
AIRPOT,1646375228182,1646375226884,4,1646375226884,0.115,-0.699,-0.706,0.004,0.002,0.022
AIRPOT,1646375228183,1646375226885,4,1646375226885,0.116,-0.701,-0.704,0.005,-0.017,0.008
AIRPOT,1646375228288,1646375226990,4,1646375226990,0.115,-0.702,-0.702,0.004,-0.012,0.004
AIRPOT,1646375228291,1646375226993,4,1646375226993,0.113,-0.703,-0.702,-0.008,-0.012,-0.005
AIRPOT,1646375228296,1646375226998,4,1646375226998,0.112,-0.703,-0.702,-0.011,-0.003,0.004
AIRPOT,1646375228413,1646375227115,4,1646375227115,0.111,-0.702,-0.703,-0.006,0.008,0.020
AIRPOT,1646375228478,1646375227180,4,1646375227180,0.112,-0.701,-0.704,-0.008,-0.003,0.001
AIRPOT,1646375228478,1646375227180,4,1646375227180,0.114,-0.700,-0.704,-0.003,-0.005,-0.016
AIRPOT,1646375228626,1646375227328,4,1646375227328,0.116,-0.699,-0.706,-0.001,0.006,-0.013
AIRPOT,1646375228627,1646375227329,4,1646375227329,0.118,-0.698,-0.707,0.001,0.008,0.005
AIRPOT,1646375228680,1646375227382,4,1646375227382,0.119,-0.696,-0.708,0.002,0.001,-0.009
AIRPOT,1646375228697,1646375227399,4,1646375227399,0.120,-0.696,-0.708,0.010,-0.003,-0.015
AIRPOT,1646375228901,1646375227603,4,1646375227603,0.121,-0.696,-0.708,0.002,-0.006,-0.019
AIRPOT,1646375228960,1646375227662,4,1646375227662,0.121,-0.695,-0.709,-0.001,0.005,-0.012
AIRPOT,1646375229013,1646375227715,4,1646375227715,0.120,-0.693,-0.711,-0.002,-0.001,-0.012
AIRPOT,1646375229063,1646375227765,4,1646375227765,0.119,-0.693,-0.711,0.008,0.018,0.032
AIRPOT,1646375229161,1646375227863,4,1646375227863,0.119,-0.697,-0.707,-0.001,-0.003,0.006
AIRPOT,1646375229161,1646375227863,4,1646375227863,0.120,-0.698,-0.706,0.003,-0.019,-0.025
AIRPOT,1646375229230,1646375227932,4,1646375227932,0.117,-0.696,-0.708,0.002,0.017,0.018
AIRPOT,1646375229231,1646375227933,4,1646375227933,0.115,-0.695,-0.710,0.001,-0.000,0.003
AIRPOT,1646375229250,1646375227952,4,1646375227952,0.114,-0.695,-0.710,0.007,0.002,0.040
AIRPOT,1646375229252,1646375227954,4,1646375227954,0.112,-0.697,-0.708,0.002,-0.011,0.012
AIRPOT,1646375229280,1646375227982,4,1646375227982,0.102,-0.703,-0.704,-0.010,-0.019,-0.025
AIRPOT,1646375229280,1646375227982,4,1646375227982,0.098,-0.704,-0.703,-0.013,0.002,-0.032
AIRPOT,1646375229287,1646375227989,4,1646375227989,0.095,-0.704,-0.704,-0.009,0.030,-0.007
AIRPOT,1646375229288,1646375227990,4,1646375227990,0.093,-0.701,-0.707,-0.012,0.014,-0.032
AIRPOT,1646375229392,1646375228094,4,1646375228094,0.090,-0.699,-0.709,-0.006,0.032,0.028
AIRPOT,1646375229397,1646375228099,4,1646375228099,0.089,-0.699,-0.710,-0.011,0.039,0.037
AIRPOT,1646375229400,1646375228102,4,1646375228102,0.089,-0.699,-0.709,-0.005,0.025,0.033
AIRPOT,1646375229448,1646375228150,4,1646375228150,0.091,-0.701,-0.708,-0.005,-0.002,0.001
AIRPOT,1646375229555,1646375228257,4,1646375228257,0.092,-0.702,-0.706,-0.007,0.014,0.012
AIRPOT,1646375229555,1646375228257,4,1646375228257,0.093,-0.702,-0.706,0.001,0.020,0.037
AIRPOT,1646375229608,1646375228310,4,1646375228310,0.094,-0.703,-0.705,-0.004,-0.010,0.010
AIRPOT,1646375229620,1646375228322,4,1646375228322,0.095,-0.705,-0.703,-0.002,0.004,0.021
AIRPOT,1646375229769,1646375228471,4,1646375228471,0.097,-0.705,-0.702,-0.009,-0.004,-0.018
AIRPOT,1646375229770,1646375228472,4,1646375228472,0.096,-0.705,-0.702,0.001,-0.009,-0.005
AIRPOT,1646375229783,1646375228485,4,1646375228485,0.096,-0.706,-0.702,-0.002,0.001,0.033
AIRPOT,1646375229785,1646375228487,4,1646375228487,0.099,-0.707,-0.701,-0.005,-0.035,-0.028
AIRPOT,1646375229832,1646375228534,4,1646375228534,0.100,-0.707,-0.700,-0.001,-0.010,-0.001
AIRPOT,1646375229837,1646375228539,4,1646375228539,0.102,-0.706,-0.701,-0.005,0.006,-0.008
AIRPOT,1646375229891,1646375228593,4,1646375228593,0.103,-0.704,-0.702,-0.005,-0.021,-0.036
AIRPOT,1646375229957,1646375228659,4,1646375228659,0.103,-0.703,-0.703,0.003,-0.012,0.004
AIRPOT,1646375230017,1646375228719,4,1646375228719,0.102,-0.703,-0.704,-0.003,0.033,0.018
AIRPOT,1646375230018,1646375228720,4,1646375228720,0.101,-0.702,-0.705,-0.005,0.006,-0.019
AIRPOT,1646375230120,1646375228822,4,1646375228822,0.100,-0.702,-0.705,0.004,0.004,0.005
AIRPOT,1646375230120,1646375228822,4,1646375228822,0.101,-0.702,-0.704,0.000,0.016,0.008
AIRPOT,1646375230177,1646375228879,4,1646375228879,0.103,-0.702,-0.704,0.004,-0.003,-0.013
AIRPOT,1646375230177,1646375228879,4,1646375228879,0.105,-0.703,-0.703,0.013,-0.020,-0.025
AIRPOT,1646375230266,1646375228968,4,1646375228968,0.104,-0.705,-0.702,0.008,0.007,0.007
AIRPOT,1646375230309,1646375229011,4,1646375229011,0.103,-0.706,-0.701,0.005,-0.023,-0.025
AIRPOT,1646375230519,1646375229221,4,1646375229221,0.100,-0.707,-0.700,-0.001,-0.031,-0.008
AIRPOT,1646375230520,1646375229222,4,1646375229222,0.097,-0.709,-0.698,0.001,0.028,0.046
AIRPOT,1646375230620,1646375229322,4,1646375229322,0.094,-0.710,-0.698,-0.012,0.008,0.013
AIRPOT,1646375230620,1646375229322,4,1646375229322,0.091,-0.712,-0.697,0.001,0.011,0.034
AIRPOT,1646375230668,1646375229370,4,1646375229370,0.091,-0.713,-0.695,-0.014,0.040,0.023
AIRPOT,1646375230754,1646375229456,4,1646375229456,0.093,-0.713,-0.695,-0.006,0.021,0.031
AIRPOT,1646375230855,1646375229557,4,1646375229557,0.099,-0.713,-0.694,0.005,-0.026,-0.014
AIRPOT,1646375230855,1646375229557,4,1646375229557,0.099,-0.712,-0.695,0.003,-0.026,-0.025
AIRPOT,1646375230869,1646375229571,4,1646375229571,0.098,-0.711,-0.696,0.006,-0.007,0.008
AIRPOT,1646375230870,1646375229572,4,1646375229572,0.097,-0.711,-0.696,-0.005,0.005,-0.011
AIRPOT,1646375230929,1646375229631,4,1646375229631,0.095,-0.710,-0.697,-0.004,0.003,-0.004
AIRPOT,1646375230929,1646375229631,4,1646375229631,0.093,-0.709,-0.699,-0.007,0.005,0.008
AIRPOT,1646375231088,1646375229790,4,1646375229790,0.090,-0.706,-0.702,-0.008,0.002,0.014
AIRPOT,1646375231090,1646375229792,4,1646375229792,0.090,-0.704,-0.704,0.003,0.011,0.033
AIRPOT,1646375231157,1646375229859,4,1646375229859,0.092,-0.703,-0.706,0.000,0.012,0.020
AIRPOT,1646375231158,1646375229860,4,1646375229860,0.092,-0.703,-0.706,0.006,0.010,0.023
AIRPOT,1646375231220,1646375229922,4,1646375229922,0.091,-0.704,-0.704,0.002,0.008,0.020
AIRPOT,1646375231221,1646375229923,4,1646375229923,0.090,-0.705,-0.703,-0.005,0.002,0.008
AIRPOT,1646375231276,1646375229978,4,1646375229978,0.089,-0.706,-0.703,-0.016,-0.013,-0.028
AIRPOT,1646375231277,1646375229979,4,1646375229979,0.087,-0.704,-0.705,-0.010,0.005,0.006
AIRPOT,1646375231303,1646375230005,4,1646375230005,0.086,-0.702,-0.707,-0.011,0.013,0.021
AIRPOT,1646375231412,1646375230114,4,1646375230114,0.085,-0.701,-0.708,0.001,0.014,0.045
AIRPOT,1646375231525,1646375230227,4,1646375230227,0.088,-0.702,-0.707,-0.003,-0.021,-0.017
AIRPOT,1646375231533,1646375230235,4,1646375230235,0.090,-0.702,-0.706,0.001,-0.015,-0.027
AIRPOT,1646375231589,1646375230291,4,1646375230291,0.092,-0.701,-0.707,0.001,-0.008,-0.042
AIRPOT,1646375231648,1646375230350,4,1646375230350,0.092,-0.698,-0.710,-0.003,0.011,-0.032
AIRPOT,1646375231703,1646375230405,4,1646375230405,0.092,-0.696,-0.712,0.000,0.013,0.002
AIRPOT,1646375231703,1646375230405,4,1646375230405,0.092,-0.694,-0.714,0.007,0.015,0.005
AIRPOT,1646375231823,1646375230525,4,1646375230525,0.092,-0.694,-0.714,-0.003,0.001,-0.007
AIRPOT,1646375231823,1646375230525,4,1646375230525,0.091,-0.695,-0.714,-0.010,0.007,-0.004
AIRPOT,1646375231867,1646375230569,4,1646375230569,0.091,-0.697,-0.711,-0.011,-0.002,-0.002
AIRPOT,1646375231867,1646375230569,4,1646375230569,0.092,-0.698,-0.710,-0.006,0.011,-0.009
AIRPOT,1646375231877,1646375230579,4,1646375230579,0.095,-0.699,-0.709,0.000,-0.014,-0.036
AIRPOT,1646375231878,1646375230580,4,1646375230580,0.097,-0.700,-0.708,0.005,0.016,-0.003
AIRPOT,1646375231889,1646375230591,4,1646375230591,0.098,-0.700,-0.707,0.006,0.021,0.033
AIRPOT,1646375231889,1646375230591,4,1646375230591,0.100,-0.701,-0.706,0.004,-0.017,-0.002
AIRPOT,1646375231920,1646375230622,4,1646375230622,0.101,-0.705,-0.702,0.014,0.007,0.051
AIRPOT,1646375231973,1646375230675,4,1646375230675,0.103,-0.708,-0.698,0.010,0.001,0.027
AIRPOT,1646375232107,1646375230809,4,1646375230809,0.103,-0.712,-0.695,0.005,-0.009,0.023
AIRPOT,1646375232108,1646375230810,4,1646375230810,0.104,-0.714,-0.692,0.007,0.009,0.029
AIRPOT,1646375232159,1646375230861,4,1646375230861,0.105,-0.714,-0.692,-0.004,-0.008,-0.028
AIRPOT,1646375232208,1646375230910,4,1646375230910,0.103,-0.714,-0.693,0.006,-0.020,0.004
AIRPOT,1646375232316,1646375231018,4,1646375231018,0.102,-0.713,-0.693,-0.004,-0.030,-0.033
AIRPOT,1646375232316,1646375231018,4,1646375231018,0.099,-0.712,-0.695,-0.011,-0.020,-0.032
AIRPOT,1646375232367,1646375231069,4,1646375231069,0.096,-0.710,-0.697,-0.008,-0.002,-0.022
AIRPOT,1646375232368,1646375231070,4,1646375231070,0.093,-0.709,-0.699,-0.005,0.032,0.034
AIRPOT,1646375232426,1646375231128,4,1646375231128,0.092,-0.708,-0.700,-0.004,0.027,0.027
AIRPOT,1646375232427,1646375231129,4,1646375231129,0.092,-0.708,-0.700,-0.002,0.011,0.021
AIRPOT,1646375232435,1646375231137,4,1646375231137,0.091,-0.709,-0.700,0.000,0.002,0.013
AIRPOT,1646375232436,1646375231138,4,1646375231138,0.091,-0.709,-0.699,-0.002,0.013,0.021
AIRPOT,1646375232493,1646375231195,4,1646375231195,0.090,-0.709,-0.699,-0.004,0.020,0.032
AIRPOT,1646375232558,1646375231260,4,1646375231260,0.089,-0.710,-0.699,-0.002,0.017,0.049
AIRPOT,1646375232608,1646375231310,4,1646375231310,0.089,-0.712,-0.697,-0.006,0.021,0.028
AIRPOT,1646375232609,1646375231311,4,1646375231311,0.090,-0.712,-0.697,-0.012,-0.007,-0.015
AIRPOT,1646375232668,1646375231370,4,1646375231370,0.089,-0.710,-0.698,-0.006,-0.003,-0.007
AIRPOT,1646375232670,1646375231372,4,1646375231372,0.088,-0.709,-0.700,-0.005,-0.001,0.006
AIRPOT,1646375232727,1646375231429,4,1646375231429,0.089,-0.707,-0.701,-0.003,-0.000,0.012
AIRPOT,1646375232778,1646375231480,4,1646375231480,0.091,-0.707,-0.702,-0.004,-0.012,-0.008
AIRPOT,1646375232830,1646375231532,4,1646375231532,0.093,-0.706,-0.702,-0.003,-0.013,-0.016
AIRPOT,1646375232831,1646375231533,4,1646375231533,0.094,-0.703,-0.705,-0.003,-0.000,-0.018
AIRPOT,1646375232894,1646375231596,4,1646375231596,0.096,-0.700,-0.708,-0.001,0.015,-0.004
AIRPOT,1646375233066,1646375231768,4,1646375231768,0.099,-0.696,-0.711,-0.001,0.016,-0.011
AIRPOT,1646375233067,1646375231769,4,1646375231769,0.102,-0.693,-0.713,0.002,0.014,-0.012
AIRPOT,1646375233127,1646375231829,4,1646375231829,0.105,-0.691,-0.715,0.003,0.011,-0.002
AIRPOT,1646375233128,1646375231830,4,1646375231830,0.109,-0.688,-0.717,-0.002,-0.004,-0.020
AIRPOT,1646375233161,1646375231863,4,1646375231863,0.111,-0.686,-0.719,-0.004,-0.004,-0.003
AIRPOT,1646375233188,1646375231890,4,1646375231890,0.114,-0.684,-0.721,-0.000,0.018,0.008
AIRPOT,1646375233311,1646375232013,4,1646375232013,0.120,-0.678,-0.725,-0.013,0.014,-0.036
AIRPOT,1646375233312,1646375232014,4,1646375232014,0.124,-0.666,-0.736,-0.010,0.028,-0.010
AIRPOT,1646375233366,1646375232068,4,1646375232068,0.127,-0.646,-0.753,-0.010,-0.040,-0.044
AIRPOT,1646375233367,1646375232069,4,1646375232069,0.127,-0.621,-0.773,0.016,-0.033,0.024
AIRPOT,1646375233478,1646375232180,4,1646375232179,0.125,-0.595,-0.794,0.014,-0.028,0.069
AIRPOT,1646375233478,1646375232180,4,1646375232180,0.122,-0.570,-0.812,0.025,-0.030,0.082
AIRPOT,1646375233565,1646375232267,4,1646375232267,0.121,-0.551,-0.826,0.017,-0.054,-0.015
AIRPOT,1646375233565,1646375232267,4,1646375232267,0.119,-0.536,-0.836,0.018,-0.005,0.032
AIRPOT,1646375233612,1646375232314,4,1646375232314,0.119,-0.526,-0.842,0.008,0.005,-0.006
AIRPOT,1646375233613,1646375232315,4,1646375232315,0.116,-0.518,-0.848,0.008,0.011,-0.005
AIRPOT,1646375233622,1646375232324,4,1646375232324,0.115,-0.513,-0.851,0.005,0.005,-0.034
AIRPOT,1646375233622,1646375232324,4,1646375232324,0.112,-0.510,-0.853,-0.000,0.014,-0.036
AIRPOT,1646375233666,1646375232368,4,1646375232368,0.109,-0.507,-0.855,-0.010,0.005,-0.027
AIRPOT,1646375233667,1646375232369,4,1646375232369,0.105,-0.504,-0.857,-0.011,0.025,0.005
AIRPOT,1646375233717,1646375232419,4,1646375232419,0.103,-0.502,-0.859,-0.011,0.028,0.016
AIRPOT,1646375233790,1646375232492,4,1646375232492,0.103,-0.501,-0.859,-0.012,0.020,-0.010
AIRPOT,1646375233861,1646375232563,4,1646375232563,0.102,-0.501,-0.859,-0.001,0.009,0.009
AIRPOT,1646375233861,1646375232563,4,1646375232563,0.103,-0.503,-0.858,-0.004,0.011,0.001
AIRPOT,1646375233922,1646375232624,4,1646375232624,0.103,-0.506,-0.856,0.003,0.020,0.036
AIRPOT,1646375233923,1646375232625,4,1646375232625,0.103,-0.511,-0.854,0.003,0.017,0.046
AIRPOT,1646375234080,1646375232782,4,1646375232782,0.103,-0.517,-0.850,0.004,0.014,0.056
AIRPOT,1646375234081,1646375232783,4,1646375232783,0.104,-0.523,-0.846,-0.003,-0.001,0.007
AIRPOT,1646375234156,1646375232858,4,1646375232858,0.104,-0.528,-0.843,-0.006,-0.008,-0.012
AIRPOT,1646375234156,1646375232858,4,1646375232858,0.104,-0.531,-0.841,-0.007,-0.004,-0.025
AIRPOT,1646375234209,1646375232911,4,1646375232911,0.103,-0.531,-0.841,-0.011,-0.002,-0.011
AIRPOT,1646375234209,1646375232911,4,1646375232911,0.104,-0.531,-0.841,-0.001,-0.010,-0.013
AIRPOT,1646375234259,1646375232961,4,1646375232961,0.106,-0.532,-0.840,0.003,0.003,-0.015
AIRPOT,1646375234265,1646375232967,4,1646375232967,0.107,-0.531,-0.840,0.005,0.017,0.002
AIRPOT,1646375234270,1646375232972,4,1646375232972,0.107,-0.530,-0.841,0.005,0.007,-0.013
AIRPOT,1646375234326,1646375233028,4,1646375233028,0.107,-0.531,-0.841,0.006,0.001,-0.005
AIRPOT,1646375234463,1646375233165,4,1646375233165,0.106,-0.533,-0.839,0.002,0.006,0.003
AIRPOT,1646375234464,1646375233166,4,1646375233166,0.106,-0.536,-0.838,-0.001,-0.001,-0.014
AIRPOT,1646375234488,1646375233190,4,1646375233190,0.106,-0.538,-0.836,-0.004,-0.003,-0.008
AIRPOT,1646375234538,1646375233240,4,1646375233240,0.105,-0.541,-0.835,-0.000,-0.008,0.008
AIRPOT,1646375234617,1646375233319,4,1646375233319,0.103,-0.544,-0.833,0.002,-0.015,0.009
AIRPOT,1646375234666,1646375233368,4,1646375233368,0.103,-0.549,-0.830,0.007,-0.017,-0.006
AIRPOT,1646375234768,1646375233470,4,1646375233470,0.102,-0.555,-0.826,0.003,-0.003,-0.020
AIRPOT,1646375234770,1646375233472,4,1646375233472,0.099,-0.560,-0.823,-0.003,0.006,-0.007
AIRPOT,1646375234777,1646375233479,4,1646375233479,0.095,-0.564,-0.820,-0.002,0.002,-0.007
AIRPOT,1646375234777,1646375233479,4,1646375233479,0.092,-0.568,-0.818,0.000,-0.004,0.013
AIRPOT,1646375234840,1646375233542,4,1646375233542,0.089,-0.572,-0.815,-0.009,0.005,0.009
AIRPOT,1646375234840,1646375233542,4,1646375233542,0.086,-0.575,-0.814,-0.010,0.034,0.050
AIRPOT,1646375234954,1646375233656,4,1646375233656,0.086,-0.577,-0.812,-0.002,-0.003,-0.000
AIRPOT,1646375235018,1646375233720,4,1646375233720,0.086,-0.580,-0.810,0.003,0.035,0.050
AIRPOT,1646375235101,1646375233803,4,1646375233803,0.090,-0.584,-0.807,0.004,0.023,-0.005
AIRPOT,1646375235102,1646375233804,4,1646375233804,0.092,-0.585,-0.806,0.001,-0.005,-0.052
AIRPOT,1646375235153,1646375233855,4,1646375233855,0.092,-0.585,-0.806,0.006,-0.017,-0.033
AIRPOT,1646375235154,1646375233856,4,1646375233856,0.091,-0.584,-0.807,-0.003,0.004,-0.005
AIRPOT,1646375235257,1646375233959,4,1646375233959,0.090,-0.584,-0.806,0.000,0.024,0.050
AIRPOT,1646375235257,1646375233959,4,1646375233959,0.091,-0.587,-0.804,-0.005,0.017,0.024
AIRPOT,1646375235313,1646375234015,4,1646375234015,0.093,-0.592,-0.800,0.001,-0.002,0.010
AIRPOT,1646375235319,1646375234021,4,1646375234021,0.095,-0.600,-0.795,-0.004,-0.006,0.005
AIRPOT,1646375235411,1646375234113,4,1646375234113,0.097,-0.607,-0.789,-0.011,0.004,0.001
AIRPOT,1646375235411,1646375234113,4,1646375234113,0.096,-0.612,-0.785,-0.006,0.012,0.029
AIRPOT,1646375235528,1646375234230,4,1646375234230,0.096,-0.615,-0.783,-0.008,-0.006,-0.003
AIRPOT,1646375235714,1646375234416,4,1646375234416,0.095,-0.617,-0.781,-0.008,0.010,0.020
AIRPOT,1646375235924,1646375234626,4,1646375234626,0.093,-0.620,-0.779,-0.003,0.031,0.083
AIRPOT,1646375235925,1646375234627,4,1646375234627,0.093,-0.623,-0.777,-0.008,0.000,0.036
AIRPOT,1646375236089,1646375234791,4,1646375234791,0.091,-0.632,-0.770,-0.012,-0.027,-0.000
AIRPOT,1646375236195,1646375234897,4,1646375234897,0.095,-0.625,-0.775,0.016,0.023,-0.001
AIRPOT,1646375236195,1646375234897,4,1646375234897,0.102,-0.624,-0.775,0.020,-0.004,-0.019
AIRPOT,1646375236205,1646375234907,4,1646375234907,0.104,-0.634,-0.766,0.000,-0.011,-0.002
AIRPOT,1646375236206,1646375234908,4,1646375234908,0.105,-0.636,-0.765,-0.016,-0.013,-0.044
AIRPOT,1646375236300,1646375235002,4,1646375235002,0.101,-0.633,-0.767,-0.010,-0.003,0.001
AIRPOT,1646375236304,1646375235006,4,1646375235006,0.099,-0.632,-0.769,-0.012,0.011,0.016
AIRPOT,1646375236440,1646375235142,4,1646375235142,0.102,-0.631,-0.769,0.003,0.019,0.033
AIRPOT,1646375236441,1646375235143,4,1646375235143,0.106,-0.632,-0.767,0.009,0.016,0.038
AIRPOT,1646375236447,1646375235149,4,1646375235149,0.110,-0.634,-0.765,0.012,-0.009,-0.004
AIRPOT,1646375236447,1646375235149,4,1646375235149,0.111,-0.636,-0.763,0.016,-0.014,0.015
AIRPOT,1646375236562,1646375235264,4,1646375235264,0.110,-0.639,-0.761,0.007,-0.014,0.015
AIRPOT,1646375236563,1646375235265,4,1646375235265,0.109,-0.640,-0.761,0.004,0.005,0.012
AIRPOT,1646375236612,1646375235314,4,1646375235314,0.108,-0.640,-0.761,0.004,-0.037,-0.050
AIRPOT,1646375236613,1646375235315,4,1646375235315,0.105,-0.639,-0.762,-0.000,-0.017,-0.003
AIRPOT,1646375236625,1646375235327,4,1646375235327,0.102,-0.638,-0.763,-0.008,0.004,-0.007
AIRPOT,1646375236675,1646375235377,4,1646375235377,0.100,-0.636,-0.765,-0.003,0.011,0.011
AIRPOT,1646375236773,1646375235475,4,1646375235475,0.100,-0.635,-0.766,0.001,-0.004,-0.001
AIRPOT,1646375236773,1646375235475,4,1646375235475,0.099,-0.635,-0.766,-0.006,0.011,0.012
AIRPOT,1646375236778,1646375235480,4,1646375235480,0.096,-0.634,-0.767,-0.005,0.015,0.040
AIRPOT,1646375236779,1646375235481,4,1646375235481,0.093,-0.635,-0.767,-0.005,0.026,0.085
AIRPOT,1646375236829,1646375235531,4,1646375235531,0.093,-0.638,-0.765,-0.009,0.008,0.049
AIRPOT,1646375236831,1646375235533,4,1646375235533,0.092,-0.641,-0.762,-0.011,-0.001,0.034
AIRPOT,1646375236892,1646375235594,4,1646375235594,0.092,-0.644,-0.760,-0.014,-0.006,0.007
AIRPOT,1646375236893,1646375235595,4,1646375235595,0.092,-0.645,-0.759,-0.013,-0.029,-0.033
AIRPOT,1646375237081,1646375235783,4,1646375235783,0.092,-0.644,-0.759,-0.005,-0.003,-0.034
AIRPOT,1646375237082,1646375235784,4,1646375235784,0.093,-0.643,-0.761,-0.005,-0.003,-0.034
AIRPOT,1646375237093,1646375235795,4,1646375235795,0.092,-0.640,-0.763,-0.001,0.014,-0.001
AIRPOT,1646375237094,1646375235796,4,1646375235796,0.092,-0.637,-0.765,-0.002,0.014,0.007
AIRPOT,1646375237212,1646375235914,4,1646375235914,0.094,-0.638,-0.764,-0.002,0.020,0.037
AIRPOT,1646375237215,1646375235917,4,1646375235917,0.098,-0.640,-0.762,0.002,0.006,0.020
AIRPOT,1646375237227,1646375235929,4,1646375235929,0.101,-0.643,-0.760,0.006,-0.014,-0.014
AIRPOT,1646375237228,1646375235930,4,1646375235930,0.104,-0.643,-0.759,0.007,-0.017,-0.029
AIRPOT,1646375237292,1646375235994,4,1646375235994,0.106,-0.641,-0.760,0.007,-0.004,-0.016
AIRPOT,1646375237386,1646375236088,4,1646375236088,0.106,-0.639,-0.762,0.012,0.006,-0.007
AIRPOT,1646375237451,1646375236153,4,1646375236153,0.106,-0.638,-0.762,0.011,-0.002,-0.006
AIRPOT,1646375237453,1646375236155,4,1646375236155,0.105,-0.640,-0.762,-0.001,0.006,0.006
AIRPOT,1646375237513,1646375236215,4,1646375236215,0.102,-0.642,-0.760,-0.009,-0.012,-0.006
AIRPOT,1646375237514,1646375236216,4,1646375236216,0.099,-0.645,-0.758,-0.004,-0.015,-0.005
AIRPOT,1646375237519,1646375236221,4,1646375236221,0.097,-0.646,-0.757,-0.006,0.000,-0.026
AIRPOT,1646375237660,1646375236362,4,1646375236362,0.096,-0.645,-0.758,-0.012,0.001,-0.023
AIRPOT,1646375237660,1646375236362,4,1646375236362,0.094,-0.644,-0.760,0.005,-0.011,-0.002
AIRPOT,1646375237667,1646375236369,4,1646375236369,0.093,-0.643,-0.760,0.000,0.019,0.026
AIRPOT,1646375237669,1646375236371,4,1646375236371,0.094,-0.644,-0.759,-0.005,-0.010,-0.015
AIRPOT,1646375237720,1646375236422,4,1646375236422,0.092,-0.646,-0.757,0.006,0.025,0.058
AIRPOT,1646375237774,1646375236476,4,1646375236476,0.091,-0.649,-0.756,-0.005,0.008,0.057
AIRPOT,1646375237830,1646375236532,4,1646375236532,0.091,-0.651,-0.754,-0.013,-0.033,-0.024
AIRPOT,1646375237830,1646375236532,4,1646375236532,0.090,-0.652,-0.753,-0.002,-0.001,0.025
AIRPOT,1646375237887,1646375236589,4,1646375236589,0.092,-0.652,-0.753,-0.009,-0.005,-0.028
AIRPOT,1646375237888,1646375236590,4,1646375236590,0.092,-0.650,-0.754,0.003,0.008,0.008
AIRPOT,1646375237948,1646375236650,4,1646375236650,0.094,-0.649,-0.755,0.004,-0.005,-0.004
AIRPOT,1646375238000,1646375236702,4,1646375236702,0.094,-0.648,-0.756,0.004,-0.004,-0.009
AIRPOT,1646375238051,1646375236753,4,1646375236753,0.092,-0.648,-0.756,0.002,-0.005,0.001
AIRPOT,1646375238052,1646375236754,4,1646375236754,0.091,-0.648,-0.756,-0.003,-0.002,-0.004
AIRPOT,1646375238129,1646375236831,4,1646375236831,0.090,-0.647,-0.757,-0.003,0.003,-0.001
AIRPOT,1646375238130,1646375236832,4,1646375236832,0.088,-0.646,-0.758,-0.001,0.003,0.015
AIRPOT,1646375238187,1646375236889,4,1646375236889,0.087,-0.646,-0.758,-0.002,0.027,0.048
AIRPOT,1646375238238,1646375236940,4,1646375236940,0.086,-0.647,-0.757,-0.004,0.026,0.060
AIRPOT,1646375238347,1646375237049,4,1646375237049,0.087,-0.649,-0.756,-0.001,0.007,0.047
AIRPOT,1646375238348,1646375237050,4,1646375237050,0.087,-0.652,-0.753,-0.003,0.006,0.035
AIRPOT,1646375238413,1646375237115,4,1646375237115,0.088,-0.655,-0.751,-0.009,-0.016,-0.012
AIRPOT,1646375238534,1646375237236,4,1646375237236,0.088,-0.655,-0.750,-0.010,-0.034,-0.050
AIRPOT,1646375238598,1646375237300,4,1646375237300,0.087,-0.655,-0.751,-0.010,-0.015,-0.030
AIRPOT,1646375238598,1646375237300,4,1646375237300,0.086,-0.653,-0.753,-0.013,0.004,-0.023
AIRPOT,1646375238654,1646375237356,4,1646375237356,0.084,-0.651,-0.755,-0.003,0.043,0.053
AIRPOT,1646375238654,1646375237356,4,1646375237356,0.086,-0.651,-0.755,0.000,-0.004,0.008
AIRPOT,1646375238721,1646375237423,4,1646375237423,0.088,-0.653,-0.752,0.003,-0.017,0.001
AIRPOT,1646375238722,1646375237424,4,1646375237424,0.090,-0.655,-0.750,-0.003,0.016,0.012
AIRPOT,1646375238771,1646375237473,4,1646375237473,0.092,-0.654,-0.751,-0.004,-0.003,-0.029
AIRPOT,1646375238771,1646375237473,4,1646375237473,0.094,-0.652,-0.752,0.008,-0.026,-0.029
AIRPOT,1646375238821,1646375237523,4,1646375237523,0.095,-0.652,-0.753,0.004,-0.000,-0.012
AIRPOT,1646375238834,1646375237536,4,1646375237536,0.095,-0.651,-0.753,-0.002,0.002,-0.010
AIRPOT,1646375238958,1646375237660,4,1646375237660,0.093,-0.650,-0.754,0.009,0.010,0.039
AIRPOT,1646375238959,1646375237661,4,1646375237661,0.094,-0.650,-0.754,-0.004,-0.011,-0.023
AIRPOT,1646375239000,1646375237702,4,1646375237702,0.094,-0.651,-0.753,0.003,0.015,0.033
AIRPOT,1646375239002,1646375237704,4,1646375237704,0.096,-0.651,-0.753,-0.002,-0.015,-0.044
AIRPOT,1646375239066,1646375237768,4,1646375237768,0.096,-0.650,-0.754,0.006,-0.026,-0.017
AIRPOT,1646375239066,1646375237768,4,1646375237768,0.096,-0.650,-0.754,-0.008,-0.009,-0.045
AIRPOT,1646375239207,1646375237909,4,1646375237909,0.093,-0.648,-0.756,-0.006,-0.006,-0.025
AIRPOT,1646375239207,1646375237909,4,1646375237909,0.091,-0.647,-0.757,0.008,-0.009,0.008
AIRPOT,1646375239217,1646375237919,4,1646375237919,0.089,-0.647,-0.757,-0.004,0.054,0.074
AIRPOT,1646375239218,1646375237920,4,1646375237920,0.091,-0.647,-0.757,-0.010,0.019,0.029
AIRPOT,1646375239268,1646375237970,4,1646375237970,0.091,-0.649,-0.756,0.003,0.007,0.045
AIRPOT,1646375239269,1646375237971,4,1646375237971,0.092,-0.652,-0.753,0.012,-0.006,0.046
AIRPOT,1646375239328,1646375238030,4,1646375238030,0.095,-0.655,-0.750,-0.001,-0.034,-0.062
AIRPOT,1646375239417,1646375238119,4,1646375238119,0.094,-0.656,-0.749,0.009,-0.014,-0.006
AIRPOT,1646375239461,1646375238163,4,1646375238163,0.095,-0.655,-0.749,-0.003,-0.014,-0.041
AIRPOT,1646375239516,1646375238218,4,1646375238218,0.093,-0.654,-0.751,0.002,0.001,0.004
AIRPOT,1646375239623,1646375238325,4,1646375238325,0.092,-0.653,-0.752,-0.002,0.003,0.012
AIRPOT,1646375239670,1646375238372,4,1646375238372,0.090,-0.652,-0.753,-0.003,0.002,-0.003
AIRPOT,1646375239719,1646375238421,4,1646375238421,0.089,-0.651,-0.754,-0.006,0.001,-0.008
AIRPOT,1646375239742,1646375238444,4,1646375238444,0.088,-0.650,-0.755,-0.002,0.016,0.018
AIRPOT,1646375239743,1646375238445,4,1646375238445,0.087,-0.650,-0.755,-0.003,0.009,0.015
AIRPOT,1646375239752,1646375238454,4,1646375238454,0.086,-0.651,-0.754,-0.004,0.016,0.046
AIRPOT,1646375239872,1646375238574,4,1646375238574,0.086,-0.653,-0.752,-0.001,0.012,0.035
AIRPOT,1646375239970,1646375238672,4,1646375238672,0.087,-0.656,-0.750,-0.005,0.001,0.009
AIRPOT,1646375239970,1646375238672,4,1646375238672,0.087,-0.657,-0.749,-0.002,-0.006,0.004
AIRPOT,1646375240086,1646375238788,4,1646375238788,0.085,-0.659,-0.747,-0.005,0.004,0.035
AIRPOT,1646375240136,1646375238838,4,1646375238838,0.082,-0.661,-0.746,-0.007,-0.003,0.030
AIRPOT,1646375240187,1646375238889,4,1646375238889,0.080,-0.664,-0.743,-0.006,0.005,0.042
AIRPOT,1646375240187,1646375238889,4,1646375238889,0.082,-0.666,-0.741,-0.010,-0.005,-0.008
AIRPOT,1646375240388,1646375239090,4,1646375239090,0.085,-0.666,-0.741,-0.002,-0.017,-0.052
AIRPOT,1646375240388,1646375239090,4,1646375239090,0.089,-0.664,-0.742,0.014,-0.024,-0.059
AIRPOT,1646375240498,1646375239200,4,1646375239200,0.093,-0.657,-0.748,0.022,0.006,0.026
AIRPOT,1646375240499,1646375239201,4,1646375239201,0.092,-0.655,-0.750,0.014,0.006,0.010
AIRPOT,1646375240555,1646375239257,4,1646375239257,0.090,-0.655,-0.751,-0.000,-0.001,-0.033
AIRPOT,1646375240556,1646375239258,4,1646375239258,0.086,-0.654,-0.752,-0.011,0.006,-0.016
AIRPOT,1646375240557,1646375239259,4,1646375239259,0.077,-0.649,-0.757,-0.007,-0.019,-0.027
AIRPOT,1646375240558,1646375239260,4,1646375239260,0.076,-0.649,-0.757,-0.017,-0.003,-0.030
AIRPOT,1646375240658,1646375239360,4,1646375239360,0.075,-0.648,-0.758,-0.006,0.015,0.027
AIRPOT,1646375240659,1646375239361,4,1646375239361,0.075,-0.647,-0.759,-0.006,0.002,-0.001
AIRPOT,1646375240844,1646375239546,4,1646375239546,0.076,-0.648,-0.758,-0.003,0.018,0.022
AIRPOT,1646375240846,1646375239548,4,1646375239548,0.078,-0.649,-0.757,-0.001,-0.009,-0.006
AIRPOT,1646375240856,1646375239558,4,1646375239558,0.079,-0.649,-0.757,-0.004,-0.012,-0.011
AIRPOT,1646375240858,1646375239560,4,1646375239560,0.080,-0.650,-0.756,0.006,0.018,0.036
AIRPOT,1646375241007,1646375239709,4,1646375239709,0.083,-0.652,-0.754,-0.001,0.005,0.005
AIRPOT,1646375241010,1646375239712,4,1646375239712,0.085,-0.654,-0.752,0.005,-0.019,0.004
AIRPOT,1646375241107,1646375239809,4,1646375239809,0.085,-0.655,-0.751,0.002,-0.017,-0.015
AIRPOT,1646375241108,1646375239810,4,1646375239810,0.084,-0.654,-0.752,-0.007,-0.015,-0.032
AIRPOT,1646375241123,1646375239825,4,1646375239825,0.081,-0.653,-0.753,-0.007,0.002,0.002
AIRPOT,1646375241124,1646375239826,4,1646375239826,0.079,-0.652,-0.754,-0.011,0.015,0.019
AIRPOT,1646375241217,1646375239919,4,1646375239919,0.079,-0.651,-0.755,-0.009,0.008,0.023
AIRPOT,1646375241225,1646375239927,4,1646375239927,0.081,-0.651,-0.755,-0.004,0.004,-0.002
AIRPOT,1646375241277,1646375239979,4,1646375239979,0.084,-0.651,-0.755,0.008,0.022,0.029
AIRPOT,1646375241280,1646375239982,4,1646375239982,0.086,-0.652,-0.754,0.011,0.022,0.040
AIRPOT,1646375241361,1646375240063,4,1646375240063,0.090,-0.653,-0.752,0.018,0.012,0.037
AIRPOT,1646375241379,1646375240081,4,1646375240081,0.092,-0.656,-0.749,0.017,-0.009,0.013
AIRPOT,1646375241384,1646375240086,4,1646375240086,0.093,-0.659,-0.746,0.012,-0.015,-0.002
AIRPOT,1646375241391,1646375240093,4,1646375240093,0.093,-0.661,-0.744,0.002,-0.017,-0.008
AIRPOT,1646375241434,1646375240136,4,1646375240136,0.090,-0.663,-0.743,-0.005,0.001,0.028
AIRPOT,1646375241439,1646375240141,4,1646375240141,0.088,-0.664,-0.742,-0.010,0.010,0.018
AIRPOT,1646375241441,1646375240143,4,1646375240143,0.088,-0.664,-0.742,0.003,0.002,0.018
AIRPOT,1646375241524,1646375240226,4,1646375240226,0.089,-0.665,-0.742,0.009,-0.019,-0.012
AIRPOT,1646375241711,1646375240413,4,1646375240413,0.092,-0.665,-0.742,0.003,-0.036,-0.062
AIRPOT,1646375241769,1646375240471,4,1646375240471,0.090,-0.662,-0.744,0.002,-0.004,-0.025
AIRPOT,1646375241870,1646375240572,4,1646375240572,0.087,-0.658,-0.748,-0.004,0.007,-0.010
AIRPOT,1646375241871,1646375240573,4,1646375240573,0.082,-0.654,-0.752,-0.002,-0.002,0.003
AIRPOT,1646375241969,1646375240671,4,1646375240671,0.077,-0.652,-0.754,-0.008,0.003,-0.003
AIRPOT,1646375241972,1646375240674,4,1646375240674,0.073,-0.652,-0.755,-0.012,0.015,-0.006
AIRPOT,1646375241998,1646375240700,4,1646375240700,0.070,-0.651,-0.756,-0.008,0.009,-0.001
AIRPOT,1646375242054,1646375240756,4,1646375240756,0.067,-0.651,-0.756,-0.001,-0.002,-0.008
AIRPOT,1646375242172,1646375240874,4,1646375240874,0.063,-0.652,-0.756,-0.009,0.007,-0.014
AIRPOT,1646375242177,1646375240879,4,1646375240879,0.061,-0.651,-0.756,-0.007,0.009,0.015
AIRPOT,1646375242310,1646375241012,4,1646375241012,0.060,-0.651,-0.756,-0.007,-0.015,-0.021
AIRPOT,1646375242312,1646375241014,4,1646375241014,0.058,-0.652,-0.756,-0.008,-0.000,0.016
AIRPOT,1646375242430,1646375241132,4,1646375241132,0.057,-0.652,-0.756,-0.008,-0.013,0.007
AIRPOT,1646375242431,1646375241133,4,1646375241133,0.055,-0.653,-0.755,-0.011,-0.005,0.012
AIRPOT,1646375242494,1646375241196,4,1646375241196,0.053,-0.652,-0.757,-0.007,-0.005,-0.002
AIRPOT,1646375242495,1646375241197,4,1646375241197,0.056,-0.651,-0.757,0.004,0.019,0.031
AIRPOT,1646375242571,1646375241273,4,1646375241273,0.062,-0.645,-0.762,0.009,-0.004,-0.006
AIRPOT,1646375242723,1646375241425,4,1646375241425,0.061,-0.642,-0.765,0.004,0.002,0.003
AIRPOT,1646375242883,1646375241585,4,1646375241585,0.058,-0.638,-0.768,0.002,-0.003,0.002
AIRPOT,1646375242885,1646375241587,4,1646375241587,0.056,-0.638,-0.768,-0.001,0.013,0.016
AIRPOT,1646375242948,1646375241650,4,1646375241650,0.056,-0.638,-0.768,-0.004,0.007,-0.004
AIRPOT,1646375242949,1646375241651,4,1646375241651,0.053,-0.638,-0.769,-0.003,0.007,0.005
AIRPOT,1646375243115,1646375241817,4,1646375241817,0.044,-0.643,-0.765,-0.002,0.003,0.034
AIRPOT,1646375243116,1646375241818,4,1646375241818,0.044,-0.644,-0.764,0.001,-0.012,0.007
AIRPOT,1646375243170,1646375241872,4,1646375241872,0.044,-0.643,-0.765,-0.002,-0.029,-0.062
AIRPOT,1646375243207,1646375241909,4,1646375241909,0.044,-0.640,-0.767,0.001,-0.033,-0.064
AIRPOT,1646375243332,1646375242034,4,1646375242034,0.042,-0.636,-0.770,0.004,-0.007,-0.034
AIRPOT,1646375243332,1646375242034,4,1646375242034,0.039,-0.632,-0.774,-0.003,0.021,0.005
AIRPOT,1646375243433,1646375242135,4,1646375242135,0.033,-0.627,-0.778,-0.006,-0.002,-0.017
AIRPOT,1646375243643,1646375242345,4,1646375242345,0.031,-0.627,-0.778,-0.010,0.002,-0.020
AIRPOT,1646375243654,1646375242356,4,1646375242356,0.028,-0.627,-0.778,-0.013,0.004,0.007
AIRPOT,1646375243656,1646375242358,4,1646375242358,0.026,-0.627,-0.778,-0.017,-0.004,-0.021
AIRPOT,1646375243667,1646375242369,4,1646375242369,0.026,-0.629,-0.777,-0.002,0.004,0.004
AIRPOT,1646375243733,1646375242435,4,1646375242435,0.027,-0.629,-0.777,-0.005,0.004,-0.009
AIRPOT,1646375243758,1646375242460,4,1646375242460,0.031,-0.637,-0.770,0.009,-0.022,-0.008
AIRPOT,1646375243761,1646375242463,4,1646375242463,0.031,-0.638,-0.769,0.003,-0.022,-0.023
AIRPOT,1646375243833,1646375242535,4,1646375242535,0.029,-0.638,-0.770,-0.001,0.006,0.013
AIRPOT,1646375243920,1646375242622,4,1646375242622,0.028,-0.635,-0.772,-0.008,-0.002,-0.027
AIRPOT,1646375243984,1646375242686,4,1646375242686,0.026,-0.634,-0.773,-0.005,0.004,0.004
AIRPOT,1646375243986,1646375242688,4,1646375242688,0.025,-0.633,-0.774,-0.007,0.002,-0.010
AIRPOT,1646375244127,1646375242829,4,1646375242829,0.024,-0.632,-0.775,-0.003,0.017,0.016
AIRPOT,1646375244129,1646375242831,4,1646375242831,0.024,-0.632,-0.775,-0.004,0.022,0.018
AIRPOT,1646375244271,1646375242973,4,1646375242973,0.025,-0.632,-0.775,0.002,-0.002,0.009
AIRPOT,1646375244273,1646375242975,4,1646375242975,0.025,-0.633,-0.774,0.002,-0.004,-0.003
AIRPOT,1646375244436,1646375243138,4,1646375243138,0.024,-0.634,-0.773,-0.000,0.007,0.018
AIRPOT,1646375244437,1646375243139,4,1646375243139,0.023,-0.636,-0.772,-0.004,0.027,0.036
AIRPOT,1646375244441,1646375243143,4,1646375243143,0.022,-0.637,-0.770,-0.006,0.015,0.047
AIRPOT,1646375244443,1646375243145,4,1646375243145,0.022,-0.639,-0.769,-0.009,-0.007,0.011
AIRPOT,1646375244614,1646375243316,4,1646375243316,0.027,-0.642,-0.766,0.004,0.006,-0.002
AIRPOT,1646375244617,1646375243319,4,1646375243319,0.031,-0.642,-0.766,0.008,-0.005,-0.020
AIRPOT,1646375244626,1646375243328,4,1646375243328,0.036,-0.641,-0.767,0.008,-0.018,-0.039
AIRPOT,1646375244628,1646375243330,4,1646375243330,0.038,-0.639,-0.768,0.006,-0.015,-0.020
AIRPOT,1646375244727,1646375243429,4,1646375243429,0.037,-0.637,-0.770,0.001,0.010,0.003
AIRPOT,1646375244920,1646375243622,4,1646375243622,0.036,-0.634,-0.772,-0.005,0.017,0.007
AIRPOT,1646375244939,1646375243641,4,1646375243641,0.039,-0.634,-0.772,-0.012,0.037,-0.017
AIRPOT,1646375244940,1646375243642,4,1646375243642,0.044,-0.634,-0.772,-0.007,0.018,-0.003
AIRPOT,1646375244955,1646375243657,4,1646375243657,0.049,-0.633,-0.772,-0.001,-0.036,-0.020
AIRPOT,1646375245004,1646375243706,4,1646375243706,0.050,-0.634,-0.771,0.005,-0.009,0.022
AIRPOT,1646375245110,1646375243812,4,1646375243812,0.053,-0.640,-0.767,-0.010,0.021,0.010
AIRPOT,1646375245112,1646375243814,4,1646375243814,0.053,-0.641,-0.766,-0.004,-0.003,0.005
AIRPOT,1646375245174,1646375243876,4,1646375243876,0.053,-0.642,-0.764,0.002,0.006,0.037
AIRPOT,1646375245226,1646375243928,4,1646375243928,0.056,-0.645,-0.762,-0.002,0.017,0.028
AIRPOT,1646375245281,1646375243983,4,1646375243983,0.059,-0.647,-0.760,0.003,0.004,-0.004
AIRPOT,1646375245283,1646375243985,4,1646375243985,0.062,-0.649,-0.758,0.013,0.002,0.000
AIRPOT,1646375245339,1646375244041,4,1646375244041,0.065,-0.651,-0.756,0.009,-0.018,-0.024
AIRPOT,1646375245341,1646375244043,4,1646375244043,0.066,-0.653,-0.755,0.010,-0.014,-0.018
AIRPOT,1646375245411,1646375244113,4,1646375244113,0.065,-0.653,-0.755,0.003,-0.007,-0.015
AIRPOT,1646375245415,1646375244117,4,1646375244117,0.064,-0.653,-0.755,0.000,0.000,-0.000
AIRPOT,1646375245512,1646375244214,4,1646375244214,0.062,-0.654,-0.754,-0.003,0.003,0.014
AIRPOT,1646375245515,1646375244217,4,1646375244217,0.061,-0.655,-0.754,-0.003,0.015,0.046
AIRPOT,1646375245554,1646375244256,4,1646375244256,0.061,-0.656,-0.752,0.002,-0.002,0.025
AIRPOT,1646375245578,1646375244280,4,1646375244280,0.061,-0.657,-0.751,-0.001,-0.011,-0.006
AIRPOT,1646375245632,1646375244334,4,1646375244334,0.061,-0.658,-0.750,-0.001,-0.003,-0.010
AIRPOT,1646375245634,1646375244336,4,1646375244336,0.060,-0.658,-0.750,0.000,-0.006,0.002
AIRPOT,1646375245641,1646375244343,4,1646375244343,0.058,-0.659,-0.750,-0.005,0.017,0.029
AIRPOT,1646375245643,1646375244345,4,1646375244345,0.057,-0.661,-0.749,0.001,0.049,0.083
AIRPOT,1646375245885,1646375244587,4,1646375244587,0.059,-0.663,-0.746,-0.006,0.010,0.028
AIRPOT,1646375245885,1646375244587,4,1646375244587,0.059,-0.666,-0.743,0.000,-0.012,0.013
AIRPOT,1646375245942,1646375244644,4,1646375244644,0.061,-0.669,-0.741,-0.006,-0.026,-0.042
AIRPOT,1646375245943,1646375244645,4,1646375244645,0.060,-0.670,-0.740,-0.010,-0.016,-0.031
AIRPOT,1646375245950,1646375244652,4,1646375244652,0.062,-0.669,-0.741,0.003,-0.010,-0.005
AIRPOT,1646375245952,1646375244654,4,1646375244654,0.063,-0.670,-0.740,0.010,0.004,0.014
AIRPOT,1646375246010,1646375244712,4,1646375244712,0.067,-0.670,-0.739,0.010,-0.021,-0.025
AIRPOT,1646375246011,1646375244713,4,1646375244713,0.068,-0.669,-0.740,0.008,-0.012,-0.030
AIRPOT,1646375246025,1646375244727,4,1646375244727,0.067,-0.667,-0.742,0.007,0.013,-0.000
AIRPOT,1646375246025,1646375244727,4,1646375244727,0.065,-0.664,-0.745,0.003,0.002,0.004
AIRPOT,1646375246097,1646375244799,4,1646375244799,0.063,-0.663,-0.746,0.000,0.007,0.009
AIRPOT,1646375246159,1646375244861,4,1646375244861,0.062,-0.662,-0.747,-0.006,0.007,-0.016
AIRPOT,1646375246209,1646375244911,4,1646375244911,0.060,-0.662,-0.747,-0.005,0.003,-0.001
AIRPOT,1646375246210,1646375244912,4,1646375244912,0.059,-0.662,-0.747,-0.002,0.012,0.010
AIRPOT,1646375246220,1646375244922,4,1646375244922,0.061,-0.663,-0.746,-0.011,-0.011,-0.027
AIRPOT,1646375246327,1646375245029,4,1646375245029,0.062,-0.663,-0.746,-0.001,-0.010,-0.026
AIRPOT,1646375246454,1646375245156,4,1646375245156,0.061,-0.662,-0.747,-0.002,-0.006,-0.025
AIRPOT,1646375246454,1646375245156,4,1646375245156,0.059,-0.661,-0.748,0.003,-0.005,0.007
AIRPOT,1646375246513,1646375245215,4,1646375245215,0.058,-0.662,-0.747,-0.008,0.002,0.017
AIRPOT,1646375246514,1646375245216,4,1646375245216,0.057,-0.663,-0.746,-0.005,0.013,0.030
AIRPOT,1646375246677,1646375245379,4,1646375245379,0.058,-0.665,-0.745,-0.006,0.009,0.021
AIRPOT,1646375246678,1646375245380,4,1646375245380,0.059,-0.666,-0.744,0.001,0.025,0.056
AIRPOT,1646375246728,1646375245430,4,1646375245430,0.063,-0.666,-0.743,0.008,-0.012,-0.016
AIRPOT,1646375246778,1646375245480,4,1646375245480,0.065,-0.667,-0.743,0.010,-0.013,-0.004
AIRPOT,1646375246789,1646375245491,4,1646375245491,0.067,-0.666,-0.743,0.012,-0.014,-0.026
AIRPOT,1646375246789,1646375245491,4,1646375245491,0.066,-0.665,-0.744,0.007,-0.013,-0.019
AIRPOT,1646375246996,1646375245698,4,1646375245698,0.064,-0.664,-0.745,0.001,-0.005,-0.015
AIRPOT,1646375246996,1646375245698,4,1646375245698,0.062,-0.664,-0.745,-0.001,0.007,0.022
AIRPOT,1646375247020,1646375245722,4,1646375245722,0.059,-0.664,-0.746,-0.005,0.026,0.026
AIRPOT,1646375247182,1646375245884,4,1646375245884,0.059,-0.664,-0.746,-0.001,0.013,0.021
AIRPOT,1646375247282,1646375245984,4,1646375245984,0.058,-0.664,-0.745,0.000,0.000,0.015
AIRPOT,1646375247283,1646375245985,4,1646375245985,0.057,-0.666,-0.744,-0.010,-0.006,0.005
AIRPOT,1646375247298,1646375246000,4,1646375246000,0.053,-0.670,-0.740,-0.011,0.008,0.021
AIRPOT,1646375247298,1646375246000,4,1646375246000,0.052,-0.672,-0.739,-0.009,0.017,0.036
AIRPOT,1646375247348,1646375246050,4,1646375246050,0.054,-0.671,-0.739,-0.007,-0.002,-0.008
AIRPOT,1646375247389,1646375246091,4,1646375246091,0.056,-0.669,-0.741,0.006,0.022,0.033
AIRPOT,1646375247438,1646375246140,4,1646375246140,0.060,-0.668,-0.741,0.010,-0.005,-0.008
AIRPOT,1646375247439,1646375246141,4,1646375246141,0.064,-0.668,-0.742,0.012,-0.013,-0.015
AIRPOT,1646375247451,1646375246153,4,1646375246153,0.066,-0.666,-0.743,0.004,-0.017,-0.041
AIRPOT,1646375247452,1646375246154,4,1646375246154,0.064,-0.663,-0.746,0.001,0.004,-0.014
AIRPOT,1646375247541,1646375246243,4,1646375246243,0.062,-0.659,-0.750,-0.003,0.022,0.013
AIRPOT,1646375247587,1646375246289,4,1646375246289,0.061,-0.657,-0.752,-0.005,0.003,-0.004
AIRPOT,1646375247646,1646375246348,4,1646375246348,0.059,-0.655,-0.753,-0.002,0.007,0.012
AIRPOT,1646375247646,1646375246348,4,1646375246348,0.058,-0.655,-0.754,-0.011,0.004,-0.013
AIRPOT,1646375247766,1646375246468,4,1646375246468,0.057,-0.654,-0.755,-0.009,0.003,-0.010
AIRPOT,1646375247766,1646375246468,4,1646375246468,0.058,-0.653,-0.755,-0.006,0.005,-0.003
AIRPOT,1646375247816,1646375246518,4,1646375246518,0.060,-0.653,-0.755,-0.005,-0.018,-0.048
AIRPOT,1646375247817,1646375246519,4,1646375246519,0.059,-0.653,-0.755,-0.005,-0.007,-0.023
AIRPOT,1646375248020,1646375246722,4,1646375246722,0.058,-0.652,-0.756,-0.004,0.011,-0.002
AIRPOT,1646375248127,1646375246829,4,1646375246829,0.057,-0.653,-0.756,-0.004,0.010,0.032
AIRPOT,1646375248219,1646375246921,4,1646375246921,0.058,-0.654,-0.755,-0.003,0.006,0.004
AIRPOT,1646375248220,1646375246922,4,1646375246922,0.060,-0.654,-0.754,-0.002,0.018,0.024
AIRPOT,1646375248234,1646375246936,4,1646375246936,0.062,-0.654,-0.754,0.011,0.027,0.050
AIRPOT,1646375248435,1646375247137,4,1646375247137,0.066,-0.655,-0.753,0.015,-0.010,0.016
AIRPOT,1646375248541,1646375247243,4,1646375247243,0.069,-0.657,-0.751,0.003,-0.021,-0.016
AIRPOT,1646375248541,1646375247243,4,1646375247243,0.065,-0.656,-0.752,0.001,-0.003,0.013
AIRPOT,1646375248608,1646375247310,4,1646375247310,0.062,-0.655,-0.753,-0.009,0.008,0.010
AIRPOT,1646375248610,1646375247312,4,1646375247312,0.058,-0.653,-0.755,-0.011,0.011,0.015
AIRPOT,1646375248651,1646375247353,4,1646375247353,0.057,-0.647,-0.760,-0.006,0.013,-0.002
AIRPOT,1646375248722,1646375247424,4,1646375247424,0.057,-0.647,-0.760,0.003,0.024,0.040
AIRPOT,1646375248728,1646375247430,4,1646375247430,0.057,-0.649,-0.758,-0.002,0.020,0.046
AIRPOT,1646375248729,1646375247431,4,1646375247431,0.058,-0.653,-0.756,0.001,0.029,0.061
AIRPOT,1646375248778,1646375247480,4,1646375247480,0.061,-0.655,-0.753,-0.007,-0.007,-0.003
AIRPOT,1646375248779,1646375247481,4,1646375247481,0.063,-0.655,-0.753,-0.011,-0.025,-0.042
AIRPOT,1646375248788,1646375247490,4,1646375247490,0.065,-0.651,-0.756,-0.000,-0.010,-0.007
AIRPOT,1646375248789,1646375247491,4,1646375247491,0.067,-0.647,-0.760,0.008,0.013,0.026
AIRPOT,1646375248835,1646375247537,4,1646375247537,0.071,-0.643,-0.763,0.009,0.002,-0.018
AIRPOT,1646375248837,1646375247539,4,1646375247539,0.073,-0.639,-0.766,0.016,-0.019,-0.006
AIRPOT,1646375248892,1646375247594,4,1646375247594,0.075,-0.637,-0.767,0.012,-0.014,-0.009
AIRPOT,1646375248946,1646375247648,4,1646375247648,0.075,-0.636,-0.768,0.001,-0.007,-0.015
AIRPOT,1646375249020,1646375247722,4,1646375247722,0.074,-0.633,-0.770,-0.003,0.016,-0.016
AIRPOT,1646375249021,1646375247723,4,1646375247723,0.072,-0.629,-0.774,-0.008,0.015,-0.013
AIRPOT,1646375249078,1646375247780,4,1646375247780,0.071,-0.624,-0.778,-0.005,0.016,-0.001
AIRPOT,1646375249080,1646375247782,4,1646375247782,0.072,-0.620,-0.782,-0.007,0.000,-0.026
AIRPOT,1646375249137,1646375247839,4,1646375247839,0.071,-0.616,-0.785,-0.007,-0.002,-0.007
AIRPOT,1646375249237,1646375247939,4,1646375247939,0.070,-0.611,-0.788,0.000,-0.005,-0.009
AIRPOT,1646375249237,1646375247939,4,1646375247939,0.070,-0.606,-0.792,-0.009,-0.029,-0.049
AIRPOT,1646375249245,1646375247947,4,1646375247947,0.067,-0.600,-0.798,-0.009,-0.026,-0.020
AIRPOT,1646375249319,1646375248021,4,1646375248021,0.063,-0.591,-0.804,-0.003,0.018,0.071
AIRPOT,1646375249411,1646375248113,4,1646375248113,0.063,-0.583,-0.810,0.006,-0.004,0.029
AIRPOT,1646375249412,1646375248114,4,1646375248114,0.063,-0.574,-0.817,0.010,-0.009,0.016
AIRPOT,1646375249425,1646375248127,4,1646375248127,0.064,-0.564,-0.823,0.009,0.010,0.013
AIRPOT,1646375249476,1646375248178,4,1646375248178,0.062,-0.553,-0.831,0.002,0.004,0.008
AIRPOT,1646375249572,1646375248274,4,1646375248274,0.060,-0.541,-0.839,0.022,-0.005,0.013
AIRPOT,1646375249573,1646375248275,4,1646375248275,0.058,-0.529,-0.846,0.007,0.006,-0.006
AIRPOT,1646375249797,1646375248499,4,1646375248499,0.056,-0.518,-0.854,0.004,0.025,0.019
AIRPOT,1646375249798,1646375248500,4,1646375248500,0.051,-0.505,-0.862,0.002,0.003,-0.002
AIRPOT,1646375249807,1646375248509,4,1646375248509,0.045,-0.493,-0.869,0.005,-0.001,0.016
AIRPOT,1646375249808,1646375248510,4,1646375248510,0.039,-0.483,-0.875,0.000,-0.001,0.023
AIRPOT,1646375249858,1646375248560,4,1646375248560,0.033,-0.472,-0.881,-0.007,-0.003,0.003
AIRPOT,1646375249859,1646375248561,4,1646375248561,0.026,-0.461,-0.887,-0.003,-0.007,-0.009
AIRPOT,1646375249873,1646375248575,4,1646375248575,0.020,-0.451,-0.892,-0.007,0.002,-0.024
AIRPOT,1646375249874,1646375248576,4,1646375248576,0.013,-0.441,-0.898,-0.018,0.008,-0.032
AIRPOT,1646375249982,1646375248684,4,1646375248684,0.006,-0.430,-0.903,-0.019,0.020,0.008
AIRPOT,1646375249983,1646375248685,4,1646375248685,0.001,-0.421,-0.907,-0.009,0.014,0.027
AIRPOT,1646375250097,1646375248799,4,1646375248799,-0.003,-0.414,-0.910,-0.004,0.016,0.007
AIRPOT,1646375250099,1646375248801,4,1646375248801,-0.005,-0.409,-0.913,-0.005,0.006,-0.007
AIRPOT,1646375250165,1646375248867,4,1646375248867,-0.008,-0.403,-0.915,-0.007,0.017,-0.010
AIRPOT,1646375250223,1646375248925,4,1646375248925,-0.011,-0.397,-0.918,-0.006,0.026,-0.008
AIRPOT,1646375250231,1646375248933,4,1646375248933,-0.014,-0.393,-0.920,-0.007,0.024,-0.004
AIRPOT,1646375250232,1646375248934,4,1646375248934,-0.016,-0.391,-0.920,-0.009,0.012,0.002
AIRPOT,1646375250280,1646375248982,4,1646375248982,-0.017,-0.390,-0.920,-0.011,0.014,0.001
AIRPOT,1646375250280,1646375248982,4,1646375248982,-0.016,-0.390,-0.921,-0.010,0.019,-0.000
AIRPOT,1646375250292,1646375248994,4,1646375248994,-0.016,-0.390,-0.921,-0.004,0.012,0.003
AIRPOT,1646375250343,1646375249045,4,1646375249045,-0.015,-0.389,-0.921,-0.004,0.008,-0.013
AIRPOT,1646375250441,1646375249143,4,1646375249143,-0.015,-0.390,-0.921,-0.003,0.014,-0.004
AIRPOT,1646375250446,1646375249148,4,1646375249148,-0.015,-0.391,-0.920,-0.007,0.015,0.003
AIRPOT,1646375250518,1646375249220,4,1646375249220,-0.015,-0.392,-0.920,-0.006,-0.005,-0.007
AIRPOT,1646375250519,1646375249221,4,1646375249221,-0.015,-0.393,-0.920,-0.004,0.007,-0.012
AIRPOT,1646375250530,1646375249232,4,1646375249232,-0.015,-0.394,-0.919,-0.008,0.006,-0.012
AIRPOT,1646375250566,1646375249268,4,1646375249268,-0.016,-0.395,-0.918,-0.007,0.019,-0.015
AIRPOT,1646375250617,1646375249319,4,1646375249319,-0.017,-0.395,-0.919,-0.003,0.010,0.006
AIRPOT,1646375250691,1646375249393,4,1646375249393,-0.017,-0.395,-0.919,-0.003,0.010,-0.001
AIRPOT,1646375250691,1646375249393,4,1646375249393,-0.017,-0.396,-0.918,-0.003,0.012,0.008
AIRPOT,1646375250747,1646375249449,4,1646375249449,-0.016,-0.397,-0.918,-0.002,0.006,0.002
AIRPOT,1646375250817,1646375249519,4,1646375249519,-0.016,-0.398,-0.917,-0.001,0.008,-0.007
AIRPOT,1646375250999,1646375249701,4,1646375249701,-0.016,-0.400,-0.917,-0.004,0.008,-0.009
AIRPOT,1646375251062,1646375249764,4,1646375249764,-0.016,-0.400,-0.916,-0.003,0.010,0.005
AIRPOT,1646375251063,1646375249765,4,1646375249765,-0.015,-0.402,-0.916,0.001,0.007,0.010
AIRPOT,1646375251171,1646375249873,4,1646375249873,-0.014,-0.404,-0.915,0.001,-0.003,-0.008
AIRPOT,1646375251172,1646375249874,4,1646375249874,-0.014,-0.406,-0.914,0.000,0.001,-0.011
AIRPOT,1646375251196,1646375249898,4,1646375249898,-0.014,-0.408,-0.913,-0.004,0.009,-0.007
AIRPOT,1646375251247,1646375249949,4,1646375249949,-0.016,-0.410,-0.912,-0.001,0.006,0.006
AIRPOT,1646375251262,1646375249964,4,1646375249964,-0.017,-0.413,-0.911,0.000,0.008,0.016
AIRPOT,1646375251262,1646375249964,4,1646375249964,-0.017,-0.414,-0.910,-0.007,0.005,0.001
AIRPOT,1646375251312,1646375250014,4,1646375250014,-0.018,-0.414,-0.910,-0.008,-0.000,-0.008
AIRPOT,1646375251312,1646375250014,4,1646375250014,-0.019,-0.414,-0.910,-0.001,-0.001,0.009
AIRPOT,1646375251315,1646375250017,4,1646375250017,-0.019,-0.414,-0.910,-0.003,0.006,0.006
AIRPOT,1646375251316,1646375250018,4,1646375250018,-0.019,-0.416,-0.909,-0.004,0.010,-0.001
AIRPOT,1646375251368,1646375250070,4,1646375250070,-0.019,-0.417,-0.909,-0.001,0.002,-0.003
AIRPOT,1646375251369,1646375250071,4,1646375250071,-0.019,-0.418,-0.908,-0.002,0.006,-0.001
AIRPOT,1646375251428,1646375250130,4,1646375250130,-0.019,-0.419,-0.908,-0.004,0.003,0.006
AIRPOT,1646375251481,1646375250183,4,1646375250183,-0.018,-0.420,-0.907,-0.003,0.004,0.007
AIRPOT,1646375251532,1646375250234,4,1646375250234,-0.017,-0.420,-0.907,-0.004,0.008,-0.001
AIRPOT,1646375251679,1646375250381,4,1646375250381,-0.016,-0.421,-0.907,-0.001,0.003,-0.001
AIRPOT,1646375251749,1646375250451,4,1646375250451,-0.016,-0.422,-0.906,-0.001,0.003,0.001
AIRPOT,1646375251749,1646375250451,4,1646375250451,-0.016,-0.424,-0.906,0.000,-0.006,0.007
AIRPOT,1646375251757,1646375250459,4,1646375250459,-0.015,-0.424,-0.905,-0.003,-0.001,0.002
AIRPOT,1646375251762,1646375250464,4,1646375250464,-0.015,-0.425,-0.905,-0.003,0.006,-0.001
AIRPOT,1646375251812,1646375250514,4,1646375250514,-0.015,-0.424,-0.906,-0.001,-0.000,0.000
AIRPOT,1646375251813,1646375250515,4,1646375250515,-0.015,-0.424,-0.905,0.001,-0.000,0.007
AIRPOT,1646375251878,1646375250580,4,1646375250580,-0.014,-0.424,-0.905,-0.002,0.001,-0.001
AIRPOT,1646375251880,1646375250582,4,1646375250582,-0.015,-0.424,-0.905,-0.000,0.002,0.002
AIRPOT,1646375252059,1646375250761,4,1646375250761,-0.015,-0.424,-0.906,-0.001,0.004,0.003
AIRPOT,1646375252066,1646375250768,4,1646375250768,-0.015,-0.423,-0.906,-0.003,0.005,-0.001
AIRPOT,1646375252121,1646375250823,4,1646375250823,-0.015,-0.423,-0.906,-0.002,0.002,0.005
AIRPOT,1646375252132,1646375250834,4,1646375250834,-0.015,-0.423,-0.906,-0.002,0.002,0.005
AIRPOT,1646375252137,1646375250839,4,1646375250839,-0.014,-0.423,-0.906,-0.002,0.005,-0.001
AIRPOT,1646375252137,1646375250839,4,1646375250839,-0.013,-0.422,-0.906,-0.000,0.004,-0.004
AIRPOT,1646375252185,1646375250887,4,1646375250887,-0.014,-0.423,-0.906,-0.002,-0.004,0.005
AIRPOT,1646375252185,1646375250887,4,1646375250887,-0.014,-0.424,-0.906,-0.001,0.006,0.006
AIRPOT,1646375252317,1646375251019,4,1646375251019,-0.013,-0.424,-0.906,-0.004,0.007,-0.002
AIRPOT,1646375252320,1646375251022,4,1646375251022,-0.014,-0.423,-0.906,-0.001,0.002,0.002
AIRPOT,1646375252360,1646375251062,4,1646375251062,-0.014,-0.423,-0.906,-0.001,-0.005,0.008
AIRPOT,1646375252363,1646375251065,4,1646375251065,-0.015,-0.422,-0.906,-0.001,-0.003,0.005
AIRPOT,1646375252407,1646375251109,4,1646375251109,-0.015,-0.422,-0.906,-0.001,0.002,-0.003
AIRPOT,1646375252466,1646375251168,4,1646375251168,-0.015,-0.422,-0.907,-0.001,0.000,0.001
AIRPOT,1646375252553,1646375251255,4,1646375251255,-0.016,-0.421,-0.907,-0.001,0.002,0.001
AIRPOT,1646375252567,1646375251269,4,1646375251269,-0.016,-0.421,-0.907,-0.001,0.003,0.000
AIRPOT,1646375252627,1646375251329,4,1646375251329,-0.016,-0.421,-0.907,-0.001,0.005,0.001
AIRPOT,1646375252631,1646375251333,4,1646375251333,-0.016,-0.421,-0.907,-0.003,0.008,-0.003
AIRPOT,1646375252671,1646375251373,4,1646375251373,-0.016,-0.421,-0.907,-0.004,0.004,-0.004
AIRPOT,1646375252683,1646375251385,4,1646375251385,-0.016,-0.422,-0.906,-0.001,-0.006,0.005
AIRPOT,1646375252787,1646375251489,4,1646375251489,-0.016,-0.424,-0.906,-0.001,0.010,0.000
AIRPOT,1646375252788,1646375251490,4,1646375251490,-0.015,-0.424,-0.905,-0.005,0.011,0.002
AIRPOT,1646375252803,1646375251505,4,1646375251505,-0.015,-0.425,-0.905,-0.002,0.005,0.001
AIRPOT,1646375252852,1646375251554,4,1646375251554,-0.015,-0.427,-0.904,0.001,-0.004,0.004
AIRPOT,1646375252987,1646375251689,4,1646375251689,-0.015,-0.429,-0.903,-0.001,-0.005,0.002
AIRPOT,1646375253037,1646375251739,4,1646375251739,-0.014,-0.431,-0.902,-0.001,0.003,0.002
AIRPOT,1646375253092,1646375251794,4,1646375251794,-0.015,-0.432,-0.902,-0.002,-0.004,0.005
AIRPOT,1646375253093,1646375251795,4,1646375251795,-0.014,-0.432,-0.902,0.002,-0.004,0.010
AIRPOT,1646375253154,1646375251856,4,1646375251856,-0.013,-0.433,-0.901,-0.001,-0.000,0.000
AIRPOT,1646375253154,1646375251856,4,1646375251856,-0.013,-0.434,-0.901,0.003,0.002,0.001
AIRPOT,1646375253325,1646375252027,4,1646375252027,-0.012,-0.434,-0.901,0.002,0.001,-0.000
AIRPOT,1646375253326,1646375252028,4,1646375252028,-0.013,-0.434,-0.901,0.003,-0.005,0.004
AIRPOT,1646375253391,1646375252093,4,1646375252093,-0.013,-0.435,-0.900,0.003,-0.007,0.009
AIRPOT,1646375253391,1646375252093,4,1646375252093,-0.013,-0.435,-0.900,-0.001,0.005,-0.003
AIRPOT,1646375253453,1646375252155,4,1646375252155,-0.013,-0.434,-0.901,-0.002,0.007,0.005
AIRPOT,1646375253479,1646375252181,4,1646375252181,-0.014,-0.434,-0.901,-0.000,0.003,0.004
AIRPOT,1646375253634,1646375252336,4,1646375252336,-0.013,-0.434,-0.901,-0.002,-0.006,0.003
AIRPOT,1646375253634,1646375252336,4,1646375252336,-0.013,-0.434,-0.901,-0.003,-0.002,0.002
AIRPOT,1646375253675,1646375252377,4,1646375252377,-0.014,-0.434,-0.901,-0.002,-0.001,0.005
AIRPOT,1646375253675,1646375252377,4,1646375252377,-0.015,-0.433,-0.901,-0.003,0.004,0.007
AIRPOT,1646375253725,1646375252427,4,1646375252427,-0.013,-0.432,-0.902,0.001,0.000,0.004
AIRPOT,1646375253771,1646375252473,4,1646375252473,-0.013,-0.431,-0.902,-0.001,0.002,-0.001
AIRPOT,1646375253872,1646375252574,4,1646375252574,-0.013,-0.431,-0.902,-0.001,0.002,0.001
AIRPOT,1646375253872,1646375252574,4,1646375252574,-0.013,-0.431,-0.902,0.001,0.002,0.003
AIRPOT,1646375253920,1646375252622,4,1646375252622,-0.013,-0.431,-0.902,-0.000,0.003,0.004
AIRPOT,1646375253922,1646375252624,4,1646375252624,-0.012,-0.430,-0.903,-0.005,0.003,0.003
AIRPOT,1646375253923,1646375252625,4,1646375252625,-0.012,-0.430,-0.903,-0.003,0.009,0.001
AIRPOT,1646375253923,1646375252625,4,1646375252625,-0.012,-0.430,-0.903,-0.002,-0.003,0.003
AIRPOT,1646375253927,1646375252629,4,1646375252629,-0.012,-0.430,-0.903,-0.000,0.004,0.006
AIRPOT,1646375253953,1646375252655,4,1646375252655,-0.011,-0.430,-0.903,-0.004,-0.001,-0.000
AIRPOT,1646375254072,1646375252774,4,1646375252774,-0.011,-0.430,-0.903,0.001,0.001,0.006
AIRPOT,1646375254073,1646375252775,4,1646375252775,-0.010,-0.430,-0.903,-0.001,0.001,-0.001
AIRPOT,1646375254132,1646375252834,4,1646375252834,-0.010,-0.430,-0.903,0.000,-0.004,0.004
AIRPOT,1646375254133,1646375252835,4,1646375252835,-0.010,-0.430,-0.903,0.000,-0.001,0.004
AIRPOT,1646375254239,1646375252941,4,1646375252941,-0.010,-0.429,-0.903,-0.001,0.007,0.003
AIRPOT,1646375254239,1646375252941,4,1646375252941,-0.009,-0.429,-0.903,-0.001,0.005,-0.001
AIRPOT,1646375254244,1646375252946,4,1646375252946,-0.008,-0.429,-0.903,0.002,0.001,0.002
AIRPOT,1646375254309,1646375253011,4,1646375253011,-0.008,-0.430,-0.903,-0.000,-0.007,0.009
AIRPOT,1646375254426,1646375253128,4,1646375253128,-0.008,-0.429,-0.903,-0.001,0.001,0.000
AIRPOT,1646375254428,1646375253130,4,1646375253130,-0.007,-0.429,-0.903,-0.003,0.008,-0.001
AIRPOT,1646375254538,1646375253240,4,1646375253240,-0.008,-0.428,-0.904,0.002,-0.002,0.004
AIRPOT,1646375254539,1646375253241,4,1646375253241,-0.008,-0.428,-0.904,-0.000,-0.007,0.004
AIRPOT,1646375254632,1646375253334,4,1646375253334,-0.008,-0.428,-0.904,-0.001,-0.002,0.002
AIRPOT,1646375254633,1646375253335,4,1646375253335,-0.008,-0.428,-0.904,-0.002,0.005,0.005
AIRPOT,1646375254641,1646375253343,4,1646375253343,-0.007,-0.427,-0.904,-0.003,0.002,0.000
AIRPOT,1646375254731,1646375253433,4,1646375253433,-0.007,-0.426,-0.905,-0.000,-0.001,0.002
AIRPOT,1646375254778,1646375253480,4,1646375253480,-0.007,-0.425,-0.905,0.000,-0.003,0.003
AIRPOT,1646375254779,1646375253481,4,1646375253481,-0.007,-0.424,-0.905,-0.001,0.005,0.002
AIRPOT,1646375254846,1646375253548,4,1646375253548,-0.006,-0.423,-0.906,-0.002,0.004,-0.002
AIRPOT,1646375254847,1646375253549,4,1646375253549,-0.006,-0.422,-0.907,-0.001,-0.001,0.001
AIRPOT,1646375254896,1646375253598,4,1646375253598,-0.007,-0.421,-0.907,-0.000,-0.005,-0.000
AIRPOT,1646375254897,1646375253599,4,1646375253599,-0.007,-0.421,-0.907,0.000,0.007,0.007
AIRPOT,1646375254909,1646375253611,4,1646375253611,-0.006,-0.420,-0.908,-0.002,0.005,-0.001
AIRPOT,1646375254909,1646375253611,4,1646375253611,-0.006,-0.419,-0.908,0.000,0.005,-0.001
AIRPOT,1646375254957,1646375253659,4,1646375253659,-0.007,-0.418,-0.909,0.003,-0.008,0.003
AIRPOT,1646375255023,1646375253725,4,1646375253725,-0.008,-0.417,-0.909,0.002,-0.001,0.010
AIRPOT,1646375255036,1646375253738,4,1646375253738,-0.009,-0.417,-0.909,-0.001,-0.000,0.000
AIRPOT,1646375255140,1646375253842,4,1646375253842,-0.009,-0.416,-0.909,-0.001,0.006,0.003
AIRPOT,1646375255207,1646375253909,4,1646375253909,-0.010,-0.414,-0.910,-0.000,0.003,0.003
AIRPOT,1646375255209,1646375253911,4,1646375253911,-0.011,-0.412,-0.911,0.000,0.002,0.006
AIRPOT,1646375255259,1646375253961,4,1646375253961,-0.011,-0.410,-0.912,-0.001,-0.001,0.001
AIRPOT,1646375255259,1646375253961,4,1646375253961,-0.012,-0.409,-0.913,-0.000,0.002,0.002
AIRPOT,1646375255318,1646375254020,4,1646375254020,-0.013,-0.407,-0.913,-0.002,0.004,-0.005
AIRPOT,1646375255319,1646375254021,4,1646375254021,-0.014,-0.406,-0.914,-0.002,0.002,-0.001
AIRPOT,1646375255377,1646375254079,4,1646375254079,-0.015,-0.405,-0.914,-0.004,-0.005,0.004
AIRPOT,1646375255479,1646375254181,4,1646375254181,-0.016,-0.404,-0.914,-0.001,0.010,0.005
AIRPOT,1646375255479,1646375254181,4,1646375254181,-0.015,-0.403,-0.915,-0.006,0.013,-0.005
AIRPOT,1646375255494,1646375254196,4,1646375254196,-0.015,-0.403,-0.915,-0.002,0.013,-0.005
AIRPOT,1646375255540,1646375254242,4,1646375254242,-0.015,-0.403,-0.915,-0.001,-0.008,0.003
AIRPOT,1646375255617,1646375254319,4,1646375254319,-0.015,-0.404,-0.915,-0.001,0.001,0.004
AIRPOT,1646375255618,1646375254320,4,1646375254320,-0.015,-0.405,-0.914,-0.003,0.001,-0.002
AIRPOT,1646375255678,1646375254380,4,1646375254380,-0.015,-0.406,-0.914,-0.003,0.007,0.002
AIRPOT,1646375255688,1646375254390,4,1646375254390,-0.015,-0.408,-0.913,-0.000,0.004,0.005
AIRPOT,1646375255738,1646375254440,4,1646375254440,-0.014,-0.410,-0.912,-0.000,0.001,0.000
AIRPOT,1646375255850,1646375254552,4,1646375254552,-0.013,-0.412,-0.911,0.000,-0.001,0.001
AIRPOT,1646375255850,1646375254552,4,1646375254552,-0.013,-0.413,-0.910,-0.000,0.001,0.001
AIRPOT,1646375255956,1646375254658,4,1646375254658,-0.013,-0.415,-0.910,0.002,-0.004,0.005
AIRPOT,1646375255956,1646375254658,4,1646375254658,-0.014,-0.416,-0.909,0.002,-0.006,0.001
AIRPOT,1646375255983,1646375254685,4,1646375254685,-0.014,-0.418,-0.908,0.001,-0.012,0.004
AIRPOT,1646375255983,1646375254685,4,1646375254685,-0.014,-0.421,-0.907,0.000,0.006,-0.000
AIRPOT,1646375256093,1646375254795,4,1646375254795,-0.015,-0.421,-0.907,-0.003,0.006,0.010
AIRPOT,1646375256093,1646375254795,4,1646375254795,-0.015,-0.421,-0.907,-0.001,-0.003,0.005
AIRPOT,1646375256152,1646375254854,4,1646375254854,-0.015,-0.420,-0.907,-0.002,-0.002,0.002
AIRPOT,1646375256152,1646375254854,4,1646375254854,-0.015,-0.421,-0.907,-0.006,-0.005,0.001
AIRPOT,1646375256220,1646375254922,4,1646375254922,-0.015,-0.421,-0.907,-0.004,0.001,0.002
AIRPOT,1646375256266,1646375254968,4,1646375254968,-0.015,-0.420,-0.907,-0.005,0.005,0.001
AIRPOT,1646375256354,1646375255056,4,1646375255056,-0.015,-0.420,-0.908,-0.004,0.010,0.002
AIRPOT,1646375256463,1646375255165,4,1646375255165,-0.014,-0.420,-0.908,-0.004,0.001,-0.000
AIRPOT,1646375256522,1646375255224,4,1646375255224,-0.013,-0.421,-0.907,-0.001,-0.003,0.005
AIRPOT,1646375256522,1646375255224,4,1646375255224,-0.012,-0.421,-0.907,-0.000,-0.000,0.006
AIRPOT,1646375256531,1646375255233,4,1646375255233,-0.010,-0.422,-0.907,0.001,-0.001,0.002
AIRPOT,1646375256532,1646375255234,4,1646375255234,-0.009,-0.423,-0.906,0.002,-0.002,0.002
AIRPOT,1646375256580,1646375255282,4,1646375255282,-0.009,-0.423,-0.906,0.002,-0.015,0.010
AIRPOT,1646375256580,1646375255282,4,1646375255282,-0.008,-0.423,-0.906,-0.001,-0.001,-0.002
AIRPOT,1646375256591,1646375255293,4,1646375255293,-0.007,-0.422,-0.907,-0.004,0.003,0.006
