DeviceName,PTPTime,UnixTime,protocool,CurrentDeviceTime,DistanceMM,DistanceCM,Weight,Count,DistanceADC,WeightADC,DeviceName(Current)
DEVICE,1645594859701,1645594842994,4,1645594842994,815,81,0,0,36837,0,DKU006#
DEVICE,1645594859733,1645594843026,4,1645594843026,805,80,0,0,36837,0,DKU006#
DEVICE,1645594859765,1645594843058,4,1645594843058,815,81,0,0,36837,0,DKU006#
DEVICE,1645594859797,1645594843090,4,1645594843090,813,81,0,0,36837,0,DKU006#
DEVICE,1645594859829,1645594843122,4,1645594843122,826,82,0,0,36837,0,DKU006#
DEVICE,1645594859861,1645594843154,4,1645594843154,800,80,0,0,36837,0,DKU006#
DEVICE,1645594859893,1645594843186,4,1645594843186,811,81,0,0,36837,0,DKU006#
DEVICE,1645594859925,1645594843218,4,1645594843218,793,79,0,0,36837,0,DKU006#
DEVICE,1645594859957,1645594843250,4,1645594843250,818,81,0,0,36837,0,DKU006#
DEVICE,1645594859990,1645594843283,4,1645594843283,814,81,0,0,36837,0,DKU006#
DEVICE,1645594860023,1645594843316,4,1645594843316,813,81,0,0,36837,0,DKU006#
DEVICE,1645594860053,1645594843346,4,1645594843346,807,80,0,0,36837,0,DKU006#
DEVICE,1645594860085,1645594843378,4,1645594843378,816,81,0,0,36837,0,DKU006#
DEVICE,1645594860117,1645594843410,4,1645594843410,814,81,0,0,36837,0,DKU006#
DEVICE,1645594860149,1645594843442,4,1645594843442,812,81,0,0,36837,0,DKU006#
DEVICE,1645594860181,1645594843474,4,1645594843474,815,81,0,0,36837,0,DKU006#
DEVICE,1645594860213,1645594843506,4,1645594843506,805,80,0,0,36837,0,DKU006#
DEVICE,1645594860245,1645594843538,4,1645594843538,806,80,0,0,36837,0,DKU006#
DEVICE,1645594860277,1645594843570,4,1645594843570,801,80,0,0,36837,0,DKU006#
DEVICE,1645594860309,1645594843602,4,1645594843602,822,82,0,0,36837,0,DKU006#
DEVICE,1645594860341,1645594843634,4,1645594843634,814,81,0,0,36837,0,DKU006#
DEVICE,1645594860373,1645594843666,4,1645594843666,825,82,0,0,36837,0,DKU006#
DEVICE,1645594860405,1645594843698,4,1645594843698,792,79,0,0,36837,0,DKU006#
DEVICE,1645594860437,1645594843730,4,1645594843730,804,80,0,0,36837,0,DKU006#
DEVICE,1645594860469,1645594843762,4,1645594843762,813,81,0,0,36837,0,DKU006#
DEVICE,1645594860501,1645594843794,4,1645594843794,819,81,0,0,36837,0,DKU006#
DEVICE,1645594860532,1645594843825,4,1645594843825,822,82,0,0,36837,0,DKU006#
DEVICE,1645594860564,1645594843857,4,1645594843857,821,82,0,0,36837,0,DKU006#
DEVICE,1645594860596,1645594843889,4,1645594843889,793,79,0,0,36837,0,DKU006#
DEVICE,1645594860628,1645594843921,4,1645594843921,797,79,0,0,36837,0,DKU006#
DEVICE,1645594860661,1645594843954,4,1645594843954,813,81,0,0,36837,0,DKU006#
DEVICE,1645594860692,1645594843985,4,1645594843985,807,80,0,0,36837,0,DKU006#
DEVICE,1645594860725,1645594844018,4,1645594844018,809,80,0,0,36837,0,DKU006#
DEVICE,1645594860757,1645594844050,4,1645594844050,822,82,0,0,36837,0,DKU006#
DEVICE,1645594860789,1645594844082,4,1645594844082,807,80,0,0,36837,0,DKU006#
DEVICE,1645594860821,1645594844114,4,1645594844114,809,80,0,0,36837,0,DKU006#
DEVICE,1645594860853,1645594844146,4,1645594844146,792,79,0,0,36837,0,DKU006#
DEVICE,1645594860900,1645594844193,4,1645594844193,808,80,0,0,36856,0,DKU006#
DEVICE,1645594860917,1645594844210,4,1645594844210,806,80,0,0,36856,0,DKU006#
DEVICE,1645594860950,1645594844243,4,1645594844243,805,80,0,0,36856,0,DKU006#
DEVICE,1645594860980,1645594844273,4,1645594844273,815,81,0,0,36856,0,DKU006#
DEVICE,1645594861013,1645594844306,4,1645594844306,824,82,0,0,36856,0,DKU006#
DEVICE,1645594861045,1645594844338,4,1645594844338,814,81,0,0,36856,0,DKU006#
DEVICE,1645594861076,1645594844369,4,1645594844369,816,81,0,0,36856,0,DKU006#
DEVICE,1645594861108,1645594844401,4,1645594844401,803,80,0,0,36856,0,DKU006#
DEVICE,1645594861140,1645594844433,4,1645594844433,799,79,0,0,36856,0,DKU006#
DEVICE,1645594861173,1645594844466,4,1645594844466,812,81,0,0,36856,0,DKU006#
DEVICE,1645594861205,1645594844498,4,1645594844498,814,81,0,0,36856,0,DKU006#
DEVICE,1645594861237,1645594844530,4,1645594844530,807,80,0,0,36856,0,DKU006#
DEVICE,1645594861269,1645594844562,4,1645594844562,814,81,0,0,36856,0,DKU006#
DEVICE,1645594861300,1645594844593,4,1645594844593,813,81,0,0,36856,0,DKU006#
DEVICE,1645594861333,1645594844626,4,1645594844626,806,80,0,0,36856,0,DKU006#
DEVICE,1645594861364,1645594844657,4,1645594844657,812,81,0,0,36856,0,DKU006#
DEVICE,1645594861396,1645594844689,4,1645594844689,808,80,0,0,36856,0,DKU006#
DEVICE,1645594861428,1645594844721,4,1645594844721,794,79,0,0,36856,0,DKU006#
DEVICE,1645594861460,1645594844753,4,1645594844753,809,80,0,0,36856,0,DKU006#
DEVICE,1645594861492,1645594844785,4,1645594844785,812,81,0,0,36856,0,DKU006#
DEVICE,1645594861524,1645594844817,4,1645594844817,796,79,0,0,36856,0,DKU006#
DEVICE,1645594861556,1645594844849,4,1645594844849,800,80,0,0,36856,0,DKU006#
DEVICE,1645594861589,1645594844882,4,1645594844882,798,79,0,0,36856,0,DKU006#
DEVICE,1645594861620,1645594844913,4,1645594844913,807,80,0,0,36856,0,DKU006#
DEVICE,1645594861653,1645594844946,4,1645594844946,811,81,0,0,36856,0,DKU006#
DEVICE,1645594861684,1645594844977,4,1645594844977,813,81,0,0,36856,0,DKU006#
DEVICE,1645594861717,1645594845010,4,1645594845010,806,80,0,0,36856,0,DKU006#
DEVICE,1645594861748,1645594845041,4,1645594845041,815,81,0,0,36856,0,DKU006#
DEVICE,1645594861780,1645594845073,4,1645594845073,816,81,0,0,36856,0,DKU006#
DEVICE,1645594861812,1645594845105,4,1645594845105,827,82,0,0,36856,0,DKU006#
DEVICE,1645594861853,1645594845146,4,1645594845146,809,80,0,0,36856,0,DKU006#
DEVICE,1645594861876,1645594845169,4,1645594845169,806,80,0,0,36850,0,DKU006#
DEVICE,1645594861908,1645594845201,4,1645594845201,810,81,0,0,36850,0,DKU006#
DEVICE,1645594861940,1645594845233,4,1645594845233,812,81,0,0,36850,0,DKU006#
DEVICE,1645594861972,1645594845265,4,1645594845265,810,81,0,0,36850,0,DKU006#
DEVICE,1645594862004,1645594845297,4,1645594845297,813,81,0,0,36850,0,DKU006#
DEVICE,1645594862036,1645594845329,4,1645594845329,809,80,0,0,36850,0,DKU006#
DEVICE,1645594862068,1645594845361,4,1645594845361,798,79,0,0,36850,0,DKU006#
DEVICE,1645594862100,1645594845393,4,1645594845393,794,79,0,0,36850,0,DKU006#
DEVICE,1645594862132,1645594845425,4,1645594845425,811,81,0,0,36850,0,DKU006#
DEVICE,1645594862164,1645594845457,4,1645594845457,802,80,0,0,36850,0,DKU006#
DEVICE,1645594862196,1645594845489,4,1645594845489,805,80,0,0,36850,0,DKU006#
DEVICE,1645594862228,1645594845521,4,1645594845521,809,80,0,0,36850,0,DKU006#
DEVICE,1645594862260,1645594845553,4,1645594845553,813,81,0,0,36850,0,DKU006#
DEVICE,1645594862292,1645594845585,4,1645594845585,816,81,0,0,36850,0,DKU006#
DEVICE,1645594862323,1645594845616,4,1645594845616,816,81,0,0,36850,0,DKU006#
DEVICE,1645594862356,1645594845649,4,1645594845649,803,80,0,0,36850,0,DKU006#
DEVICE,1645594862388,1645594845681,4,1645594845681,798,79,0,0,36850,0,DKU006#
DEVICE,1645594862420,1645594845713,4,1645594845713,816,81,0,0,36850,0,DKU006#
DEVICE,1645594862452,1645594845745,4,1645594845745,801,80,0,0,36850,0,DKU006#
DEVICE,1645594862484,1645594845777,4,1645594845777,809,80,0,0,36850,0,DKU006#
DEVICE,1645594862517,1645594845810,4,1645594845810,805,80,0,0,36850,0,DKU006#
DEVICE,1645594862548,1645594845841,4,1645594845841,798,79,0,0,36850,0,DKU006#
DEVICE,1645594862579,1645594845872,4,1645594845872,802,80,0,0,36850,0,DKU006#
DEVICE,1645594862611,1645594845904,4,1645594845904,779,77,0,0,36850,0,DKU006#
DEVICE,1645594862644,1645594845937,4,1645594845937,809,80,0,0,36850,0,DKU006#
DEVICE,1645594862675,1645594845968,4,1645594845968,792,79,0,0,36850,0,DKU006#
DEVICE,1645594862707,1645594846000,4,1645594846000,822,82,0,0,36850,0,DKU006#
DEVICE,1645594862740,1645594846033,4,1645594846033,788,78,0,0,36850,0,DKU006#
DEVICE,1645594862771,1645594846064,4,1645594846064,803,80,0,0,36850,0,DKU006#
DEVICE,1645594862804,1645594846097,4,1645594846097,797,79,0,0,36850,0,DKU006#
DEVICE,1645594862836,1645594846129,4,1645594846129,793,79,0,0,36850,0,DKU006#
DEVICE,1645594862868,1645594846161,4,1645594846161,796,79,0,0,36812,0,DKU006#
DEVICE,1645594862900,1645594846193,4,1645594846193,821,82,0,0,36812,0,DKU006#
DEVICE,1645594862932,1645594846225,4,1645594846225,816,81,0,0,36812,0,DKU006#
DEVICE,1645594862963,1645594846256,4,1645594846256,805,80,0,0,36812,0,DKU006#
DEVICE,1645594862995,1645594846288,4,1645594846288,803,80,0,0,36812,0,DKU006#
DEVICE,1645594863027,1645594846320,4,1645594846320,822,82,0,0,36812,0,DKU006#
DEVICE,1645594863059,1645594846352,4,1645594846352,816,81,0,0,36812,0,DKU006#
DEVICE,1645594863091,1645594846384,4,1645594846384,800,80,0,0,36812,0,DKU006#
DEVICE,1645594863123,1645594846416,4,1645594846416,820,82,0,0,36812,0,DKU006#
DEVICE,1645594863155,1645594846448,4,1645594846448,817,81,0,0,36812,0,DKU006#
DEVICE,1645594863187,1645594846480,4,1645594846480,813,81,0,0,36812,0,DKU006#
DEVICE,1645594863220,1645594846513,4,1645594846513,792,79,0,0,36812,0,DKU006#
DEVICE,1645594863252,1645594846545,4,1645594846545,802,80,0,0,36812,0,DKU006#
DEVICE,1645594863283,1645594846576,4,1645594846576,807,80,0,0,36812,0,DKU006#
DEVICE,1645594863315,1645594846608,4,1645594846608,811,81,0,0,36812,0,DKU006#
DEVICE,1645594863346,1645594846639,4,1645594846639,806,80,0,0,36812,0,DKU006#
DEVICE,1645594863379,1645594846672,4,1645594846672,807,80,0,0,36812,0,DKU006#
DEVICE,1645594863410,1645594846703,4,1645594846703,805,80,0,0,36812,0,DKU006#
DEVICE,1645594863443,1645594846736,4,1645594846736,809,80,0,0,36812,0,DKU006#
DEVICE,1645594863474,1645594846767,4,1645594846767,817,81,0,0,36812,0,DKU006#
DEVICE,1645594863506,1645594846799,4,1645594846799,810,81,0,0,36812,0,DKU006#
DEVICE,1645594863539,1645594846832,4,1645594846832,809,80,0,0,36812,0,DKU006#
DEVICE,1645594863571,1645594846864,4,1645594846864,803,80,0,0,36812,0,DKU006#
DEVICE,1645594863603,1645594846896,4,1645594846896,809,80,0,0,36812,0,DKU006#
DEVICE,1645594863619,1645594846912,4,1645594846912,811,81,0,0,36812,0,DKU006#
DEVICE,1645594863667,1645594846960,4,1645594846960,814,81,0,0,36812,0,DKU006#
DEVICE,1645594863698,1645594846991,4,1645594846991,811,81,0,0,36812,0,DKU006#
DEVICE,1645594863716,1645594847009,4,1645594847009,799,79,0,0,36812,0,DKU006#
DEVICE,1645594863747,1645594847040,4,1645594847040,786,78,0,0,36812,0,DKU006#
DEVICE,1645594863779,1645594847072,4,1645594847072,809,80,0,0,36812,0,DKU006#
DEVICE,1645594863810,1645594847103,4,1645594847103,804,80,0,0,36812,0,DKU006#
DEVICE,1645594863843,1645594847136,4,1645594847136,807,80,0,0,36812,0,DKU006#
DEVICE,1645594863891,1645594847184,4,1645594847184,791,79,0,0,36850,0,DKU006#
DEVICE,1645594863907,1645594847200,4,1645594847200,801,80,0,0,36850,0,DKU006#
DEVICE,1645594863939,1645594847232,4,1645594847232,791,79,0,0,36850,0,DKU006#
DEVICE,1645594863971,1645594847264,4,1645594847264,811,81,0,0,36850,0,DKU006#
DEVICE,1645594864003,1645594847296,4,1645594847296,801,80,0,0,36850,0,DKU006#
DEVICE,1645594864036,1645594847329,4,1645594847329,798,79,0,0,36850,0,DKU006#
DEVICE,1645594864067,1645594847360,4,1645594847360,806,80,0,0,36850,0,DKU006#
DEVICE,1645594864099,1645594847392,4,1645594847392,786,78,0,0,36850,0,DKU006#
DEVICE,1645594864131,1645594847424,4,1645594847424,820,82,0,0,36850,0,DKU006#
DEVICE,1645594864162,1645594847455,4,1645594847455,805,80,0,0,36850,0,DKU006#
DEVICE,1645594864195,1645594847488,4,1645594847488,800,80,0,0,36850,0,DKU006#
DEVICE,1645594864227,1645594847520,4,1645594847520,796,79,0,0,36850,0,DKU006#
DEVICE,1645594864258,1645594847551,4,1645594847551,820,82,0,0,36850,0,DKU006#
DEVICE,1645594864291,1645594847584,4,1645594847584,806,80,0,0,36850,0,DKU006#
DEVICE,1645594864323,1645594847616,4,1645594847616,790,79,0,0,36850,0,DKU006#
DEVICE,1645594864355,1645594847648,4,1645594847648,796,79,0,0,36850,0,DKU006#
DEVICE,1645594864387,1645594847680,4,1645594847680,794,79,0,0,36850,0,DKU006#
DEVICE,1645594864419,1645594847712,4,1645594847712,792,79,0,0,36850,0,DKU006#
DEVICE,1645594864451,1645594847744,4,1645594847744,815,81,0,0,36850,0,DKU006#
DEVICE,1645594864483,1645594847776,4,1645594847776,783,78,0,0,36850,0,DKU006#
DEVICE,1645594864514,1645594847807,4,1645594847807,807,80,0,0,36850,0,DKU006#
DEVICE,1645594864547,1645594847840,4,1645594847840,809,80,0,0,36850,0,DKU006#
DEVICE,1645594864578,1645594847871,4,1645594847871,807,80,0,0,36850,0,DKU006#
DEVICE,1645594864610,1645594847903,4,1645594847903,819,81,0,0,36850,0,DKU006#
DEVICE,1645594864642,1645594847935,4,1645594847935,796,79,0,0,36850,0,DKU006#
DEVICE,1645594864675,1645594847968,4,1645594847968,789,78,0,0,36850,0,DKU006#
DEVICE,1645594864706,1645594847999,4,1645594847999,809,80,0,0,36850,0,DKU006#
DEVICE,1645594864739,1645594848032,4,1645594848032,821,82,0,0,36850,0,DKU006#
DEVICE,1645594864771,1645594848064,4,1645594848064,801,80,0,0,36850,0,DKU006#
DEVICE,1645594864803,1645594848096,4,1645594848096,802,80,0,0,36850,0,DKU006#
DEVICE,1645594864834,1645594848127,4,1645594848127,788,78,0,0,36850,0,DKU006#
DEVICE,1645594864867,1645594848160,4,1645594848160,813,81,0,0,36850,0,DKU006#
DEVICE,1645594864899,1645594848192,4,1645594848192,805,80,0,0,36850,0,DKU006#
DEVICE,1645594864930,1645594848223,4,1645594848223,785,78,0,0,36850,0,DKU006#
DEVICE,1645594864962,1645594848255,4,1645594848255,809,80,0,0,36850,0,DKU006#
DEVICE,1645594864995,1645594848288,4,1645594848288,811,81,0,0,36850,0,DKU006#
DEVICE,1645594865026,1645594848319,4,1645594848319,806,80,0,0,36850,0,DKU006#
DEVICE,1645594865058,1645594848351,4,1645594848351,792,79,0,0,36850,0,DKU006#
DEVICE,1645594865091,1645594848384,4,1645594848384,817,81,0,0,36850,0,DKU006#
DEVICE,1645594865123,1645594848416,4,1645594848416,797,79,0,0,36850,0,DKU006#
DEVICE,1645594865155,1645594848448,4,1645594848448,803,80,0,0,36850,0,DKU006#
DEVICE,1645594865187,1645594848480,4,1645594848480,794,79,0,0,36850,0,DKU006#
DEVICE,1645594865218,1645594848511,4,1645594848511,801,80,0,0,36850,0,DKU006#
DEVICE,1645594865251,1645594848544,4,1645594848544,801,80,0,0,36850,0,DKU006#
DEVICE,1645594865283,1645594848576,4,1645594848576,803,80,0,0,36850,0,DKU006#
DEVICE,1645594865314,1645594848607,4,1645594848607,780,78,0,0,36850,0,DKU006#
DEVICE,1645594865346,1645594848639,4,1645594848639,812,81,0,0,36850,0,DKU006#
DEVICE,1645594865378,1645594848671,4,1645594848671,803,80,0,0,36850,0,DKU006#
DEVICE,1645594865410,1645594848703,4,1645594848703,793,79,0,0,36850,0,DKU006#
DEVICE,1645594865443,1645594848736,4,1645594848736,807,80,0,0,36850,0,DKU006#
DEVICE,1645594865490,1645594848783,4,1645594848783,787,78,0,0,36650,0,DKU006#
DEVICE,1645594865507,1645594848800,4,1645594848800,812,81,0,0,36650,0,DKU006#
DEVICE,1645594865539,1645594848832,4,1645594848832,797,79,0,0,36650,0,DKU006#
DEVICE,1645594865570,1645594848863,4,1645594848863,784,78,0,0,36650,0,DKU006#
DEVICE,1645594865602,1645594848895,4,1645594848895,794,79,0,0,36650,0,DKU006#
DEVICE,1645594865634,1645594848927,4,1645594848927,811,81,0,0,36650,0,DKU006#
DEVICE,1645594865667,1645594848960,4,1645594848960,795,79,0,0,36650,0,DKU006#
DEVICE,1645594865698,1645594848991,4,1645594848991,815,81,0,0,36650,0,DKU006#
DEVICE,1645594865730,1645594849023,4,1645594849023,788,78,0,0,36650,0,DKU006#
DEVICE,1645594865762,1645594849055,4,1645594849055,789,78,0,0,36650,0,DKU006#
DEVICE,1645594865794,1645594849087,4,1645594849087,796,79,0,0,36650,0,DKU006#
DEVICE,1645594865826,1645594849119,4,1645594849119,803,80,0,0,36650,0,DKU006#
DEVICE,1645594865858,1645594849151,4,1645594849151,788,78,0,0,36650,0,DKU006#
DEVICE,1645594865890,1645594849183,4,1645594849183,796,79,0,0,36650,0,DKU006#
DEVICE,1645594865923,1645594849216,4,1645594849216,808,80,0,0,36650,0,DKU006#
DEVICE,1645594865954,1645594849247,4,1645594849247,789,78,0,0,36650,0,DKU006#
DEVICE,1645594865987,1645594849280,4,1645594849280,787,78,0,0,36650,0,DKU006#
DEVICE,1645594866018,1645594849311,4,1645594849311,823,82,0,0,36650,0,DKU006#
DEVICE,1645594866050,1645594849343,4,1645594849343,805,80,0,0,36650,0,DKU006#
DEVICE,1645594866082,1645594849375,4,1645594849375,806,80,0,0,36650,0,DKU006#
DEVICE,1645594866114,1645594849407,4,1645594849407,795,79,0,0,36650,0,DKU006#
DEVICE,1645594866146,1645594849439,4,1645594849439,791,79,0,0,36650,0,DKU006#
DEVICE,1645594866178,1645594849471,4,1645594849471,789,78,0,0,36650,0,DKU006#
DEVICE,1645594866210,1645594849503,4,1645594849503,800,80,0,0,36650,0,DKU006#
DEVICE,1645594866242,1645594849535,4,1645594849535,805,80,0,0,36650,0,DKU006#
DEVICE,1645594866273,1645594849566,4,1645594849566,801,80,0,0,36650,0,DKU006#
DEVICE,1645594866305,1645594849598,4,1645594849598,804,80,0,0,36650,0,DKU006#
DEVICE,1645594866338,1645594849631,4,1645594849631,785,78,0,0,36650,0,DKU006#
DEVICE,1645594866370,1645594849663,4,1645594849663,813,81,0,0,36650,0,DKU006#
DEVICE,1645594866402,1645594849695,4,1645594849695,790,79,0,0,36650,0,DKU006#
DEVICE,1645594866435,1645594849728,4,1645594849728,780,78,0,0,36650,0,DKU006#
DEVICE,1645594866482,1645594849775,4,1645594849775,802,80,0,0,36787,0,DKU006#
DEVICE,1645594866499,1645594849792,4,1645594849792,811,81,0,0,36787,0,DKU006#
DEVICE,1645594866530,1645594849823,4,1645594849823,813,81,0,0,36787,0,DKU006#
DEVICE,1645594866561,1645594849854,4,1645594849854,794,79,0,0,36787,0,DKU006#
DEVICE,1645594866593,1645594849886,4,1645594849886,793,79,0,0,36787,0,DKU006#
DEVICE,1645594866626,1645594849919,4,1645594849919,805,80,0,0,36787,0,DKU006#
DEVICE,1645594866658,1645594849951,4,1645594849951,797,79,0,0,36787,0,DKU006#
DEVICE,1645594866690,1645594849983,4,1645594849983,801,80,0,0,36787,0,DKU006#
DEVICE,1645594866722,1645594850015,4,1645594850015,802,80,0,0,36787,0,DKU006#
DEVICE,1645594866754,1645594850047,4,1645594850047,791,79,0,0,36787,0,DKU006#
DEVICE,1645594866786,1645594850079,4,1645594850079,793,79,0,0,36787,0,DKU006#
DEVICE,1645594866817,1645594850110,4,1645594850110,793,79,0,0,36787,0,DKU006#
DEVICE,1645594866850,1645594850143,4,1645594850143,804,80,0,0,36787,0,DKU006#
DEVICE,1645594866882,1645594850175,4,1645594850175,812,81,0,0,36787,0,DKU006#
DEVICE,1645594866913,1645594850206,4,1645594850206,806,80,0,0,36787,0,DKU006#
DEVICE,1645594866945,1645594850238,4,1645594850238,802,80,0,0,36787,0,DKU006#
DEVICE,1645594866978,1645594850271,4,1645594850271,794,79,0,0,36787,0,DKU006#
DEVICE,1645594867009,1645594850302,4,1645594850302,806,80,0,0,36787,0,DKU006#
DEVICE,1645594867041,1645594850334,4,1645594850334,826,82,0,0,36787,0,DKU006#
DEVICE,1645594867073,1645594850366,4,1645594850366,821,82,0,0,36787,0,DKU006#
DEVICE,1645594867106,1645594850399,4,1645594850399,795,79,0,0,36787,0,DKU006#
DEVICE,1645594867138,1645594850431,4,1645594850431,810,81,0,0,36787,0,DKU006#
DEVICE,1645594867170,1645594850463,4,1645594850463,803,80,0,0,36787,0,DKU006#
DEVICE,1645594867202,1645594850495,4,1645594850495,794,79,0,0,36787,0,DKU006#
DEVICE,1645594867234,1645594850527,4,1645594850527,803,80,0,0,36787,0,DKU006#
DEVICE,1645594867265,1645594850558,4,1645594850558,796,79,0,0,36787,0,DKU006#
DEVICE,1645594867297,1645594850590,4,1645594850590,775,77,0,0,36787,0,DKU006#
DEVICE,1645594867329,1645594850622,4,1645594850622,765,76,0,0,36787,0,DKU006#
DEVICE,1645594867361,1645594850654,4,1645594850654,758,75,0,0,36787,0,DKU006#
DEVICE,1645594867393,1645594850686,4,1645594850686,755,75,0,0,36787,0,DKU006#
DEVICE,1645594867425,1645594850718,4,1645594850718,740,74,0,0,36787,0,DKU006#
DEVICE,1645594867457,1645594850750,4,1645594850750,738,73,5,0,36787,0,DKU006#
DEVICE,1645594867489,1645594850782,4,1645594850782,707,70,5,0,36787,0,DKU006#
DEVICE,1645594867521,1645594850814,4,1645594850814,704,70,5,0,36787,0,DKU006#
DEVICE,1645594867554,1645594850847,4,1645594850847,679,67,5,0,36787,0,DKU006#
DEVICE,1645594867586,1645594850879,4,1645594850879,680,68,5,0,36787,0,DKU006#
DEVICE,1645594867617,1645594850910,4,1645594850910,665,66,5,0,36787,0,DKU006#
DEVICE,1645594867650,1645594850943,4,1645594850943,651,65,5,0,36787,0,DKU006#
DEVICE,1645594867681,1645594850974,4,1645594850974,651,65,5,0,36787,0,DKU006#
DEVICE,1645594867713,1645594851006,4,1645594851006,639,63,5,0,36787,0,DKU006#
DEVICE,1645594867745,1645594851038,4,1645594851038,632,63,5,0,36787,0,DKU006#
DEVICE,1645594867777,1645594851070,4,1645594851070,642,64,5,0,36787,0,DKU006#
DEVICE,1645594867809,1645594851102,4,1645594851102,635,63,5,0,36787,0,DKU006#
DEVICE,1645594867841,1645594851134,4,1645594851134,621,62,5,0,36787,0,DKU006#
DEVICE,1645594867873,1645594851166,4,1645594851166,624,62,5,0,36787,0,DKU006#
DEVICE,1645594867905,1645594851198,4,1645594851198,636,63,5,0,36787,0,DKU006#
DEVICE,1645594867937,1645594851230,4,1645594851230,645,64,5,0,36787,0,DKU006#
DEVICE,1645594867970,1645594851263,4,1645594851263,656,65,5,0,36787,0,DKU006#
DEVICE,1645594868001,1645594851294,4,1645594851294,663,66,5,0,36787,0,DKU006#
DEVICE,1645594868034,1645594851327,4,1645594851327,678,67,5,0,36787,0,DKU006#
DEVICE,1645594868066,1645594851359,4,1645594851359,678,67,5,0,36787,0,DKU006#
DEVICE,1645594868097,1645594851390,4,1645594851390,684,68,5,0,36787,0,DKU006#
DEVICE,1645594868129,1645594851422,4,1645594851422,685,68,5,0,36787,0,DKU006#
DEVICE,1645594868161,1645594851454,4,1645594851454,705,70,5,0,36787,0,DKU006#
DEVICE,1645594868193,1645594851486,4,1645594851486,706,70,5,0,36787,0,DKU006#
DEVICE,1645594868225,1645594851518,4,1645594851518,714,71,5,0,36787,0,DKU006#
DEVICE,1645594868257,1645594851550,4,1645594851550,708,70,5,0,36787,0,DKU006#
DEVICE,1645594868289,1645594851582,4,1645594851582,720,72,5,0,36787,0,DKU006#
DEVICE,1645594868321,1645594851614,4,1645594851614,714,71,5,0,36787,0,DKU006#
DEVICE,1645594868353,1645594851646,4,1645594851646,729,72,5,0,36787,0,DKU006#
DEVICE,1645594868385,1645594851678,4,1645594851678,727,72,5,0,36787,0,DKU006#
DEVICE,1645594868417,1645594851710,4,1645594851710,737,73,5,0,36787,0,DKU006#
DEVICE,1645594868449,1645594851742,4,1645594851742,746,74,5,0,36787,0,DKU006#
DEVICE,1645594868481,1645594851774,4,1645594851774,759,75,0,0,36787,0,DKU006#
DEVICE,1645594868513,1645594851806,4,1645594851806,744,74,0,0,36787,0,DKU006#
DEVICE,1645594868544,1645594851837,4,1645594851837,748,74,5,0,36787,0,DKU006#
DEVICE,1645594868576,1645594851869,4,1645594851869,726,72,5,0,36787,0,DKU006#
DEVICE,1645594868609,1645594851902,4,1645594851902,730,73,5,0,36787,0,DKU006#
DEVICE,1645594868640,1645594851933,4,1645594851933,727,72,5,0,36787,0,DKU006#
DEVICE,1645594868672,1645594851965,4,1645594851965,730,73,5,0,36787,0,DKU006#
DEVICE,1645594868704,1645594851997,4,1645594851997,719,71,5,0,36787,0,DKU006#
DEVICE,1645594868736,1645594852029,4,1645594852029,705,70,5,0,36787,0,DKU006#
DEVICE,1645594868769,1645594852062,4,1645594852062,697,69,5,0,36787,0,DKU006#
DEVICE,1645594868802,1645594852095,4,1645594852095,686,68,5,0,36787,0,DKU006#
DEVICE,1645594868835,1645594852128,4,1645594852128,677,67,5,0,36787,0,DKU006#
DEVICE,1645594868864,1645594852157,4,1645594852157,661,66,5,0,36787,0,DKU006#
DEVICE,1645594868897,1645594852190,4,1645594852190,661,66,5,0,36787,0,DKU006#
DEVICE,1645594868928,1645594852221,4,1645594852221,638,63,5,0,36787,0,DKU006#
DEVICE,1645594868960,1645594852253,4,1645594852253,633,63,5,0,36787,0,DKU006#
DEVICE,1645594868992,1645594852285,4,1645594852285,638,63,5,0,36787,0,DKU006#
DEVICE,1645594869025,1645594852318,4,1645594852318,637,63,5,0,36787,0,DKU006#
DEVICE,1645594869057,1645594852350,4,1645594852350,641,64,5,0,36787,0,DKU006#
DEVICE,1645594869089,1645594852382,4,1645594852382,659,65,5,0,36787,0,DKU006#
DEVICE,1645594869121,1645594852414,4,1645594852414,663,66,5,0,36787,0,DKU006#
DEVICE,1645594869152,1645594852445,4,1645594852445,674,67,5,0,36787,0,DKU006#
DEVICE,1645594869185,1645594852478,4,1645594852478,680,68,5,0,36787,0,DKU006#
DEVICE,1645594869217,1645594852510,4,1645594852510,694,69,5,0,36787,0,DKU006#
DEVICE,1645594869248,1645594852541,4,1645594852541,695,69,5,0,36787,0,DKU006#
DEVICE,1645594869280,1645594852573,4,1645594852573,713,71,5,0,36787,0,DKU006#
DEVICE,1645594869312,1645594852605,4,1645594852605,720,72,5,0,36787,0,DKU006#
DEVICE,1645594869345,1645594852638,4,1645594852638,726,72,5,0,36787,0,DKU006#
DEVICE,1645594869387,1645594852680,4,1645594852680,744,74,5,0,36787,0,DKU006#
DEVICE,1645594869417,1645594852710,4,1645594852710,730,73,5,0,36787,0,DKU006#
DEVICE,1645594869440,1645594852733,4,1645594852733,746,74,5,0,36787,0,DKU006#
DEVICE,1645594869472,1645594852765,4,1645594852765,749,74,5,0,36787,0,DKU006#
DEVICE,1645594869504,1645594852797,4,1645594852797,755,75,0,0,36787,0,DKU006#
DEVICE,1645594869536,1645594852829,4,1645594852829,758,75,0,0,36787,0,DKU006#
DEVICE,1645594869568,1645594852861,4,1645594852861,760,76,0,0,36787,0,DKU006#
DEVICE,1645594869600,1645594852893,4,1645594852893,750,75,0,0,36787,0,DKU006#
DEVICE,1645594869632,1645594852925,4,1645594852925,749,74,0,0,36787,0,DKU006#
DEVICE,1645594869664,1645594852957,4,1645594852957,742,74,5,0,36787,0,DKU006#
DEVICE,1645594869696,1645594852989,4,1645594852989,744,74,5,0,36787,0,DKU006#
DEVICE,1645594869728,1645594853021,4,1645594853021,732,73,5,0,36787,0,DKU006#
DEVICE,1645594869760,1645594853053,4,1645594853053,739,73,5,0,36787,0,DKU006#
DEVICE,1645594869792,1645594853085,4,1645594853085,727,72,5,0,36787,0,DKU006#
DEVICE,1645594869824,1645594853117,4,1645594853117,708,70,5,0,36787,0,DKU006#
DEVICE,1645594869855,1645594853148,4,1645594853148,696,69,5,0,36787,0,DKU006#
DEVICE,1645594869888,1645594853181,4,1645594853181,661,66,5,0,36787,0,DKU006#
DEVICE,1645594869920,1645594853213,4,1645594853213,674,67,5,0,36787,0,DKU006#
DEVICE,1645594869953,1645594853246,4,1645594853246,650,65,5,0,36787,0,DKU006#
DEVICE,1645594869985,1645594853278,4,1645594853278,658,65,5,0,36787,0,DKU006#
DEVICE,1645594870018,1645594853311,4,1645594853311,634,63,5,0,36787,0,DKU006#
DEVICE,1645594870047,1645594853340,4,1645594853340,643,64,5,0,36787,0,DKU006#
DEVICE,1645594870080,1645594853373,4,1645594853373,639,63,5,0,36787,0,DKU006#
DEVICE,1645594870113,1645594853406,4,1645594853406,643,64,5,0,36787,0,DKU006#
DEVICE,1645594870144,1645594853437,4,1645594853437,653,65,5,0,36787,0,DKU006#
DEVICE,1645594870175,1645594853468,4,1645594853468,658,65,5,0,36787,0,DKU006#
DEVICE,1645594870207,1645594853500,4,1645594853500,674,67,5,0,36787,0,DKU006#
DEVICE,1645594870239,1645594853532,4,1645594853532,677,67,5,0,36787,0,DKU006#
DEVICE,1645594870271,1645594853564,4,1645594853564,690,69,5,0,36787,0,DKU006#
DEVICE,1645594870303,1645594853596,4,1645594853596,698,69,5,0,36787,0,DKU006#
DEVICE,1645594870339,1645594853632,4,1645594853632,703,70,5,0,36787,0,DKU006#
DEVICE,1645594870367,1645594853660,4,1645594853660,720,72,5,0,36787,0,DKU006#
DEVICE,1645594870399,1645594853692,4,1645594853692,725,72,5,0,36787,0,DKU006#
DEVICE,1645594870415,1645594853708,4,1645594853708,716,71,5,0,36787,0,DKU006#
DEVICE,1645594870463,1645594853756,4,1645594853756,724,72,5,0,36787,0,DKU006#
DEVICE,1645594870495,1645594853788,4,1645594853788,737,73,5,0,36787,0,DKU006#
DEVICE,1645594870526,1645594853819,4,1645594853819,734,73,5,0,36787,0,DKU006#
DEVICE,1645594870543,1645594853836,4,1645594853836,738,73,5,0,36787,0,DKU006#
DEVICE,1645594870575,1645594853868,4,1645594853868,739,73,5,0,36787,0,DKU006#
DEVICE,1645594870607,1645594853900,4,1645594853900,738,73,5,0,36787,0,DKU006#
DEVICE,1645594870639,1645594853932,4,1645594853932,741,74,5,0,36787,0,DKU006#
DEVICE,1645594870671,1645594853964,4,1645594853964,725,72,5,0,36787,0,DKU006#
DEVICE,1645594870703,1645594853996,4,1645594853996,723,72,5,0,36787,0,DKU006#
DEVICE,1645594870735,1645594854028,4,1645594854028,724,72,5,0,36787,0,DKU006#
DEVICE,1645594870767,1645594854060,4,1645594854060,720,72,5,0,36787,0,DKU006#
DEVICE,1645594870799,1645594854092,4,1645594854092,701,70,5,0,36787,0,DKU006#
DEVICE,1645594870832,1645594854125,4,1645594854125,685,68,5,0,36787,0,DKU006#
DEVICE,1645594870863,1645594854156,4,1645594854156,682,68,5,0,36787,0,DKU006#
DEVICE,1645594870896,1645594854189,4,1645594854189,679,67,5,0,36787,0,DKU006#
DEVICE,1645594870936,1645594854229,4,1645594854229,654,65,5,0,36787,0,DKU006#
DEVICE,1645594870969,1645594854262,4,1645594854262,646,64,5,0,36787,0,DKU006#
DEVICE,1645594871006,1645594854299,4,1645594854299,634,63,5,0,36787,0,DKU006#
DEVICE,1645594871040,1645594854333,4,1645594854333,627,62,5,0,36787,0,DKU006#
DEVICE,1645594871074,1645594854367,4,1645594854367,623,62,5,0,36787,0,DKU006#
DEVICE,1645594871089,1645594854382,4,1645594854382,640,64,5,0,36787,0,DKU006#
DEVICE,1645594871119,1645594854412,4,1645594854412,643,64,5,0,36787,0,DKU006#
DEVICE,1645594871151,1645594854444,4,1645594854444,649,64,5,0,36787,0,DKU006#
DEVICE,1645594871184,1645594854477,4,1645594854477,667,66,5,0,36787,0,DKU006#
DEVICE,1645594871219,1645594854512,4,1645594854512,683,68,5,0,36787,0,DKU006#
DEVICE,1645594871247,1645594854540,4,1645594854540,686,68,5,0,36787,0,DKU006#
DEVICE,1645594871280,1645594854573,4,1645594854573,692,69,5,0,36787,0,DKU006#
DEVICE,1645594871312,1645594854605,4,1645594854605,700,70,5,0,36787,0,DKU006#
DEVICE,1645594871344,1645594854637,4,1645594854637,717,71,5,0,36787,0,DKU006#
DEVICE,1645594871375,1645594854668,4,1645594854668,712,71,5,0,36787,0,DKU006#
DEVICE,1645594871408,1645594854701,4,1645594854701,729,72,5,0,36787,0,DKU006#
DEVICE,1645594871440,1645594854733,4,1645594854733,723,72,5,0,36787,0,DKU006#
DEVICE,1645594871472,1645594854765,4,1645594854765,726,72,5,0,36787,0,DKU006#
DEVICE,1645594871503,1645594854796,4,1645594854796,733,73,5,0,36787,0,DKU006#
DEVICE,1645594871535,1645594854828,4,1645594854828,728,72,5,0,36787,0,DKU006#
DEVICE,1645594871568,1645594854861,4,1645594854861,747,74,5,0,36787,0,DKU006#
DEVICE,1645594871599,1645594854892,4,1645594854892,730,73,5,0,36787,0,DKU006#
DEVICE,1645594871631,1645594854924,4,1645594854924,735,73,5,0,36787,0,DKU006#
DEVICE,1645594871663,1645594854956,4,1645594854956,728,72,5,0,36787,0,DKU006#
DEVICE,1645594871696,1645594854989,4,1645594854989,714,71,5,0,36787,0,DKU006#
DEVICE,1645594871727,1645594855020,4,1645594855020,713,71,5,0,36787,0,DKU006#
DEVICE,1645594871759,1645594855052,4,1645594855052,703,70,5,0,36787,0,DKU006#
DEVICE,1645594871791,1645594855084,4,1645594855084,714,71,5,0,36787,0,DKU006#
DEVICE,1645594871823,1645594855116,4,1645594855116,692,69,5,0,36787,0,DKU006#
DEVICE,1645594871855,1645594855148,4,1645594855148,678,67,5,0,36787,0,DKU006#
DEVICE,1645594871888,1645594855181,4,1645594855181,674,67,5,0,36787,0,DKU006#
DEVICE,1645594871919,1645594855212,4,1645594855212,652,65,5,0,36787,0,DKU006#
DEVICE,1645594871952,1645594855245,4,1645594855245,636,63,5,0,36787,0,DKU006#
DEVICE,1645594871985,1645594855278,4,1645594855278,640,64,5,0,36787,0,DKU006#
DEVICE,1645594872015,1645594855308,4,1645594855308,636,63,5,0,36787,0,DKU006#
DEVICE,1645594872047,1645594855340,4,1645594855340,628,62,5,0,36787,0,DKU006#
DEVICE,1645594872079,1645594855372,4,1645594855372,632,63,5,0,36787,0,DKU006#
DEVICE,1645594872111,1645594855404,4,1645594855404,640,64,5,0,36787,0,DKU006#
DEVICE,1645594872143,1645594855436,4,1645594855436,652,65,5,0,36787,0,DKU006#
DEVICE,1645594872175,1645594855468,4,1645594855468,656,65,5,0,36787,0,DKU006#
DEVICE,1645594872207,1645594855500,4,1645594855500,667,66,5,0,36787,0,DKU006#
DEVICE,1645594872239,1645594855532,4,1645594855532,675,67,5,0,36787,0,DKU006#
DEVICE,1645594872271,1645594855564,4,1645594855564,686,68,5,0,36787,0,DKU006#
DEVICE,1645594872303,1645594855596,4,1645594855596,684,68,5,0,36787,0,DKU006#
DEVICE,1645594872335,1645594855628,4,1645594855628,698,69,5,0,36787,0,DKU006#
DEVICE,1645594872368,1645594855661,4,1645594855661,707,70,5,0,36787,0,DKU006#
DEVICE,1645594872399,1645594855692,4,1645594855692,714,71,5,0,36787,0,DKU006#
DEVICE,1645594872431,1645594855724,4,1645594855724,723,72,5,0,36787,0,DKU006#
DEVICE,1645594872462,1645594855755,4,1645594855755,731,73,5,0,36787,0,DKU006#
DEVICE,1645594872494,1645594855787,4,1645594855787,736,73,5,0,36787,0,DKU006#
DEVICE,1645594872526,1645594855819,4,1645594855819,744,74,5,0,36787,0,DKU006#
DEVICE,1645594872558,1645594855851,4,1645594855851,740,74,5,0,36787,0,DKU006#
DEVICE,1645594872591,1645594855884,4,1645594855884,724,72,5,0,36787,0,DKU006#
DEVICE,1645594872623,1645594855916,4,1645594855916,741,74,5,0,36787,0,DKU006#
DEVICE,1645594872655,1645594855948,4,1645594855948,726,72,5,0,36787,0,DKU006#
DEVICE,1645594872687,1645594855980,4,1645594855980,728,72,5,0,36787,0,DKU006#
DEVICE,1645594872719,1645594856012,4,1645594856012,706,70,5,0,36787,0,DKU006#
DEVICE,1645594872753,1645594856046,4,1645594856046,702,70,5,0,36787,0,DKU006#
DEVICE,1645594872783,1645594856076,4,1645594856076,698,69,5,0,36787,0,DKU006#
DEVICE,1645594872816,1645594856109,4,1645594856109,673,67,5,0,36787,0,DKU006#
DEVICE,1645594872846,1645594856139,4,1645594856139,672,67,5,0,36787,0,DKU006#
DEVICE,1645594872878,1645594856171,4,1645594856171,656,65,5,0,36787,0,DKU006#
DEVICE,1645594872912,1645594856205,4,1645594856205,646,64,5,0,36787,0,DKU006#
DEVICE,1645594872960,1645594856253,4,1645594856253,631,63,5,0,36787,0,DKU006#
DEVICE,1645594872987,1645594856280,4,1645594856280,638,63,5,0,36787,0,DKU006#
DEVICE,1645594873016,1645594856309,4,1645594856309,635,63,5,0,36787,0,DKU006#
DEVICE,1645594873043,1645594856336,4,1645594856336,641,64,5,0,36787,0,DKU006#
DEVICE,1645594873071,1645594856364,4,1645594856364,642,64,5,0,36787,0,DKU006#
DEVICE,1645594873103,1645594856396,4,1645594856396,654,65,5,0,36787,0,DKU006#
DEVICE,1645594873138,1645594856431,4,1645594856431,662,66,5,0,36787,0,DKU006#
DEVICE,1645594873167,1645594856460,4,1645594856460,665,66,5,0,36787,0,DKU006#
DEVICE,1645594873199,1645594856492,4,1645594856492,682,68,5,0,36787,0,DKU006#
DEVICE,1645594873230,1645594856523,4,1645594856523,684,68,5,0,36787,0,DKU006#
DEVICE,1645594873262,1645594856555,4,1645594856555,698,69,5,0,36787,0,DKU006#
DEVICE,1645594873294,1645594856587,4,1645594856587,714,71,5,0,36787,0,DKU006#
DEVICE,1645594873327,1645594856620,4,1645594856620,725,72,5,0,36787,0,DKU006#
DEVICE,1645594873359,1645594856652,4,1645594856652,717,71,5,0,36787,0,DKU006#
DEVICE,1645594873390,1645594856683,4,1645594856683,730,73,5,0,36787,0,DKU006#
DEVICE,1645594873422,1645594856715,4,1645594856715,726,72,5,0,36787,0,DKU006#
DEVICE,1645594873455,1645594856748,4,1645594856748,743,74,5,0,36787,0,DKU006#
DEVICE,1645594873486,1645594856779,4,1645594856779,735,73,5,0,36787,0,DKU006#
DEVICE,1645594873519,1645594856812,4,1645594856812,737,73,5,0,36787,0,DKU006#
DEVICE,1645594873551,1645594856844,4,1645594856844,734,73,5,0,36787,0,DKU006#
DEVICE,1645594873589,1645594856882,4,1645594856882,728,72,5,0,36787,0,DKU006#
DEVICE,1645594873614,1645594856907,4,1645594856907,729,72,5,0,36787,0,DKU006#
DEVICE,1645594873647,1645594856940,4,1645594856940,719,71,5,0,36787,0,DKU006#
DEVICE,1645594873678,1645594856971,4,1645594856971,721,72,5,0,36787,0,DKU006#
DEVICE,1645594873710,1645594857003,4,1645594857003,711,71,5,0,36787,0,DKU006#
DEVICE,1645594873742,1645594857035,4,1645594857035,688,68,5,0,36787,0,DKU006#
DEVICE,1645594873774,1645594857067,4,1645594857067,689,68,5,0,36787,0,DKU006#
DEVICE,1645594873806,1645594857099,4,1645594857099,656,65,5,0,36787,0,DKU006#
DEVICE,1645594873839,1645594857132,4,1645594857132,662,66,5,0,36787,0,DKU006#
DEVICE,1645594873871,1645594857164,4,1645594857164,644,64,5,0,36787,0,DKU006#
DEVICE,1645594873902,1645594857195,4,1645594857195,631,63,5,0,36787,0,DKU006#
DEVICE,1645594873934,1645594857227,4,1645594857227,634,63,5,0,36787,0,DKU006#
DEVICE,1645594873966,1645594857259,4,1645594857259,622,62,5,0,36787,0,DKU006#
DEVICE,1645594873999,1645594857292,4,1645594857292,627,62,5,0,36787,0,DKU006#
DEVICE,1645594874031,1645594857324,4,1645594857324,635,63,5,0,36787,0,DKU006#
DEVICE,1645594874062,1645594857355,4,1645594857355,656,65,5,0,36787,0,DKU006#
DEVICE,1645594874094,1645594857387,4,1645594857387,663,66,5,0,36787,0,DKU006#
DEVICE,1645594874127,1645594857420,4,1645594857420,675,67,5,0,36787,0,DKU006#
DEVICE,1645594874158,1645594857451,4,1645594857451,691,69,5,0,36787,0,DKU006#
DEVICE,1645594874191,1645594857484,4,1645594857484,688,68,5,0,36787,0,DKU006#
DEVICE,1645594874223,1645594857516,4,1645594857516,690,69,5,0,36787,0,DKU006#
DEVICE,1645594874255,1645594857548,4,1645594857548,723,72,5,0,36787,0,DKU006#
DEVICE,1645594874286,1645594857579,4,1645594857579,712,71,5,0,36787,0,DKU006#
DEVICE,1645594874319,1645594857612,4,1645594857612,727,72,5,0,36787,0,DKU006#
DEVICE,1645594874355,1645594857648,4,1645594857648,723,72,5,0,36787,0,DKU006#
DEVICE,1645594874387,1645594857680,4,1645594857680,723,72,5,0,36787,0,DKU006#
DEVICE,1645594874414,1645594857707,4,1645594857707,744,74,5,0,36787,0,DKU006#
DEVICE,1645594874446,1645594857739,4,1645594857739,741,74,5,0,36787,0,DKU006#
DEVICE,1645594874477,1645594857770,4,1645594857770,723,72,5,0,36787,0,DKU006#
DEVICE,1645594874510,1645594857803,4,1645594857803,738,73,5,0,36787,0,DKU006#
DEVICE,1645594874543,1645594857836,4,1645594857836,738,73,5,0,36787,0,DKU006#
DEVICE,1645594874574,1645594857867,4,1645594857867,722,72,5,0,36787,0,DKU006#
DEVICE,1645594874605,1645594857898,4,1645594857898,722,72,5,0,36787,0,DKU006#
DEVICE,1645594874638,1645594857931,4,1645594857931,697,69,5,0,36787,0,DKU006#
DEVICE,1645594874673,1645594857966,4,1645594857966,717,71,5,0,36787,0,DKU006#
DEVICE,1645594874703,1645594857996,4,1645594857996,695,69,5,0,36787,0,DKU006#
DEVICE,1645594874733,1645594858026,4,1645594858026,668,66,5,0,36787,0,DKU006#
DEVICE,1645594874766,1645594858059,4,1645594858059,668,66,5,0,36787,0,DKU006#
DEVICE,1645594874798,1645594858091,4,1645594858091,643,64,5,0,36787,0,DKU006#
DEVICE,1645594874830,1645594858123,4,1645594858123,642,64,5,0,36787,0,DKU006#
DEVICE,1645594874871,1645594858164,4,1645594858164,633,63,5,0,36787,0,DKU006#
DEVICE,1645594874895,1645594858188,4,1645594858188,633,63,5,0,36787,0,DKU006#
DEVICE,1645594874926,1645594858219,4,1645594858219,627,62,5,0,36787,0,DKU006#
DEVICE,1645594874958,1645594858251,4,1645594858251,637,63,5,0,36787,0,DKU006#
DEVICE,1645594874990,1645594858283,4,1645594858283,644,64,5,0,36787,0,DKU006#
DEVICE,1645594875022,1645594858315,4,1645594858315,645,64,5,0,36787,0,DKU006#
DEVICE,1645594875055,1645594858348,4,1645594858348,651,65,5,0,36787,0,DKU006#
DEVICE,1645594875087,1645594858380,4,1645594858380,673,67,5,0,36787,0,DKU006#
DEVICE,1645594875120,1645594858413,4,1645594858413,675,67,5,0,36787,0,DKU006#
DEVICE,1645594875151,1645594858444,4,1645594858444,687,68,5,0,36787,0,DKU006#
DEVICE,1645594875182,1645594858475,4,1645594858475,702,70,5,0,36787,0,DKU006#
DEVICE,1645594875214,1645594858507,4,1645594858507,696,69,5,0,36787,0,DKU006#
DEVICE,1645594875253,1645594858546,4,1645594858546,704,70,5,0,36787,0,DKU006#
DEVICE,1645594875286,1645594858579,4,1645594858579,724,72,5,0,36787,0,DKU006#
DEVICE,1645594875321,1645594858614,4,1645594858614,723,72,5,0,36787,0,DKU006#
DEVICE,1645594875353,1645594858646,4,1645594858646,751,75,0,0,36787,0,DKU006#
DEVICE,1645594875386,1645594858679,4,1645594858679,738,73,0,0,36787,0,DKU006#
DEVICE,1645594875420,1645594858713,4,1645594858713,724,72,5,0,36787,0,DKU006#
DEVICE,1645594875446,1645594858739,4,1645594858739,736,73,5,0,36787,0,DKU006#
DEVICE,1645594875492,1645594858785,4,1645594858785,737,73,5,0,36787,0,DKU006#
DEVICE,1645594875519,1645594858812,4,1645594858812,723,72,5,0,36787,0,DKU006#
DEVICE,1645594875545,1645594858838,4,1645594858838,711,71,5,0,36787,0,DKU006#
DEVICE,1645594875571,1645594858864,4,1645594858864,714,71,5,0,36787,0,DKU006#
DEVICE,1645594875603,1645594858896,4,1645594858896,699,69,5,0,36787,0,DKU006#
DEVICE,1645594875638,1645594858931,4,1645594858931,691,69,5,0,36787,0,DKU006#
DEVICE,1645594875670,1645594858963,4,1645594858963,687,68,5,0,36787,0,DKU006#
DEVICE,1645594875703,1645594858996,4,1645594858996,657,65,5,0,36787,0,DKU006#
DEVICE,1645594875736,1645594859029,4,1645594859029,671,67,5,0,36787,0,DKU006#
DEVICE,1645594875770,1645594859063,4,1645594859063,652,65,5,0,36787,0,DKU006#
DEVICE,1645594875803,1645594859096,4,1645594859096,637,63,5,0,36787,0,DKU006#
DEVICE,1645594875837,1645594859130,4,1645594859130,616,61,5,0,36787,0,DKU006#
DEVICE,1645594875869,1645594859162,4,1645594859162,628,62,5,0,36787,0,DKU006#
DEVICE,1645594875906,1645594859199,4,1645594859199,638,63,5,0,36787,0,DKU006#
DEVICE,1645594875935,1645594859228,4,1645594859228,649,64,5,0,36787,0,DKU006#
DEVICE,1645594875972,1645594859265,4,1645594859265,648,64,5,0,36787,0,DKU006#
DEVICE,1645594876000,1645594859293,4,1645594859293,653,65,5,0,36787,0,DKU006#
DEVICE,1645594876025,1645594859318,4,1645594859318,672,67,5,0,36787,0,DKU006#
DEVICE,1645594876054,1645594859347,4,1645594859347,686,68,5,0,36787,0,DKU006#
DEVICE,1645594876086,1645594859379,4,1645594859379,692,69,5,0,36787,0,DKU006#
DEVICE,1645594876115,1645594859408,4,1645594859408,699,69,5,0,36787,0,DKU006#
DEVICE,1645594876141,1645594859434,4,1645594859434,702,70,5,0,36787,0,DKU006#
DEVICE,1645594876173,1645594859466,4,1645594859466,726,72,5,0,36787,0,DKU006#
DEVICE,1645594876205,1645594859498,4,1645594859498,720,72,5,0,36787,0,DKU006#
DEVICE,1645594876238,1645594859531,4,1645594859531,729,72,5,0,36787,0,DKU006#
DEVICE,1645594876270,1645594859563,4,1645594859563,729,72,5,0,36787,0,DKU006#
DEVICE,1645594876303,1645594859596,4,1645594859596,744,74,5,0,36787,0,DKU006#
DEVICE,1645594876333,1645594859626,4,1645594859626,750,75,0,0,36787,0,DKU006#
DEVICE,1645594876371,1645594859664,4,1645594859664,736,73,0,0,36787,0,DKU006#
DEVICE,1645594876403,1645594859696,4,1645594859696,728,72,5,0,36787,0,DKU006#
DEVICE,1645594876437,1645594859730,4,1645594859730,734,73,5,0,36787,0,DKU006#
DEVICE,1645594876470,1645594859763,4,1645594859763,728,72,5,0,36787,0,DKU006#
DEVICE,1645594876521,1645594859814,4,1645594859814,718,71,5,0,36787,0,DKU006#
DEVICE,1645594876534,1645594859827,4,1645594859827,704,70,5,0,36787,0,DKU006#
DEVICE,1645594876556,1645594859849,4,1645594859849,700,70,5,0,36787,0,DKU006#
DEVICE,1645594876588,1645594859881,4,1645594859881,689,68,5,0,36787,0,DKU006#
DEVICE,1645594876622,1645594859915,4,1645594859915,680,68,5,0,36787,0,DKU006#
DEVICE,1645594876654,1645594859947,4,1645594859947,666,66,5,0,36787,0,DKU006#
DEVICE,1645594876684,1645594859977,4,1645594859977,657,65,5,0,36787,0,DKU006#
DEVICE,1645594876718,1645594860011,4,1645594860011,642,64,5,0,36787,0,DKU006#
DEVICE,1645594876755,1645594860048,4,1645594860048,638,63,5,0,36787,0,DKU006#
DEVICE,1645594876790,1645594860083,4,1645594860083,637,63,5,0,36787,0,DKU006#
DEVICE,1645594876811,1645594860104,4,1645594860104,626,62,5,0,36787,0,DKU006#
DEVICE,1645594876844,1645594860137,4,1645594860137,611,61,5,0,36787,0,DKU006#
DEVICE,1645594876877,1645594860170,4,1645594860170,614,61,5,0,36787,0,DKU006#
DEVICE,1645594876922,1645594860215,4,1645594860215,625,62,5,0,36787,0,DKU006#
DEVICE,1645594876954,1645594860247,4,1645594860247,633,63,5,0,36787,0,DKU006#
DEVICE,1645594876984,1645594860277,4,1645594860277,649,64,5,0,36787,0,DKU006#
DEVICE,1645594877012,1645594860305,4,1645594860305,664,66,5,0,36787,0,DKU006#
DEVICE,1645594877055,1645594860348,4,1645594860348,670,67,5,0,36787,0,DKU006#
DEVICE,1645594877087,1645594860380,4,1645594860380,681,68,5,0,36787,0,DKU006#
DEVICE,1645594877118,1645594860411,4,1645594860411,688,68,5,0,36787,0,DKU006#
DEVICE,1645594877155,1645594860448,4,1645594860448,694,69,5,0,36787,0,DKU006#
DEVICE,1645594877183,1645594860476,4,1645594860476,710,71,5,0,36787,0,DKU006#
DEVICE,1645594877221,1645594860514,4,1645594860514,704,70,5,0,36787,0,DKU006#
DEVICE,1645594877255,1645594860548,4,1645594860548,717,71,5,0,36787,0,DKU006#
DEVICE,1645594877284,1645594860577,4,1645594860577,716,71,5,0,36787,0,DKU006#
DEVICE,1645594877310,1645594860603,4,1645594860603,724,72,5,0,36787,0,DKU006#
DEVICE,1645594877338,1645594860631,4,1645594860631,722,72,5,0,36787,0,DKU006#
DEVICE,1645594877393,1645594860686,4,1645594860686,732,73,5,0,36787,0,DKU006#
DEVICE,1645594877419,1645594860712,4,1645594860712,724,72,5,0,36787,0,DKU006#
DEVICE,1645594877447,1645594860740,4,1645594860740,738,73,5,0,36787,0,DKU006#
DEVICE,1645594877479,1645594860772,4,1645594860772,717,71,5,0,36787,0,DKU006#
DEVICE,1645594877508,1645594860801,4,1645594860801,713,71,5,0,36787,0,DKU006#
DEVICE,1645594877527,1645594860820,4,1645594860820,699,69,5,0,36787,0,DKU006#
DEVICE,1645594877541,1645594860834,4,1645594860834,693,69,5,0,36787,0,DKU006#
DEVICE,1645594877564,1645594860857,4,1645594860857,690,69,5,0,36787,0,DKU006#
DEVICE,1645594877597,1645594860890,4,1645594860890,679,67,5,0,36787,0,DKU006#
DEVICE,1645594877628,1645594860921,4,1645594860921,677,67,5,0,36787,0,DKU006#
DEVICE,1645594877660,1645594860953,4,1645594860953,661,66,5,0,36787,0,DKU006#
DEVICE,1645594877691,1645594860984,4,1645594860984,658,65,5,0,36787,0,DKU006#
DEVICE,1645594877724,1645594861017,4,1645594861017,644,64,5,0,36787,0,DKU006#
DEVICE,1645594877756,1645594861049,4,1645594861049,625,62,5,0,36787,0,DKU006#
DEVICE,1645594877788,1645594861081,4,1645594861081,630,63,5,0,36787,0,DKU006#
DEVICE,1645594877821,1645594861114,4,1645594861114,636,63,5,0,36787,0,DKU006#
DEVICE,1645594877852,1645594861145,4,1645594861145,640,64,5,0,36787,0,DKU006#
DEVICE,1645594877885,1645594861178,4,1645594861178,653,65,5,0,36787,0,DKU006#
DEVICE,1645594877917,1645594861210,4,1645594861210,662,66,5,0,36787,0,DKU006#
DEVICE,1645594877948,1645594861241,4,1645594861241,668,66,5,0,36787,0,DKU006#
DEVICE,1645594877980,1645594861273,4,1645594861273,679,67,5,0,36787,0,DKU006#
DEVICE,1645594878012,1645594861305,4,1645594861305,682,68,5,0,36787,0,DKU006#
DEVICE,1645594878044,1645594861337,4,1645594861337,711,71,5,0,36787,0,DKU006#
DEVICE,1645594878076,1645594861369,4,1645594861369,708,70,5,0,36787,0,DKU006#
DEVICE,1645594878108,1645594861401,4,1645594861401,709,70,5,0,36787,0,DKU006#
DEVICE,1645594878140,1645594861433,4,1645594861433,722,72,5,0,36787,0,DKU006#
DEVICE,1645594878173,1645594861466,4,1645594861466,719,71,5,0,36787,0,DKU006#
DEVICE,1645594878205,1645594861498,4,1645594861498,718,71,5,0,36787,0,DKU006#
DEVICE,1645594878236,1645594861529,4,1645594861529,745,74,5,0,36787,0,DKU006#
DEVICE,1645594878268,1645594861561,4,1645594861561,742,74,5,0,36787,0,DKU006#
DEVICE,1645594878300,1645594861593,4,1645594861593,741,74,5,0,36787,0,DKU006#
DEVICE,1645594878333,1645594861626,4,1645594861626,732,73,5,0,36787,0,DKU006#
DEVICE,1645594878364,1645594861657,4,1645594861657,718,71,5,0,36787,0,DKU006#
DEVICE,1645594878396,1645594861689,4,1645594861689,712,71,5,0,36787,0,DKU006#
DEVICE,1645594878428,1645594861721,4,1645594861721,700,70,5,0,36787,0,DKU006#
DEVICE,1645594878460,1645594861753,4,1645594861753,697,69,5,0,36787,0,DKU006#
DEVICE,1645594878492,1645594861785,4,1645594861785,701,70,5,0,36787,0,DKU006#
DEVICE,1645594878523,1645594861816,4,1645594861816,676,67,5,0,36787,0,DKU006#
DEVICE,1645594878556,1645594861849,4,1645594861849,659,65,5,0,36787,0,DKU006#
DEVICE,1645594878588,1645594861881,4,1645594861881,658,65,5,0,36787,0,DKU006#
DEVICE,1645594878620,1645594861913,4,1645594861913,652,65,5,0,36787,0,DKU006#
DEVICE,1645594878652,1645594861945,4,1645594861945,642,64,5,0,36787,0,DKU006#
DEVICE,1645594878685,1645594861978,4,1645594861978,633,63,5,0,36787,0,DKU006#
DEVICE,1645594878719,1645594862012,4,1645594862012,639,63,5,0,36787,0,DKU006#
DEVICE,1645594878753,1645594862046,4,1645594862046,634,63,5,0,36787,0,DKU006#
DEVICE,1645594878789,1645594862082,4,1645594862082,640,64,5,0,36787,0,DKU006#
DEVICE,1645594878820,1645594862113,4,1645594862113,652,65,5,0,36787,0,DKU006#
DEVICE,1645594878852,1645594862145,4,1645594862145,664,66,5,0,36787,0,DKU006#
DEVICE,1645594878890,1645594862183,4,1645594862183,683,68,5,0,36787,0,DKU006#
DEVICE,1645594878921,1645594862214,4,1645594862214,691,69,5,0,36787,0,DKU006#
DEVICE,1645594878939,1645594862232,4,1645594862232,698,69,5,0,36787,0,DKU006#
DEVICE,1645594878971,1645594862264,4,1645594862264,695,69,5,0,36787,0,DKU006#
DEVICE,1645594879005,1645594862298,4,1645594862298,701,70,5,0,36787,0,DKU006#
DEVICE,1645594879037,1645594862330,4,1645594862330,699,69,5,0,36787,0,DKU006#
DEVICE,1645594879068,1645594862361,4,1645594862361,716,71,5,0,36787,0,DKU006#
DEVICE,1645594879100,1645594862393,4,1645594862393,717,71,5,0,36787,0,DKU006#
DEVICE,1645594879132,1645594862425,4,1645594862425,735,73,5,0,36787,0,DKU006#
DEVICE,1645594879164,1645594862457,4,1645594862457,733,73,5,0,36787,0,DKU006#
DEVICE,1645594879196,1645594862489,4,1645594862489,738,73,5,0,36787,0,DKU006#
DEVICE,1645594879244,1645594862537,4,1645594862537,718,71,5,0,36787,0,DKU006#
DEVICE,1645594879268,1645594862561,4,1645594862561,718,71,5,0,36787,0,DKU006#
DEVICE,1645594879303,1645594862596,4,1645594862596,713,71,5,0,36787,0,DKU006#
DEVICE,1645594879335,1645594862628,4,1645594862628,710,71,5,0,36787,0,DKU006#
DEVICE,1645594879355,1645594862648,4,1645594862648,711,71,5,0,36787,0,DKU006#
DEVICE,1645594879387,1645594862680,4,1645594862680,699,69,5,0,36787,0,DKU006#
DEVICE,1645594879421,1645594862714,4,1645594862714,684,68,5,0,36787,0,DKU006#
DEVICE,1645594879452,1645594862745,4,1645594862745,675,67,5,0,36787,0,DKU006#
DEVICE,1645594879484,1645594862777,4,1645594862777,667,66,5,0,36787,0,DKU006#
DEVICE,1645594879515,1645594862808,4,1645594862808,648,64,5,0,36787,0,DKU006#
DEVICE,1645594879552,1645594862845,4,1645594862845,650,65,5,0,36787,0,DKU006#
DEVICE,1645594879612,1645594862905,4,1645594862905,640,64,5,0,36787,0,DKU006#
DEVICE,1645594879637,1645594862930,4,1645594862930,640,64,5,0,36787,0,DKU006#
DEVICE,1645594879667,1645594862960,4,1645594862960,626,62,5,0,36787,0,DKU006#
DEVICE,1645594879693,1645594862986,4,1645594862986,622,62,5,0,36787,0,DKU006#
DEVICE,1645594879727,1645594863020,4,1645594863020,631,63,5,0,36787,0,DKU006#
DEVICE,1645594879756,1645594863049,4,1645594863049,634,63,5,0,36787,0,DKU006#
DEVICE,1645594879774,1645594863067,4,1645594863067,658,65,5,0,36787,0,DKU006#
DEVICE,1645594879804,1645594863097,4,1645594863097,657,65,5,0,36787,0,DKU006#
DEVICE,1645594879836,1645594863129,4,1645594863129,683,68,5,0,36787,0,DKU006#
DEVICE,1645594879867,1645594863160,4,1645594863160,675,67,5,0,36787,0,DKU006#
DEVICE,1645594879899,1645594863192,4,1645594863192,693,69,5,0,36787,0,DKU006#
DEVICE,1645594879930,1645594863223,4,1645594863223,686,68,5,0,36787,0,DKU006#
DEVICE,1645594879963,1645594863256,4,1645594863256,711,71,5,0,36787,0,DKU006#
DEVICE,1645594879995,1645594863288,4,1645594863288,715,71,5,0,36787,0,DKU006#
DEVICE,1645594880026,1645594863319,4,1645594863319,714,71,5,0,36787,0,DKU006#
DEVICE,1645594880058,1645594863351,4,1645594863351,717,71,5,0,36787,0,DKU006#
DEVICE,1645594880090,1645594863383,4,1645594863383,719,71,5,0,36787,0,DKU006#
DEVICE,1645594880122,1645594863415,4,1645594863415,730,73,5,0,36787,0,DKU006#
DEVICE,1645594880155,1645594863448,4,1645594863448,730,73,5,0,36787,0,DKU006#
DEVICE,1645594880186,1645594863479,4,1645594863479,716,71,5,0,36787,0,DKU006#
DEVICE,1645594880219,1645594863512,4,1645594863512,718,71,5,0,36787,0,DKU006#
DEVICE,1645594880251,1645594863544,4,1645594863544,713,71,5,0,36787,0,DKU006#
DEVICE,1645594880283,1645594863576,4,1645594863576,703,70,5,0,36787,0,DKU006#
DEVICE,1645594880317,1645594863610,4,1645594863610,703,70,5,0,36787,0,DKU006#
DEVICE,1645594880347,1645594863640,4,1645594863640,703,70,5,0,36787,0,DKU006#
DEVICE,1645594880379,1645594863672,4,1645594863672,679,67,5,0,36787,0,DKU006#
DEVICE,1645594880412,1645594863705,4,1645594863705,682,68,5,0,36787,0,DKU006#
DEVICE,1645594880443,1645594863736,4,1645594863736,659,65,5,0,36787,0,DKU006#
DEVICE,1645594880475,1645594863768,4,1645594863768,657,65,5,0,36787,0,DKU006#
DEVICE,1645594880508,1645594863801,4,1645594863801,639,63,5,0,36787,0,DKU006#
DEVICE,1645594880539,1645594863832,4,1645594863832,633,63,5,0,36787,0,DKU006#
DEVICE,1645594880571,1645594863864,4,1645594863864,633,63,5,0,36787,0,DKU006#
DEVICE,1645594880603,1645594863896,4,1645594863896,630,63,5,0,36787,0,DKU006#
DEVICE,1645594880636,1645594863929,4,1645594863929,625,62,5,0,36787,0,DKU006#
DEVICE,1645594880667,1645594863960,4,1645594863960,646,64,5,0,36787,0,DKU006#
DEVICE,1645594880700,1645594863993,4,1645594863993,645,64,5,0,36787,0,DKU006#
DEVICE,1645594880731,1645594864024,4,1645594864024,661,66,5,0,36787,0,DKU006#
DEVICE,1645594880769,1645594864062,4,1645594864062,666,66,5,0,36787,0,DKU006#
DEVICE,1645594880795,1645594864088,4,1645594864088,677,67,5,0,36787,0,DKU006#
DEVICE,1645594880852,1645594864145,4,1645594864145,689,68,5,0,36787,0,DKU006#
DEVICE,1645594880865,1645594864158,4,1645594864158,702,70,5,0,36787,0,DKU006#
DEVICE,1645594880890,1645594864183,4,1645594864183,696,69,5,0,36787,0,DKU006#
DEVICE,1645594880923,1645594864216,4,1645594864216,716,71,5,0,36787,0,DKU006#
DEVICE,1645594880954,1645594864247,4,1645594864247,703,70,5,0,36787,0,DKU006#
DEVICE,1645594880987,1645594864280,4,1645594864280,723,72,5,0,36787,0,DKU006#
DEVICE,1645594881019,1645594864312,4,1645594864312,723,72,5,0,36787,0,DKU006#
DEVICE,1645594881051,1645594864344,4,1645594864344,722,72,5,0,36787,0,DKU006#
DEVICE,1645594881084,1645594864377,4,1645594864377,728,72,5,0,36787,0,DKU006#
DEVICE,1645594881115,1645594864408,4,1645594864408,717,71,5,0,36787,0,DKU006#
DEVICE,1645594881147,1645594864440,4,1645594864440,722,72,5,0,36787,0,DKU006#
DEVICE,1645594881179,1645594864472,4,1645594864472,732,73,5,0,36787,0,DKU006#
DEVICE,1645594881210,1645594864503,4,1645594864503,723,72,5,0,36787,0,DKU006#
DEVICE,1645594881242,1645594864535,4,1645594864535,706,70,5,0,36787,0,DKU006#
DEVICE,1645594881275,1645594864568,4,1645594864568,702,70,5,0,36787,0,DKU006#
DEVICE,1645594881307,1645594864600,4,1645594864600,707,70,5,0,36787,0,DKU006#
DEVICE,1645594881339,1645594864632,4,1645594864632,687,68,5,0,36787,0,DKU006#
DEVICE,1645594881372,1645594864665,4,1645594864665,677,67,5,0,36787,0,DKU006#
DEVICE,1645594881403,1645594864696,4,1645594864696,664,66,5,0,36787,0,DKU006#
DEVICE,1645594881435,1645594864728,4,1645594864728,661,66,5,0,36787,0,DKU006#
DEVICE,1645594881467,1645594864760,4,1645594864760,642,64,5,0,36787,0,DKU006#
DEVICE,1645594881499,1645594864792,4,1645594864792,636,63,5,0,36787,0,DKU006#
DEVICE,1645594881531,1645594864824,4,1645594864824,644,64,5,0,36787,0,DKU006#
DEVICE,1645594881562,1645594864855,4,1645594864855,623,62,5,0,36787,0,DKU006#
DEVICE,1645594881595,1645594864888,4,1645594864888,620,62,5,0,36787,0,DKU006#
DEVICE,1645594881627,1645594864920,4,1645594864920,634,63,5,0,36787,0,DKU006#
DEVICE,1645594881658,1645594864951,4,1645594864951,638,63,5,0,36787,0,DKU006#
DEVICE,1645594881690,1645594864983,4,1645594864983,645,64,5,0,36787,0,DKU006#
DEVICE,1645594881722,1645594865015,4,1645594865015,662,66,5,0,36787,0,DKU006#
DEVICE,1645594881755,1645594865048,4,1645594865048,682,68,5,0,36787,0,DKU006#
DEVICE,1645594881787,1645594865080,4,1645594865080,682,68,5,0,36787,0,DKU006#
DEVICE,1645594881818,1645594865111,4,1645594865111,696,69,5,0,36787,0,DKU006#
DEVICE,1645594881851,1645594865144,4,1645594865144,708,70,5,0,36787,0,DKU006#
DEVICE,1645594881883,1645594865176,4,1645594865176,714,71,5,0,36787,0,DKU006#
DEVICE,1645594881913,1645594865206,4,1645594865206,717,71,5,0,36787,0,DKU006#
DEVICE,1645594881946,1645594865239,4,1645594865239,722,72,5,0,36787,0,DKU006#
DEVICE,1645594881978,1645594865271,4,1645594865271,728,72,5,0,36787,0,DKU006#
DEVICE,1645594882010,1645594865303,4,1645594865303,730,73,5,0,36787,0,DKU006#
DEVICE,1645594882042,1645594865335,4,1645594865335,719,71,5,0,36787,0,DKU006#
DEVICE,1645594882074,1645594865367,4,1645594865367,726,72,5,0,36787,0,DKU006#
DEVICE,1645594882106,1645594865399,4,1645594865399,704,70,5,0,36787,0,DKU006#
DEVICE,1645594882138,1645594865431,4,1645594865431,725,72,5,0,36787,0,DKU006#
DEVICE,1645594882170,1645594865463,4,1645594865463,716,71,5,0,36787,0,DKU006#
DEVICE,1645594882202,1645594865495,4,1645594865495,716,71,5,0,36787,0,DKU006#
DEVICE,1645594882235,1645594865528,4,1645594865528,698,69,5,0,36787,0,DKU006#
DEVICE,1645594882266,1645594865559,4,1645594865559,686,68,5,0,36787,0,DKU006#
DEVICE,1645594882299,1645594865592,4,1645594865592,683,68,5,0,36787,0,DKU006#
DEVICE,1645594882330,1645594865623,4,1645594865623,673,67,5,0,36787,0,DKU006#
DEVICE,1645594882362,1645594865655,4,1645594865655,662,66,5,0,36787,0,DKU006#
DEVICE,1645594882394,1645594865687,4,1645594865687,656,65,5,0,36787,0,DKU006#
DEVICE,1645594882426,1645594865719,4,1645594865719,642,64,5,0,36787,0,DKU006#
DEVICE,1645594882457,1645594865750,4,1645594865750,625,62,5,0,36787,0,DKU006#
DEVICE,1645594882490,1645594865783,4,1645594865783,633,63,5,0,36787,0,DKU006#
DEVICE,1645594882522,1645594865815,4,1645594865815,616,61,5,0,36787,0,DKU006#
DEVICE,1645594882554,1645594865847,4,1645594865847,618,61,5,0,36787,0,DKU006#
DEVICE,1645594882586,1645594865879,4,1645594865879,622,62,5,0,36787,0,DKU006#
DEVICE,1645594882638,1645594865931,4,1645594865931,636,63,5,0,36787,0,DKU006#
DEVICE,1645594882669,1645594865962,4,1645594865962,656,65,5,0,36787,0,DKU006#
DEVICE,1645594882702,1645594865995,4,1645594865995,658,65,5,0,36787,0,DKU006#
DEVICE,1645594882728,1645594866021,4,1645594866021,680,68,5,0,36787,0,DKU006#
DEVICE,1645594882756,1645594866049,4,1645594866049,682,68,5,0,36787,0,DKU006#
DEVICE,1645594882786,1645594866079,4,1645594866079,686,68,5,0,36787,0,DKU006#
DEVICE,1645594882818,1645594866111,4,1645594866111,706,70,5,0,36787,0,DKU006#
DEVICE,1645594882846,1645594866139,4,1645594866139,690,69,5,0,36787,0,DKU006#
DEVICE,1645594882873,1645594866166,4,1645594866166,713,71,5,0,36787,0,DKU006#
DEVICE,1645594882906,1645594866199,4,1645594866199,720,72,5,0,36787,0,DKU006#
DEVICE,1645594882938,1645594866231,4,1645594866231,718,71,5,0,36787,0,DKU006#
DEVICE,1645594882972,1645594866265,4,1645594866265,708,70,5,0,36787,0,DKU006#
DEVICE,1645594883004,1645594866297,4,1645594866297,700,70,5,0,36787,0,DKU006#
DEVICE,1645594883034,1645594866327,4,1645594866327,712,71,5,0,36787,0,DKU006#
DEVICE,1645594883066,1645594866359,4,1645594866359,699,69,5,0,36787,0,DKU006#
DEVICE,1645594883098,1645594866391,4,1645594866391,705,70,5,0,36787,0,DKU006#
DEVICE,1645594883130,1645594866423,4,1645594866423,677,67,5,0,36787,0,DKU006#
DEVICE,1645594883161,1645594866454,4,1645594866454,680,68,5,0,36787,0,DKU006#
DEVICE,1645594883194,1645594866487,4,1645594866487,679,67,5,0,36787,0,DKU006#
DEVICE,1645594883225,1645594866518,4,1645594866518,667,66,5,0,36787,0,DKU006#
DEVICE,1645594883258,1645594866551,4,1645594866551,668,66,5,0,36787,0,DKU006#
DEVICE,1645594883289,1645594866582,4,1645594866582,646,64,5,0,36787,0,DKU006#
DEVICE,1645594883321,1645594866614,4,1645594866614,639,63,5,0,36787,0,DKU006#
DEVICE,1645594883353,1645594866646,4,1645594866646,623,62,5,0,36787,0,DKU006#
DEVICE,1645594883385,1645594866678,4,1645594866678,625,62,5,0,36787,0,DKU006#
DEVICE,1645594883418,1645594866711,4,1645594866711,613,61,5,0,36787,0,DKU006#
DEVICE,1645594883453,1645594866746,4,1645594866746,616,61,5,0,36787,0,DKU006#
DEVICE,1645594883480,1645594866773,4,1645594866773,624,62,5,0,36787,0,DKU006#
DEVICE,1645594883513,1645594866806,4,1645594866806,628,62,5,0,36787,0,DKU006#
DEVICE,1645594883544,1645594866837,4,1645594866837,634,63,5,0,36787,0,DKU006#
DEVICE,1645594883576,1645594866869,4,1645594866869,641,64,5,0,36787,0,DKU006#
DEVICE,1645594883609,1645594866902,4,1645594866902,659,65,5,0,36787,0,DKU006#
DEVICE,1645594883641,1645594866934,4,1645594866934,670,67,5,0,36787,0,DKU006#
DEVICE,1645594883672,1645594866965,4,1645594866965,685,68,5,0,36787,0,DKU006#
DEVICE,1645594883704,1645594866997,4,1645594866997,688,68,5,0,36787,0,DKU006#
DEVICE,1645594883737,1645594867030,4,1645594867030,708,70,5,0,36787,0,DKU006#
DEVICE,1645594883769,1645594867062,4,1645594867062,713,71,5,0,36787,0,DKU006#
DEVICE,1645594883800,1645594867093,4,1645594867093,714,71,5,0,36787,0,DKU006#
DEVICE,1645594883832,1645594867125,4,1645594867125,732,73,5,0,36787,0,DKU006#
DEVICE,1645594883869,1645594867162,4,1645594867162,730,73,5,0,36787,0,DKU006#
DEVICE,1645594883903,1645594867196,4,1645594867196,731,73,5,0,36787,0,DKU006#
DEVICE,1645594883931,1645594867224,4,1645594867224,722,72,5,0,36787,0,DKU006#
DEVICE,1645594883987,1645594867280,4,1645594867280,720,72,5,0,36787,0,DKU006#
DEVICE,1645594884014,1645594867307,4,1645594867307,721,72,5,0,36787,0,DKU006#
DEVICE,1645594884043,1645594867336,4,1645594867336,708,70,5,0,36787,0,DKU006#
DEVICE,1645594884070,1645594867363,4,1645594867363,696,69,5,0,36787,0,DKU006#
DEVICE,1645594884100,1645594867393,4,1645594867393,696,69,5,0,36787,0,DKU006#
DEVICE,1645594884128,1645594867421,4,1645594867421,674,67,5,0,36787,0,DKU006#
DEVICE,1645594884178,1645594867471,4,1645594867471,672,67,5,0,36787,0,DKU006#
DEVICE,1645594884204,1645594867497,4,1645594867497,670,67,5,0,36787,0,DKU006#
DEVICE,1645594884230,1645594867523,4,1645594867523,677,67,5,0,36787,0,DKU006#
DEVICE,1645594884258,1645594867551,4,1645594867551,647,64,5,0,36787,0,DKU006#
DEVICE,1645594884284,1645594867577,4,1645594867577,647,64,5,0,36787,0,DKU006#
DEVICE,1645594884311,1645594867604,4,1645594867604,643,64,5,0,36787,0,DKU006#
DEVICE,1645594884345,1645594867638,4,1645594867638,621,62,5,0,36787,0,DKU006#
DEVICE,1645594884361,1645594867654,4,1645594867654,628,62,5,0,36787,0,DKU006#
DEVICE,1645594884392,1645594867685,4,1645594867685,637,63,5,0,36787,0,DKU006#
DEVICE,1645594884425,1645594867718,4,1645594867718,641,64,5,0,36787,0,DKU006#
DEVICE,1645594884457,1645594867750,4,1645594867750,642,64,5,0,36787,0,DKU006#
DEVICE,1645594884490,1645594867783,4,1645594867783,664,66,5,0,36787,0,DKU006#
DEVICE,1645594884521,1645594867814,4,1645594867814,678,67,5,0,36787,0,DKU006#
DEVICE,1645594884554,1645594867847,4,1645594867847,676,67,5,0,36787,0,DKU006#
DEVICE,1645594884585,1645594867878,4,1645594867878,691,69,5,0,36787,0,DKU006#
DEVICE,1645594884618,1645594867911,4,1645594867911,699,69,5,0,36787,0,DKU006#
DEVICE,1645594884650,1645594867943,4,1645594867943,715,71,5,0,36787,0,DKU006#
DEVICE,1645594884681,1645594867974,4,1645594867974,718,71,5,0,36787,0,DKU006#
DEVICE,1645594884713,1645594868006,4,1645594868006,718,71,5,0,36787,0,DKU006#
DEVICE,1645594884753,1645594868046,4,1645594868046,722,72,5,0,36787,0,DKU006#
DEVICE,1645594884787,1645594868080,4,1645594868080,720,72,5,0,36787,0,DKU006#
DEVICE,1645594884817,1645594868110,4,1645594868110,732,73,5,0,36787,0,DKU006#
DEVICE,1645594884871,1645594868164,4,1645594868164,726,72,5,0,36787,0,DKU006#
DEVICE,1645594884909,1645594868202,4,1645594868202,729,72,5,0,36787,0,DKU006#
DEVICE,1645594884948,1645594868241,4,1645594868241,706,70,5,0,36787,0,DKU006#
DEVICE,1645594884981,1645594868274,4,1645594868274,699,69,5,0,36787,0,DKU006#
DEVICE,1645594884994,1645594868287,4,1645594868287,696,69,5,0,36787,0,DKU006#
DEVICE,1645594885003,1645594868296,4,1645594868296,693,69,5,0,36787,0,DKU006#
DEVICE,1645594885033,1645594868326,4,1645594868326,685,68,5,0,36787,0,DKU006#
DEVICE,1645594885069,1645594868362,4,1645594868362,671,67,5,0,36787,0,DKU006#
DEVICE,1645594885100,1645594868393,4,1645594868393,658,65,5,0,36787,0,DKU006#
DEVICE,1645594885130,1645594868423,4,1645594868423,659,65,5,0,36787,0,DKU006#
DEVICE,1645594885169,1645594868462,4,1645594868462,646,64,5,0,36787,0,DKU006#
DEVICE,1645594885203,1645594868496,4,1645594868496,644,64,5,0,36787,0,DKU006#
DEVICE,1645594885233,1645594868526,4,1645594868526,634,63,5,0,36787,0,DKU006#
DEVICE,1645594885260,1645594868553,4,1645594868553,634,63,5,0,36787,0,DKU006#
DEVICE,1645594885290,1645594868583,4,1645594868583,636,63,5,0,36787,0,DKU006#
DEVICE,1645594885322,1645594868615,4,1645594868615,630,63,5,0,36787,0,DKU006#
DEVICE,1645594885352,1645594868645,4,1645594868645,644,64,5,0,36787,0,DKU006#
DEVICE,1645594885385,1645594868678,4,1645594868678,646,64,5,0,36787,0,DKU006#
DEVICE,1645594885418,1645594868711,4,1645594868711,663,66,5,0,36787,0,DKU006#
DEVICE,1645594885454,1645594868747,4,1645594868747,673,67,5,0,36787,0,DKU006#
DEVICE,1645594885486,1645594868779,4,1645594868779,679,67,5,0,36787,0,DKU006#
DEVICE,1645594885519,1645594868812,4,1645594868812,678,67,5,0,36787,0,DKU006#
DEVICE,1645594885552,1645594868845,4,1645594868845,690,69,5,0,36787,0,DKU006#
DEVICE,1645594885586,1645594868879,4,1645594868879,703,70,5,0,36787,0,DKU006#
DEVICE,1645594885619,1645594868912,4,1645594868912,703,70,5,0,36787,0,DKU006#
DEVICE,1645594885646,1645594868939,4,1645594868939,712,71,5,0,36787,0,DKU006#
DEVICE,1645594885673,1645594868966,4,1645594868966,711,71,5,0,36787,0,DKU006#
DEVICE,1645594885704,1645594868997,4,1645594868997,720,72,5,0,36787,0,DKU006#
DEVICE,1645594885738,1645594869031,4,1645594869031,726,72,5,0,36787,0,DKU006#
DEVICE,1645594885769,1645594869062,4,1645594869062,720,72,5,0,36787,0,DKU006#
DEVICE,1645594885801,1645594869094,4,1645594869094,714,71,5,0,36787,0,DKU006#
DEVICE,1645594885833,1645594869126,4,1645594869126,720,72,5,0,36787,0,DKU006#
DEVICE,1645594885869,1645594869162,4,1645594869162,712,71,5,0,36787,0,DKU006#
DEVICE,1645594885897,1645594869190,4,1645594869190,705,70,5,0,36787,0,DKU006#
DEVICE,1645594885929,1645594869222,4,1645594869222,693,69,5,0,36787,0,DKU006#
DEVICE,1645594885961,1645594869254,4,1645594869254,689,68,5,0,36787,0,DKU006#
DEVICE,1645594885992,1645594869285,4,1645594869285,673,67,5,0,36787,0,DKU006#
DEVICE,1645594886024,1645594869317,4,1645594869317,669,66,5,0,36787,0,DKU006#
DEVICE,1645594886057,1645594869350,4,1645594869350,673,67,5,0,36787,0,DKU006#
DEVICE,1645594886089,1645594869382,4,1645594869382,641,64,5,0,36787,0,DKU006#
DEVICE,1645594886141,1645594869434,4,1645594869434,644,64,5,0,36787,0,DKU006#
DEVICE,1645594886165,1645594869458,4,1645594869458,640,64,5,0,36787,0,DKU006#
DEVICE,1645594886191,1645594869484,4,1645594869484,636,63,5,0,36787,0,DKU006#
DEVICE,1645594886224,1645594869517,4,1645594869517,623,62,5,0,36787,0,DKU006#
DEVICE,1645594886255,1645594869548,4,1645594869548,618,61,5,0,36787,0,DKU006#
DEVICE,1645594886281,1645594869574,4,1645594869574,642,64,5,0,36787,0,DKU006#
DEVICE,1645594886312,1645594869605,4,1645594869605,634,63,5,0,36787,0,DKU006#
DEVICE,1645594886344,1645594869637,4,1645594869637,647,64,5,0,36787,0,DKU006#
DEVICE,1645594886376,1645594869669,4,1645594869669,649,64,5,0,36787,0,DKU006#
DEVICE,1645594886408,1645594869701,4,1645594869701,680,68,5,0,36787,0,DKU006#
DEVICE,1645594886440,1645594869733,4,1645594869733,688,68,5,0,36787,0,DKU006#
DEVICE,1645594886472,1645594869765,4,1645594869765,689,68,5,0,36787,0,DKU006#
DEVICE,1645594886505,1645594869798,4,1645594869798,690,69,5,0,36787,0,DKU006#
DEVICE,1645594886538,1645594869831,4,1645594869831,714,71,5,0,36787,0,DKU006#
DEVICE,1645594886568,1645594869861,4,1645594869861,720,72,5,0,36787,0,DKU006#
DEVICE,1645594886600,1645594869893,4,1645594869893,710,71,5,0,36787,0,DKU006#
DEVICE,1645594886632,1645594869925,4,1645594869925,711,71,5,0,36787,0,DKU006#
DEVICE,1645594886669,1645594869962,4,1645594869962,719,71,5,0,36787,0,DKU006#
DEVICE,1645594886703,1645594869996,4,1645594869996,728,72,5,0,36787,0,DKU006#
DEVICE,1645594886731,1645594870024,4,1645594870024,726,72,5,0,36787,0,DKU006#
DEVICE,1645594886760,1645594870053,4,1645594870053,718,71,5,0,36787,0,DKU006#
DEVICE,1645594886792,1645594870085,4,1645594870085,711,71,5,0,36787,0,DKU006#
DEVICE,1645594886824,1645594870117,4,1645594870117,712,71,5,0,36787,0,DKU006#
DEVICE,1645594886856,1645594870149,4,1645594870149,707,70,5,0,36787,0,DKU006#
DEVICE,1645594886888,1645594870181,4,1645594870181,703,70,5,0,36787,0,DKU006#
DEVICE,1645594886921,1645594870214,4,1645594870214,687,68,5,0,36787,0,DKU006#
DEVICE,1645594886952,1645594870245,4,1645594870245,682,68,5,0,36787,0,DKU006#
DEVICE,1645594886984,1645594870277,4,1645594870277,682,68,5,0,36787,0,DKU006#
DEVICE,1645594887016,1645594870309,4,1645594870309,666,66,5,0,36787,0,DKU006#
DEVICE,1645594887048,1645594870341,4,1645594870341,663,66,5,0,36787,0,DKU006#
DEVICE,1645594887080,1645594870373,4,1645594870373,656,65,5,0,36787,0,DKU006#
DEVICE,1645594887112,1645594870405,4,1645594870405,634,63,5,0,36787,0,DKU006#
DEVICE,1645594887144,1645594870437,4,1645594870437,638,63,5,0,36787,0,DKU006#
DEVICE,1645594887175,1645594870468,4,1645594870468,640,64,5,0,36787,0,DKU006#
DEVICE,1645594887207,1645594870500,4,1645594870500,648,64,5,0,36787,0,DKU006#
DEVICE,1645594887240,1645594870533,4,1645594870533,648,64,5,0,36787,0,DKU006#
DEVICE,1645594887271,1645594870564,4,1645594870564,665,66,5,0,36787,0,DKU006#
DEVICE,1645594887304,1645594870597,4,1645594870597,673,67,5,0,36787,0,DKU006#
DEVICE,1645594887336,1645594870629,4,1645594870629,674,67,5,0,36787,0,DKU006#
DEVICE,1645594887368,1645594870661,4,1645594870661,680,68,5,0,36787,0,DKU006#
DEVICE,1645594887400,1645594870693,4,1645594870693,689,68,5,0,36787,0,DKU006#
DEVICE,1645594887431,1645594870724,4,1645594870724,712,71,5,0,36787,0,DKU006#
DEVICE,1645594887464,1645594870757,4,1645594870757,714,71,5,0,36787,0,DKU006#
DEVICE,1645594887496,1645594870789,4,1645594870789,709,70,5,0,36787,0,DKU006#
DEVICE,1645594887527,1645594870820,4,1645594870820,723,72,5,0,36787,0,DKU006#
DEVICE,1645594887560,1645594870853,4,1645594870853,729,72,5,0,36787,0,DKU006#
DEVICE,1645594887591,1645594870884,4,1645594870884,721,72,5,0,36787,0,DKU006#
DEVICE,1645594887623,1645594870916,4,1645594870916,719,71,5,0,36787,0,DKU006#
DEVICE,1645594887655,1645594870948,4,1645594870948,738,73,5,0,36787,0,DKU006#
DEVICE,1645594887687,1645594870980,4,1645594870980,725,72,5,0,36787,0,DKU006#
DEVICE,1645594887720,1645594871013,4,1645594871013,717,71,5,0,36787,0,DKU006#
DEVICE,1645594887751,1645594871044,4,1645594871044,720,72,5,0,36787,0,DKU006#
DEVICE,1645594887784,1645594871077,4,1645594871077,716,71,5,0,36787,0,DKU006#
DEVICE,1645594887815,1645594871108,4,1645594871108,705,70,5,0,36787,0,DKU006#
DEVICE,1645594887848,1645594871141,4,1645594871141,701,70,5,0,36787,0,DKU006#
DEVICE,1645594887879,1645594871172,4,1645594871172,692,69,5,0,36787,0,DKU006#
DEVICE,1645594887911,1645594871204,4,1645594871204,693,69,5,0,36787,0,DKU006#
DEVICE,1645594887943,1645594871236,4,1645594871236,669,66,5,0,36787,0,DKU006#
DEVICE,1645594887975,1645594871268,4,1645594871268,676,67,5,0,36787,0,DKU006#
DEVICE,1645594888007,1645594871300,4,1645594871300,665,66,5,0,36787,0,DKU006#
DEVICE,1645594888039,1645594871332,4,1645594871332,652,65,5,0,36787,0,DKU006#
DEVICE,1645594888071,1645594871364,4,1645594871364,649,64,5,0,36787,0,DKU006#
DEVICE,1645594888103,1645594871396,4,1645594871396,649,64,5,0,36787,0,DKU006#
DEVICE,1645594888136,1645594871429,4,1645594871429,642,64,5,0,36787,0,DKU006#
DEVICE,1645594888167,1645594871460,4,1645594871460,643,64,5,0,36787,0,DKU006#
DEVICE,1645594888199,1645594871492,4,1645594871492,661,66,5,0,36787,0,DKU006#
DEVICE,1645594888231,1645594871524,4,1645594871524,671,67,5,0,36787,0,DKU006#
DEVICE,1645594888263,1645594871556,4,1645594871556,677,67,5,0,36787,0,DKU006#
DEVICE,1645594888295,1645594871588,4,1645594871588,681,68,5,0,36787,0,DKU006#
DEVICE,1645594888327,1645594871620,4,1645594871620,681,68,5,0,36787,0,DKU006#
DEVICE,1645594888359,1645594871652,4,1645594871652,693,69,5,0,36787,0,DKU006#
DEVICE,1645594888391,1645594871684,4,1645594871684,699,69,5,0,36787,0,DKU006#
DEVICE,1645594888423,1645594871716,4,1645594871716,705,70,5,0,36787,0,DKU006#
DEVICE,1645594888455,1645594871748,4,1645594871748,714,71,5,0,36787,0,DKU006#
DEVICE,1645594888487,1645594871780,4,1645594871780,719,71,5,0,36787,0,DKU006#
DEVICE,1645594888519,1645594871812,4,1645594871812,719,71,5,0,36787,0,DKU006#
DEVICE,1645594888551,1645594871844,4,1645594871844,727,72,5,0,36787,0,DKU006#
DEVICE,1645594888584,1645594871877,4,1645594871877,727,72,5,0,36787,0,DKU006#
DEVICE,1645594888615,1645594871908,4,1645594871908,724,72,5,0,36787,0,DKU006#
DEVICE,1645594888647,1645594871940,4,1645594871940,715,71,5,0,36787,0,DKU006#
DEVICE,1645594888679,1645594871972,4,1645594871972,713,71,5,0,36787,0,DKU006#
DEVICE,1645594888711,1645594872004,4,1645594872004,716,71,5,0,36787,0,DKU006#
DEVICE,1645594888743,1645594872036,4,1645594872036,702,70,5,0,36787,0,DKU006#
DEVICE,1645594888774,1645594872067,4,1645594872067,703,70,5,0,36787,0,DKU006#
DEVICE,1645594888807,1645594872100,4,1645594872100,691,69,5,0,36787,0,DKU006#
DEVICE,1645594888839,1645594872132,4,1645594872132,693,69,5,0,36787,0,DKU006#
DEVICE,1645594888870,1645594872163,4,1645594872163,683,68,5,0,36787,0,DKU006#
DEVICE,1645594888903,1645594872196,4,1645594872196,670,67,5,0,36787,0,DKU006#
DEVICE,1645594888935,1645594872228,4,1645594872228,671,67,5,0,36787,0,DKU006#
DEVICE,1645594888967,1645594872260,4,1645594872260,664,66,5,0,36787,0,DKU006#
DEVICE,1645594888999,1645594872292,4,1645594872292,642,64,5,0,36787,0,DKU006#
DEVICE,1645594889031,1645594872324,4,1645594872324,647,64,5,0,36787,0,DKU006#
DEVICE,1645594889064,1645594872357,4,1645594872357,648,64,5,0,36787,0,DKU006#
DEVICE,1645594889095,1645594872388,4,1645594872388,639,63,5,0,36787,0,DKU006#
DEVICE,1645594889126,1645594872419,4,1645594872419,641,64,5,0,36787,0,DKU006#
DEVICE,1645594889158,1645594872451,4,1645594872451,647,64,5,0,36787,0,DKU006#
DEVICE,1645594889191,1645594872484,4,1645594872484,665,66,5,0,36787,0,DKU006#
DEVICE,1645594889222,1645594872515,4,1645594872515,668,66,5,0,36787,0,DKU006#
DEVICE,1645594889254,1645594872547,4,1645594872547,688,68,5,0,36787,0,DKU006#
DEVICE,1645594889287,1645594872580,4,1645594872580,683,68,5,0,36787,0,DKU006#
DEVICE,1645594889319,1645594872612,4,1645594872612,707,70,5,0,36787,0,DKU006#
DEVICE,1645594889351,1645594872644,4,1645594872644,722,72,5,0,36787,0,DKU006#
DEVICE,1645594889383,1645594872676,4,1645594872676,706,70,5,0,36787,0,DKU006#
DEVICE,1645594889414,1645594872707,4,1645594872707,725,72,5,0,36787,0,DKU006#
DEVICE,1645594889447,1645594872740,4,1645594872740,726,72,5,0,36787,0,DKU006#
DEVICE,1645594889478,1645594872771,4,1645594872771,734,73,5,0,36787,0,DKU006#
DEVICE,1645594889510,1645594872803,4,1645594872803,718,71,5,0,36787,0,DKU006#
DEVICE,1645594889542,1645594872835,4,1645594872835,742,74,5,0,36787,0,DKU006#
DEVICE,1645594889574,1645594872867,4,1645594872867,728,72,5,0,36787,0,DKU006#
DEVICE,1645594889605,1645594872898,4,1645594872898,715,71,5,0,36787,0,DKU006#
DEVICE,1645594889637,1645594872930,4,1645594872930,722,72,5,0,36787,0,DKU006#
DEVICE,1645594889669,1645594872962,4,1645594872962,699,69,5,0,36787,0,DKU006#
DEVICE,1645594889701,1645594872994,4,1645594872994,696,69,5,0,36787,0,DKU006#
DEVICE,1645594889733,1645594873026,4,1645594873026,697,69,5,0,36787,0,DKU006#
DEVICE,1645594889766,1645594873059,4,1645594873059,681,68,5,0,36787,0,DKU006#
DEVICE,1645594889798,1645594873091,4,1645594873091,697,69,5,0,36787,0,DKU006#
DEVICE,1645594889830,1645594873123,4,1645594873123,678,67,5,0,36787,0,DKU006#
DEVICE,1645594889862,1645594873155,4,1645594873155,669,66,5,0,36787,0,DKU006#
DEVICE,1645594889894,1645594873187,4,1645594873187,658,65,5,0,36787,0,DKU006#
DEVICE,1645594889926,1645594873219,4,1645594873219,659,65,5,0,36787,0,DKU006#
DEVICE,1645594889957,1645594873250,4,1645594873250,653,65,5,0,36787,0,DKU006#
DEVICE,1645594889990,1645594873283,4,1645594873283,652,65,5,0,36787,0,DKU006#
DEVICE,1645594890022,1645594873315,4,1645594873315,655,65,5,0,36787,0,DKU006#
DEVICE,1645594890053,1645594873346,4,1645594873346,659,65,5,0,36787,0,DKU006#
DEVICE,1645594890086,1645594873379,4,1645594873379,668,66,5,0,36787,0,DKU006#
DEVICE,1645594890118,1645594873411,4,1645594873411,674,67,5,0,36787,0,DKU006#
DEVICE,1645594890150,1645594873443,4,1645594873443,685,68,5,0,36787,0,DKU006#
DEVICE,1645594890183,1645594873476,4,1645594873476,688,68,5,0,36787,0,DKU006#
DEVICE,1645594890216,1645594873509,4,1645594873509,685,68,5,0,36787,0,DKU006#
DEVICE,1645594890245,1645594873538,4,1645594873538,700,70,5,0,36787,0,DKU006#
DEVICE,1645594890277,1645594873570,4,1645594873570,711,71,5,0,36787,0,DKU006#
DEVICE,1645594890310,1645594873603,4,1645594873603,711,71,5,0,36787,0,DKU006#
DEVICE,1645594890342,1645594873635,4,1645594873635,718,71,5,0,36787,0,DKU006#
DEVICE,1645594890374,1645594873667,4,1645594873667,714,71,5,0,36787,0,DKU006#
DEVICE,1645594890405,1645594873698,4,1645594873698,720,72,5,0,36787,0,DKU006#
DEVICE,1645594890438,1645594873731,4,1645594873731,720,72,5,0,36787,0,DKU006#
DEVICE,1645594890470,1645594873763,4,1645594873763,730,73,5,0,36787,0,DKU006#
DEVICE,1645594890502,1645594873795,4,1645594873795,731,73,5,0,36787,0,DKU006#
DEVICE,1645594890534,1645594873827,4,1645594873827,736,73,5,0,36787,0,DKU006#
DEVICE,1645594890566,1645594873859,4,1645594873859,724,72,5,0,36787,0,DKU006#
DEVICE,1645594890597,1645594873890,4,1645594873890,726,72,5,0,36787,0,DKU006#
DEVICE,1645594890629,1645594873922,4,1645594873922,717,71,5,0,36787,0,DKU006#
DEVICE,1645594890660,1645594873953,4,1645594873953,721,72,5,0,36787,0,DKU006#
DEVICE,1645594890684,1645594873977,4,1645594873977,718,71,5,0,36787,0,DKU006#
DEVICE,1645594890710,1645594874003,4,1645594874003,710,71,5,0,36787,0,DKU006#
DEVICE,1645594890757,1645594874050,4,1645594874050,706,70,5,0,36787,0,DKU006#
DEVICE,1645594890777,1645594874070,4,1645594874070,696,69,5,0,36787,0,DKU006#
DEVICE,1645594890806,1645594874099,4,1645594874099,693,69,5,0,36787,0,DKU006#
DEVICE,1645594890838,1645594874131,4,1645594874131,687,68,5,0,36787,0,DKU006#
DEVICE,1645594890870,1645594874163,4,1645594874163,682,68,5,0,36787,0,DKU006#
DEVICE,1645594890902,1645594874195,4,1645594874195,669,66,5,0,36787,0,DKU006#
DEVICE,1645594890934,1645594874227,4,1645594874227,671,67,5,0,36787,0,DKU006#
DEVICE,1645594890966,1645594874259,4,1645594874259,666,66,5,0,36787,0,DKU006#
DEVICE,1645594890998,1645594874291,4,1645594874291,658,65,5,0,36787,0,DKU006#
DEVICE,1645594891030,1645594874323,4,1645594874323,663,66,5,0,36787,0,DKU006#
DEVICE,1645594891061,1645594874354,4,1645594874354,673,67,5,0,36787,0,DKU006#
DEVICE,1645594891094,1645594874387,4,1645594874387,677,67,5,0,36787,0,DKU006#
DEVICE,1645594891126,1645594874419,4,1645594874419,673,67,5,0,36787,0,DKU006#
DEVICE,1645594891157,1645594874450,4,1645594874450,679,67,5,0,36787,0,DKU006#
DEVICE,1645594891189,1645594874482,4,1645594874482,685,68,5,0,36787,0,DKU006#
DEVICE,1645594891222,1645594874515,4,1645594874515,704,70,5,0,36787,0,DKU006#
DEVICE,1645594891254,1645594874547,4,1645594874547,706,70,5,0,36787,0,DKU006#
DEVICE,1645594891286,1645594874579,4,1645594874579,715,71,5,0,36787,0,DKU006#
DEVICE,1645594891318,1645594874611,4,1645594874611,721,72,5,0,36787,0,DKU006#
DEVICE,1645594891350,1645594874643,4,1645594874643,729,72,5,0,36787,0,DKU006#
DEVICE,1645594891382,1645594874675,4,1645594874675,734,73,5,0,36787,0,DKU006#
DEVICE,1645594891414,1645594874707,4,1645594874707,741,74,5,0,36787,0,DKU006#
DEVICE,1645594891446,1645594874739,4,1645594874739,748,74,5,0,36787,0,DKU006#
DEVICE,1645594891478,1645594874771,4,1645594874771,754,75,0,0,36787,0,DKU006#
DEVICE,1645594891509,1645594874802,4,1645594874802,754,75,0,0,36787,0,DKU006#
DEVICE,1645594891542,1645594874835,4,1645594874835,765,76,0,0,36787,0,DKU006#
DEVICE,1645594891574,1645594874867,4,1645594874867,774,77,0,0,36787,0,DKU006#
DEVICE,1645594891605,1645594874898,4,1645594874898,780,78,0,0,36787,0,DKU006#
DEVICE,1645594891638,1645594874931,4,1645594874931,783,78,0,0,36787,0,DKU006#
DEVICE,1645594891668,1645594874961,4,1645594874961,765,76,0,0,36787,0,DKU006#
DEVICE,1645594891701,1645594874994,4,1645594874994,793,79,0,0,36787,0,DKU006#
DEVICE,1645594891734,1645594875027,4,1645594875027,788,78,0,0,36787,0,DKU006#
DEVICE,1645594891766,1645594875059,4,1645594875059,794,79,0,0,36787,0,DKU006#
DEVICE,1645594891798,1645594875091,4,1645594875091,818,81,0,0,36787,0,DKU006#
DEVICE,1645594891830,1645594875123,4,1645594875123,801,80,0,0,36787,0,DKU006#
DEVICE,1645594891861,1645594875154,4,1645594875154,796,79,0,0,36787,0,DKU006#
DEVICE,1645594891893,1645594875186,4,1645594875186,812,81,0,0,36787,0,DKU006#
DEVICE,1645594891925,1645594875218,4,1645594875218,808,80,0,0,36787,0,DKU006#
DEVICE,1645594891957,1645594875250,4,1645594875250,815,81,0,0,36787,0,DKU006#
DEVICE,1645594891989,1645594875282,4,1645594875282,799,79,0,0,36787,0,DKU006#
DEVICE,1645594892021,1645594875314,4,1645594875314,807,80,0,0,36787,0,DKU006#
DEVICE,1645594892053,1645594875346,4,1645594875346,807,80,0,0,36787,0,DKU006#
DEVICE,1645594892085,1645594875378,4,1645594875378,808,80,0,0,36787,0,DKU006#
DEVICE,1645594892117,1645594875410,4,1645594875410,815,81,0,0,36787,0,DKU006#
DEVICE,1645594892150,1645594875443,4,1645594875443,795,79,0,0,36787,0,DKU006#
DEVICE,1645594892181,1645594875474,4,1645594875474,803,80,0,0,36787,0,DKU006#
DEVICE,1645594892214,1645594875507,4,1645594875507,811,81,0,0,36787,0,DKU006#
DEVICE,1645594892246,1645594875539,4,1645594875539,801,80,0,0,36787,0,DKU006#
DEVICE,1645594892277,1645594875570,4,1645594875570,811,81,0,0,36787,0,DKU006#
DEVICE,1645594892309,1645594875602,4,1645594875602,799,79,0,0,36787,0,DKU006#
DEVICE,1645594892341,1645594875634,4,1645594875634,806,80,0,0,36787,0,DKU006#
DEVICE,1645594892373,1645594875666,4,1645594875666,805,80,0,0,36787,0,DKU006#
DEVICE,1645594892405,1645594875698,4,1645594875698,813,81,0,0,36787,0,DKU006#
DEVICE,1645594892437,1645594875730,4,1645594875730,798,79,0,0,36787,0,DKU006#
DEVICE,1645594892469,1645594875762,4,1645594875762,821,82,0,0,36787,0,DKU006#
DEVICE,1645594892501,1645594875794,4,1645594875794,802,80,0,0,36787,0,DKU006#
DEVICE,1645594892533,1645594875826,4,1645594875826,797,79,0,0,36787,0,DKU006#
DEVICE,1645594892565,1645594875858,4,1645594875858,800,80,0,0,36787,0,DKU006#
DEVICE,1645594892597,1645594875890,4,1645594875890,807,80,0,0,36787,0,DKU006#
DEVICE,1645594892629,1645594875922,4,1645594875922,813,81,0,0,36787,0,DKU006#
DEVICE,1645594892661,1645594875954,4,1645594875954,783,78,0,0,36787,0,DKU006#
DEVICE,1645594892692,1645594875985,4,1645594875985,809,80,0,0,36787,0,DKU006#
DEVICE,1645594892725,1645594876018,4,1645594876018,806,80,0,0,36787,0,DKU006#
DEVICE,1645594892757,1645594876050,4,1645594876050,807,80,0,0,36787,0,DKU006#
DEVICE,1645594892789,1645594876082,4,1645594876082,803,80,0,0,36787,0,DKU006#
DEVICE,1645594892821,1645594876114,4,1645594876114,793,79,0,0,36787,0,DKU006#
DEVICE,1645594892853,1645594876146,4,1645594876146,818,81,0,0,36787,0,DKU006#
DEVICE,1645594892884,1645594876177,4,1645594876177,805,80,0,0,36787,0,DKU006#
DEVICE,1645594892917,1645594876210,4,1645594876210,802,80,0,0,36787,0,DKU006#
DEVICE,1645594892949,1645594876242,4,1645594876242,824,82,0,0,36787,0,DKU006#
DEVICE,1645594892981,1645594876274,4,1645594876274,808,80,0,0,36787,0,DKU006#
DEVICE,1645594893013,1645594876306,4,1645594876306,805,80,0,0,36787,0,DKU006#
DEVICE,1645594893045,1645594876338,4,1645594876338,803,80,0,0,36787,0,DKU006#
DEVICE,1645594893077,1645594876370,4,1645594876370,818,81,0,0,36787,0,DKU006#
DEVICE,1645594893108,1645594876401,4,1645594876401,817,81,0,0,36787,0,DKU006#
DEVICE,1645594893140,1645594876433,4,1645594876433,810,81,0,0,36787,0,DKU006#
DEVICE,1645594893173,1645594876466,4,1645594876466,793,79,0,0,36787,0,DKU006#
DEVICE,1645594893205,1645594876498,4,1645594876498,799,79,0,0,36787,0,DKU006#
DEVICE,1645594893237,1645594876530,4,1645594876530,809,80,0,0,36787,0,DKU006#
DEVICE,1645594893269,1645594876562,4,1645594876562,802,80,0,0,36787,0,DKU006#
DEVICE,1645594893301,1645594876594,4,1645594876594,804,80,0,0,36787,0,DKU006#
DEVICE,1645594893333,1645594876626,4,1645594876626,803,80,0,0,36787,0,DKU006#
DEVICE,1645594893382,1645594876675,4,1645594876675,813,81,0,0,36181,0,DKU006#
DEVICE,1645594893403,1645594876696,4,1645594876696,810,81,0,0,36181,0,DKU006#
DEVICE,1645594893428,1645594876721,4,1645594876721,812,81,0,0,36181,0,DKU006#
DEVICE,1645594893460,1645594876753,4,1645594876753,790,79,0,0,36181,0,DKU006#
DEVICE,1645594893492,1645594876785,4,1645594876785,817,81,0,0,36181,0,DKU006#
DEVICE,1645594893524,1645594876817,4,1645594876817,799,79,0,0,36181,0,DKU006#
DEVICE,1645594893557,1645594876850,4,1645594876850,809,80,0,0,36181,0,DKU006#
DEVICE,1645594893588,1645594876881,4,1645594876881,811,81,0,0,36181,0,DKU006#
DEVICE,1645594893621,1645594876914,4,1645594876914,801,80,0,0,36181,0,DKU006#
DEVICE,1645594893653,1645594876946,4,1645594876946,810,81,0,0,36181,0,DKU006#
DEVICE,1645594893684,1645594876977,4,1645594876977,826,82,0,0,36181,0,DKU006#
DEVICE,1645594893716,1645594877009,4,1645594877009,809,80,0,0,36181,0,DKU006#
DEVICE,1645594893749,1645594877042,4,1645594877042,806,80,0,0,36181,0,DKU006#
DEVICE,1645594893781,1645594877074,4,1645594877074,805,80,0,0,36181,0,DKU006#
DEVICE,1645594893813,1645594877106,4,1645594877106,812,81,0,0,36181,0,DKU006#
DEVICE,1645594893844,1645594877137,4,1645594877137,810,81,0,0,36181,0,DKU006#
DEVICE,1645594893876,1645594877169,4,1645594877169,808,80,0,0,36181,0,DKU006#
DEVICE,1645594893908,1645594877201,4,1645594877201,811,81,0,0,36181,0,DKU006#
DEVICE,1645594893940,1645594877233,4,1645594877233,805,80,0,0,36181,0,DKU006#
DEVICE,1645594893973,1645594877266,4,1645594877266,809,80,0,0,36181,0,DKU006#
DEVICE,1645594894004,1645594877297,4,1645594877297,810,81,0,0,36181,0,DKU006#
DEVICE,1645594894036,1645594877329,4,1645594877329,797,79,0,0,36181,0,DKU006#
DEVICE,1645594894069,1645594877362,4,1645594877362,805,80,0,0,36181,0,DKU006#
DEVICE,1645594894100,1645594877393,4,1645594877393,811,81,0,0,36181,0,DKU006#
DEVICE,1645594894132,1645594877425,4,1645594877425,808,80,0,0,36181,0,DKU006#
DEVICE,1645594894165,1645594877458,4,1645594877458,789,78,0,0,36181,0,DKU006#
DEVICE,1645594894196,1645594877489,4,1645594877489,814,81,0,0,36181,0,DKU006#
DEVICE,1645594894229,1645594877522,4,1645594877522,806,80,0,0,36181,0,DKU006#
DEVICE,1645594894260,1645594877553,4,1645594877553,807,80,0,0,36181,0,DKU006#
DEVICE,1645594894292,1645594877585,4,1645594877585,822,82,0,0,36181,0,DKU006#
DEVICE,1645594894323,1645594877616,4,1645594877616,805,80,0,0,36181,0,DKU006#
DEVICE,1645594894372,1645594877665,4,1645594877665,810,81,0,0,36462,0,DKU006#
DEVICE,1645594894399,1645594877692,4,1645594877692,811,81,0,0,36462,0,DKU006#
DEVICE,1645594894421,1645594877714,4,1645594877714,809,80,0,0,36462,0,DKU006#
DEVICE,1645594894452,1645594877745,4,1645594877745,820,82,0,0,36462,0,DKU006#
DEVICE,1645594894485,1645594877778,4,1645594877778,819,81,0,0,36462,0,DKU006#
DEVICE,1645594894516,1645594877809,4,1645594877809,821,82,0,0,36462,0,DKU006#
DEVICE,1645594894549,1645594877842,4,1645594877842,799,79,0,0,36462,0,DKU006#
DEVICE,1645594894581,1645594877874,4,1645594877874,798,79,0,0,36462,0,DKU006#
DEVICE,1645594894612,1645594877905,4,1645594877905,813,81,0,0,36462,0,DKU006#
DEVICE,1645594894644,1645594877937,4,1645594877937,816,81,0,0,36462,0,DKU006#
DEVICE,1645594894676,1645594877969,4,1645594877969,806,80,0,0,36462,0,DKU006#
DEVICE,1645594894707,1645594878000,4,1645594878000,800,80,0,0,36462,0,DKU006#
DEVICE,1645594894740,1645594878033,4,1645594878033,803,80,0,0,36462,0,DKU006#
DEVICE,1645594894772,1645594878065,4,1645594878065,803,80,0,0,36462,0,DKU006#
DEVICE,1645594894804,1645594878097,4,1645594878097,806,80,0,0,36462,0,DKU006#
DEVICE,1645594894837,1645594878130,4,1645594878130,790,79,0,0,36462,0,DKU006#
DEVICE,1645594894868,1645594878161,4,1645594878161,808,80,0,0,36462,0,DKU006#
DEVICE,1645594894900,1645594878193,4,1645594878193,797,79,0,0,36462,0,DKU006#
DEVICE,1645594894933,1645594878226,4,1645594878226,810,81,0,0,36462,0,DKU006#
DEVICE,1645594894965,1645594878258,4,1645594878258,802,80,0,0,36462,0,DKU006#
DEVICE,1645594894996,1645594878289,4,1645594878289,796,79,0,0,36462,0,DKU006#
DEVICE,1645594895028,1645594878321,4,1645594878321,810,81,0,0,36462,0,DKU006#
DEVICE,1645594895060,1645594878353,4,1645594878353,802,80,0,0,36462,0,DKU006#
DEVICE,1645594895091,1645594878384,4,1645594878384,799,79,0,0,36462,0,DKU006#
DEVICE,1645594895123,1645594878416,4,1645594878416,794,79,0,0,36462,0,DKU006#
DEVICE,1645594895155,1645594878448,4,1645594878448,798,79,0,0,36462,0,DKU006#
DEVICE,1645594895188,1645594878481,4,1645594878481,812,81,0,0,36462,0,DKU006#
DEVICE,1645594895220,1645594878513,4,1645594878513,807,80,0,0,36462,0,DKU006#
DEVICE,1645594895252,1645594878545,4,1645594878545,802,80,0,0,36462,0,DKU006#
DEVICE,1645594895284,1645594878577,4,1645594878577,780,78,0,0,36462,0,DKU006#
DEVICE,1645594895316,1645594878609,4,1645594878609,795,79,0,0,36462,0,DKU006#
DEVICE,1645594895347,1645594878640,4,1645594878640,820,82,0,0,36462,0,DKU006#
DEVICE,1645594895380,1645594878673,4,1645594878673,797,79,0,0,36518,0,DKU006#
DEVICE,1645594895412,1645594878705,4,1645594878705,801,80,0,0,36518,0,DKU006#
DEVICE,1645594895443,1645594878736,4,1645594878736,792,79,0,0,36518,0,DKU006#
DEVICE,1645594895476,1645594878769,4,1645594878769,812,81,0,0,36518,0,DKU006#
DEVICE,1645594895508,1645594878801,4,1645594878801,790,79,0,0,36518,0,DKU006#
DEVICE,1645594895540,1645594878833,4,1645594878833,814,81,0,0,36518,0,DKU006#
DEVICE,1645594895571,1645594878864,4,1645594878864,813,81,0,0,36518,0,DKU006#
DEVICE,1645594895604,1645594878897,4,1645594878897,803,80,0,0,36518,0,DKU006#
DEVICE,1645594895651,1645594878944,4,1645594878944,809,80,0,0,36518,0,DKU006#
DEVICE,1645594895679,1645594878972,4,1645594878972,813,81,0,0,36518,0,DKU006#
DEVICE,1645594895701,1645594878994,4,1645594878994,805,80,0,0,36518,0,DKU006#
DEVICE,1645594895732,1645594879025,4,1645594879025,800,80,0,0,36518,0,DKU006#
DEVICE,1645594895763,1645594879056,4,1645594879056,790,79,0,0,36518,0,DKU006#
DEVICE,1645594895795,1645594879088,4,1645594879088,812,81,0,0,36518,0,DKU006#
DEVICE,1645594895827,1645594879120,4,1645594879120,800,80,0,0,36518,0,DKU006#
DEVICE,1645594895860,1645594879153,4,1645594879153,798,79,0,0,36518,0,DKU006#
DEVICE,1645594895891,1645594879184,4,1645594879184,817,81,0,0,36518,0,DKU006#
DEVICE,1645594895923,1645594879216,4,1645594879216,805,80,0,0,36518,0,DKU006#
DEVICE,1645594895956,1645594879249,4,1645594879249,820,82,0,0,36518,0,DKU006#
DEVICE,1645594895987,1645594879280,4,1645594879280,806,80,0,0,36518,0,DKU006#
DEVICE,1645594896020,1645594879313,4,1645594879313,801,80,0,0,36518,0,DKU006#
DEVICE,1645594896052,1645594879345,4,1645594879345,801,80,0,0,36518,0,DKU006#
DEVICE,1645594896083,1645594879376,4,1645594879376,808,80,0,0,36518,0,DKU006#
DEVICE,1645594896116,1645594879409,4,1645594879409,799,79,0,0,36518,0,DKU006#
DEVICE,1645594896148,1645594879441,4,1645594879441,801,80,0,0,36518,0,DKU006#
DEVICE,1645594896180,1645594879473,4,1645594879473,827,82,0,0,36518,0,DKU006#
DEVICE,1645594896212,1645594879505,4,1645594879505,811,81,0,0,36518,0,DKU006#
DEVICE,1645594896243,1645594879536,4,1645594879536,797,79,0,0,36518,0,DKU006#
DEVICE,1645594896275,1645594879568,4,1645594879568,812,81,0,0,36518,0,DKU006#
DEVICE,1645594896307,1645594879600,4,1645594879600,806,80,0,0,36518,0,DKU006#
DEVICE,1645594896339,1645594879632,4,1645594879632,798,79,0,0,36518,0,DKU006#
DEVICE,1645594896371,1645594879664,4,1645594879664,803,80,0,0,36618,0,DKU006#
DEVICE,1645594896403,1645594879696,4,1645594879696,789,78,0,0,36618,0,DKU006#
DEVICE,1645594896436,1645594879729,4,1645594879729,785,78,0,0,36618,0,DKU006#
DEVICE,1645594896467,1645594879760,4,1645594879760,812,81,0,0,36618,0,DKU006#
DEVICE,1645594896500,1645594879793,4,1645594879793,804,80,0,0,36618,0,DKU006#
DEVICE,1645594896531,1645594879824,4,1645594879824,813,81,0,0,36618,0,DKU006#
DEVICE,1645594896563,1645594879856,4,1645594879856,806,80,0,0,36618,0,DKU006#
DEVICE,1645594896595,1645594879888,4,1645594879888,805,80,0,0,36618,0,DKU006#
DEVICE,1645594896627,1645594879920,4,1645594879920,815,81,0,0,36618,0,DKU006#
DEVICE,1645594896658,1645594879951,4,1645594879951,799,79,0,0,36618,0,DKU006#
DEVICE,1645594896690,1645594879983,4,1645594879983,786,78,0,0,36618,0,DKU006#
DEVICE,1645594896722,1645594880015,4,1645594880015,793,79,0,0,36618,0,DKU006#
DEVICE,1645594896755,1645594880048,4,1645594880048,794,79,0,0,36618,0,DKU006#
DEVICE,1645594896787,1645594880080,4,1645594880080,797,79,0,0,36618,0,DKU006#
DEVICE,1645594896819,1645594880112,4,1645594880112,819,81,0,0,36618,0,DKU006#
DEVICE,1645594896851,1645594880144,4,1645594880144,797,79,0,0,36618,0,DKU006#
DEVICE,1645594896883,1645594880176,4,1645594880176,797,79,0,0,36618,0,DKU006#
DEVICE,1645594896914,1645594880207,4,1645594880207,799,79,0,0,36618,0,DKU006#
DEVICE,1645594896947,1645594880240,4,1645594880240,800,80,0,0,36618,0,DKU006#
DEVICE,1645594896978,1645594880271,4,1645594880271,807,80,0,0,36618,0,DKU006#
DEVICE,1645594897010,1645594880303,4,1645594880303,797,79,0,0,36618,0,DKU006#
DEVICE,1645594897042,1645594880335,4,1645594880335,811,81,0,0,36618,0,DKU006#
DEVICE,1645594897074,1645594880367,4,1645594880367,797,79,0,0,36618,0,DKU006#
DEVICE,1645594897106,1645594880399,4,1645594880399,798,79,0,0,36618,0,DKU006#
DEVICE,1645594897138,1645594880431,4,1645594880431,799,79,0,0,36618,0,DKU006#
DEVICE,1645594897170,1645594880463,4,1645594880463,804,80,0,0,36618,0,DKU006#
DEVICE,1645594897202,1645594880495,4,1645594880495,800,80,0,0,36618,0,DKU006#
DEVICE,1645594897234,1645594880527,4,1645594880527,804,80,0,0,36618,0,DKU006#
DEVICE,1645594897266,1645594880559,4,1645594880559,802,80,0,0,36618,0,DKU006#
DEVICE,1645594897298,1645594880591,4,1645594880591,813,81,0,0,36618,0,DKU006#
DEVICE,1645594897330,1645594880623,4,1645594880623,806,80,0,0,36618,0,DKU006#
