DeviceName,PTPTime,UnixTime,protocool,CurrentDeviceTime,DistanceMM,DistanceCM,Weight,Count,DistanceADC,WeightADC,DeviceName(Current)
DEVICE,1644908749986,1644908735956,4,1644908735956,795,79,0,0,36762,0,DKU006#
DEVICE,1644908750020,1644908735990,4,1644908735990,799,79,0,0,36762,0,DKU006#
DEVICE,1644908750051,1644908736021,4,1644908736021,778,77,0,0,36762,0,DKU006#
DEVICE,1644908750083,1644908736053,4,1644908736053,788,78,0,0,36762,0,DKU006#
DEVICE,1644908750115,1644908736085,4,1644908736085,785,78,0,0,36762,0,DKU006#
DEVICE,1644908750147,1644908736117,4,1644908736117,789,78,0,0,36762,0,DKU006#
DEVICE,1644908750179,1644908736149,4,1644908736149,781,78,0,0,36762,0,DKU006#
DEVICE,1644908750211,1644908736181,4,1644908736181,785,78,0,0,36762,0,DKU006#
DEVICE,1644908750243,1644908736213,4,1644908736213,793,79,0,0,36762,0,DKU006#
DEVICE,1644908750275,1644908736245,4,1644908736245,783,78,0,0,36762,0,DKU006#
DEVICE,1644908750307,1644908736277,4,1644908736277,778,77,0,0,36762,0,DKU006#
DEVICE,1644908750338,1644908736308,4,1644908736308,773,77,0,0,36762,0,DKU006#
DEVICE,1644908750370,1644908736340,4,1644908736340,791,79,0,0,36762,0,DKU006#
DEVICE,1644908750402,1644908736372,4,1644908736372,775,77,0,0,36762,0,DKU006#
DEVICE,1644908750434,1644908736404,4,1644908736404,792,79,0,0,36762,0,DKU006#
DEVICE,1644908750467,1644908736437,4,1644908736437,789,78,0,0,36762,0,DKU006#
DEVICE,1644908750498,1644908736468,4,1644908736468,778,77,0,0,36762,0,DKU006#
DEVICE,1644908750530,1644908736500,4,1644908736500,806,80,0,0,36762,0,DKU006#
DEVICE,1644908750562,1644908736532,4,1644908736532,793,79,0,0,36762,0,DKU006#
DEVICE,1644908750594,1644908736564,4,1644908736564,772,77,0,0,36762,0,DKU006#
DEVICE,1644908750626,1644908736596,4,1644908736596,782,78,0,0,36762,0,DKU006#
DEVICE,1644908750676,1644908736646,4,1644908736646,777,77,0,0,36787,0,DKU006#
DEVICE,1644908750691,1644908736661,4,1644908736661,787,78,0,0,36787,0,DKU006#
DEVICE,1644908750722,1644908736692,4,1644908736692,787,78,0,0,36787,0,DKU006#
DEVICE,1644908750754,1644908736724,4,1644908736724,782,78,0,0,36787,0,DKU006#
DEVICE,1644908750787,1644908736757,4,1644908736757,787,78,0,0,36787,0,DKU006#
DEVICE,1644908750818,1644908736788,4,1644908736788,773,77,0,0,36787,0,DKU006#
DEVICE,1644908750850,1644908736820,4,1644908736820,773,77,0,0,36787,0,DKU006#
DEVICE,1644908750882,1644908736852,4,1644908736852,776,77,0,0,36787,0,DKU006#
DEVICE,1644908750914,1644908736884,4,1644908736884,787,78,0,0,36787,0,DKU006#
DEVICE,1644908750946,1644908736916,4,1644908736916,763,76,0,0,36787,0,DKU006#
DEVICE,1644908750978,1644908736948,4,1644908736948,771,77,0,0,36787,0,DKU006#
DEVICE,1644908751010,1644908736980,4,1644908736980,785,78,0,0,36787,0,DKU006#
DEVICE,1644908751042,1644908737012,4,1644908737012,777,77,0,0,36787,0,DKU006#
DEVICE,1644908751074,1644908737044,4,1644908737044,794,79,0,0,36787,0,DKU006#
DEVICE,1644908751106,1644908737076,4,1644908737076,785,78,0,0,36787,0,DKU006#
DEVICE,1644908751138,1644908737108,4,1644908737108,780,78,0,0,36787,0,DKU006#
DEVICE,1644908751170,1644908737140,4,1644908737140,769,76,0,0,36787,0,DKU006#
DEVICE,1644908751202,1644908737172,4,1644908737172,787,78,0,0,36787,0,DKU006#
DEVICE,1644908751234,1644908737204,4,1644908737204,776,77,0,0,36787,0,DKU006#
DEVICE,1644908751266,1644908737236,4,1644908737236,805,80,0,0,36787,0,DKU006#
DEVICE,1644908751298,1644908737268,4,1644908737268,790,79,0,0,36787,0,DKU006#
DEVICE,1644908751330,1644908737300,4,1644908737300,787,78,0,0,36787,0,DKU006#
DEVICE,1644908751362,1644908737332,4,1644908737332,775,77,0,0,36787,0,DKU006#
DEVICE,1644908751394,1644908737364,4,1644908737364,785,78,0,0,36787,0,DKU006#
DEVICE,1644908751426,1644908737396,4,1644908737396,790,79,0,0,36787,0,DKU006#
DEVICE,1644908751458,1644908737428,4,1644908737428,777,77,0,0,36787,0,DKU006#
DEVICE,1644908751490,1644908737460,4,1644908737460,792,79,0,0,36787,0,DKU006#
DEVICE,1644908751522,1644908737492,4,1644908737492,783,78,0,0,36787,0,DKU006#
DEVICE,1644908751554,1644908737524,4,1644908737524,773,77,0,0,36787,0,DKU006#
DEVICE,1644908751586,1644908737556,4,1644908737556,785,78,0,0,36787,0,DKU006#
DEVICE,1644908751618,1644908737588,4,1644908737588,774,77,0,0,36787,0,DKU006#
DEVICE,1644908751650,1644908737620,4,1644908737620,796,79,0,0,36787,0,DKU006#
DEVICE,1644908751682,1644908737652,4,1644908737652,777,77,0,0,36787,0,DKU006#
DEVICE,1644908751714,1644908737684,4,1644908737684,777,77,0,0,36787,0,DKU006#
DEVICE,1644908751745,1644908737715,4,1644908737715,776,77,0,0,36787,0,DKU006#
DEVICE,1644908751777,1644908737747,4,1644908737747,788,78,0,0,36787,0,DKU006#
DEVICE,1644908751809,1644908737779,4,1644908737779,768,76,0,0,36787,0,DKU006#
DEVICE,1644908751841,1644908737811,4,1644908737811,773,77,0,0,36787,0,DKU006#
DEVICE,1644908751873,1644908737843,4,1644908737843,781,78,0,0,36787,0,DKU006#
DEVICE,1644908751905,1644908737875,4,1644908737875,780,78,0,0,36787,0,DKU006#
DEVICE,1644908751937,1644908737907,4,1644908737907,789,78,0,0,36787,0,DKU006#
DEVICE,1644908751970,1644908737940,4,1644908737940,794,79,0,0,36787,0,DKU006#
DEVICE,1644908752002,1644908737972,4,1644908737972,789,78,0,0,36787,0,DKU006#
DEVICE,1644908752033,1644908738003,4,1644908738003,777,77,0,0,36787,0,DKU006#
DEVICE,1644908752065,1644908738035,4,1644908738035,791,79,0,0,36787,0,DKU006#
DEVICE,1644908752097,1644908738067,4,1644908738067,794,79,0,0,36787,0,DKU006#
DEVICE,1644908752129,1644908738099,4,1644908738099,782,78,0,0,36787,0,DKU006#
DEVICE,1644908752161,1644908738131,4,1644908738131,777,77,0,0,36787,0,DKU006#
DEVICE,1644908752193,1644908738163,4,1644908738163,787,78,0,0,36787,0,DKU006#
DEVICE,1644908752225,1644908738195,4,1644908738195,802,80,0,0,36787,0,DKU006#
DEVICE,1644908752257,1644908738227,4,1644908738227,797,79,0,0,36787,0,DKU006#
DEVICE,1644908752289,1644908738259,4,1644908738259,787,78,0,0,36787,0,DKU006#
DEVICE,1644908752321,1644908738291,4,1644908738291,783,78,0,0,36787,0,DKU006#
DEVICE,1644908752353,1644908738323,4,1644908738323,779,77,0,0,36787,0,DKU006#
DEVICE,1644908752385,1644908738355,4,1644908738355,815,81,0,0,36787,0,DKU006#
DEVICE,1644908752417,1644908738387,4,1644908738387,782,78,0,0,36787,0,DKU006#
DEVICE,1644908752449,1644908738419,4,1644908738419,783,78,0,0,36787,0,DKU006#
DEVICE,1644908752481,1644908738451,4,1644908738451,788,78,0,0,36787,0,DKU006#
DEVICE,1644908752513,1644908738483,4,1644908738483,774,77,0,0,36787,0,DKU006#
DEVICE,1644908752545,1644908738515,4,1644908738515,785,78,0,0,36787,0,DKU006#
DEVICE,1644908752577,1644908738547,4,1644908738547,788,78,0,0,36787,0,DKU006#
DEVICE,1644908752609,1644908738579,4,1644908738579,776,77,0,0,36787,0,DKU006#
DEVICE,1644908752641,1644908738611,4,1644908738611,792,79,0,0,36787,0,DKU006#
DEVICE,1644908752673,1644908738643,4,1644908738643,774,77,0,0,36787,0,DKU006#
DEVICE,1644908752705,1644908738675,4,1644908738675,791,79,0,0,36787,0,DKU006#
DEVICE,1644908752737,1644908738707,4,1644908738707,786,78,0,0,36787,0,DKU006#
DEVICE,1644908752769,1644908738739,4,1644908738739,771,77,0,0,36787,0,DKU006#
DEVICE,1644908752802,1644908738772,4,1644908738772,785,78,0,0,36787,0,DKU006#
DEVICE,1644908752833,1644908738803,4,1644908738803,787,78,0,0,36787,0,DKU006#
DEVICE,1644908752865,1644908738835,4,1644908738835,778,77,0,0,36787,0,DKU006#
DEVICE,1644908752896,1644908738866,4,1644908738866,795,79,0,0,36787,0,DKU006#
DEVICE,1644908752929,1644908738899,4,1644908738899,807,80,0,0,36787,0,DKU006#
DEVICE,1644908752961,1644908738931,4,1644908738931,786,78,0,0,36787,0,DKU006#
DEVICE,1644908752993,1644908738963,4,1644908738963,793,79,0,0,36787,0,DKU006#
DEVICE,1644908753025,1644908738995,4,1644908738995,799,79,0,0,36787,0,DKU006#
DEVICE,1644908753057,1644908739027,4,1644908739027,777,77,0,0,36787,0,DKU006#
DEVICE,1644908753088,1644908739058,4,1644908739058,773,77,0,0,36787,0,DKU006#
DEVICE,1644908753121,1644908739091,4,1644908739091,787,78,0,0,36787,0,DKU006#
DEVICE,1644908753152,1644908739122,4,1644908739122,782,78,0,0,36787,0,DKU006#
DEVICE,1644908753185,1644908739155,4,1644908739155,779,77,0,0,36787,0,DKU006#
DEVICE,1644908753217,1644908739187,4,1644908739187,804,80,0,0,36787,0,DKU006#
DEVICE,1644908753249,1644908739219,4,1644908739219,776,77,0,0,36787,0,DKU006#
DEVICE,1644908753281,1644908739251,4,1644908739251,791,79,0,0,36787,0,DKU006#
DEVICE,1644908753312,1644908739282,4,1644908739282,785,78,0,0,36787,0,DKU006#
DEVICE,1644908753344,1644908739314,4,1644908739314,778,77,0,0,36787,0,DKU006#
DEVICE,1644908753376,1644908739346,4,1644908739346,788,78,0,0,36787,0,DKU006#
DEVICE,1644908753408,1644908739378,4,1644908739378,801,80,0,0,36787,0,DKU006#
DEVICE,1644908753440,1644908739410,4,1644908739410,782,78,0,0,36787,0,DKU006#
DEVICE,1644908753472,1644908739442,4,1644908739442,801,80,0,0,36787,0,DKU006#
DEVICE,1644908753504,1644908739474,4,1644908739474,779,77,0,0,36787,0,DKU006#
DEVICE,1644908753537,1644908739507,4,1644908739507,777,77,0,0,36787,0,DKU006#
DEVICE,1644908753569,1644908739539,4,1644908739539,773,77,0,0,36787,0,DKU006#
DEVICE,1644908753601,1644908739571,4,1644908739571,776,77,0,0,36787,0,DKU006#
DEVICE,1644908753632,1644908739602,4,1644908739602,761,76,0,0,36787,0,DKU006#
DEVICE,1644908753664,1644908739634,4,1644908739634,782,78,0,0,36787,0,DKU006#
DEVICE,1644908753696,1644908739666,4,1644908739666,759,75,0,0,36787,0,DKU006#
DEVICE,1644908753728,1644908739698,4,1644908739698,756,75,0,0,36787,0,DKU006#
DEVICE,1644908753760,1644908739730,4,1644908739730,756,75,0,0,36787,0,DKU006#
DEVICE,1644908753792,1644908739762,4,1644908739762,738,73,0,0,36787,0,DKU006#
DEVICE,1644908753824,1644908739794,4,1644908739794,739,73,5,0,36787,0,DKU006#
DEVICE,1644908753856,1644908739826,4,1644908739826,750,75,0,0,36787,0,DKU006#
DEVICE,1644908753888,1644908739858,4,1644908739858,730,73,0,0,36787,0,DKU006#
DEVICE,1644908753920,1644908739890,4,1644908739890,729,72,5,0,36787,0,DKU006#
DEVICE,1644908753953,1644908739923,4,1644908739923,712,71,5,0,36787,0,DKU006#
DEVICE,1644908753984,1644908739954,4,1644908739954,715,71,5,0,36787,0,DKU006#
DEVICE,1644908754016,1644908739986,4,1644908739986,704,70,5,0,36787,0,DKU006#
DEVICE,1644908754048,1644908740018,4,1644908740018,693,69,5,0,36787,0,DKU006#
DEVICE,1644908754080,1644908740050,4,1644908740050,693,69,5,0,36787,0,DKU006#
DEVICE,1644908754112,1644908740082,4,1644908740082,704,70,5,0,36787,0,DKU006#
DEVICE,1644908754143,1644908740113,4,1644908740113,693,69,5,0,36787,0,DKU006#
DEVICE,1644908754176,1644908740146,4,1644908740146,689,68,5,0,36787,0,DKU006#
DEVICE,1644908754208,1644908740178,4,1644908740178,677,67,5,0,36787,0,DKU006#
DEVICE,1644908754240,1644908740210,4,1644908740210,670,67,5,0,36787,0,DKU006#
DEVICE,1644908754272,1644908740242,4,1644908740242,690,69,5,0,36787,0,DKU006#
DEVICE,1644908754304,1644908740274,4,1644908740274,682,68,5,0,36787,0,DKU006#
DEVICE,1644908754337,1644908740307,4,1644908740307,662,66,5,0,36787,0,DKU006#
DEVICE,1644908754368,1644908740338,4,1644908740338,677,67,5,0,36787,0,DKU006#
DEVICE,1644908754400,1644908740370,4,1644908740370,653,65,5,0,36787,0,DKU006#
DEVICE,1644908754432,1644908740402,4,1644908740402,640,64,5,0,36787,0,DKU006#
DEVICE,1644908754464,1644908740434,4,1644908740434,656,65,5,0,36787,0,DKU006#
DEVICE,1644908754496,1644908740466,4,1644908740466,634,63,5,0,36787,0,DKU006#
DEVICE,1644908754528,1644908740498,4,1644908740498,626,62,5,0,36787,0,DKU006#
DEVICE,1644908754560,1644908740530,4,1644908740530,636,63,5,0,36787,0,DKU006#
DEVICE,1644908754592,1644908740562,4,1644908740562,621,62,5,0,36787,0,DKU006#
DEVICE,1644908754624,1644908740594,4,1644908740594,615,61,5,0,36787,0,DKU006#
DEVICE,1644908754655,1644908740625,4,1644908740625,614,61,5,0,36787,0,DKU006#
DEVICE,1644908754687,1644908740657,4,1644908740657,612,61,5,0,36787,0,DKU006#
DEVICE,1644908754720,1644908740690,4,1644908740690,612,61,5,0,36787,0,DKU006#
DEVICE,1644908754752,1644908740722,4,1644908740722,608,60,5,0,36787,0,DKU006#
DEVICE,1644908754784,1644908740754,4,1644908740754,608,60,5,0,36787,0,DKU006#
DEVICE,1644908754816,1644908740786,4,1644908740786,606,60,5,0,36787,0,DKU006#
DEVICE,1644908754848,1644908740818,4,1644908740818,593,59,5,0,36787,0,DKU006#
DEVICE,1644908754880,1644908740850,4,1644908740850,604,60,5,0,36787,0,DKU006#
DEVICE,1644908754911,1644908740881,4,1644908740881,607,60,5,0,36787,0,DKU006#
DEVICE,1644908754943,1644908740913,4,1644908740913,609,60,5,0,36787,0,DKU006#
DEVICE,1644908754975,1644908740945,4,1644908740945,598,59,5,0,36787,0,DKU006#
DEVICE,1644908755007,1644908740977,4,1644908740977,596,59,5,0,36787,0,DKU006#
DEVICE,1644908755039,1644908741009,4,1644908741009,594,59,5,0,36787,0,DKU006#
DEVICE,1644908755071,1644908741041,4,1644908741041,613,61,5,0,36787,0,DKU006#
DEVICE,1644908755103,1644908741073,4,1644908741073,594,59,5,0,36787,0,DKU006#
DEVICE,1644908755136,1644908741106,4,1644908741106,599,59,5,0,36787,0,DKU006#
DEVICE,1644908755168,1644908741138,4,1644908741138,598,59,5,0,36787,0,DKU006#
DEVICE,1644908755199,1644908741169,4,1644908741169,605,60,5,0,36787,0,DKU006#
DEVICE,1644908755231,1644908741201,4,1644908741201,598,59,5,0,36787,0,DKU006#
DEVICE,1644908755263,1644908741233,4,1644908741233,599,59,5,0,36787,0,DKU006#
DEVICE,1644908755296,1644908741266,4,1644908741266,599,59,5,0,36787,0,DKU006#
DEVICE,1644908755327,1644908741297,4,1644908741297,606,60,5,0,36787,0,DKU006#
DEVICE,1644908755359,1644908741329,4,1644908741329,615,61,5,0,36787,0,DKU006#
DEVICE,1644908755391,1644908741361,4,1644908741361,623,62,5,0,36787,0,DKU006#
DEVICE,1644908755423,1644908741393,4,1644908741393,636,63,5,0,36787,0,DKU006#
DEVICE,1644908755455,1644908741425,4,1644908741425,625,62,5,0,36787,0,DKU006#
DEVICE,1644908755487,1644908741457,4,1644908741457,634,63,5,0,36787,0,DKU006#
DEVICE,1644908755519,1644908741489,4,1644908741489,637,63,5,0,36787,0,DKU006#
DEVICE,1644908755551,1644908741521,4,1644908741521,644,64,5,0,36787,0,DKU006#
DEVICE,1644908755583,1644908741553,4,1644908741553,655,65,5,0,36787,0,DKU006#
DEVICE,1644908755615,1644908741585,4,1644908741585,651,65,5,0,36787,0,DKU006#
DEVICE,1644908755647,1644908741617,4,1644908741617,668,66,5,0,36787,0,DKU006#
DEVICE,1644908755679,1644908741649,4,1644908741649,657,65,5,0,36787,0,DKU006#
DEVICE,1644908755711,1644908741681,4,1644908741681,680,68,5,0,36787,0,DKU006#
DEVICE,1644908755743,1644908741713,4,1644908741713,674,67,5,0,36787,0,DKU006#
DEVICE,1644908755775,1644908741745,4,1644908741745,685,68,5,0,36787,0,DKU006#
DEVICE,1644908755807,1644908741777,4,1644908741777,686,68,5,0,36787,0,DKU006#
DEVICE,1644908755839,1644908741809,4,1644908741809,690,69,5,0,36787,0,DKU006#
DEVICE,1644908755871,1644908741841,4,1644908741841,712,71,5,0,36787,0,DKU006#
DEVICE,1644908755903,1644908741873,4,1644908741873,722,72,5,0,36787,0,DKU006#
DEVICE,1644908755935,1644908741905,4,1644908741905,717,71,5,0,36787,0,DKU006#
DEVICE,1644908755967,1644908741937,4,1644908741937,740,74,5,0,36787,0,DKU006#
DEVICE,1644908755999,1644908741969,4,1644908741969,723,72,5,0,36787,0,DKU006#
DEVICE,1644908756031,1644908742001,4,1644908742001,727,72,5,0,36787,0,DKU006#
DEVICE,1644908756063,1644908742033,4,1644908742033,745,74,5,0,36787,0,DKU006#
DEVICE,1644908756094,1644908742064,4,1644908742064,742,74,5,0,36787,0,DKU006#
DEVICE,1644908756126,1644908742096,4,1644908742096,734,73,5,0,36787,0,DKU006#
DEVICE,1644908756158,1644908742128,4,1644908742128,754,75,0,0,36787,0,DKU006#
DEVICE,1644908756190,1644908742160,4,1644908742160,756,75,0,0,36787,0,DKU006#
DEVICE,1644908756222,1644908742192,4,1644908742192,751,75,0,0,36787,0,DKU006#
DEVICE,1644908756254,1644908742224,4,1644908742224,763,76,0,0,36787,0,DKU006#
DEVICE,1644908756286,1644908742256,4,1644908742256,770,77,0,0,36787,0,DKU006#
DEVICE,1644908756319,1644908742289,4,1644908742289,788,78,0,0,36787,0,DKU006#
DEVICE,1644908756351,1644908742321,4,1644908742321,771,77,0,0,36787,0,DKU006#
DEVICE,1644908756383,1644908742353,4,1644908742353,769,76,0,0,36787,0,DKU006#
DEVICE,1644908756414,1644908742384,4,1644908742384,765,76,0,0,36787,0,DKU006#
DEVICE,1644908756446,1644908742416,4,1644908742416,774,77,0,0,36787,0,DKU006#
DEVICE,1644908756478,1644908742448,4,1644908742448,772,77,0,0,36787,0,DKU006#
DEVICE,1644908756510,1644908742480,4,1644908742480,788,78,0,0,36787,0,DKU006#
DEVICE,1644908756542,1644908742512,4,1644908742512,802,80,0,0,36787,0,DKU006#
DEVICE,1644908756574,1644908742544,4,1644908742544,793,79,0,0,36787,0,DKU006#
DEVICE,1644908756606,1644908742576,4,1644908742576,790,79,0,0,36787,0,DKU006#
DEVICE,1644908756638,1644908742608,4,1644908742608,789,78,0,0,36787,0,DKU006#
DEVICE,1644908756670,1644908742640,4,1644908742640,788,78,0,0,36787,0,DKU006#
DEVICE,1644908756702,1644908742672,4,1644908742672,782,78,0,0,36787,0,DKU006#
DEVICE,1644908756734,1644908742704,4,1644908742704,779,77,0,0,36787,0,DKU006#
DEVICE,1644908756766,1644908742736,4,1644908742736,796,79,0,0,36787,0,DKU006#
DEVICE,1644908756798,1644908742768,4,1644908742768,795,79,0,0,36787,0,DKU006#
DEVICE,1644908756830,1644908742800,4,1644908742800,791,79,0,0,36787,0,DKU006#
DEVICE,1644908756862,1644908742832,4,1644908742832,776,77,0,0,36787,0,DKU006#
DEVICE,1644908756894,1644908742864,4,1644908742864,787,78,0,0,36787,0,DKU006#
DEVICE,1644908756926,1644908742896,4,1644908742896,776,77,0,0,36787,0,DKU006#
DEVICE,1644908756958,1644908742928,4,1644908742928,797,79,0,0,36787,0,DKU006#
DEVICE,1644908756990,1644908742960,4,1644908742960,783,78,0,0,36787,0,DKU006#
DEVICE,1644908757022,1644908742992,4,1644908742992,772,77,0,0,36787,0,DKU006#
DEVICE,1644908757053,1644908743023,4,1644908743023,788,78,0,0,36787,0,DKU006#
DEVICE,1644908757086,1644908743056,4,1644908743056,797,79,0,0,36787,0,DKU006#
DEVICE,1644908757118,1644908743088,4,1644908743088,790,79,0,0,36787,0,DKU006#
DEVICE,1644908757150,1644908743120,4,1644908743120,779,77,0,0,36787,0,DKU006#
DEVICE,1644908757182,1644908743152,4,1644908743152,775,77,0,0,36787,0,DKU006#
DEVICE,1644908757214,1644908743184,4,1644908743184,801,80,0,0,36787,0,DKU006#
DEVICE,1644908757246,1644908743216,4,1644908743216,778,77,0,0,36787,0,DKU006#
DEVICE,1644908757277,1644908743247,4,1644908743247,768,76,0,0,36787,0,DKU006#
DEVICE,1644908757310,1644908743280,4,1644908743280,814,81,0,0,36787,0,DKU006#
DEVICE,1644908757341,1644908743311,4,1644908743311,792,79,0,0,36787,0,DKU006#
DEVICE,1644908757373,1644908743343,4,1644908743343,792,79,0,0,36787,0,DKU006#
DEVICE,1644908757405,1644908743375,4,1644908743375,793,79,0,0,36787,0,DKU006#
DEVICE,1644908757437,1644908743407,4,1644908743407,792,79,0,0,36787,0,DKU006#
DEVICE,1644908757470,1644908743440,4,1644908743440,786,78,0,0,36787,0,DKU006#
DEVICE,1644908757502,1644908743472,4,1644908743472,795,79,0,0,36787,0,DKU006#
DEVICE,1644908757534,1644908743504,4,1644908743504,790,79,0,0,36787,0,DKU006#
DEVICE,1644908757565,1644908743535,4,1644908743535,787,78,0,0,36787,0,DKU006#
DEVICE,1644908757598,1644908743568,4,1644908743568,790,79,0,0,36787,0,DKU006#
DEVICE,1644908757629,1644908743599,4,1644908743599,794,79,0,0,36787,0,DKU006#
DEVICE,1644908757661,1644908743631,4,1644908743631,801,80,0,0,36787,0,DKU006#
DEVICE,1644908757693,1644908743663,4,1644908743663,790,79,0,0,36787,0,DKU006#
DEVICE,1644908757725,1644908743695,4,1644908743695,790,79,0,0,36787,0,DKU006#
DEVICE,1644908757757,1644908743727,4,1644908743727,788,78,0,0,36787,0,DKU006#
DEVICE,1644908757789,1644908743759,4,1644908743759,798,79,0,0,36787,0,DKU006#
DEVICE,1644908757821,1644908743791,4,1644908743791,785,78,0,0,36787,0,DKU006#
DEVICE,1644908757853,1644908743823,4,1644908743823,785,78,0,0,36787,0,DKU006#
DEVICE,1644908757885,1644908743855,4,1644908743855,796,79,0,0,36787,0,DKU006#
DEVICE,1644908757917,1644908743887,4,1644908743887,801,80,0,0,36787,0,DKU006#
DEVICE,1644908757949,1644908743919,4,1644908743919,796,79,0,0,36787,0,DKU006#
DEVICE,1644908757981,1644908743951,4,1644908743951,773,77,0,0,36212,0,DKU006#
DEVICE,1644908758013,1644908743983,4,1644908743983,794,79,0,0,36212,0,DKU006#
DEVICE,1644908758045,1644908744015,4,1644908744015,805,80,0,0,36212,0,DKU006#
DEVICE,1644908758077,1644908744047,4,1644908744047,789,78,0,0,36212,0,DKU006#
DEVICE,1644908758109,1644908744079,4,1644908744079,790,79,0,0,36212,0,DKU006#
DEVICE,1644908758141,1644908744111,4,1644908744111,789,78,0,0,36212,0,DKU006#
DEVICE,1644908758173,1644908744143,4,1644908744143,786,78,0,0,36212,0,DKU006#
DEVICE,1644908758205,1644908744175,4,1644908744175,791,79,0,0,36212,0,DKU006#
DEVICE,1644908758237,1644908744207,4,1644908744207,782,78,0,0,36212,0,DKU006#
DEVICE,1644908758269,1644908744239,4,1644908744239,796,79,0,0,36212,0,DKU006#
DEVICE,1644908758301,1644908744271,4,1644908744271,790,79,0,0,36212,0,DKU006#
DEVICE,1644908758332,1644908744302,4,1644908744302,784,78,0,0,36212,0,DKU006#
DEVICE,1644908758365,1644908744335,4,1644908744335,793,79,0,0,36212,0,DKU006#
DEVICE,1644908758396,1644908744366,4,1644908744366,786,78,0,0,36212,0,DKU006#
DEVICE,1644908758428,1644908744398,4,1644908744398,793,79,0,0,36212,0,DKU006#
DEVICE,1644908758460,1644908744430,4,1644908744430,780,78,0,0,36212,0,DKU006#
DEVICE,1644908758492,1644908744462,4,1644908744462,785,78,0,0,36212,0,DKU006#
DEVICE,1644908758524,1644908744494,4,1644908744494,815,81,0,0,36212,0,DKU006#
DEVICE,1644908758556,1644908744526,4,1644908744526,798,79,0,0,36212,0,DKU006#
DEVICE,1644908758588,1644908744558,4,1644908744558,794,79,0,0,36212,0,DKU006#
DEVICE,1644908758620,1644908744590,4,1644908744590,795,79,0,0,36212,0,DKU006#
DEVICE,1644908758653,1644908744623,4,1644908744623,797,79,0,0,36212,0,DKU006#
DEVICE,1644908758684,1644908744654,4,1644908744654,799,79,0,0,36212,0,DKU006#
DEVICE,1644908758716,1644908744686,4,1644908744686,800,80,0,0,36212,0,DKU006#
DEVICE,1644908758748,1644908744718,4,1644908744718,792,79,0,0,36212,0,DKU006#
DEVICE,1644908758780,1644908744750,4,1644908744750,797,79,0,0,36212,0,DKU006#
DEVICE,1644908758812,1644908744782,4,1644908744782,795,79,0,0,36212,0,DKU006#
DEVICE,1644908758844,1644908744814,4,1644908744814,781,78,0,0,36212,0,DKU006#
DEVICE,1644908758876,1644908744846,4,1644908744846,801,80,0,0,36212,0,DKU006#
DEVICE,1644908758908,1644908744878,4,1644908744878,800,80,0,0,36212,0,DKU006#
DEVICE,1644908758940,1644908744910,4,1644908744910,792,79,0,0,36212,0,DKU006#
DEVICE,1644908758972,1644908744942,4,1644908744942,790,79,0,0,36437,0,DKU006#
DEVICE,1644908759004,1644908744974,4,1644908744974,801,80,0,0,36437,0,DKU006#
DEVICE,1644908759036,1644908745006,4,1644908745006,797,79,0,0,36437,0,DKU006#
DEVICE,1644908759052,1644908745022,4,1644908745022,793,79,0,0,36437,0,DKU006#
DEVICE,1644908759100,1644908745070,4,1644908745070,783,78,0,0,36437,0,DKU006#
DEVICE,1644908759132,1644908745102,4,1644908745102,783,78,0,0,36437,0,DKU006#
DEVICE,1644908759148,1644908745118,4,1644908745118,806,80,0,0,36437,0,DKU006#
DEVICE,1644908759180,1644908745150,4,1644908745150,804,80,0,0,36437,0,DKU006#
DEVICE,1644908759228,1644908745198,4,1644908745198,793,79,0,0,36437,0,DKU006#
DEVICE,1644908759244,1644908745214,4,1644908745214,791,79,0,0,36437,0,DKU006#
DEVICE,1644908759292,1644908745262,4,1644908745262,786,78,0,0,36437,0,DKU006#
DEVICE,1644908759308,1644908745278,4,1644908745278,795,79,0,0,36437,0,DKU006#
DEVICE,1644908759340,1644908745310,4,1644908745310,795,79,0,0,36437,0,DKU006#
DEVICE,1644908759372,1644908745342,4,1644908745342,801,80,0,0,36437,0,DKU006#
DEVICE,1644908759404,1644908745374,4,1644908745374,802,80,0,0,36437,0,DKU006#
DEVICE,1644908759436,1644908745406,4,1644908745406,791,79,0,0,36437,0,DKU006#
DEVICE,1644908759468,1644908745438,4,1644908745438,799,79,0,0,36437,0,DKU006#
DEVICE,1644908759500,1644908745470,4,1644908745470,799,79,0,0,36437,0,DKU006#
DEVICE,1644908759532,1644908745502,4,1644908745502,810,81,0,0,36437,0,DKU006#
DEVICE,1644908759563,1644908745533,4,1644908745533,794,79,0,0,36437,0,DKU006#
DEVICE,1644908759596,1644908745566,4,1644908745566,805,80,0,0,36437,0,DKU006#
DEVICE,1644908759627,1644908745597,4,1644908745597,805,80,0,0,36437,0,DKU006#
DEVICE,1644908759659,1644908745629,4,1644908745629,802,80,0,0,36437,0,DKU006#
DEVICE,1644908759691,1644908745661,4,1644908745661,792,79,0,0,36437,0,DKU006#
DEVICE,1644908759723,1644908745693,4,1644908745693,794,79,0,0,36437,0,DKU006#
DEVICE,1644908759755,1644908745725,4,1644908745725,775,77,0,0,36437,0,DKU006#
DEVICE,1644908759788,1644908745758,4,1644908745758,792,79,0,0,36437,0,DKU006#
DEVICE,1644908759820,1644908745790,4,1644908745790,795,79,0,0,36437,0,DKU006#
DEVICE,1644908759852,1644908745822,4,1644908745822,784,78,0,0,36437,0,DKU006#
DEVICE,1644908759884,1644908745854,4,1644908745854,808,80,0,0,36437,0,DKU006#
DEVICE,1644908759916,1644908745886,4,1644908745886,799,79,0,0,36437,0,DKU006#
DEVICE,1644908759947,1644908745917,4,1644908745917,795,79,0,0,36437,0,DKU006#
DEVICE,1644908759979,1644908745949,4,1644908745949,798,79,0,0,36437,0,DKU006#
DEVICE,1644908760011,1644908745981,4,1644908745981,793,79,0,0,36437,0,DKU006#
DEVICE,1644908760043,1644908746013,4,1644908746013,793,79,0,0,36437,0,DKU006#
DEVICE,1644908760091,1644908746061,4,1644908746061,796,79,0,0,36550,0,DKU006#
DEVICE,1644908760107,1644908746077,4,1644908746077,790,79,0,0,36550,0,DKU006#
DEVICE,1644908760139,1644908746109,4,1644908746109,785,78,0,0,36550,0,DKU006#
DEVICE,1644908760171,1644908746141,4,1644908746141,790,79,0,0,36550,0,DKU006#
DEVICE,1644908760203,1644908746173,4,1644908746173,802,80,0,0,36550,0,DKU006#
DEVICE,1644908760235,1644908746205,4,1644908746205,797,79,0,0,36550,0,DKU006#
DEVICE,1644908760267,1644908746237,4,1644908746237,800,80,0,0,36550,0,DKU006#
DEVICE,1644908760299,1644908746269,4,1644908746269,793,79,0,0,36550,0,DKU006#
DEVICE,1644908760331,1644908746301,4,1644908746301,795,79,0,0,36550,0,DKU006#
DEVICE,1644908760363,1644908746333,4,1644908746333,793,79,0,0,36550,0,DKU006#
DEVICE,1644908760395,1644908746365,4,1644908746365,793,79,0,0,36550,0,DKU006#
DEVICE,1644908760427,1644908746397,4,1644908746397,789,78,0,0,36550,0,DKU006#
DEVICE,1644908760459,1644908746429,4,1644908746429,779,77,0,0,36550,0,DKU006#
DEVICE,1644908760491,1644908746461,4,1644908746461,789,78,0,0,36550,0,DKU006#
DEVICE,1644908760523,1644908746493,4,1644908746493,806,80,0,0,36550,0,DKU006#
DEVICE,1644908760554,1644908746524,4,1644908746524,788,78,0,0,36550,0,DKU006#
DEVICE,1644908760586,1644908746556,4,1644908746556,781,78,0,0,36550,0,DKU006#
DEVICE,1644908760619,1644908746589,4,1644908746589,789,78,0,0,36550,0,DKU006#
DEVICE,1644908760651,1644908746621,4,1644908746621,787,78,0,0,36550,0,DKU006#
DEVICE,1644908760683,1644908746653,4,1644908746653,796,79,0,0,36550,0,DKU006#
DEVICE,1644908760715,1644908746685,4,1644908746685,775,77,0,0,36550,0,DKU006#
DEVICE,1644908760747,1644908746717,4,1644908746717,800,80,0,0,36550,0,DKU006#
DEVICE,1644908760779,1644908746749,4,1644908746749,793,79,0,0,36550,0,DKU006#
DEVICE,1644908760810,1644908746780,4,1644908746780,789,78,0,0,36550,0,DKU006#
DEVICE,1644908760842,1644908746812,4,1644908746812,789,78,0,0,36550,0,DKU006#
DEVICE,1644908760875,1644908746845,4,1644908746845,789,78,0,0,36550,0,DKU006#
DEVICE,1644908760906,1644908746876,4,1644908746876,800,80,0,0,36550,0,DKU006#
