Device,PTPTime,UnixTime,Protocool,CurrentDeviceTime,GyroX,GyroY,GyroZ,AccX,AccY,AccZ,
AIRPOT,1644820320928,1644820318926,4,1644820318926,0.620,-0.783,-0.046,-0.024,-0.044,-0.013
AIRPOT,1644820320931,1644820318929,4,1644820318929,0.621,-0.782,-0.048,-0.018,-0.032,-0.012
AIRPOT,1644820321083,1644820319081,4,1644820319081,0.624,-0.780,-0.050,-0.007,-0.023,-0.008
AIRPOT,1644820321084,1644820319082,4,1644820319082,0.629,-0.776,-0.051,-0.001,-0.008,-0.005
AIRPOT,1644820321090,1644820319088,4,1644820319088,0.634,-0.772,-0.051,0.002,0.011,0.008
AIRPOT,1644820321152,1644820319150,4,1644820319150,0.637,-0.769,-0.051,0.004,0.018,0.014
AIRPOT,1644820321156,1644820319154,4,1644820319154,0.639,-0.768,-0.051,0.005,0.009,0.004
AIRPOT,1644820321157,1644820319155,4,1644820319155,0.639,-0.768,-0.051,-0.001,0.008,0.004
AIRPOT,1644820321210,1644820319208,4,1644820319208,0.638,-0.768,-0.051,-0.001,0.006,0.004
AIRPOT,1644820321266,1644820319264,4,1644820319264,0.636,-0.770,-0.051,-0.006,0.001,0.002
AIRPOT,1644820321274,1644820319272,4,1644820319272,0.634,-0.772,-0.052,-0.004,-0.003,-0.003
AIRPOT,1644820321376,1644820319374,4,1644820319374,0.631,-0.774,-0.053,-0.004,-0.003,-0.005
AIRPOT,1644820321458,1644820319456,4,1644820319456,0.629,-0.775,-0.053,-0.005,-0.006,0.000
AIRPOT,1644820321462,1644820319460,4,1644820319460,0.628,-0.777,-0.053,-0.006,-0.006,-0.001
AIRPOT,1644820321464,1644820319462,4,1644820319462,0.626,-0.778,-0.053,-0.006,-0.006,-0.001
AIRPOT,1644820321515,1644820319513,4,1644820319513,0.624,-0.780,-0.052,-0.009,-0.002,-0.003
AIRPOT,1644820321517,1644820319515,4,1644820319515,0.621,-0.782,-0.050,-0.008,0.004,0.001
AIRPOT,1644820321569,1644820319567,4,1644820319567,0.616,-0.786,-0.049,0.004,0.029,0.012
AIRPOT,1644820321619,1644820319617,4,1644820319617,0.606,-0.794,-0.047,0.017,0.070,0.036
AIRPOT,1644820321630,1644820319628,4,1644820319628,0.585,-0.810,-0.046,0.039,0.103,0.058
AIRPOT,1644820321682,1644820319680,4,1644820319680,0.549,-0.834,-0.043,0.058,0.100,0.054
AIRPOT,1644820321793,1644820319791,4,1644820319791,0.504,-0.863,-0.040,0.063,0.080,0.039
AIRPOT,1644820321795,1644820319793,4,1644820319793,0.453,-0.891,-0.038,0.024,0.043,0.031
AIRPOT,1644820321810,1644820319808,4,1644820319808,0.401,-0.915,-0.036,-0.006,-0.007,-0.001
AIRPOT,1644820321833,1644820319831,4,1644820319831,0.350,-0.936,-0.033,-0.028,-0.036,-0.030
AIRPOT,1644820321881,1644820319879,4,1644820319879,0.303,-0.953,-0.026,-0.060,-0.033,-0.035
AIRPOT,1644820321934,1644820319932,4,1644820319932,0.260,-0.965,-0.019,-0.090,-0.056,0.004
AIRPOT,1644820321987,1644820319985,4,1644820319985,0.224,-0.975,-0.012,-0.090,0.031,0.043
AIRPOT,1644820321994,1644820319992,4,1644820319992,0.180,-0.984,-0.003,-0.022,0.059,0.060
AIRPOT,1644820322048,1644820320046,4,1644820320046,0.128,-0.992,0.010,0.034,0.088,0.095
AIRPOT,1644820322100,1644820320098,4,1644820320098,0.075,-0.997,0.036,0.139,-0.117,-0.162
AIRPOT,1644820322202,1644820320200,4,1644820320200,0.037,-0.997,0.064,-0.073,-0.132,0.053
AIRPOT,1644820322204,1644820320202,4,1644820320202,0.014,-0.996,0.085,-0.081,0.096,-0.012
AIRPOT,1644820322211,1644820320209,4,1644820320209,-0.018,-0.995,0.094,0.031,-0.045,-0.059
AIRPOT,1644820322267,1644820320265,4,1644820320265,-0.045,-0.995,0.094,-0.047,-0.010,-0.031
AIRPOT,1644820322269,1644820320267,4,1644820320267,-0.067,-0.995,0.079,-0.080,-0.013,-0.025
AIRPOT,1644820322350,1644820320348,4,1644820320348,-0.079,-0.995,0.058,-0.066,-0.185,0.114
AIRPOT,1644820322352,1644820320350,4,1644820320350,-0.075,-0.995,0.062,0.032,-0.014,-0.023
AIRPOT,1644820322460,1644820320458,4,1644820320458,-0.084,-0.995,0.053,0.030,-0.060,0.029
AIRPOT,1644820322513,1644820320511,4,1644820320511,-0.088,-0.995,0.040,0.057,0.010,-0.007
AIRPOT,1644820322646,1644820320644,4,1644820320644,-0.094,-0.995,0.027,0.025,0.020,0.027
AIRPOT,1644820322650,1644820320648,4,1644820320648,-0.111,-0.994,0.018,-0.015,0.111,0.005
AIRPOT,1644820322684,1644820320682,4,1644820320682,-0.151,-0.988,0.013,-0.006,0.070,0.016
AIRPOT,1644820322686,1644820320684,4,1644820320684,-0.208,-0.978,0.012,0.011,0.035,0.008
AIRPOT,1644820322737,1644820320735,4,1644820320735,-0.267,-0.964,0.012,0.000,-0.050,0.030
AIRPOT,1644820322739,1644820320737,4,1644820320737,-0.313,-0.950,0.010,-0.049,-0.074,-0.004
AIRPOT,1644820322796,1644820320794,4,1644820320794,-0.345,-0.938,0.010,-0.059,-0.020,-0.016
AIRPOT,1644820322798,1644820320796,4,1644820320796,-0.365,-0.931,0.008,-0.036,-0.069,-0.026
AIRPOT,1644820322850,1644820320848,4,1644820320848,-0.369,-0.929,0.006,-0.016,-0.076,-0.018
AIRPOT,1644820322902,1644820320900,4,1644820320900,-0.361,-0.933,0.004,-0.027,-0.044,-0.019
AIRPOT,1644820322952,1644820320950,4,1644820320950,-0.345,-0.939,0.002,-0.043,-0.034,-0.008
AIRPOT,1644820322957,1644820320955,4,1644820320955,-0.321,-0.947,0.002,-0.004,-0.047,-0.014
AIRPOT,1644820323014,1644820321012,4,1644820321012,-0.287,-0.958,0.001,-0.021,-0.025,0.015
AIRPOT,1644820323062,1644820321060,4,1644820321060,-0.249,-0.968,-0.001,-0.031,0.004,0.015
AIRPOT,1644820323197,1644820321195,4,1644820321195,-0.213,-0.977,-0.002,-0.049,0.038,0.000
AIRPOT,1644820323198,1644820321196,4,1644820321196,-0.180,-0.984,-0.003,-0.041,0.047,-0.013
AIRPOT,1644820323203,1644820321201,4,1644820321201,-0.154,-0.988,-0.005,-0.039,0.040,0.022
AIRPOT,1644820323205,1644820321203,4,1644820321203,-0.133,-0.991,-0.005,-0.026,0.026,0.026
AIRPOT,1644820323274,1644820321272,4,1644820321272,-0.116,-0.993,-0.006,-0.019,0.025,0.008
AIRPOT,1644820323277,1644820321275,4,1644820321275,-0.103,-0.995,-0.005,-0.026,0.012,0.018
AIRPOT,1644820323390,1644820321388,4,1644820321388,-0.088,-0.996,-0.000,0.010,0.052,0.065
AIRPOT,1644820323392,1644820321390,4,1644820321390,-0.080,-0.996,0.046,-0.009,-0.200,-0.101
AIRPOT,1644820323400,1644820321398,4,1644820321398,-0.059,-0.995,0.074,0.108,-0.149,0.029
AIRPOT,1644820323466,1644820321464,4,1644820321464,-0.037,-0.995,0.088,0.117,0.284,-0.115
AIRPOT,1644820323467,1644820321465,4,1644820321465,-0.048,-0.995,0.086,0.050,0.063,0.044
AIRPOT,1644820323519,1644820321517,4,1644820321517,-0.061,-0.996,0.071,-0.028,0.014,0.008
AIRPOT,1644820323571,1644820321569,4,1644820321569,-0.069,-0.997,0.044,-0.003,0.053,-0.074
AIRPOT,1644820323625,1644820321623,4,1644820321623,-0.081,-0.997,0.011,-0.114,-0.373,0.246
AIRPOT,1644820323628,1644820321626,4,1644820321626,-0.078,-0.997,0.027,-0.001,0.176,-0.042
AIRPOT,1644820323683,1644820321681,4,1644820321681,-0.085,-0.996,0.020,-0.031,0.048,-0.016
AIRPOT,1644820323765,1644820321763,4,1644820321763,-0.083,-0.996,0.019,-0.030,-0.190,-0.000
AIRPOT,1644820323768,1644820321766,4,1644820321766,-0.072,-0.995,0.062,0.017,-0.056,-0.123
AIRPOT,1644820323822,1644820321820,4,1644820321820,-0.051,-0.996,0.078,0.037,0.045,0.119
AIRPOT,1644820323827,1644820321825,4,1644820321825,-0.037,-0.996,0.076,0.075,0.189,0.032
AIRPOT,1644820323883,1644820321881,4,1644820321881,-0.044,-0.997,0.057,0.013,0.094,-0.024
AIRPOT,1644820323941,1644820321939,4,1644820321939,-0.054,-0.998,0.019,-0.021,-0.035,0.001
AIRPOT,1644820323944,1644820321942,4,1644820321942,-0.055,-0.998,0.007,-0.021,-0.266,-0.007
AIRPOT,1644820323993,1644820321991,4,1644820321991,-0.047,-0.999,0.019,-0.048,0.272,0.048
AIRPOT,1644820324062,1644820322060,4,1644820322060,-0.063,-0.998,0.008,-0.036,0.019,-0.007
AIRPOT,1644820324069,1644820322067,4,1644820322067,-0.080,-0.997,0.002,0.029,-0.047,-0.070
AIRPOT,1644820324124,1644820322122,4,1644820322122,-0.089,-0.996,-0.002,0.013,-0.074,-0.017
AIRPOT,1644820324177,1644820322175,4,1644820322175,-0.088,-0.996,-0.004,0.006,-0.042,-0.019
AIRPOT,1644820324185,1644820322183,4,1644820322183,-0.083,-0.997,-0.004,-0.005,-0.009,0.013
AIRPOT,1644820324239,1644820322237,4,1644820322237,-0.080,-0.997,-0.005,-0.017,0.025,0.026
AIRPOT,1644820324291,1644820322289,4,1644820322289,-0.079,-0.997,-0.008,-0.015,0.005,0.034
AIRPOT,1644820324410,1644820322408,4,1644820322408,-0.079,-0.997,-0.010,0.004,0.007,0.003
AIRPOT,1644820324412,1644820322410,4,1644820322410,-0.078,-0.997,-0.013,0.007,-0.016,0.015
AIRPOT,1644820324507,1644820322505,4,1644820322505,-0.075,-0.997,-0.014,0.013,0.007,0.006
AIRPOT,1644820324509,1644820322507,4,1644820322507,-0.073,-0.997,-0.016,-0.004,0.015,0.005
AIRPOT,1644820324513,1644820322511,4,1644820322511,-0.074,-0.997,-0.017,-0.026,0.004,0.003
AIRPOT,1644820324519,1644820322517,4,1644820322517,-0.075,-0.997,-0.017,-0.011,-0.008,-0.011
AIRPOT,1644820324612,1644820322610,4,1644820322610,-0.076,-0.997,-0.017,-0.008,-0.011,-0.021
AIRPOT,1644820324615,1644820322613,4,1644820322613,-0.073,-0.997,-0.017,0.005,0.002,-0.021
AIRPOT,1644820324718,1644820322716,4,1644820322716,-0.071,-0.997,-0.016,-0.004,0.011,-0.016
AIRPOT,1644820324720,1644820322718,4,1644820322718,-0.070,-0.997,-0.017,-0.005,0.013,-0.011
AIRPOT,1644820324726,1644820322724,4,1644820322724,-0.071,-0.997,-0.018,0.017,0.013,-0.024
AIRPOT,1644820324839,1644820322837,4,1644820322837,-0.072,-0.997,-0.018,-0.012,0.005,0.019
AIRPOT,1644820324842,1644820322840,4,1644820322840,-0.074,-0.997,-0.021,0.003,0.029,0.053
AIRPOT,1644820324848,1644820322846,4,1644820322846,-0.077,-0.997,-0.027,0.003,-0.013,0.084
AIRPOT,1644820324928,1644820322926,4,1644820322926,-0.078,-0.996,-0.034,0.044,-0.006,0.057
AIRPOT,1644820324937,1644820322935,4,1644820322935,-0.077,-0.996,-0.040,0.005,-0.000,0.069
AIRPOT,1644820324998,1644820322996,4,1644820322996,-0.079,-0.996,-0.040,-0.009,0.000,-0.041
AIRPOT,1644820325136,1644820323134,4,1644820323134,-0.083,-0.996,-0.040,0.000,0.023,-0.054
AIRPOT,1644820325141,1644820323139,4,1644820323139,-0.086,-0.995,-0.046,-0.059,0.093,0.030
AIRPOT,1644820325143,1644820323141,4,1644820323141,-0.091,-0.994,-0.055,-0.012,-0.107,-0.006
AIRPOT,1644820325293,1644820323291,4,1644820323291,-0.091,-0.995,-0.046,0.012,-0.035,0.007
AIRPOT,1644820325296,1644820323294,4,1644820323294,-0.089,-0.995,-0.048,0.015,-0.013,0.039
AIRPOT,1644820325377,1644820323375,4,1644820323375,-0.089,-0.995,-0.051,-0.008,-0.006,0.012
AIRPOT,1644820325380,1644820323378,4,1644820323378,-0.090,-0.995,-0.051,0.012,-0.026,-0.052
AIRPOT,1644820325506,1644820323504,4,1644820323504,-0.086,-0.995,-0.049,0.004,-0.005,-0.036
AIRPOT,1644820325573,1644820323571,4,1644820323571,-0.084,-0.995,-0.046,-0.002,0.052,-0.029
AIRPOT,1644820325645,1644820323643,4,1644820323643,-0.087,-0.995,-0.044,-0.015,0.022,0.003
AIRPOT,1644820325646,1644820323644,4,1644820323644,-0.091,-0.995,-0.044,-0.007,-0.004,-0.023
AIRPOT,1644820325763,1644820323761,4,1644820323761,-0.093,-0.995,-0.045,-0.024,-0.015,0.021
AIRPOT,1644820325813,1644820323811,4,1644820323811,-0.092,-0.995,-0.046,-0.011,-0.018,-0.002
AIRPOT,1644820325879,1644820323877,4,1644820323877,-0.088,-0.995,-0.046,0.012,0.009,0.000
AIRPOT,1644820325882,1644820323880,4,1644820323880,-0.085,-0.995,-0.050,0.016,0.006,0.030
AIRPOT,1644820325954,1644820323952,4,1644820323952,-0.081,-0.995,-0.065,0.007,-0.002,0.015
AIRPOT,1644820325958,1644820323956,4,1644820323956,-0.079,-0.994,-0.070,-0.001,-0.012,0.012
AIRPOT,1644820326016,1644820324014,4,1644820324014,-0.079,-0.995,-0.061,0.001,-0.002,-0.007
AIRPOT,1644820326074,1644820324072,4,1644820324072,-0.078,-0.995,-0.056,-0.017,-0.001,0.005
AIRPOT,1644820326133,1644820324131,4,1644820324131,-0.077,-0.996,-0.051,-0.003,0.010,-0.002
AIRPOT,1644820326135,1644820324133,4,1644820324133,-0.075,-0.996,-0.047,-0.025,-0.009,0.011
AIRPOT,1644820326196,1644820324194,4,1644820324194,-0.073,-0.996,-0.043,-0.033,0.000,0.031
AIRPOT,1644820326277,1644820324275,4,1644820324275,-0.071,-0.997,-0.043,-0.013,-0.011,0.009
AIRPOT,1644820326370,1644820324368,4,1644820324368,-0.066,-0.997,-0.043,0.001,0.007,0.007
AIRPOT,1644820326377,1644820324375,4,1644820324375,-0.063,-0.997,-0.043,0.011,0.011,0.012
AIRPOT,1644820326384,1644820324382,4,1644820324382,-0.061,-0.997,-0.042,0.029,0.015,-0.005
AIRPOT,1644820326386,1644820324384,4,1644820324384,-0.062,-0.997,-0.041,0.040,0.006,-0.003
AIRPOT,1644820326443,1644820324441,4,1644820324441,-0.069,-0.997,-0.040,0.003,-0.005,0.022
AIRPOT,1644820326445,1644820324443,4,1644820324443,-0.075,-0.996,-0.041,-0.045,0.015,0.009
AIRPOT,1644820326583,1644820324581,4,1644820324581,-0.087,-0.995,-0.045,0.005,-0.031,0.014
AIRPOT,1644820326585,1644820324583,4,1644820324583,-0.088,-0.995,-0.049,-0.002,0.003,0.007
AIRPOT,1644820326634,1644820324632,4,1644820324632,-0.090,-0.995,-0.051,-0.006,0.004,0.033
AIRPOT,1644820326696,1644820324694,4,1644820324694,-0.094,-0.994,-0.052,0.032,-0.038,-0.029
AIRPOT,1644820326734,1644820324732,4,1644820324732,-0.092,-0.994,-0.053,-0.019,-0.005,0.018
AIRPOT,1644820326737,1644820324735,4,1644820324735,-0.093,-0.994,-0.054,-0.050,0.010,0.005
AIRPOT,1644820326745,1644820324743,4,1644820324743,-0.092,-0.994,-0.056,-0.040,-0.025,-0.063
AIRPOT,1644820326745,1644820324743,4,1644820324743,-0.090,-0.994,-0.056,-0.029,0.003,-0.022
AIRPOT,1644820326854,1644820324852,4,1644820324852,-0.085,-0.995,-0.059,0.004,0.026,0.027
AIRPOT,1644820326857,1644820324855,4,1644820324855,-0.082,-0.995,-0.064,0.012,-0.107,-0.024
AIRPOT,1644820326863,1644820324861,4,1644820324861,-0.072,-0.995,-0.063,0.010,0.178,0.019
AIRPOT,1644820326864,1644820324862,4,1644820324862,-0.076,-0.995,-0.067,0.020,-0.138,-0.004
AIRPOT,1644820326923,1644820324921,4,1644820324921,-0.070,-0.995,-0.074,-0.009,0.071,-0.014
AIRPOT,1644820326927,1644820324925,4,1644820324925,-0.065,-0.995,-0.081,0.040,-0.051,0.035
AIRPOT,1644820327037,1644820325035,4,1644820325035,-0.065,-0.994,-0.086,0.078,0.097,0.023
AIRPOT,1644820327037,1644820325035,4,1644820325035,-0.069,-0.994,-0.090,-0.024,-0.047,0.092
AIRPOT,1644820327045,1644820325043,4,1644820325043,-0.067,-0.993,-0.092,-0.033,0.122,-0.003
AIRPOT,1644820327146,1644820325144,4,1644820325144,-0.070,-0.993,-0.096,0.002,-0.047,0.011
AIRPOT,1644820327213,1644820325211,4,1644820325211,-0.071,-0.993,-0.099,-0.004,0.002,-0.062
AIRPOT,1644820327214,1644820325212,4,1644820325212,-0.069,-0.993,-0.101,-0.095,0.075,0.119
AIRPOT,1644820327273,1644820325271,4,1644820325271,-0.073,-0.992,-0.107,0.060,-0.088,-0.100
AIRPOT,1644820327332,1644820325330,4,1644820325330,-0.073,-0.991,-0.110,0.010,-0.031,0.045
AIRPOT,1644820327393,1644820325391,4,1644820325391,-0.071,-0.991,-0.115,0.012,0.028,0.045
AIRPOT,1644820327397,1644820325395,4,1644820325395,-0.074,-0.990,-0.119,-0.037,0.042,0.024
AIRPOT,1644820327619,1644820325617,4,1644820325617,-0.077,-0.989,-0.124,-0.028,0.049,-0.045
AIRPOT,1644820327621,1644820325619,4,1644820325619,-0.070,-0.989,-0.131,-0.007,0.119,0.068
AIRPOT,1644820327687,1644820325685,4,1644820325685,-0.074,-0.988,-0.137,-0.073,0.032,0.101
AIRPOT,1644820327689,1644820325687,4,1644820325687,-0.076,-0.987,-0.145,-0.014,0.003,0.073
AIRPOT,1644820327740,1644820325738,4,1644820325738,-0.079,-0.986,-0.149,-0.038,0.046,-0.004
AIRPOT,1644820327748,1644820325746,4,1644820325746,-0.080,-0.985,-0.156,0.000,-0.054,-0.045
AIRPOT,1644820327836,1644820325834,4,1644820325834,-0.064,-0.985,-0.162,-0.039,0.095,0.051
AIRPOT,1644820327839,1644820325837,4,1644820325837,-0.067,-0.984,-0.163,-0.008,0.001,-0.034
AIRPOT,1644820327906,1644820325904,4,1644820325904,-0.071,-0.984,-0.166,-0.047,-0.061,-0.032
AIRPOT,1644820327909,1644820325907,4,1644820325907,-0.071,-0.983,-0.168,0.050,0.027,-0.110
AIRPOT,1644820327966,1644820325964,4,1644820325964,-0.071,-0.983,-0.171,0.016,-0.023,0.012
AIRPOT,1644820328023,1644820326021,4,1644820326021,-0.063,-0.983,-0.175,0.053,-0.028,0.011
AIRPOT,1644820328084,1644820326082,4,1644820326082,-0.055,-0.983,-0.174,0.081,0.036,-0.046
AIRPOT,1644820328143,1644820326141,4,1644820326141,-0.051,-0.984,-0.173,0.008,-0.082,0.062
AIRPOT,1644820328200,1644820326198,4,1644820326198,-0.052,-0.984,-0.169,-0.035,0.102,0.036
AIRPOT,1644820328204,1644820326202,4,1644820326202,-0.062,-0.984,-0.169,0.025,-0.046,-0.008
AIRPOT,1644820328209,1644820326207,4,1644820326207,-0.064,-0.983,-0.170,-0.028,-0.058,0.081
AIRPOT,1644820328258,1644820326256,4,1644820326256,-0.061,-0.983,-0.175,-0.007,0.053,-0.030
AIRPOT,1644820328268,1644820326266,4,1644820326265,-0.053,-0.982,-0.183,-0.011,0.013,-0.072
AIRPOT,1644820328268,1644820326266,4,1644820326266,-0.051,-0.981,-0.186,-0.044,0.058,-0.062
AIRPOT,1644820328314,1644820326312,4,1644820326312,-0.054,-0.980,-0.191,-0.009,-0.040,-0.031
AIRPOT,1644820328316,1644820326314,4,1644820326314,-0.051,-0.979,-0.196,0.034,-0.034,-0.051
AIRPOT,1644820328321,1644820326319,4,1644820326319,-0.041,-0.979,-0.201,-0.030,0.011,0.106
AIRPOT,1644820328392,1644820326390,4,1644820326390,-0.038,-0.978,-0.205,0.030,-0.014,0.015
AIRPOT,1644820328472,1644820326470,4,1644820326470,-0.035,-0.978,-0.206,-0.015,0.083,0.060
AIRPOT,1644820328476,1644820326474,4,1644820326474,-0.037,-0.978,-0.207,-0.020,-0.016,0.045
AIRPOT,1644820328534,1644820326532,4,1644820326532,-0.038,-0.978,-0.207,0.054,-0.038,-0.023
AIRPOT,1644820328614,1644820326612,4,1644820326612,-0.034,-0.977,-0.209,-0.020,-0.008,-0.003
AIRPOT,1644820328746,1644820326744,4,1644820326744,-0.032,-0.977,-0.210,-0.013,-0.043,0.039
AIRPOT,1644820328748,1644820326746,4,1644820326746,-0.030,-0.977,-0.211,-0.005,0.065,-0.080
AIRPOT,1644820328796,1644820326794,4,1644820326794,-0.032,-0.977,-0.211,-0.053,0.011,0.045
AIRPOT,1644820328844,1644820326842,4,1644820326842,-0.034,-0.977,-0.211,0.041,-0.011,-0.062
AIRPOT,1644820328951,1644820326949,4,1644820326949,-0.034,-0.977,-0.212,-0.009,0.004,0.028
AIRPOT,1644820328953,1644820326951,4,1644820326951,-0.036,-0.977,-0.212,0.011,-0.025,0.006
AIRPOT,1644820329020,1644820327018,4,1644820327018,-0.038,-0.977,-0.211,-0.042,0.034,0.016
AIRPOT,1644820329021,1644820327019,4,1644820327019,-0.041,-0.977,-0.210,0.011,-0.026,0.013
AIRPOT,1644820329103,1644820327101,4,1644820327101,-0.042,-0.977,-0.211,0.045,-0.057,-0.036
AIRPOT,1644820329104,1644820327102,4,1644820327102,-0.038,-0.977,-0.210,-0.081,0.117,0.136
AIRPOT,1644820329169,1644820327167,4,1644820327167,-0.044,-0.977,-0.211,0.021,-0.068,-0.049
AIRPOT,1644820329170,1644820327168,4,1644820327168,-0.044,-0.977,-0.210,-0.026,0.028,-0.017
AIRPOT,1644820329209,1644820327207,4,1644820327207,-0.045,-0.976,-0.211,-0.012,0.019,-0.040
AIRPOT,1644820329223,1644820327221,4,1644820327221,-0.045,-0.976,-0.212,-0.045,-0.002,0.025
AIRPOT,1644820329283,1644820327281,4,1644820327281,-0.042,-0.976,-0.214,0.071,-0.069,-0.085
AIRPOT,1644820329288,1644820327286,4,1644820327286,-0.035,-0.976,-0.214,0.008,0.026,0.060
AIRPOT,1644820329353,1644820327351,4,1644820327351,-0.030,-0.976,-0.216,0.022,0.014,0.098
AIRPOT,1644820329355,1644820327353,4,1644820327353,-0.032,-0.976,-0.217,0.043,-0.011,-0.070
AIRPOT,1644820329412,1644820327410,4,1644820327410,-0.036,-0.976,-0.217,0.036,-0.004,-0.038
AIRPOT,1644820329414,1644820327412,4,1644820327412,-0.036,-0.976,-0.216,-0.038,0.006,0.021
AIRPOT,1644820329612,1644820327610,4,1644820327610,-0.039,-0.975,-0.219,0.023,-0.024,-0.059
AIRPOT,1644820329615,1644820327613,4,1644820327613,-0.041,-0.975,-0.220,0.001,-0.013,-0.037
AIRPOT,1644820329704,1644820327702,4,1644820327702,-0.040,-0.975,-0.220,-0.070,0.012,0.057
AIRPOT,1644820329704,1644820327702,4,1644820327702,-0.042,-0.974,-0.221,0.076,-0.063,-0.047
AIRPOT,1644820329709,1644820327707,4,1644820327707,-0.042,-0.975,-0.220,0.032,0.031,-0.066
AIRPOT,1644820329757,1644820327755,4,1644820327755,-0.039,-0.975,-0.218,-0.033,-0.037,0.121
AIRPOT,1644820329761,1644820327759,4,1644820327759,-0.040,-0.977,-0.208,-0.042,0.077,0.106
AIRPOT,1644820329764,1644820327762,4,1644820327762,-0.048,-0.977,-0.207,-0.025,-0.028,-0.042
AIRPOT,1644820329771,1644820327769,4,1644820327769,-0.054,-0.979,-0.198,-0.049,0.040,0.084
AIRPOT,1644820329839,1644820327837,4,1644820327837,-0.058,-0.980,-0.191,0.034,-0.083,-0.078
AIRPOT,1644820329845,1644820327843,4,1644820327843,-0.057,-0.982,-0.182,-0.036,0.004,0.069
AIRPOT,1644820329848,1644820327846,4,1644820327846,-0.058,-0.983,-0.174,-0.059,0.063,0.028
AIRPOT,1644820329857,1644820327855,4,1644820327855,-0.060,-0.984,-0.166,0.015,-0.038,-0.078
AIRPOT,1644820329912,1644820327910,4,1644820327910,-0.055,-0.986,-0.160,-0.007,-0.039,-0.038
AIRPOT,1644820330001,1644820327999,4,1644820327999,-0.045,-0.987,-0.153,0.081,0.047,-0.101
AIRPOT,1644820330049,1644820328047,4,1644820328047,-0.041,-0.988,-0.147,0.125,-0.138,-0.133
AIRPOT,1644820330103,1644820328101,4,1644820328101,-0.028,-0.990,-0.141,-0.007,0.069,-0.037
AIRPOT,1644820330176,1644820328174,4,1644820328174,-0.023,-0.991,-0.135,-0.050,-0.018,0.125
AIRPOT,1644820330300,1644820328298,4,1644820328298,-0.019,-0.992,-0.129,-0.016,-0.025,0.042
AIRPOT,1644820330302,1644820328300,4,1644820328300,-0.015,-0.992,-0.127,-0.111,0.142,0.060
AIRPOT,1644820330310,1644820328308,4,1644820328308,-0.019,-0.992,-0.124,0.157,-0.206,-0.091
AIRPOT,1644820330310,1644820328308,4,1644820328308,-0.001,-0.992,-0.123,-0.029,-0.028,0.092
AIRPOT,1644820330400,1644820328398,4,1644820328398,-0.000,-0.992,-0.127,-0.002,-0.026,0.053
AIRPOT,1644820330557,1644820328555,4,1644820328555,0.003,-0.991,-0.132,-0.049,0.041,-0.047
AIRPOT,1644820330599,1644820328597,4,1644820328597,0.006,-0.992,-0.128,0.030,0.130,-0.118
AIRPOT,1644820330744,1644820328742,4,1644820328742,0.005,-0.992,-0.126,0.058,-0.267,-0.121
AIRPOT,1644820330744,1644820328742,4,1644820328742,0.008,-0.990,-0.143,0.022,0.094,0.018
AIRPOT,1644820330749,1644820328747,4,1644820328747,0.012,-0.988,-0.152,-0.011,0.029,0.130
AIRPOT,1644820330752,1644820328750,4,1644820328750,0.011,-0.986,-0.166,-0.003,-0.032,0.125
AIRPOT,1644820330859,1644820328857,4,1644820328857,0.003,-0.976,-0.218,0.009,-0.044,-0.047
AIRPOT,1644820330911,1644820328909,4,1644820328909,0.007,-0.972,-0.234,0.014,-0.008,-0.099
AIRPOT,1644820330984,1644820328982,4,1644820328982,0.014,-0.968,-0.252,0.004,0.052,0.036
AIRPOT,1644820330988,1644820328986,4,1644820328986,0.018,-0.964,-0.264,0.041,-0.009,-0.019
AIRPOT,1644820331045,1644820329043,4,1644820329043,0.021,-0.960,-0.280,0.041,0.014,0.006
AIRPOT,1644820331047,1644820329045,4,1644820329045,0.019,-0.955,-0.296,-0.029,-0.017,-0.031
AIRPOT,1644820331132,1644820329130,4,1644820329130,0.019,-0.952,-0.306,0.034,0.021,0.071
AIRPOT,1644820331302,1644820329300,4,1644820329300,0.019,-0.950,-0.311,-0.036,-0.075,-0.038
AIRPOT,1644820331412,1644820329410,4,1644820329410,0.023,-0.949,-0.315,0.060,0.097,0.051
AIRPOT,1644820331412,1644820329410,4,1644820329410,0.017,-0.948,-0.317,-0.001,-0.085,-0.092
AIRPOT,1644820331513,1644820329511,4,1644820329511,0.014,-0.947,-0.320,-0.025,0.067,0.135
AIRPOT,1644820331634,1644820329632,4,1644820329632,0.006,-0.947,-0.321,-0.019,0.002,0.003
AIRPOT,1644820331774,1644820329772,4,1644820329772,-0.021,-0.943,-0.331,-0.034,0.001,-0.046
AIRPOT,1644820331776,1644820329774,4,1644820329774,-0.025,-0.943,-0.332,0.045,-0.031,0.069
AIRPOT,1644820331833,1644820329831,4,1644820329831,-0.030,-0.943,-0.332,-0.124,0.062,-0.014
AIRPOT,1644820331896,1644820329894,4,1644820329894,-0.039,-0.942,-0.333,-0.007,-0.095,-0.049
AIRPOT,1644820331953,1644820329951,4,1644820329951,-0.046,-0.939,-0.342,0.019,-0.015,0.027
AIRPOT,1644820332022,1644820330020,4,1644820330020,-0.049,-0.938,-0.342,-0.090,-0.018,0.040
AIRPOT,1644820332071,1644820330069,4,1644820330069,-0.048,-0.938,-0.343,0.029,0.013,0.024
AIRPOT,1644820332073,1644820330071,4,1644820330071,-0.049,-0.938,-0.343,0.012,0.009,-0.028
AIRPOT,1644820332171,1644820330169,4,1644820330169,-0.059,-0.939,-0.340,0.065,-0.010,-0.054
AIRPOT,1644820332174,1644820330172,4,1644820330172,-0.065,-0.938,-0.339,-0.002,0.038,0.012
AIRPOT,1644820332282,1644820330280,4,1644820330280,-0.084,-0.937,-0.338,-0.002,0.045,0.058
AIRPOT,1644820332285,1644820330283,4,1644820330283,-0.099,-0.936,-0.338,0.062,-0.051,-0.061
AIRPOT,1644820332290,1644820330288,4,1644820330288,-0.119,-0.938,-0.326,0.003,0.025,0.020
AIRPOT,1644820332292,1644820330290,4,1644820330290,-0.150,-0.942,-0.302,-0.002,-0.040,-0.008
AIRPOT,1644820332342,1644820330340,4,1644820330340,-0.231,-0.941,-0.247,-0.076,0.124,0.116
AIRPOT,1644820332403,1644820330401,4,1644820330401,-0.286,-0.931,-0.225,0.079,0.011,-0.074
AIRPOT,1644820332468,1644820330466,4,1644820330466,-0.338,-0.918,-0.209,-0.022,0.028,0.079
AIRPOT,1644820332470,1644820330468,4,1644820330468,-0.386,-0.900,-0.202,0.005,-0.099,0.024
AIRPOT,1644820332519,1644820330517,4,1644820330517,-0.425,-0.883,-0.199,-0.013,0.013,-0.024
AIRPOT,1644820332526,1644820330524,4,1644820330524,-0.455,-0.868,-0.198,-0.093,-0.001,0.026
AIRPOT,1644820332533,1644820330531,4,1644820330531,-0.474,-0.858,-0.197,-0.014,-0.040,-0.035
AIRPOT,1644820332583,1644820330581,4,1644820330581,-0.487,-0.852,-0.193,-0.022,-0.022,-0.053
AIRPOT,1644820332645,1644820330643,4,1644820330643,-0.492,-0.849,-0.191,-0.019,-0.031,0.021
AIRPOT,1644820332727,1644820330725,4,1644820330725,-0.490,-0.850,-0.190,-0.013,-0.009,-0.015
AIRPOT,1644820332767,1644820330765,4,1644820330765,-0.487,-0.853,-0.190,-0.001,-0.011,-0.002
AIRPOT,1644820332770,1644820330768,4,1644820330768,-0.478,-0.857,-0.193,-0.033,-0.019,-0.014
AIRPOT,1644820332774,1644820330772,4,1644820330772,-0.464,-0.864,-0.196,-0.058,0.064,0.022
AIRPOT,1644820332775,1644820330773,4,1644820330773,-0.449,-0.870,-0.203,0.021,-0.027,-0.042
AIRPOT,1644820332787,1644820330785,4,1644820330785,-0.436,-0.876,-0.206,0.061,-0.012,-0.113
AIRPOT,1644820332855,1644820330853,4,1644820330853,-0.420,-0.884,-0.208,0.015,0.057,0.046
AIRPOT,1644820332916,1644820330914,4,1644820330914,-0.405,-0.889,-0.215,-0.024,-0.075,0.038
AIRPOT,1644820332973,1644820330971,4,1644820330971,-0.390,-0.895,-0.218,-0.020,0.026,0.035
AIRPOT,1644820333037,1644820331035,4,1644820331035,-0.374,-0.900,-0.223,-0.022,-0.057,-0.041
AIRPOT,1644820333038,1644820331036,4,1644820331036,-0.351,-0.909,-0.225,-0.038,0.035,0.067
AIRPOT,1644820333090,1644820331088,4,1644820331088,-0.325,-0.917,-0.232,-0.006,-0.010,0.012
AIRPOT,1644820333208,1644820331206,4,1644820331206,-0.304,-0.922,-0.238,0.020,-0.060,-0.017
AIRPOT,1644820333265,1644820331263,4,1644820331263,-0.281,-0.929,-0.239,0.008,0.067,-0.034
AIRPOT,1644820333271,1644820331269,4,1644820331269,-0.260,-0.935,-0.240,-0.031,-0.010,0.080
AIRPOT,1644820333391,1644820331389,4,1644820331389,-0.238,-0.942,-0.238,0.084,0.020,-0.109
AIRPOT,1644820333404,1644820331402,4,1644820331402,-0.215,-0.949,-0.232,0.036,-0.031,0.000
AIRPOT,1644820333406,1644820331404,4,1644820331404,-0.195,-0.954,-0.226,-0.047,0.061,0.195
AIRPOT,1644820333452,1644820331450,4,1644820331450,-0.186,-0.956,-0.225,0.046,-0.080,0.095
AIRPOT,1644820333513,1644820331511,4,1644820331511,-0.174,-0.959,-0.224,0.006,0.081,0.061
AIRPOT,1644820333581,1644820331579,4,1644820331579,-0.167,-0.959,-0.228,0.015,-0.041,0.013
AIRPOT,1644820333638,1644820331636,4,1644820331636,-0.156,-0.960,-0.235,0.187,-0.027,-0.014
AIRPOT,1644820333642,1644820331640,4,1644820331640,-0.140,-0.963,-0.231,-0.144,0.036,-0.144
AIRPOT,1644820333715,1644820331713,4,1644820331713,-0.141,-0.964,-0.227,-0.038,0.121,0.088
AIRPOT,1644820333805,1644820331803,4,1644820331803,-0.145,-0.963,-0.225,-0.041,-0.021,-0.095
AIRPOT,1644820333872,1644820331870,4,1644820331870,-0.135,-0.965,-0.227,0.071,0.016,-0.068
AIRPOT,1644820333874,1644820331872,4,1644820331872,-0.131,-0.965,-0.229,-0.015,0.025,0.104
AIRPOT,1644820333933,1644820331931,4,1644820331931,-0.132,-0.963,-0.233,-0.072,0.011,0.064
AIRPOT,1644820333993,1644820331991,4,1644820331991,-0.131,-0.962,-0.240,0.002,-0.089,-0.007
AIRPOT,1644820334055,1644820332053,4,1644820332053,-0.120,-0.964,-0.239,-0.000,-0.069,0.103
AIRPOT,1644820334114,1644820332112,4,1644820332112,-0.112,-0.965,-0.236,0.034,0.075,-0.043
AIRPOT,1644820334173,1644820332171,4,1644820332171,-0.115,-0.966,-0.234,0.018,0.008,-0.012
AIRPOT,1644820334234,1644820332232,4,1644820332232,-0.121,-0.965,-0.234,-0.020,0.002,-0.002
AIRPOT,1644820334364,1644820332362,4,1644820332362,-0.119,-0.965,-0.235,-0.000,-0.010,-0.019
AIRPOT,1644820334365,1644820332363,4,1644820332363,-0.115,-0.966,-0.231,0.010,0.030,-0.003
AIRPOT,1644820334424,1644820332422,4,1644820332422,-0.114,-0.967,-0.228,-0.034,-0.013,0.057
AIRPOT,1644820334426,1644820332424,4,1644820332424,-0.116,-0.967,-0.227,-0.040,0.018,0.002
AIRPOT,1644820334482,1644820332480,4,1644820332480,-0.111,-0.969,-0.219,-0.012,0.013,-0.007
AIRPOT,1644820334484,1644820332482,4,1644820332482,-0.110,-0.970,-0.217,0.016,0.006,-0.009
AIRPOT,1644820334543,1644820332541,4,1644820332541,-0.108,-0.970,-0.216,-0.010,-0.006,0.022
AIRPOT,1644820334709,1644820332707,4,1644820332707,-0.104,-0.971,-0.214,0.001,-0.005,-0.001
AIRPOT,1644820334713,1644820332711,4,1644820332711,-0.099,-0.972,-0.214,-0.003,-0.006,0.032
AIRPOT,1644820334715,1644820332713,4,1644820332713,-0.094,-0.972,-0.215,0.001,-0.005,0.028
AIRPOT,18450,16448,4,1644820332698,-0.879,0.797,0.366,-1.129,0.060,1.169,92
AIRPOT,1644820334726,1644820332724,4,1644820332724,-0.082,-0.971,-0.226,-0.043,-0.101,0.006
AIRPOT,1644820334736,1644820332734,4,1644820332734,-0.055,-0.972,-0.228,-0.013,0.017,-0.008
AIRPOT,1644820334766,1644820332764,4,1644820332764,-0.052,-0.971,-0.234,0.017,0.012,-0.003
AIRPOT,1644820334887,1644820332885,4,1644820332885,-0.037,-0.963,-0.265,-0.023,-0.072,0.009
AIRPOT,1644820334893,1644820332891,4,1644820332891,-0.027,-0.958,-0.285,0.004,-0.121,-0.040
AIRPOT,1644820334943,1644820332941,4,1644820332941,-0.016,-0.951,-0.310,0.003,-0.183,0.014
AIRPOT,1644820335004,1644820333002,4,1644820333002,-0.005,-0.938,-0.346,0.009,-0.114,0.035
AIRPOT,1644820335049,1644820333047,4,1644820333047,0.003,-0.919,-0.395,0.007,-0.111,0.037
AIRPOT,1644820335113,1644820333111,4,1644820333111,0.010,-0.896,-0.444,-0.007,-0.088,0.048
AIRPOT,1644820335193,1644820333191,4,1644820333191,0.018,-0.871,-0.492,-0.028,-0.009,0.070
AIRPOT,1644820335259,1644820333257,4,1644820333257,0.025,-0.845,-0.533,-0.017,0.061,0.064
AIRPOT,1644820335261,1644820333259,4,1644820333259,0.030,-0.821,-0.570,-0.004,0.054,0.040
AIRPOT,1644820335313,1644820333311,4,1644820333311,0.035,-0.799,-0.600,0.009,0.046,0.021
AIRPOT,1644820335372,1644820333370,4,1644820333370,0.039,-0.780,-0.625,0.012,0.071,0.049
AIRPOT,1644820335433,1644820333431,4,1644820333431,0.041,-0.764,-0.644,0.006,0.115,0.074
AIRPOT,1644820335495,1644820333493,4,1644820333493,0.037,-0.753,-0.656,-0.003,0.125,0.051
AIRPOT,1644820335544,1644820333542,4,1644820333542,0.030,-0.750,-0.661,-0.001,0.121,0.053
AIRPOT,1644820335605,1644820333603,4,1644820333603,0.021,-0.752,-0.659,0.001,0.056,0.046
AIRPOT,1644820335644,1644820333642,4,1644820333642,0.012,-0.760,-0.650,0.015,0.038,0.036
AIRPOT,1644820335663,1644820333661,4,1644820333661,0.004,-0.769,-0.639,0.016,0.006,0.047
AIRPOT,1644820335855,1644820333853,4,1644820333853,-0.004,-0.779,-0.627,0.017,-0.010,0.019
AIRPOT,1644820335857,1644820333855,4,1644820333855,-0.017,-0.790,-0.612,-0.003,0.001,0.043
AIRPOT,1644820335918,1644820333916,4,1644820333916,-0.034,-0.800,-0.599,-0.006,-0.013,0.011
AIRPOT,1644820335973,1644820333971,4,1644820333971,-0.053,-0.806,-0.589,-0.005,-0.043,-0.041
AIRPOT,1644820335980,1644820333978,4,1644820333978,-0.084,-0.807,-0.584,-0.006,-0.068,-0.087
AIRPOT,1644820336033,1644820334031,4,1644820334031,-0.093,-0.800,-0.592,-0.012,-0.112,-0.071
AIRPOT,1644820336094,1644820334092,4,1644820334092,-0.101,-0.774,-0.625,0.004,-0.056,-0.011
AIRPOT,1644820336213,1644820334211,4,1644820334211,-0.112,-0.697,-0.709,0.035,0.076,0.062
AIRPOT,1644820336153,1644820334151,4,1644820334151,-0.101,-0.750,-0.653,0.005,-0.026,0.026
AIRPOT,1644820336315,1644820334313,4,1644820334313,-0.125,-0.664,-0.737,0.022,0.062,0.101
AIRPOT,1644820336365,1644820334363,4,1644820334363,-0.135,-0.661,-0.738,0.039,-0.012,0.042
AIRPOT,1644820336483,1644820334481,4,1644820334481,-0.160,-0.663,-0.732,-0.014,0.064,-0.021
AIRPOT,1644820336550,1644820334548,4,1644820334548,-0.175,-0.655,-0.735,-0.004,0.063,-0.076
AIRPOT,1644820336552,1644820334550,4,1644820334550,-0.191,-0.648,-0.737,-0.012,0.070,-0.068
AIRPOT,1644820336603,1644820334601,4,1644820334601,-0.228,-0.632,-0.741,-0.009,0.070,-0.040
AIRPOT,1644820336659,1644820334657,4,1644820334657,-0.249,-0.627,-0.738,0.005,0.082,-0.015
AIRPOT,1644820336718,1644820334716,4,1644820334716,-0.288,-0.623,-0.728,0.024,0.047,0.014
AIRPOT,1644820336757,1644820334755,4,1644820334755,-0.304,-0.625,-0.719,0.013,0.016,0.039
AIRPOT,1644820336814,1644820334812,4,1644820334812,-0.319,-0.633,-0.705,-0.015,-0.005,0.039
AIRPOT,1644820336850,1644820334848,4,1644820334848,-0.336,-0.645,-0.687,-0.019,-0.018,0.011
AIRPOT,1644820336998,1644820334996,4,1644820334996,-0.355,-0.654,-0.669,0.012,0.008,0.018
AIRPOT,1644820336999,1644820334997,4,1644820334997,-0.375,-0.659,-0.652,0.036,-0.027,0.096
AIRPOT,1644820337052,1644820335050,4,1644820335050,-0.419,-0.670,-0.613,-0.008,-0.063,0.082
AIRPOT,1644820337111,1644820335109,4,1644820335109,-0.445,-0.670,-0.595,-0.004,-0.037,-0.044
AIRPOT,1644820337174,1644820335172,4,1644820335172,-0.489,-0.648,-0.584,-0.016,-0.040,-0.097
AIRPOT,1644820337233,1644820335231,4,1644820335231,-0.503,-0.633,-0.588,0.018,-0.074,0.041
AIRPOT,1644820337294,1644820335292,4,1644820335292,-0.522,-0.606,-0.600,0.045,-0.135,0.021
AIRPOT,1644820337374,1644820335372,4,1644820335372,-0.532,-0.589,-0.609,0.076,-0.113,-0.006
AIRPOT,1644820337443,1644820335441,4,1644820335441,-0.545,-0.543,-0.639,-0.002,-0.068,0.025
AIRPOT,1644820337446,1644820335444,4,1644820335444,-0.550,-0.518,-0.655,-0.050,-0.083,0.021
AIRPOT,1644820337484,1644820335482,4,1644820335482,-0.557,-0.451,-0.698,-0.098,-0.209,-0.087
AIRPOT,1644820337534,1644820335532,4,1644820335532,-0.560,-0.398,-0.727,-0.226,-0.261,-0.058
AIRPOT,1644820337590,1644820335588,4,1644820335588,-0.579,-0.262,-0.772,-0.221,-0.268,-0.049
AIRPOT,1644820337653,1644820335651,4,1644820335651,-0.584,-0.184,-0.791,-0.184,-0.228,-0.072
AIRPOT,1644820337714,1644820335712,4,1644820335712,-0.587,-0.111,-0.802,-0.168,-0.236,-0.119
