Device,PTPTime,UnixTime,Protocool,CurrentDeviceTime,GyroX,GyroY,GyroZ,AccX,AccY,AccZ,
AIRPOT,1644988655456,1644988654537,4,1644988654537,0.167,-0.032,-0.985,-0.020,0.006,0.007
AIRPOT,1644988655459,1644988654540,4,1644988654540,0.166,-0.025,-0.986,0.011,0.010,-0.053
AIRPOT,1644988655514,1644988654595,4,1644988654595,0.170,-0.018,-0.985,-0.005,0.024,0.022
AIRPOT,1644988655567,1644988654648,4,1644988654648,0.170,-0.012,-0.985,0.001,0.006,0.005
AIRPOT,1644988655571,1644988654652,4,1644988654652,0.169,-0.011,-0.986,-0.033,0.018,0.046
AIRPOT,1644988655628,1644988654709,4,1644988654709,0.164,-0.014,-0.986,-0.020,0.024,-0.021
AIRPOT,1644988655707,1644988654788,4,1644988654788,0.166,-0.019,-0.986,0.050,-0.047,-0.012
AIRPOT,1644988655755,1644988654836,4,1644988654836,0.170,-0.021,-0.985,0.001,0.042,-0.006
AIRPOT,1644988655757,1644988654838,4,1644988654838,0.174,-0.018,-0.985,0.027,0.032,0.000
AIRPOT,1644988655814,1644988654895,4,1644988654895,0.174,-0.010,-0.985,-0.007,0.031,0.025
AIRPOT,1644988655815,1644988654896,4,1644988654896,0.172,-0.000,-0.985,-0.004,0.017,0.053
AIRPOT,1644988655874,1644988654955,4,1644988654955,0.158,0.008,-0.987,-0.001,0.052,0.002
AIRPOT,1644988655924,1644988655005,4,1644988655005,0.140,0.018,-0.990,0.035,0.071,-0.020
AIRPOT,1644988655928,1644988655009,4,1644988655009,0.127,0.028,-0.992,-0.031,0.155,0.029
AIRPOT,1644988656009,1644988655090,4,1644988655090,0.115,0.038,-0.993,0.031,0.130,-0.056
AIRPOT,1644988656108,1644988655189,4,1644988655189,0.110,0.041,-0.993,-0.042,0.180,0.006
AIRPOT,1644988656109,1644988655190,4,1644988655190,0.108,0.039,-0.993,-0.041,0.162,-0.031
AIRPOT,1644988656113,1644988655194,4,1644988655194,0.113,0.033,-0.993,-0.085,0.075,0.020
AIRPOT,1644988656214,1644988655295,4,1644988655295,0.113,0.023,-0.993,-0.039,0.002,-0.052
AIRPOT,1644988656362,1644988655443,4,1644988655443,0.118,0.011,-0.993,-0.077,-0.086,-0.004
AIRPOT,1644988656364,1644988655445,4,1644988655445,0.119,-0.001,-0.993,-0.033,-0.146,0.001
AIRPOT,1644988656376,1644988655457,4,1644988655457,0.118,-0.013,-0.993,-0.018,-0.136,0.013
AIRPOT,1644988656376,1644988655457,4,1644988655457,0.113,-0.021,-0.993,0.006,-0.105,-0.006
AIRPOT,1644988656425,1644988655506,4,1644988655506,0.112,-0.027,-0.993,0.032,-0.138,-0.045
AIRPOT,1644988656431,1644988655512,4,1644988655512,0.124,-0.037,-0.992,-0.013,-0.132,-0.035
AIRPOT,1644988656481,1644988655562,4,1644988655562,0.143,-0.045,-0.989,-0.118,-0.113,0.019
AIRPOT,1644988656483,1644988655564,4,1644988655564,0.154,-0.045,-0.987,-0.093,-0.084,-0.027
AIRPOT,1644988656534,1644988655615,4,1644988655615,0.164,-0.039,-0.986,-0.054,0.009,-0.056
AIRPOT,1644988656536,1644988655617,4,1644988655617,0.175,-0.025,-0.984,-0.057,0.032,0.008
AIRPOT,1644988656651,1644988655732,4,1644988655732,0.180,-0.010,-0.984,-0.006,0.056,-0.041
AIRPOT,1644988656653,1644988655734,4,1644988655734,0.186,0.002,-0.982,-0.000,0.163,0.045
AIRPOT,1644988656663,1644988655744,4,1644988655744,0.190,0.012,-0.982,0.037,0.144,0.043
AIRPOT,1644988656710,1644988655791,4,1644988655791,0.192,0.022,-0.981,-0.017,0.155,0.072
AIRPOT,1644988656766,1644988655847,4,1644988655847,0.186,0.029,-0.982,0.015,0.040,0.006
AIRPOT,1644988656768,1644988655849,4,1644988655849,0.180,0.024,-0.983,0.003,0.044,0.029
AIRPOT,1644988656828,1644988655909,4,1644988655909,0.173,0.015,-0.985,0.008,0.045,0.001
AIRPOT,1644988656904,1644988655985,4,1644988655985,0.166,0.006,-0.986,-0.005,0.045,0.019
AIRPOT,1644988656964,1644988656045,4,1644988656045,0.157,0.001,-0.988,-0.027,0.074,0.015
AIRPOT,1644988656966,1644988656047,4,1644988656047,0.145,-0.003,-0.989,-0.012,0.070,-0.029
AIRPOT,1644988657017,1644988656098,4,1644988656098,0.139,-0.004,-0.990,-0.020,0.012,-0.048
AIRPOT,1644988657018,1644988656099,4,1644988656099,0.137,-0.007,-0.991,-0.015,-0.044,-0.029
AIRPOT,1644988657115,1644988656196,4,1644988656196,0.141,-0.013,-0.990,0.001,-0.030,0.002
AIRPOT,1644988657165,1644988656246,4,1644988656246,0.143,-0.022,-0.990,-0.023,-0.044,0.023
AIRPOT,1644988657217,1644988656298,4,1644988656298,0.142,-0.036,-0.989,-0.004,-0.015,-0.008
AIRPOT,1644988657218,1644988656299,4,1644988656299,0.142,-0.050,-0.989,-0.010,-0.037,-0.024
AIRPOT,1644988657223,1644988656304,4,1644988656304,0.146,-0.057,-0.988,-0.012,-0.038,-0.001
AIRPOT,1644988657279,1644988656360,4,1644988656360,0.150,-0.052,-0.987,-0.014,0.007,0.021
AIRPOT,1644988657340,1644988656421,4,1644988656421,0.153,-0.048,-0.987,0.009,0.014,-0.026
AIRPOT,1644988657346,1644988656427,4,1644988656427,0.158,-0.050,-0.986,-0.012,0.009,0.003
AIRPOT,1644988657455,1644988656536,4,1644988656536,0.161,-0.056,-0.985,0.001,0.013,0.021
AIRPOT,1644988657457,1644988656538,4,1644988656538,0.163,-0.058,-0.985,-0.005,-0.016,0.010
AIRPOT,1644988657467,1644988656548,4,1644988656548,0.164,-0.057,-0.985,0.003,0.004,-0.002
AIRPOT,1644988657561,1644988656642,4,1644988656642,0.165,-0.057,-0.985,0.005,0.025,-0.008
AIRPOT,1644988657586,1644988656667,4,1644988656667,0.165,-0.058,-0.985,0.013,0.015,-0.022
AIRPOT,1644988657590,1644988656671,4,1644988656671,0.167,-0.059,-0.984,0.005,-0.001,0.025
AIRPOT,1644988657640,1644988656721,4,1644988656721,0.168,-0.062,-0.984,0.007,0.008,0.008
AIRPOT,1644988657642,1644988656723,4,1644988656723,0.169,-0.061,-0.984,-0.005,-0.006,0.009
AIRPOT,1644988657698,1644988656779,4,1644988656779,0.168,-0.061,-0.984,-0.001,0.007,0.003
AIRPOT,1644988657751,1644988656832,4,1644988656832,0.166,-0.061,-0.984,-0.001,0.014,-0.000
AIRPOT,1644988657814,1644988656895,4,1644988656895,0.163,-0.060,-0.985,-0.007,0.005,0.015
AIRPOT,1644988657814,1644988656895,4,1644988656895,0.160,-0.060,-0.985,0.002,0.013,-0.014
AIRPOT,1644988657869,1644988656950,4,1644988656950,0.159,-0.060,-0.985,0.001,0.007,-0.000
AIRPOT,1644988657924,1644988657005,4,1644988657005,0.157,-0.059,-0.986,0.003,-0.000,-0.003
AIRPOT,1644988657973,1644988657054,4,1644988657054,0.156,-0.058,-0.986,-0.010,0.000,0.011
AIRPOT,1644988657976,1644988657057,4,1644988657057,0.153,-0.058,-0.987,-0.018,0.008,0.010
AIRPOT,1644988658029,1644988657110,4,1644988657110,0.149,-0.057,-0.987,-0.013,0.001,-0.004
AIRPOT,1644988658106,1644988657187,4,1644988657187,0.145,-0.057,-0.988,-0.005,-0.003,-0.013
AIRPOT,1644988658154,1644988657235,4,1644988657235,0.144,-0.057,-0.988,-0.003,0.008,-0.008
AIRPOT,1644988658157,1644988657238,4,1644988657238,0.143,-0.057,-0.988,-0.002,-0.004,-0.000
AIRPOT,1644988658160,1644988657241,4,1644988657241,0.143,-0.058,-0.988,-0.003,-0.001,0.002
AIRPOT,1644988658270,1644988657351,4,1644988657351,0.144,-0.058,-0.988,0.001,0.004,-0.003
AIRPOT,1644988658275,1644988657356,4,1644988657356,0.144,-0.057,-0.988,-0.004,-0.005,-0.005
AIRPOT,1644988658325,1644988657406,4,1644988657406,0.143,-0.057,-0.988,-0.005,0.002,0.010
AIRPOT,1644988658331,1644988657412,4,1644988657412,0.142,-0.058,-0.988,0.004,0.017,0.001
AIRPOT,1644988658389,1644988657470,4,1644988657470,0.141,-0.058,-0.988,0.004,0.002,-0.012
AIRPOT,1644988658453,1644988657534,4,1644988657534,0.141,-0.058,-0.988,0.003,-0.001,0.000
AIRPOT,1644988658455,1644988657536,4,1644988657536,0.142,-0.058,-0.988,-0.001,0.002,0.010
AIRPOT,1644988658523,1644988657604,4,1644988657604,0.142,-0.059,-0.988,-0.005,0.002,0.004
AIRPOT,1644988658525,1644988657606,4,1644988657606,0.142,-0.058,-0.988,-0.003,0.002,-0.003
AIRPOT,1644988658574,1644988657655,4,1644988657655,0.142,-0.058,-0.988,-0.011,0.004,0.007
AIRPOT,1644988658636,1644988657717,4,1644988657717,0.140,-0.058,-0.988,-0.003,0.007,0.003
AIRPOT,1644988658688,1644988657769,4,1644988657769,0.138,-0.058,-0.989,-0.008,-0.000,0.006
AIRPOT,1644988658690,1644988657771,4,1644988657771,0.136,-0.058,-0.989,-0.003,0.005,-0.003
AIRPOT,1644988658750,1644988657831,4,1644988657831,0.134,-0.058,-0.989,0.004,-0.002,-0.014
AIRPOT,1644988658822,1644988657903,4,1644988657903,0.133,-0.059,-0.989,0.006,-0.003,-0.001
AIRPOT,1644988658872,1644988657953,4,1644988657953,0.134,-0.060,-0.989,0.001,0.008,0.008
AIRPOT,1644988658922,1644988658003,4,1644988658003,0.134,-0.060,-0.989,-0.001,-0.003,0.005
AIRPOT,1644988658962,1644988658043,4,1644988658043,0.133,-0.060,-0.989,-0.001,-0.003,-0.003
AIRPOT,1644988658962,1644988658043,4,1644988658043,0.133,-0.059,-0.989,-0.010,0.002,0.004
AIRPOT,1644988659077,1644988658158,4,1644988658158,0.133,-0.058,-0.989,-0.003,-0.003,-0.004
AIRPOT,1644988659077,1644988658158,4,1644988658158,0.133,-0.057,-0.989,-0.007,-0.001,0.002
AIRPOT,1644988659128,1644988658209,4,1644988658209,0.133,-0.056,-0.990,-0.007,0.005,0.006
AIRPOT,1644988659188,1644988658269,4,1644988658269,0.133,-0.056,-0.990,0.002,0.002,-0.005
AIRPOT,1644988659338,1644988658419,4,1644988658419,0.133,-0.056,-0.990,-0.000,0.003,0.003
AIRPOT,1644988659339,1644988658420,4,1644988658420,0.134,-0.056,-0.989,-0.001,0.005,0.007
AIRPOT,1644988659390,1644988658471,4,1644988658471,0.133,-0.055,-0.990,-0.000,-0.001,0.001
AIRPOT,1644988659392,1644988658473,4,1644988658473,0.133,-0.055,-0.990,0.001,0.000,-0.002
AIRPOT,1644988659454,1644988658535,4,1644988658535,0.133,-0.055,-0.990,0.002,0.004,0.001
AIRPOT,1644988659456,1644988658537,4,1644988658537,0.134,-0.055,-0.990,0.000,-0.004,0.002
AIRPOT,1644988659561,1644988658642,4,1644988658642,0.135,-0.055,-0.989,0.000,0.004,0.005
AIRPOT,1644988659562,1644988658643,4,1644988658643,0.135,-0.055,-0.989,-0.002,0.006,0.004
AIRPOT,1644988659570,1644988658651,4,1644988658651,0.134,-0.055,-0.989,-0.002,0.000,0.002
AIRPOT,1644988659676,1644988658757,4,1644988658757,0.133,-0.054,-0.990,-0.001,0.005,0.002
AIRPOT,1644988659744,1644988658825,4,1644988658825,0.132,-0.053,-0.990,-0.005,0.000,0.001
AIRPOT,1644988659747,1644988658828,4,1644988658828,0.132,-0.052,-0.990,-0.008,-0.002,-0.001
AIRPOT,1644988659807,1644988658888,4,1644988658888,0.130,-0.051,-0.990,-0.006,0.008,-0.004
AIRPOT,1644988659810,1644988658891,4,1644988658891,0.128,-0.051,-0.990,0.001,0.005,-0.005
AIRPOT,1644988659864,1644988658945,4,1644988658945,0.128,-0.050,-0.990,0.001,0.002,0.003
AIRPOT,1644988659927,1644988659008,4,1644988659008,0.128,-0.050,-0.990,-0.002,-0.001,0.010
AIRPOT,1644988659988,1644988659069,4,1644988659069,0.127,-0.050,-0.991,-0.003,0.000,-0.001
AIRPOT,1644988660044,1644988659125,4,1644988659125,0.126,-0.050,-0.991,-0.008,0.016,-0.002
AIRPOT,1644988660113,1644988659194,4,1644988659194,0.126,-0.050,-0.991,0.002,0.008,-0.006
AIRPOT,1644988660198,1644988659279,4,1644988659279,0.127,-0.050,-0.991,0.008,0.014,-0.011
AIRPOT,1644988660263,1644988659344,4,1644988659344,0.129,-0.051,-0.990,0.002,0.009,0.006
AIRPOT,1644988660266,1644988659347,4,1644988659347,0.131,-0.051,-0.990,0.002,0.013,0.014
AIRPOT,1644988660314,1644988659395,4,1644988659395,0.128,-0.051,-0.990,-0.001,-0.016,0.009
AIRPOT,1644988660316,1644988659397,4,1644988659397,0.126,-0.051,-0.991,0.001,-0.017,0.000
AIRPOT,1644988660375,1644988659456,4,1644988659456,0.118,-0.053,-0.992,0.002,-0.009,0.004
AIRPOT,1644988660378,1644988659459,4,1644988659459,0.115,-0.053,-0.992,0.005,-0.003,-0.015
AIRPOT,1644988660435,1644988659516,4,1644988659516,0.113,-0.052,-0.992,-0.007,0.010,0.009
AIRPOT,1644988660494,1644988659575,4,1644988659575,0.111,-0.052,-0.992,-0.011,0.028,-0.002
AIRPOT,1644988660499,1644988659580,4,1644988659580,0.108,-0.051,-0.993,-0.018,0.055,0.000
AIRPOT,1644988660558,1644988659639,4,1644988659639,0.104,-0.049,-0.993,-0.006,0.010,-0.001
AIRPOT,1644988660559,1644988659640,4,1644988659640,0.101,-0.043,-0.994,-0.000,-0.052,-0.003
AIRPOT,1644988660614,1644988659695,4,1644988659695,0.098,-0.037,-0.995,-0.002,-0.075,0.002
AIRPOT,1644988660786,1644988659867,4,1644988659867,0.095,-0.034,-0.995,-0.002,-0.045,-0.009
AIRPOT,1644988660789,1644988659870,4,1644988659870,0.094,-0.033,-0.995,-0.011,-0.006,-0.002
AIRPOT,1644988660912,1644988659993,4,1644988659993,0.094,-0.031,-0.995,-0.009,0.003,0.004
AIRPOT,1644988660913,1644988659994,4,1644988659994,0.092,-0.029,-0.995,-0.006,0.008,0.001
AIRPOT,1644988661006,1644988660087,4,1644988660087,0.089,-0.030,-0.996,0.007,-0.001,-0.009
AIRPOT,1644988661056,1644988660137,4,1644988660137,0.089,-0.033,-0.995,0.002,0.004,-0.004
AIRPOT,1644988661117,1644988660198,4,1644988660198,0.090,-0.042,-0.995,-0.000,0.015,-0.011
AIRPOT,1644988661235,1644988660316,4,1644988660316,0.093,-0.045,-0.995,0.000,0.005,0.003
AIRPOT,1644988661305,1644988660386,4,1644988660386,0.099,-0.047,-0.994,-0.001,-0.003,0.004
AIRPOT,1644988661311,1644988660392,4,1644988660392,0.102,-0.047,-0.994,-0.000,0.001,-0.002
AIRPOT,1644988661357,1644988660438,4,1644988660438,0.110,-0.048,-0.993,0.000,0.003,-0.002
AIRPOT,1644988661362,1644988660443,4,1644988660443,0.116,-0.049,-0.992,0.000,0.003,0.004
AIRPOT,1644988661447,1644988660528,4,1644988660528,0.129,-0.051,-0.990,0.003,0.007,-0.002
AIRPOT,1644988661449,1644988660530,4,1644988660530,0.131,-0.051,-0.990,0.000,0.003,0.003
AIRPOT,1644988661504,1644988660585,4,1644988660585,0.133,-0.051,-0.990,0.003,0.001,0.003
AIRPOT,1644988661552,1644988660633,4,1644988660633,0.134,-0.050,-0.990,-0.000,0.011,0.004
AIRPOT,1644988661604,1644988660685,4,1644988660685,0.135,-0.050,-0.990,0.007,0.033,0.003
AIRPOT,1644988661666,1644988660747,4,1644988660747,0.135,-0.050,-0.990,-0.004,0.057,0.020
AIRPOT,1644988661726,1644988660807,4,1644988660807,0.130,-0.049,-0.990,-0.001,0.133,0.008
AIRPOT,1644988661786,1644988660867,4,1644988660867,0.121,-0.050,-0.991,-0.007,0.105,0.010
AIRPOT,1644988661904,1644988660985,4,1644988660985,0.111,-0.052,-0.992,-0.032,0.070,0.008
AIRPOT,1644988661906,1644988660987,4,1644988660987,0.099,-0.054,-0.994,-0.033,-0.002,0.010
AIRPOT,1644988662017,1644988661098,4,1644988661098,0.073,-0.055,-0.996,-0.018,-0.071,0.008
AIRPOT,1644988662019,1644988661100,4,1644988661100,0.062,-0.050,-0.997,-0.008,-0.075,-0.009
AIRPOT,1644988662081,1644988661162,4,1644988661162,0.042,-0.033,-0.999,0.009,-0.049,-0.008
AIRPOT,1644988662144,1644988661225,4,1644988661225,0.035,-0.020,-0.999,-0.000,-0.045,-0.012
AIRPOT,1644988662204,1644988661285,4,1644988661285,0.027,0.009,-1.000,-0.006,-0.019,-0.006
AIRPOT,1644988662206,1644988661287,4,1644988661287,0.024,0.023,-0.999,-0.006,-0.024,-0.010
AIRPOT,1644988662214,1644988661295,4,1644988661295,0.023,0.035,-0.999,-0.008,-0.019,-0.006
AIRPOT,1644988662266,1644988661347,4,1644988661347,0.024,0.046,-0.999,-0.005,0.006,-0.005
AIRPOT,1644988662269,1644988661350,4,1644988661350,0.029,0.073,-0.997,-0.013,0.014,0.005
AIRPOT,1644988662271,1644988661352,4,1644988661352,0.031,0.079,-0.996,0.003,0.001,-0.006
AIRPOT,1644988662327,1644988661408,4,1644988661408,0.034,0.082,-0.996,-0.004,0.013,-0.001
AIRPOT,1644988662386,1644988661467,4,1644988661467,0.038,0.084,-0.996,0.005,-0.008,-0.005
AIRPOT,1644988662390,1644988661471,4,1644988661471,0.043,0.083,-0.996,0.000,-0.002,0.002
AIRPOT,1644988662391,1644988661472,4,1644988661472,0.047,0.082,-0.996,-0.002,0.014,0.009
AIRPOT,1644988662433,1644988661514,4,1644988661514,0.049,0.084,-0.995,0.003,0.002,0.002
AIRPOT,1644988662434,1644988661515,4,1644988661515,0.052,0.089,-0.995,-0.001,-0.009,-0.002
AIRPOT,1644988662568,1644988661649,4,1644988661649,0.055,0.095,-0.994,0.003,-0.021,-0.007
AIRPOT,1644988662568,1644988661649,4,1644988661649,0.060,0.103,-0.993,-0.007,-0.028,0.002
AIRPOT,1644988662572,1644988661653,4,1644988661653,0.063,0.112,-0.992,-0.002,-0.012,-0.012
AIRPOT,1644988662634,1644988661715,4,1644988661715,0.068,0.121,-0.990,0.005,0.014,0.001
AIRPOT,1644988662686,1644988661767,4,1644988661767,0.074,0.131,-0.989,-0.002,0.023,0.003
AIRPOT,1644988662746,1644988661827,4,1644988661827,0.079,0.139,-0.987,-0.008,0.022,0.010
AIRPOT,1644988662795,1644988661876,4,1644988661876,0.084,0.145,-0.986,0.009,0.012,0.001
AIRPOT,1644988662858,1644988661939,4,1644988661939,0.088,0.151,-0.985,0.006,0.002,0.005
AIRPOT,1644988662925,1644988662006,4,1644988662006,0.093,0.156,-0.983,0.007,0.010,0.005
AIRPOT,1644988662927,1644988662008,4,1644988662008,0.095,0.158,-0.983,0.017,-0.035,0.004
AIRPOT,1644988663024,1644988662105,4,1644988662105,0.097,0.160,-0.982,0.018,-0.065,-0.003
AIRPOT,1644988663027,1644988662108,4,1644988662108,0.098,0.159,-0.982,-0.012,-0.163,0.003
AIRPOT,1644988663225,1644988662306,4,1644988662306,0.089,0.156,-0.984,-0.060,-0.259,0.049
AIRPOT,1644988663226,1644988662307,4,1644988662307,0.065,0.147,-0.987,-0.116,-0.207,0.023
AIRPOT,1644988663286,1644988662367,4,1644988662367,0.032,0.132,-0.991,-0.165,-0.155,-0.013
AIRPOT,1644988663348,1644988662429,4,1644988662429,-0.002,0.109,-0.994,-0.221,-0.048,-0.010
AIRPOT,1644988663466,1644988662547,4,1644988662547,-0.034,0.033,-0.999,-0.227,0.189,-0.056
AIRPOT,1644988663474,1644988662555,4,1644988662555,-0.027,-0.009,-1.000,-0.171,0.285,-0.044
AIRPOT,1644988663475,1644988662556,4,1644988662556,-0.013,-0.042,-0.999,-0.084,0.287,-0.047
AIRPOT,1644988663525,1644988662606,4,1644988662606,0.009,-0.060,-0.998,-0.030,0.207,-0.032
AIRPOT,1644988663576,1644988662657,4,1644988662657,0.061,-0.079,-0.995,-0.016,0.061,0.039
AIRPOT,1644988663639,1644988662720,4,1644988662720,0.079,-0.085,-0.993,0.011,0.040,0.024
AIRPOT,1644988663697,1644988662778,4,1644988662778,0.099,-0.091,-0.991,0.015,0.017,0.025
AIRPOT,1644988663699,1644988662780,4,1644988662780,0.104,-0.093,-0.990,0.010,0.003,0.010
AIRPOT,1644988663759,1644988662840,4,1644988662840,0.106,-0.094,-0.990,0.003,0.009,0.008
AIRPOT,1644988663761,1644988662842,4,1644988662842,0.108,-0.094,-0.990,-0.001,0.025,0.008
AIRPOT,1644988663822,1644988662903,4,1644988662903,0.107,-0.092,-0.990,-0.002,0.021,0.008
AIRPOT,1644988663889,1644988662970,4,1644988662970,0.106,-0.091,-0.990,0.000,0.029,-0.006
AIRPOT,1644988663892,1644988662973,4,1644988662973,0.105,-0.086,-0.991,-0.008,0.091,-0.001
AIRPOT,1644988663896,1644988662977,4,1644988662977,0.104,-0.080,-0.991,-0.026,0.111,0.016
AIRPOT,1644988663908,1644988662989,4,1644988662989,0.098,-0.073,-0.992,-0.017,0.164,-0.030
AIRPOT,1644988663910,1644988662991,4,1644988662991,0.095,-0.064,-0.993,-0.022,0.068,-0.019
AIRPOT,1644988663913,1644988662994,4,1644988662994,0.096,-0.061,-0.994,-0.037,0.044,-0.041
AIRPOT,1644988663915,1644988662996,4,1644988662996,0.101,-0.057,-0.993,-0.050,0.027,-0.016
AIRPOT,1644988664124,1644988663205,4,1644988663205,0.111,-0.051,-0.993,-0.062,-0.003,-0.034
AIRPOT,1644988664126,1644988663207,4,1644988663207,0.124,-0.042,-0.991,-0.065,-0.035,-0.014
AIRPOT,1644988664194,1644988663275,4,1644988663275,0.140,-0.031,-0.990,-0.064,-0.068,-0.004
AIRPOT,1644988664196,1644988663277,4,1644988663277,0.155,-0.022,-0.988,-0.056,-0.166,0.049
AIRPOT,1644988664245,1644988663326,4,1644988663326,0.159,-0.020,-0.987,-0.028,-0.077,0.033
AIRPOT,1644988664308,1644988663389,4,1644988663389,0.159,-0.018,-0.987,0.018,-0.012,-0.012
AIRPOT,1644988664366,1644988663447,4,1644988663447,0.164,-0.011,-0.986,-0.005,-0.014,0.003
AIRPOT,1644988664441,1644988663522,4,1644988663522,0.168,-0.003,-0.986,-0.001,-0.027,0.003
AIRPOT,1644988664508,1644988663589,4,1644988663589,0.170,0.003,-0.986,-0.003,-0.019,0.013
AIRPOT,1644988664578,1644988663659,4,1644988663659,0.169,0.007,-0.986,0.003,-0.025,0.021
AIRPOT,1644988664640,1644988663721,4,1644988663721,0.165,0.012,-0.986,-0.004,0.004,0.020
AIRPOT,1644988664642,1644988663723,4,1644988663723,0.158,0.014,-0.987,-0.012,0.010,0.008
AIRPOT,1644988664693,1644988663774,4,1644988663774,0.137,0.013,-0.990,-0.011,0.013,-0.003
AIRPOT,1644988664710,1644988663791,4,1644988663791,0.134,0.012,-0.991,-0.010,0.008,-0.007
AIRPOT,1644988664763,1644988663844,4,1644988663844,0.132,0.010,-0.991,-0.006,0.009,-0.013
AIRPOT,1644988664765,1644988663846,4,1644988663846,0.133,0.007,-0.991,-0.012,0.003,-0.005
AIRPOT,1644988664822,1644988663903,4,1644988663903,0.134,0.005,-0.991,-0.012,0.002,0.007
AIRPOT,1644988664827,1644988663908,4,1644988663908,0.134,0.003,-0.991,-0.003,0.015,-0.014
AIRPOT,1644988664932,1644988664013,4,1644988664013,0.136,0.002,-0.991,-0.002,0.005,0.005
AIRPOT,1644988664945,1644988664026,4,1644988664026,0.138,0.002,-0.990,-0.008,0.011,-0.007
AIRPOT,1644988665097,1644988664178,4,1644988664178,0.141,0.003,-0.990,-0.006,0.011,-0.009
AIRPOT,1644988665147,1644988664228,4,1644988664228,0.146,0.004,-0.989,-0.008,0.014,-0.003
AIRPOT,1644988665205,1644988664286,4,1644988664286,0.151,0.006,-0.989,-0.018,0.015,0.006
AIRPOT,1644988665265,1644988664346,4,1644988664346,0.155,0.009,-0.988,-0.009,0.003,-0.007
AIRPOT,1644988665348,1644988664429,4,1644988664429,0.160,0.014,-0.987,-0.008,-0.003,-0.009
AIRPOT,1644988665350,1644988664431,4,1644988664431,0.168,0.018,-0.986,-0.004,-0.008,-0.002
AIRPOT,1644988665414,1644988664495,4,1644988664495,0.193,0.030,-0.981,-0.000,0.018,0.012
AIRPOT,1644988665479,1644988664560,4,1644988664560,0.197,0.035,-0.980,0.004,0.005,0.017
AIRPOT,1644988665542,1644988664623,4,1644988664623,0.202,0.041,-0.979,0.004,0.026,0.008
AIRPOT,1644988665548,1644988664629,4,1644988664629,0.203,0.042,-0.978,0.005,0.022,0.002
AIRPOT,1644988665597,1644988664678,4,1644988664678,0.205,0.042,-0.978,-0.004,0.022,0.003
AIRPOT,1644988665597,1644988664678,4,1644988664678,0.207,0.041,-0.977,0.008,0.019,-0.021
AIRPOT,1644988665601,1644988664682,4,1644988664682,0.216,0.039,-0.976,-0.009,-0.002,0.004
AIRPOT,1644988665604,1644988664685,4,1644988664685,0.219,0.039,-0.975,-0.007,-0.015,0.010
AIRPOT,1644988665659,1644988664740,4,1644988664740,0.219,0.040,-0.975,0.001,-0.010,-0.000
AIRPOT,1644988665664,1644988664745,4,1644988664745,0.220,0.041,-0.975,0.005,0.002,-0.001
AIRPOT,1644988665712,1644988664793,4,1644988664793,0.221,0.044,-0.974,0.000,0.001,0.006
AIRPOT,1644988665713,1644988664794,4,1644988664794,0.222,0.047,-0.974,0.000,0.003,0.003
AIRPOT,1644988665717,1644988664798,4,1644988664798,0.222,0.050,-0.974,0.001,0.008,0.006
AIRPOT,1644988665771,1644988664852,4,1644988664852,0.221,0.051,-0.974,-0.000,0.010,0.009
AIRPOT,1644988665873,1644988664954,4,1644988664954,0.219,0.053,-0.974,0.002,0.008,0.001
AIRPOT,1644988665875,1644988664956,4,1644988664956,0.217,0.055,-0.975,0.001,0.005,0.004
AIRPOT,1644988665914,1644988664995,4,1644988664995,0.215,0.056,-0.975,0.001,0.011,0.001
AIRPOT,1644988666017,1644988665098,4,1644988665098,0.213,0.055,-0.976,0.005,0.010,-0.007
AIRPOT,1644988666053,1644988665134,4,1644988665134,0.211,0.055,-0.976,-0.000,0.011,0.011
AIRPOT,1644988666106,1644988665187,4,1644988665187,0.209,0.054,-0.976,-0.005,0.004,0.002
AIRPOT,1644988666165,1644988665246,4,1644988665246,0.207,0.054,-0.977,-0.001,-0.003,-0.001
AIRPOT,1644988666234,1644988665315,4,1644988665315,0.205,0.053,-0.977,-0.003,0.003,-0.003
AIRPOT,1644988666372,1644988665453,4,1644988665453,0.204,0.053,-0.978,0.001,0.002,-0.003
AIRPOT,1644988666374,1644988665455,4,1644988665455,0.203,0.055,-0.978,-0.001,0.005,0.003
AIRPOT,1644988666435,1644988665516,4,1644988665516,0.202,0.056,-0.978,-0.003,0.003,0.001
AIRPOT,1644988666495,1644988665576,4,1644988665576,0.201,0.057,-0.978,0.001,0.006,-0.001
AIRPOT,1644988666555,1644988665636,4,1644988665636,0.201,0.059,-0.978,-0.001,0.008,0.005
AIRPOT,1644988666639,1644988665720,4,1644988665720,0.200,0.061,-0.978,-0.004,-0.000,0.002
AIRPOT,1644988666718,1644988665799,4,1644988665799,0.198,0.062,-0.978,-0.002,0.007,-0.001
AIRPOT,1644988666719,1644988665800,4,1644988665800,0.197,0.063,-0.978,-0.000,0.008,0.000
AIRPOT,1644988666836,1644988665917,4,1644988665917,0.197,0.061,-0.978,-0.003,-0.003,0.012
AIRPOT,1644988666868,1644988665949,4,1644988665949,0.197,0.052,-0.979,0.001,-0.017,0.000
AIRPOT,1644988666937,1644988666018,4,1644988666018,0.198,0.006,-0.980,-0.006,0.039,-0.011
AIRPOT,1644988666938,1644988666019,4,1644988666019,0.202,-0.017,-0.979,0.009,-0.056,-0.017
AIRPOT,1644988666997,1644988666078,4,1644988666078,0.198,-0.041,-0.979,-0.003,-0.030,0.013
AIRPOT,1644988667001,1644988666082,4,1644988666082,0.193,-0.052,-0.980,0.013,0.018,-0.019
AIRPOT,1644988667069,1644988666150,4,1644988666150,0.185,-0.072,-0.980,0.010,0.025,-0.016
AIRPOT,1644988667069,1644988666150,4,1644988666150,0.184,-0.071,-0.980,0.008,0.007,-0.004
AIRPOT,1644988667237,1644988666318,4,1644988666318,0.183,-0.068,-0.981,0.005,0.016,-0.006
AIRPOT,1644988667238,1644988666319,4,1644988666319,0.184,-0.061,-0.981,0.009,0.019,-0.018
AIRPOT,1644988667545,1644988666626,4,1644988666626,0.217,0.027,-0.976,0.000,0.005,-0.004
AIRPOT,1644988667480,1644988666561,4,1644988666561,0.188,-0.050,-0.981,0.001,0.029,-0.012
AIRPOT,1644988667482,1644988666563,4,1644988666563,0.195,-0.033,-0.980,-0.012,0.001,-0.006
AIRPOT,1644988667538,1644988666619,4,1644988666619,0.203,-0.014,-0.979,-0.001,-0.015,-0.036
AIRPOT,1644988667539,1644988666620,4,1644988666620,0.209,0.004,-0.978,-0.023,-0.052,0.017
AIRPOT,1644988667641,1644988666722,4,1644988666722,0.220,0.028,-0.975,-0.007,0.007,0.007
AIRPOT,1644988667790,1644988666871,4,1644988666871,0.223,-0.002,-0.975,0.007,0.020,-0.007
AIRPOT,1644988667792,1644988666873,4,1644988666873,0.227,-0.013,-0.974,-0.000,0.011,-0.003
AIRPOT,1644988667842,1644988666923,4,1644988666923,0.231,-0.023,-0.973,0.006,0.012,-0.007
AIRPOT,1644988667905,1644988666986,4,1644988666986,0.237,-0.031,-0.971,-0.001,-0.000,-0.001
AIRPOT,1644988667974,1644988667055,4,1644988667055,0.249,-0.047,-0.967,0.005,-0.032,0.002
AIRPOT,1644988667975,1644988667056,4,1644988667056,0.256,-0.054,-0.965,0.005,-0.026,0.001
AIRPOT,1644988667981,1644988667062,4,1644988667062,0.271,-0.066,-0.960,0.007,-0.007,-0.005
AIRPOT,1644988667983,1644988667064,4,1644988667064,0.280,-0.070,-0.957,0.012,-0.022,-0.015
AIRPOT,1644988668155,1644988667236,4,1644988667236,0.311,-0.126,-0.942,-0.030,0.083,0.004
AIRPOT,1644988668155,1644988667236,4,1644988667236,0.324,-0.161,-0.932,-0.006,0.058,-0.000
AIRPOT,1644988668275,1644988667356,4,1644988667356,0.336,-0.182,-0.924,-0.024,-0.012,0.017
AIRPOT,1644988668276,1644988667357,4,1644988667357,0.345,-0.192,-0.919,0.002,-0.036,-0.004
AIRPOT,1644988668322,1644988667403,4,1644988667403,0.354,-0.195,-0.915,0.008,-0.055,0.025
AIRPOT,1644988668323,1644988667404,4,1644988667404,0.359,-0.187,-0.914,-0.007,-0.078,0.102
AIRPOT,1644988668327,1644988667408,4,1644988667408,0.350,-0.173,-0.921,0.028,-0.046,0.082
AIRPOT,1644988668330,1644988667411,4,1644988667411,0.334,-0.151,-0.930,0.049,0.015,0.016
AIRPOT,1644988668384,1644988667465,4,1644988667465,0.300,-0.095,-0.949,0.007,-0.010,0.025
AIRPOT,1644988668386,1644988667467,4,1644988667467,0.277,-0.065,-0.959,-0.003,-0.027,0.026
AIRPOT,1644988668391,1644988667472,4,1644988667472,0.250,-0.034,-0.968,0.012,-0.021,0.033
AIRPOT,1644988668394,1644988667475,4,1644988667475,0.220,-0.002,-0.976,0.019,0.046,0.005
AIRPOT,1644988668445,1644988667526,4,1644988667526,0.190,0.030,-0.981,0.005,-0.002,-0.006
AIRPOT,1644988668450,1644988667531,4,1644988667531,0.161,0.053,-0.986,-0.020,0.023,-0.020
AIRPOT,1644988668508,1644988667589,4,1644988667589,0.134,0.068,-0.989,-0.021,0.060,-0.040
AIRPOT,1644988668559,1644988667640,4,1644988667640,0.117,0.078,-0.990,-0.026,0.020,-0.046
AIRPOT,1644988668663,1644988667744,4,1644988667744,0.108,0.082,-0.991,-0.020,0.018,-0.036
AIRPOT,1644988668728,1644988667809,4,1644988667809,0.105,0.082,-0.991,-0.014,0.008,-0.019
AIRPOT,1644988668792,1644988667873,4,1644988667873,0.105,0.080,-0.991,-0.010,-0.001,-0.017
AIRPOT,1644988668793,1644988667874,4,1644988667874,0.109,0.079,-0.991,-0.013,0.009,-0.007
AIRPOT,1644988668912,1644988667993,4,1644988667993,0.113,0.078,-0.991,0.005,0.009,-0.012
AIRPOT,1644988668917,1644988667998,4,1644988667998,0.119,0.077,-0.990,-0.008,0.012,0.014
AIRPOT,1644988668984,1644988668065,4,1644988668065,0.126,0.077,-0.989,0.010,-0.002,-0.004
AIRPOT,1644988669021,1644988668102,4,1644988668102,0.131,0.077,-0.988,-0.007,0.004,0.009
AIRPOT,1644988669162,1644988668243,4,1644988668243,0.135,0.076,-0.988,0.012,-0.006,0.009
AIRPOT,1644988669162,1644988668243,4,1644988668243,0.138,0.077,-0.987,0.011,-0.012,0.008
AIRPOT,1644988669228,1644988668309,4,1644988668309,0.141,0.075,-0.987,0.014,-0.006,-0.004
AIRPOT,1644988669229,1644988668310,4,1644988668310,0.146,0.072,-0.987,-0.002,0.005,0.008
AIRPOT,1644988669336,1644988668417,4,1644988668417,0.149,0.069,-0.986,0.001,-0.004,-0.002
AIRPOT,1644988669338,1644988668419,4,1644988668419,0.153,0.066,-0.986,-0.004,0.002,0.014
AIRPOT,1644988669382,1644988668463,4,1644988668463,0.155,0.065,-0.986,-0.005,-0.004,0.002
AIRPOT,1644988669397,1644988668478,4,1644988668478,0.158,0.064,-0.985,-0.003,-0.017,-0.002
AIRPOT,1644988669489,1644988668570,4,1644988668570,0.162,0.063,-0.985,-0.009,-0.009,-0.009
AIRPOT,1644988669491,1644988668572,4,1644988668572,0.165,0.060,-0.984,0.014,-0.016,-0.005
AIRPOT,1644988669545,1644988668626,4,1644988668626,0.172,0.056,-0.983,0.005,0.019,0.012
AIRPOT,1644988669607,1644988668688,4,1644988668688,0.173,0.053,-0.983,-0.029,0.012,0.045
AIRPOT,1644988669678,1644988668759,4,1644988668759,0.171,0.049,-0.984,0.004,-0.005,-0.008
AIRPOT,1644988669735,1644988668816,4,1644988668816,0.170,0.044,-0.984,0.023,0.000,-0.055
AIRPOT,1644988669800,1644988668881,4,1644988668881,0.174,0.038,-0.984,-0.025,0.012,0.070
AIRPOT,1644988669800,1644988668881,4,1644988668881,0.172,0.033,-0.985,0.022,0.003,-0.043
AIRPOT,1644988669914,1644988668995,4,1644988668995,0.178,0.013,-0.984,-0.000,0.031,0.026
AIRPOT,1644988669915,1644988668996,4,1644988668996,0.181,0.009,-0.983,0.038,-0.033,-0.037
AIRPOT,1644988669922,1644988669003,4,1644988669003,0.185,0.005,-0.983,0.012,0.002,-0.013
AIRPOT,1644988669925,1644988669006,4,1644988669006,0.191,0.005,-0.981,-0.039,-0.027,0.060
AIRPOT,1644988669977,1644988669058,4,1644988669058,0.198,0.007,-0.980,0.000,-0.017,0.027
AIRPOT,1644988669983,1644988669064,4,1644988669064,0.204,0.011,-0.979,-0.030,0.008,0.025
AIRPOT,1644988669984,1644988669065,4,1644988669065,0.209,0.017,-0.978,0.018,-0.066,-0.039
AIRPOT,1644988669985,1644988669066,4,1644988669066,0.215,0.020,-0.977,-0.006,0.082,0.034
AIRPOT,1644988670035,1644988669116,4,1644988669116,0.225,0.021,-0.974,-0.026,-0.097,0.045
AIRPOT,1644988670092,1644988669173,4,1644988669173,0.229,0.019,-0.973,0.049,0.008,-0.015
AIRPOT,1644988670100,1644988669181,4,1644988669181,0.234,0.017,-0.972,0.010,0.029,0.055
AIRPOT,1644988670202,1644988669283,4,1644988669283,0.236,0.018,-0.971,-0.020,-0.054,-0.005
AIRPOT,1644988670278,1644988669359,4,1644988669359,0.238,0.020,-0.971,0.046,-0.008,0.009
AIRPOT,1644988670284,1644988669365,4,1644988669365,0.239,0.023,-0.971,0.014,0.094,0.018
AIRPOT,1644988670285,1644988669366,4,1644988669366,0.239,0.029,-0.971,0.029,-0.141,0.015
AIRPOT,1644988670286,1644988669367,4,1644988669367,0.236,0.028,-0.971,0.016,0.124,0.010
AIRPOT,1644988670389,1644988669470,4,1644988669470,0.237,0.033,-0.971,-0.033,-0.074,0.008
AIRPOT,1644988670391,1644988669472,4,1644988669472,0.239,0.037,-0.970,-0.000,0.012,0.000
AIRPOT,1644988670517,1644988669598,4,1644988669598,0.237,0.042,-0.971,0.000,0.053,-0.019
AIRPOT,1644988670517,1644988669598,4,1644988669598,0.240,0.047,-0.970,-0.015,-0.100,0.025
AIRPOT,1644988670569,1644988669650,4,1644988669650,0.236,0.054,-0.970,0.031,0.129,-0.023
AIRPOT,1644988670571,1644988669652,4,1644988669652,0.236,0.061,-0.970,-0.020,-0.027,0.038
AIRPOT,1644988670576,1644988669657,4,1644988669657,0.235,0.065,-0.970,-0.007,0.046,-0.001
AIRPOT,1644988670629,1644988669710,4,1644988669710,0.233,0.070,-0.970,0.061,-0.075,-0.062
AIRPOT,1644988670807,1644988669888,4,1644988669888,0.233,0.072,-0.970,0.000,0.153,0.046
AIRPOT,1644988670809,1644988669890,4,1644988669890,0.232,0.076,-0.970,-0.000,-0.192,0.011
AIRPOT,1644988670875,1644988669956,4,1644988669956,0.228,0.077,-0.971,0.030,0.162,-0.010
AIRPOT,1644988670877,1644988669958,4,1644988669958,0.228,0.082,-0.970,0.013,-0.080,-0.004
AIRPOT,1644988670928,1644988670009,4,1644988670009,0.226,0.088,-0.970,0.010,0.018,-0.043
AIRPOT,1644988670986,1644988670067,4,1644988670067,0.225,0.093,-0.970,-0.020,0.013,0.014
AIRPOT,1644988671023,1644988670104,4,1644988670104,0.224,0.097,-0.970,-0.018,0.056,-0.024
AIRPOT,1644988671036,1644988670117,4,1644988670117,0.224,0.102,-0.969,0.013,-0.099,-0.004
AIRPOT,1644988671144,1644988670225,4,1644988670225,0.220,0.101,-0.970,0.031,0.107,0.000
AIRPOT,1644988671146,1644988670227,4,1644988670227,0.219,0.103,-0.970,-0.039,-0.103,-0.021
AIRPOT,1644988671155,1644988670236,4,1644988670236,0.216,0.105,-0.971,0.043,0.064,-0.015
AIRPOT,1644988671155,1644988670236,4,1644988670236,0.215,0.106,-0.971,-0.013,0.038,-0.004
AIRPOT,1644988671204,1644988670285,4,1644988670285,0.215,0.109,-0.970,0.015,-0.094,0.017
AIRPOT,1644988671207,1644988670288,4,1644988670288,0.211,0.110,-0.971,0.026,0.071,-0.008
AIRPOT,1644988671212,1644988670293,4,1644988670293,0.212,0.119,-0.970,-0.035,-0.095,0.046
AIRPOT,1644988671270,1644988670351,4,1644988670351,0.207,0.125,-0.970,0.021,0.104,-0.031
AIRPOT,1644988671323,1644988670404,4,1644988670404,0.206,0.133,-0.969,0.010,-0.046,-0.023
AIRPOT,1644988671324,1644988670405,4,1644988670405,0.207,0.139,-0.968,-0.025,0.003,0.001
AIRPOT,1644988671475,1644988670556,4,1644988670556,0.205,0.147,-0.968,0.055,0.006,-0.015
AIRPOT,1644988671477,1644988670558,4,1644988670558,0.205,0.149,-0.967,-0.035,0.021,0.029
AIRPOT,1644988671538,1644988670619,4,1644988670619,0.205,0.155,-0.966,0.002,-0.037,-0.006
AIRPOT,1644988671581,1644988670662,4,1644988670662,0.206,0.154,-0.966,-0.003,0.054,-0.014
AIRPOT,1644988671680,1644988670761,4,1644988670761,0.207,0.156,-0.966,0.016,-0.026,-0.030
AIRPOT,1644988671682,1644988670763,4,1644988670763,0.210,0.156,-0.965,-0.006,0.059,0.063
AIRPOT,1644988671810,1644988670891,4,1644988670891,0.208,0.158,-0.965,0.024,-0.022,-0.048
AIRPOT,1644988671812,1644988670893,4,1644988670893,0.210,0.158,-0.965,-0.020,0.020,0.013
AIRPOT,1644988671816,1644988670897,4,1644988670897,0.212,0.159,-0.964,0.003,-0.004,0.064
AIRPOT,1644988671900,1644988670981,4,1644988670981,0.209,0.160,-0.965,0.006,0.040,-0.021
AIRPOT,1644988671956,1644988671037,4,1644988671037,0.209,0.160,-0.965,-0.013,-0.044,-0.060
AIRPOT,1644988671958,1644988671039,4,1644988671039,0.214,0.162,-0.963,-0.016,0.015,0.049
AIRPOT,1644988672015,1644988671096,4,1644988671096,0.215,0.161,-0.963,-0.011,-0.006,-0.043
AIRPOT,1644988672017,1644988671098,4,1644988671098,0.221,0.161,-0.962,-0.002,-0.014,0.077
AIRPOT,1644988672025,1644988671106,4,1644988671106,0.219,0.159,-0.963,0.029,0.017,-0.061
AIRPOT,1644988672076,1644988671157,4,1644988671157,0.223,0.158,-0.962,-0.024,-0.019,0.106
AIRPOT,1644988672248,1644988671329,4,1644988671329,0.218,0.158,-0.963,0.039,-0.003,-0.045
AIRPOT,1644988672250,1644988671331,4,1644988671331,0.221,0.156,-0.963,-0.022,-0.024,0.062
AIRPOT,1644988672315,1644988671396,4,1644988671396,0.218,0.155,-0.964,0.049,0.006,-0.068
AIRPOT,1644988672317,1644988671398,4,1644988671398,0.222,0.154,-0.963,-0.025,-0.017,0.058
AIRPOT,1644988672375,1644988671456,4,1644988671456,0.218,0.155,-0.963,0.019,0.017,-0.031
AIRPOT,1644988672375,1644988671456,4,1644988671456,0.220,0.155,-0.963,-0.016,-0.005,0.033
AIRPOT,1644988672379,1644988671460,4,1644988671460,0.219,0.158,-0.963,0.044,-0.002,-0.051
AIRPOT,1644988672426,1644988671507,4,1644988671507,0.222,0.158,-0.962,-0.026,-0.006,0.048
AIRPOT,1644988672434,1644988671515,4,1644988671515,0.225,0.162,-0.961,-0.052,0.013,0.066
AIRPOT,1644988672436,1644988671517,4,1644988671517,0.223,0.166,-0.961,0.039,-0.016,-0.032
AIRPOT,1644988672484,1644988671565,4,1644988671565,0.224,0.166,-0.960,-0.021,0.013,0.026
AIRPOT,1644988672487,1644988671568,4,1644988671568,0.226,0.168,-0.960,0.045,-0.015,-0.022
AIRPOT,1644988672675,1644988671756,4,1644988671756,0.225,0.168,-0.960,-0.045,0.032,0.050
AIRPOT,1644988672677,1644988671758,4,1644988671758,0.225,0.170,-0.959,0.010,-0.016,-0.040
AIRPOT,1644988672735,1644988671816,4,1644988671816,0.225,0.172,-0.959,-0.032,0.020,0.023
AIRPOT,1644988672737,1644988671818,4,1644988671818,0.229,0.173,-0.958,0.007,-0.020,-0.012
AIRPOT,1644988672795,1644988671876,4,1644988671876,0.230,0.173,-0.958,-0.000,0.025,0.031
AIRPOT,1644988672917,1644988671998,4,1644988671998,0.232,0.173,-0.957,0.004,-0.013,-0.016
AIRPOT,1644988673029,1644988672110,4,1644988672110,0.231,0.171,-0.958,-0.006,0.029,0.008
AIRPOT,1644988673029,1644988672110,4,1644988672110,0.232,0.171,-0.958,0.007,-0.012,-0.034
AIRPOT,1644988673096,1644988672177,4,1644988672177,0.234,0.169,-0.957,-0.024,0.010,0.039
AIRPOT,1644988673097,1644988672178,4,1644988672178,0.235,0.169,-0.957,0.042,-0.042,-0.038
AIRPOT,1644988673156,1644988672237,4,1644988672237,0.238,0.168,-0.957,-0.035,0.040,0.049
AIRPOT,1644988673256,1644988672337,4,1644988672337,0.237,0.172,-0.956,0.057,-0.044,-0.065
AIRPOT,1644988673263,1644988672344,4,1644988672344,0.241,0.174,-0.955,-0.032,0.030,0.047
AIRPOT,1644988673267,1644988672348,4,1644988672348,0.243,0.177,-0.954,0.061,-0.037,-0.019
AIRPOT,1644988673346,1644988672427,4,1644988672426,0.243,0.177,-0.954,-0.028,0.072,0.020
AIRPOT,1644988673346,1644988672427,4,1644988672427,0.242,0.179,-0.954,0.030,-0.035,-0.017
AIRPOT,1644988673378,1644988672459,4,1644988672459,0.243,0.182,-0.953,-0.026,0.044,0.030
AIRPOT,1644988673382,1644988672463,4,1644988672463,0.240,0.185,-0.953,0.022,-0.023,-0.004
AIRPOT,1644988673389,1644988672470,4,1644988672470,0.239,0.187,-0.953,-0.006,0.024,-0.012
AIRPOT,1644988673391,1644988672472,4,1644988672472,0.240,0.192,-0.952,0.018,-0.051,-0.021
AIRPOT,1644988673398,1644988672479,4,1644988672479,0.240,0.196,-0.951,-0.012,0.038,0.030
AIRPOT,1644988673503,1644988672584,4,1644988672584,0.239,0.200,-0.950,0.017,-0.010,-0.007
AIRPOT,1644988673558,1644988672639,4,1644988672639,0.238,0.202,-0.950,-0.026,0.009,0.055
AIRPOT,1644988673604,1644988672685,4,1644988672685,0.236,0.205,-0.950,0.010,-0.004,-0.044
AIRPOT,1644988673614,1644988672695,4,1644988672695,0.236,0.205,-0.950,-0.019,0.004,0.000
AIRPOT,1644988673615,1644988672696,4,1644988672696,0.237,0.205,-0.950,-0.013,0.019,-0.010
AIRPOT,1644988673662,1644988672743,4,1644988672743,0.239,0.204,-0.949,-0.004,-0.016,-0.009
AIRPOT,1644988673766,1644988672847,4,1644988672847,0.241,0.198,-0.950,-0.012,0.018,0.013
AIRPOT,1644988673871,1644988672952,4,1644988672952,0.244,0.186,-0.952,0.014,-0.003,0.004
AIRPOT,1644988673872,1644988672953,4,1644988672953,0.246,0.170,-0.954,-0.023,0.021,0.019
AIRPOT,1644988673954,1644988673035,4,1644988673035,0.247,0.150,-0.957,0.021,0.025,0.013
AIRPOT,1644988673955,1644988673036,4,1644988673036,0.248,0.134,-0.960,-0.003,0.032,0.008
AIRPOT,1644988673964,1644988673045,4,1644988673045,0.249,0.126,-0.960,0.015,0.004,-0.011
AIRPOT,1644988673964,1644988673045,4,1644988673045,0.253,0.124,-0.960,0.009,-0.025,0.015
AIRPOT,1644988674019,1644988673100,4,1644988673100,0.254,0.128,-0.959,0.000,-0.015,-0.008
AIRPOT,1644988674023,1644988673104,4,1644988673104,0.255,0.134,-0.958,-0.005,-0.041,0.026
AIRPOT,1644988674138,1644988673219,4,1644988673219,0.253,0.143,-0.957,0.019,-0.010,-0.025
AIRPOT,1644988674139,1644988673220,4,1644988673220,0.252,0.152,-0.956,0.001,-0.026,0.024
AIRPOT,1644988674149,1644988673230,4,1644988673230,0.247,0.162,-0.955,0.016,0.022,-0.007
AIRPOT,1644988674156,1644988673237,4,1644988673237,0.245,0.172,-0.954,-0.003,-0.012,0.021
AIRPOT,1644988674266,1644988673347,4,1644988673347,0.243,0.179,-0.953,0.009,0.006,0.013
AIRPOT,1644988674268,1644988673349,4,1644988673349,0.240,0.184,-0.953,0.011,-0.025,-0.020
AIRPOT,1644988674324,1644988673405,4,1644988673405,0.236,0.185,-0.954,-0.006,0.008,0.001
AIRPOT,1644988674327,1644988673408,4,1644988673408,0.233,0.185,-0.955,0.012,0.003,-0.018
AIRPOT,1644988674441,1644988673522,4,1644988673522,0.230,0.184,-0.956,0.004,0.043,0.003
AIRPOT,1644988674443,1644988673524,4,1644988673524,0.226,0.180,-0.957,-0.037,0.052,0.001
AIRPOT,1644988674452,1644988673533,4,1644988673533,0.221,0.176,-0.959,0.013,0.033,-0.038
AIRPOT,1644988674501,1644988673582,4,1644988673582,0.220,0.169,-0.961,-0.023,0.046,0.014
AIRPOT,1644988674636,1644988673717,4,1644988673717,0.218,0.163,-0.962,-0.027,-0.001,-0.031
AIRPOT,1644988674697,1644988673778,4,1644988673778,0.218,0.156,-0.963,0.002,0.007,-0.029
AIRPOT,1644988674740,1644988673821,4,1644988673821,0.223,0.150,-0.963,-0.038,0.029,0.079
AIRPOT,1644988674742,1644988673823,4,1644988673823,0.223,0.138,-0.965,-0.007,-0.123,-0.027
AIRPOT,1644988674826,1644988673907,4,1644988673907,0.224,0.102,-0.969,0.009,0.083,0.064
AIRPOT,1644988674831,1644988673912,4,1644988673912,0.221,0.098,-0.970,0.006,-0.119,-0.046
AIRPOT,1644988674769,1644988673850,4,1644988673850,0.225,0.128,-0.966,0.043,0.129,0.018
AIRPOT,1644988674769,1644988673850,4,1644988673850,0.228,0.118,-0.967,-0.019,-0.097,0.056
AIRPOT,1644988674772,1644988673853,4,1644988673853,0.225,0.111,-0.968,0.018,-0WATCH,1644988673937,4,1644988673574,0.132,-0.144,-0.171,-0.090,-0.026,-0.077,111
AIRPOT,1644988674887,1644988673968,4,1644988673968,0.219,0.090,-0.971,0.036,0.086,0.030
AIRPOT,1644988674945,1644988674026,4,1644988674026,0.217,0.087,-0.972,-0.009,-0.015,0.009
AIRPOT,1644988674952,1644988674033,4,1644988674033,0.214,0.087,-0.973,-0.023,-0.065,0.007
AIRPOT,1644988675006,1644988674087,4,1644988674087,0.209,0.085,-0.974,0.033,0.098,-0.025
AIRPOT,1644988675105,1644988674186,4,1644988674186,0.208,0.087,-0.974,-0.030,-0.111,0.022
AIRPOT,1644988675110,1644988674191,4,1644988674191,0.202,0.090,-0.975,0.024,0.001,-0.020
AIRPOT,1644988675112,1644988674193,4,1644988674193,0.197,0.092,-0.976,-0.008,0.045,-0.013
AIRPOT,1644988675164,1644988674245,4,1644988674245,0.193,0.101,-0.976,0.011,-0.119,0.002
AIRPOT,1644988675221,1644988674302,4,1644988674302,0.188,0.105,-0.977,0.035,0.100,0.035
AIRPOT,1644988675298,1644988674379,4,1644988674379,0.181,0.117,-0.976,-0.049,-0.110,-0.005
AIRPOT,1644988675344,1644988674425,4,1644988674425,0.176,0.126,-0.976,0.026,0.087,-0.002
AIRPOT,1644988675348,1644988674429,4,1644988674429,0.169,0.135,-0.976,-0.004,-0.034,-0.018
AIRPOT,1644988675356,1644988674437,4,1644988674437,0.166,0.146,-0.975,-0.028,0.001,0.018
AIRPOT,1644988675399,1644988674480,4,1644988674480,0.160,0.159,-0.974,0.001,0.024,0.009
AIRPOT,1644988675467,1644988674548,4,1644988674548,0.156,0.169,-0.973,-0.025,0.016,0.003
AIRPOT,1644988675554,1644988674635,4,1644988674635,0.153,0.181,-0.971,-0.005,-0.079,-0.021
AIRPOT,1644988675554,1644988674635,4,1644988674635,0.150,0.193,-0.970,-0.004,0.118,0.019
AIRPOT,1644988675605,1644988674686,4,1644988674686,0.149,0.203,-0.968,-0.029,-0.110,0.008
AIRPOT,1644988675606,1644988674687,4,1644988674687,0.146,0.214,-0.966,0.008,0.110,-0.008
AIRPOT,1644988675667,1644988674748,4,1644988674748,0.147,0.219,-0.965,-0.023,-0.008,0.040
AIRPOT,1644988675674,1644988674755,4,1644988674755,0.146,0.228,-0.963,0.050,-0.070,-0.052
AIRPOT,1644988675727,1644988674808,4,1644988674808,0.148,0.228,-0.962,-0.011,0.073,0.061
AIRPOT,1644988675789,1644988674870,4,1644988674870,0.148,0.233,-0.961,0.026,-0.046,-0.073
AIRPOT,1644988675790,1644988674871,4,1644988674871,0.150,0.230,-0.962,-0.038,0.053,0.065
AIRPOT,1644988675844,1644988674925,4,1644988674925,0.150,0.234,-0.960,0.027,-0.064,-0.096
AIRPOT,1644988675897,1644988674978,4,1644988674978,0.153,0.233,-0.960,-0.018,0.051,0.016
AIRPOT,1644988675909,1644988674990,4,1644988674990,0.156,0.237,-0.959,0.001,-0.002,0.016
AIRPOT,1644988676014,1644988675095,4,1644988675095,0.158,0.236,-0.959,-0.011,0.013,-0.026
AIRPOT,1644988676016,1644988675097,4,1644988675097,0.166,0.236,-0.958,0.014,-0.041,0.066
AIRPOT,1644988676065,1644988675146,4,1644988675146,0.168,0.231,-0.958,0.001,0.058,-0.084
AIRPOT,1644988676067,1644988675148,4,1644988675148,0.175,0.226,-0.958,-0.026,-0.003,0.109
AIRPOT,1644988676123,1644988675204,4,1644988675204,0.175,0.222,-0.959,0.012,0.023,-0.077
AIRPOT,1644988676248,1644988675329,4,1644988675329,0.180,0.218,-0.959,-0.023,-0.035,0.025
AIRPOT,1644988676252,1644988675333,4,1644988675333,0.184,0.214,-0.959,-0.024,0.041,0.009
AIRPOT,1644988676259,1644988675340,4,1644988675340,0.187,0.209,-0.960,-0.017,-0.009,-0.004
AIRPOT,1644988676361,1644988675442,4,1644988675442,0.188,0.206,-0.960,0.018,-0.012,-0.006
AIRPOT,1644988676363,1644988675444,4,1644988675444,0.192,0.203,-0.960,-0.025,0.009,-0.001
AIRPOT,1644988676493,1644988675574,4,1644988675574,0.194,0.200,-0.960,0.057,0.012,-0.015
AIRPOT,1644988676495,1644988675576,4,1644988675576,0.201,0.197,-0.960,-0.006,-0.031,0.021
AIRPOT,1644988676544,1644988675625,4,1644988675625,0.204,0.194,-0.960,0.064,0.017,-0.016
AIRPOT,1644988676547,1644988675628,4,1644988675628,0.205,0.193,-0.960,-0.016,-0.022,0.030
AIRPOT,1644988676551,1644988675632,4,1644988675632,0.205,0.193,-0.960,0.006,-0.004,-0.014
AIRPOT,1644988676554,1644988675635,4,1644988675635,0.203,0.193,-0.960,-0.017,-0.015,0.022
AIRPOT,1644988676605,1644988675686,4,1644988675686,0.204,0.195,-0.959,-0.035,0.016,0.001
AIRPOT,1644988676659,1644988675740,4,1644988675740,0.204,0.196,-0.959,0.015,-0.008,-0.032
AIRPOT,1644988676717,1644988675798,4,1644988675798,0.207,0.197,-0.958,-0.022,-0.003,0.043
AIRPOT,1644988676718,1644988675799,4,1644988675799,0.207,0.198,-0.958,0.030,-0.002,-0.034
AIRPOT,1644988676803,1644988675884,4,1644988675884,0.209,0.199,-0.958,-0.035,-0.007,0.022
AIRPOT,1644988676811,1644988675892,4,1644988675892,0.210,0.197,-0.958,0.012,-0.001,-0.002
AIRPOT,1644988676927,1644988676008,4,1644988676008,0.211,0.199,-0.957,0.006,-0.006,0.020
AIRPOT,1644988676928,1644988676009,4,1644988676009,0.211,0.200,-0.957,0.018,-0.002,-0.006
AIRPOT,1644988676931,1644988676012,4,1644988676012,0.211,0.201,-0.957,0.026,-0.016,-0.006
AIRPOT,1644988676987,1644988676068,4,1644988676068,0.212,0.202,-0.956,-0.028,0.025,0.021
AIRPOT,1644988676994,1644988676075,4,1644988676075,0.212,0.204,-0.956,0.026,-0.028,-0.016
AIRPOT,1644988677045,1644988676126,4,1644988676126,0.214,0.205,-0.955,-0.029,0.028,0.019
AIRPOT,1644988677102,1644988676183,4,1644988676183,0.213,0.208,-0.955,0.039,-0.029,-0.030
AIRPOT,1644988677105,1644988676186,4,1644988676186,0.213,0.211,-0.954,-0.067,0.038,0.048
AIRPOT,1644988677213,1644988676294,4,1644988676294,0.210,0.214,-0.954,0.065,-0.040,-0.055
AIRPOT,1644988677213,1644988676294,4,1644988676294,0.212,0.217,-0.953,-0.073,0.031,0.059
AIRPOT,1644988677265,1644988676346,4,1644988676346,0.210,0.218,-0.953,0.049,-0.036,-0.039
AIRPOT,1644988677274,1644988676355,4,1644988676355,0.211,0.220,-0.952,-0.051,0.039,0.042
AIRPOT,1644988677324,1644988676405,4,1644988676405,0.210,0.224,-0.952,0.041,-0.034,-0.042
AIRPOT,1644988677401,1644988676482,4,1644988676482,0.212,0.227,-0.950,-0.007,0.019,0.021
AIRPOT,1644988677447,1644988676528,4,1644988676528,0.213,0.230,-0.950,0.014,-0.002,-0.003
AIRPOT,1644988677447,1644988676528,4,1644988676528,0.213,0.235,-0.948,-0.004,0.016,0.004
AIRPOT,1644988677505,1644988676586,4,1644988676586,0.214,0.238,-0.947,-0.002,-0.003,-0.022
AIRPOT,1644988677508,1644988676589,4,1644988676589,0.216,0.243,-0.946,0.002,-0.020,0.017
AIRPOT,1644988677565,1644988676646,4,1644988676646,0.217,0.245,-0.945,-0.001,0.013,0.002
AIRPOT,1644988677618,1644988676699,4,1644988676699,0.218,0.248,-0.944,0.011,-0.009,0.017
AIRPOT,1644988677624,1644988676705,4,1644988676705,0.216,0.250,-0.944,-0.007,0.026,-0.007
AIRPOT,1644988677738,1644988676819,4,1644988676819,0.216,0.253,-0.943,0.006,-0.011,0.011
AIRPOT,1644988677747,1644988676828,4,1644988676828,0.215,0.255,-0.943,-0.002,0.024,-0.021
AIRPOT,1644988677749,1644988676830,4,1644988676830,0.217,0.256,-0.942,0.009,-0.014,0.010
AIRPOT,1644988677804,1644988676885,4,1644988676885,0.218,0.257,-0.942,0.015,0.000,-0.003
AIRPOT,1644988677857,1644988676938,4,1644988676938,0.218,0.257,-0.942,-0.015,0.029,0.018
AIRPOT,1644988677917,1644988676998,4,1644988676998,0.216,0.260,-0.941,0.022,-0.012,-0.046
AIRPOT,1644988677918,1644988676999,4,1644988676999,0.218,0.263,-0.940,-0.006,0.004,-0.003
AIRPOT,1644988678017,1644988677098,4,1644988677098,0.219,0.267,-0.939,0.007,0.003,0.007
AIRPOT,1644988678020,1644988677101,4,1644988677101,0.220,0.270,-0.937,-0.001,-0.004,0.025
AIRPOT,1644988678147,1644988677228,4,1644988677228,0.220,0.272,-0.937,0.017,0.003,-0.013
AIRPOT,1644988678225,1644988677306,4,1644988677306,0.219,0.272,-0.937,-0.004,-0.010,0.022
AIRPOT,1644988678233,1644988677314,4,1644988677314,0.217,0.271,-0.938,-0.007,0.022,0.007
AIRPOT,1644988678233,1644988677314,4,1644988677314,0.215,0.269,-0.939,0.006,-0.011,0.020
AIRPOT,1644988678284,1644988677365,4,1644988677365,0.213,0.265,-0.940,0.017,0.028,-0.009
AIRPOT,1644988678287,1644988677368,4,1644988677368,0.214,0.263,-0.941,0.017,-0.011,0.003
AIRPOT,1644988678293,1644988677374,4,1644988677374,0.213,0.259,-0.942,0.017,-0.005,0.001
AIRPOT,1644988678344,1644988677425,4,1644988677425,0.212,0.254,-0.944,-0.009,0.011,0.025
AIRPOT,1644988678350,1644988677431,4,1644988677431,0.210,0.248,-0.946,0.008,-0.006,-0.010
AIRPOT,1644988678404,1644988677485,4,1644988677485,0.210,0.240,-0.948,-0.004,-0.011,-0.022
AIRPOT,1644988678458,1644988677539,4,1644988677539,0.211,0.227,-0.951,-0.041,0.030,0.019
AIRPOT,1644988678469,1644988677550,4,1644988677550,0.209,0.215,-0.954,-0.001,0.035,-0.040
AIRPOT,1644988678578,1644988677659,4,1644988677659,0.208,0.201,-0.957,-0.041,0.027,0.090
AIRPOT,1644988678580,1644988677661,4,1644988677661,0.204,0.188,-0.961,0.010,0.044,-0.116
AIRPOT,1644988678637,1644988677718,4,1644988677718,0.204,0.173,-0.964,-0.015,0.012,-0.000
AIRPOT,1644988678702,1644988677783,4,1644988677783,0.203,0.158,-0.966,0.006,0.042,-0.001
AIRPOT,1644988678705,1644988677786,4,1644988677786,0.205,0.148,-0.968,-0.005,-0.095,0.013
AIRPOT,1644988678829,1644988677910,4,1644988677910,0.205,0.138,-0.969,0.014,0.028,0.021
AIRPOT,1644988678837,1644988677918,4,1644988677918,0.207,0.136,-0.969,-0.019,-0.058,0.029
AIRPOT,1644988678837,1644988677918,4,1644988677918,0.205,0.131,-0.970,0.059,-0.004,-0.056
AIRPOT,1644988678885,1644988677966,4,1644988677966,0.206,0.127,-0.970,-0.006,0.030,0.024
AIRPOT,1644988678887,1644988677968,4,1644988677968,0.206,0.122,-0.971,-0.003,-0.092,-0.008
AIRPOT,1644988678940,1644988678021,4,1644988678021,0.205,0.119,-0.972,0.006,-0.011,-0.008
AIRPOT,1644988678942,1644988678023,4,1644988678023,0.203,0.118,-0.972,-0.002,0.093,0.011
AIRPOT,1644988678998,1644988678079,4,1644988678079,0.202,0.117,-0.972,-0.021,-0.103,0.003
AIRPOT,1644988679047,1644988678128,4,1644988678128,0.201,0.114,-0.973,0.019,0.088,-0.006
AIRPOT,1644988679126,1644988678207,4,1644988678207,0.202,0.113,-0.973,-0.022,-0.073,0.017
AIRPOT,1644988679127,1644988678208,4,1644988678208,0.200,0.117,-0.973,0.029,-0.015,-0.033
AIRPOT,1644988679143,1644988678224,4,1644988678224,0.200,0.119,-0.973,0.011,0.009,0.046
AIRPOT,1644988679262,1644988678343,4,1644988678343,0.204,0.139,-0.969,0.041,-0.082,0.041
AIRPOT,1644988679263,1644988678344,4,1644988678344,0.200,0.147,-0.969,0.024,0.121,-0.030
AIRPOT,1644988679210,1644988678291,4,1644988678291,0.202,0.132,-0.970,-0.042,-0.037,-0.019
AIRPOT,1644988679480,1644988678561,4,1644988678561,0.198,0.153,-0.968,-0.045,-0.073,0.004
AIRPOT,1644988679629,1644988678710,4,1644988678710,0.197,0.158,-0.968,0.001,0.005,0.008
AIRPOT,1644988679681,1644988678762,4,1644988678762,0.194,0.161,-0.968,-0.007,0.045,0.013
AIRPOT,1644988679730,1644988678811,4,1644988678811,0.192,0.166,-0.967,-0.010,-0.073,-0.003
AIRPOT,1644988679841,1644988678922,4,1644988678922,0.188,0.169,-0.967,0.054,0.094,0.011
AIRPOT,1644988679843,1644988678924,4,1644988678924,0.185,0.171,-0.968,-0.049,-0.056,0.013
AIRPOT,1644988680048,1644988679129,4,1644988679129,0.178,0.177,-0.968,0.002,-0.073,-0.016
AIRPOT,1644988680051,1644988679132,4,1644988679132,0.176,0.182,-0.967,0.012,-0.001,0.033
AIRPOT,1644988680308,1644988679389,4,1644988679389,0.176,0.185,-0.967,-0.017,-0.103,0.034
AIRPOT,1644988680309,1644988679390,4,1644988679390,0.176,0.184,-0.967,0.042,0.117,-0.032
AIRPOT,1644988680412,1644988679493,4,1644988679493,0.178,0.187,-0.966,0.003,-0.113,0.016
AIRPOT,1644988680620,1644988679701,4,1644988679701,0.177,0.187,-0.966,0.021,0.005,-0.022
AIRPOT,1644988680722,1644988679803,4,1644988679803,0.172,0.199,-0.965,0.014,-0.029,-0.011
AIRPOT,1644988680728,1644988679809,4,1644988679809,0.171,0.205,-0.964,0.004,-0.081,-0.030
AIRPOT,1644988680779,1644988679860,4,1644988679860,0.171,0.217,-0.961,0.010,-0.051,-0.029
AIRPOT,1644988680782,1644988679863,4,1644988679863,0.170,0.220,-0.961,0.018,0.048,0.065
AIRPOT,1644988680970,1644988680051,4,1644988680051,0.169,0.234,-0.957,-0.004,-0.042,-0.012
AIRPOT,1644988680979,1644988680060,4,1644988680060,0.170,0.236,-0.957,-0.019,0.048,0.028
AIRPOT,1644988681067,1644988680148,4,1644988680148,0.163,0.241,-0.957,0.004,0.013,-0.039
AIRPOT,1644988681070,1644988680151,4,1644988680151,0.164,0.242,-0.957,-0.023,0.040,-0.001
AIRPOT,1644988681080,1644988680161,4,1644988680161,0.160,0.243,-0.957,0.016,-0.002,-0.080
AIRPOT,1644988681084,1644988680165,4,1644988680165,0.165,0.243,-0.956,-0.023,0.046,0.051
AIRPOT,1644988681178,1644988680259,4,1644988680259,0.168,0.247,-0.954,0.018,-0.020,-0.041
AIRPOT,1644988681223,1644988680304,4,1644988680304,0.174,0.248,-0.953,-0.008,-0.010,0.050
AIRPOT,1644988681279,1644988680360,4,1644988680360,0.173,0.249,-0.953,0.026,0.015,-0.040
AIRPOT,1644988681280,1644988680361,4,1644988680361,0.179,0.250,-0.952,-0.037,0.003,0.062
AIRPOT,1644988681340,1644988680421,4,1644988680421,0.176,0.251,-0.952,0.028,-0.014,-0.062
AIRPOT,1644988681347,1644988680428,4,1644988680428,0.182,0.251,-0.951,-0.038,-0.004,0.042
AIRPOT,1644988681401,1644988680482,4,1644988680482,0.181,0.251,-0.951,0.049,-0.046,-0.038
AIRPOT,1644988681402,1644988680483,4,1644988680483,0.185,0.250,-0.950,-0.029,0.012,0.059
AIRPOT,1644988681455,1644988680536,4,1644988680536,0.184,0.251,-0.950,0.026,-0.005,-0.016
AIRPOT,1644988681457,1644988680538,4,1644988680538,0.182,0.252,-0.950,-0.030,0.029,0.011
AIRPOT,1644988681523,1644988680604,4,1644988680604,0.182,0.254,-0.950,0.028,-0.017,-0.024
AIRPOT,1644988681531,1644988680612,4,1644988680612,0.182,0.254,-0.950,-0.003,0.013,0.010
AIRPOT,1644988681592,1644988680673,4,1644988680673,0.184,0.255,-0.949,0.017,-0.024,-0.012
AIRPOT,1644988681596,1644988680677,4,1644988680677,0.187,0.253,-0.949,-0.009,0.021,0.046
AIRPOT,1644988681658,1644988680739,4,1644988680739,0.187,0.253,-0.949,0.023,-0.003,-0.044
AIRPOT,1644988681727,1644988680808,4,1644988680808,0.190,0.252,-0.949,-0.023,0.002,0.038
AIRPOT,1644988681825,1644988680906,4,1644988680906,0.189,0.254,-0.949,0.029,-0.037,-0.040
AIRPOT,1644988681833,1644988680914,4,1644988680914,0.191,0.254,-0.948,-0.058,0.034,0.043
AIRPOT,1644988681864,1644988680945,4,1644988680945,0.186,0.257,-0.948,0.011,-0.001,-0.056
AIRPOT,1644988681909,1644988680990,4,1644988680990,0.190,0.257,-0.948,-0.032,0.013,0.041
AIRPOT,1644988681959,1644988681040,4,1644988681040,0.189,0.258,-0.947,0.037,-0.023,-0.030
AIRPOT,1644988681964,1644988681045,4,1644988681045,0.193,0.256,-0.947,-0.018,0.017,0.040
AIRPOT,1644988681972,1644988681053,4,1644988681053,0.191,0.257,-0.947,0.039,-0.011,-0.035
AIRPOT,1644988682020,1644988681101,4,1644988681101,0.194,0.256,-0.947,-0.033,0.015,0.029
AIRPOT,1644988682075,1644988681156,4,1644988681156,0.195,0.257,-0.946,0.053,-0.021,-0.049
AIRPOT,1644988682082,1644988681163,4,1644988681163,0.202,0.258,-0.945,-0.020,0.007,0.060
AIRPOT,1644988682214,1644988681295,4,1644988681295,0.202,0.259,-0.945,0.063,-0.042,-0.006
AIRPOT,1644988682266,1644988681347,4,1644988681347,0.203,0.258,-0.944,-0.028,0.049,0.069
AIRPOT,1644988682374,1644988681455,4,1644988681455,0.199,0.259,-0.945,0.028,-0.010,-0.042
AIRPOT,1644988682377,1644988681458,4,1644988681458,0.199,0.259,-0.945,-0.027,0.018,0.005
AIRPOT,1644988682485,1644988681566,4,1644988681566,0.198,0.258,-0.946,0.018,-0.009,-0.042
AIRPOT,1644988682487,1644988681568,4,1644988681568,0.200,0.259,-0.945,-0.009,-0.012,0.022
AIRPOT,1644988682503,1644988681584,4,1644988681584,0.198,0.259,-0.945,0.011,-0.015,-0.008
AIRPOT,1644988682505,1644988681586,4,1644988681586,0.197,0.259,-0.946,-0.056,0.008,0.014
AIRPOT,1644988682512,1644988681593,4,1644988681593,0.196,0.258,-0.946,-0.058,-0.009,-0.012
AIRPOT,1644988682519,1644988681600,4,1644988681600,0.198,0.263,-0.944,-0.023,-0.029,-0.040
AIRPOT,1644988682669,1644988681750,4,1644988681750,0.201,0.267,-0.942,-0.021,-0.023,0.015
AIRPOT,1644988682670,1644988681751,4,1644988681751,0.200,0.269,-0.942,0.011,-0.016,-0.008
AIRPOT,1644988682729,1644988681810,4,1644988681810,0.200,0.267,-0.943,0.007,-0.009,0.015
AIRPOT,1644988682736,1644988681817,4,1644988681817,0.201,0.263,-0.944,0.003,0.042,0.019
AIRPOT,1644988682785,1644988681866,4,1644988681866,0.203,0.259,-0.944,0.002,0.023,0.026
AIRPOT,1644988682786,1644988681867,4,1644988681867,0.206,0.253,-0.945,0.055,-0.001,-0.017
AIRPOT,1644988682796,1644988681877,4,1644988681877,0.210,0.245,-0.946,0.010,0.023,0.040
AIRPOT,1644988682903,1644988681984,4,1644988681984,0.211,0.240,-0.948,0.042,0.009,-0.014
AIRPOT,1644988682928,1644988682009,4,1644988682009,0.212,0.234,-0.949,0.022,-0.014,0.016
AIRPOT,1644988682973,1644988682054,4,1644988682054,0.214,0.228,-0.950,0.053,-0.005,-0.007
AIRPOT,1644988683027,1644988682108,4,1644988682108,0.218,0.220,-0.951,0.010,0.017,0.052
AIRPOT,1644988683028,1644988682109,4,1644988682109,0.216,0.210,-0.953,0.025,-0.000,0.007
AIRPOT,1644988683144,1644988682225,4,1644988682225,0.215,0.198,-0.956,-0.004,0.003,0.008
AIRPOT,1644988683144,1644988682225,4,1644988682225,0.212,0.187,-0.959,0.024,0.019,-0.016
AIRPOT,1644988683238,1644988682319,4,1644988682319,0.213,0.178,-0.961,-0.050,0.011,0.002
AIRPOT,1644988683240,1644988682321,4,1644988682321,0.212,0.176,-0.961,-0.048,0.052,-0.013
AIRPOT,1644988683291,1644988682372,4,1644988682372,0.212,0.176,-0.961,-0.037,0.025,0.010
AIRPOT,1644988683294,1644988682375,4,1644988682375,0.212,0.172,-0.962,-0.068,-0.068,0.022
AIRPOT,1644988683302,1644988682383,4,1644988682383,0.207,0.167,-0.964,0.051,0.037,-0.096
AIRPOT,1644988683355,1644988682436,4,1644988682436,0.212,0.156,-0.965,-0.027,-0.079,0.010
AIRPOT,1644988683409,1644988682490,4,1644988682490,0.214,0.151,-0.965,0.029,-0.005,-0.074
AIRPOT,1644988683412,1644988682493,4,1644988682493,0.222,0.147,-0.964,-0.002,0.007,0.035
AIRPOT,1644988683522,1644988682603,4,1644988682603,0.229,0.146,-0.962,0.006,-0.033,0.008
AIRPOT,1644988683524,1644988682605,4,1644988682605,0.234,0.145,-0.961,0.023,-0.029,0.032
AIRPOT,1644988683563,1644988682644,4,1644988682644,0.239,0.146,-0.960,0.009,0.073,0.058
AIRPOT,1644988683662,1644988682743,4,1644988682743,0.243,0.146,-0.959,0.011,-0.186,-0.037
AIRPOT,1644988683717,1644988682798,4,1644988682798,0.242,0.150,-0.959,0.015,0.090,0.038
AIRPOT,1644988683723,1644988682804,4,1644988682804,0.242,0.155,-0.958,-0.008,-0.039,-0.040
AIRPOT,1644988683777,1644988682858,4,1644988682858,0.244,0.159,-0.957,0.032,-0.070,0.019
AIRPOT,1644988683779,1644988682860,4,1644988682860,0.243,0.164,-0.956,0.000,0.089,0.020
AIRPOT,1644988683839,1644988682920,4,1644988682920,0.243,0.172,-0.955,0.007,-0.090,-0.016
AIRPOT,1644988683841,1644988682922,4,1644988682922,0.242,0.174,-0.955,0.010,0.063,0.015
AIRPOT,1644988683961,1644988683042,4,1644988683042,0.241,0.181,-0.954,-0.012,-0.074,-0.011
AIRPOT,1644988683965,1644988683046,4,1644988683046,0.237,0.186,-0.954,-0.003,-0.014,-0.000
AIRPOT,1644988684124,1644988683205,4,1644988683205,0.233,0.192,-0.953,0.007,0.146,-0.004
AIRPOT,1644988684217,1644988683298,4,1644988683298,0.235,0.195,-0.952,-0.002,-0.067,0.026
AIRPOT,1644988684276,1644988683357,4,1644988683357,0.232,0.198,-0.953,0.010,-0.013,-0.007
AIRPOT,1644988684276,1644988683357,4,1644988683357,0.229,0.199,-0.953,-0.004,0.083,0.020
AIRPOT,1644988684363,1644988683444,4,1644988683444,0.228,0.199,-0.953,-0.019,-0.068,-0.004
AIRPOT,1644988684365,1644988683446,4,1644988683446,0.224,0.202,-0.953,0.016,0.046,-0.027
AIRPOT,1644988684424,1644988683505,4,1644988683505,0.221,0.207,-0.953,-0.009,-0.134,0.025
AIRPOT,1644988684492,1644988683573,4,1644988683573,0.218,0.206,-0.954,0.029,0.036,-0.000
AIRPOT,1644988684662,1644988683743,4,1644988683743,0.216,0.205,-0.955,-0.035,0.047,-0.009
AIRPOT,1644988684663,1644988683744,4,1644988683744,0.219,0.206,-0.954,0.021,-0.080,-0.003
AIRPOT,1644988684793,1644988683874,4,1644988683874,0.216,0.201,-0.955,-0.033,0.076,0.027
AIRPOT,1644988684843,1644988683924,4,1644988683924,0.216,0.203,-0.955,0.002,-0.087,-0.023
AIRPOT,1644988684959,1644988684040,4,1644988684040,0.212,0.203,-0.956,0.003,-0.048,-0.030
AIRPOT,1644988684960,1644988684041,4,1644988684041,0.211,0.201,-0.956,-0.028,0.005,-0.000
AIRPOT,1644988684973,1644988684054,4,1644988684054,0.209,0.199,-0.957,0.012,-0.089,-0.003
AIRPOT,1644988685029,1644988684110,4,1644988684110,0.206,0.195,-0.959,0.027,0.072,0.006
AIRPOT,1644988685081,1644988684162,4,1644988684162,0.199,0.186,-0.962,-0.021,-0.132,-0.015
AIRPOT,1644988685094,1644988684175,4,1644988684175,0.198,0.184,-0.963,0.008,0.106,0.002
AIRPOT,1644988685363,1644988684444,4,1644988684444,0.199,0.183,-0.963,0.003,-0.042,-0.034
AIRPOT,1644988685365,1644988684446,4,1644988684446,0.200,0.184,-0.962,0.018,0.110,0.043
AIRPOT,1644988685455,1644988684536,4,1644988684536,0.199,0.188,-0.962,-0.002,-0.138,-0.019
AIRPOT,1644988685457,1644988684538,4,1644988684538,0.197,0.186,-0.963,0.003,0.126,-0.009
AIRPOT,1644988685557,1644988684638,4,1644988684638,0.192,0.204,-0.960,-0.046,-0.013,0.032
AIRPOT,1644988685563,1644988684644,4,1644988684644,0.189,0.208,-0.960,0.016,-0.015,-0.013
AIRPOT,1644988685665,1644988684746,4,1644988684746,0.186,0.207,-0.961,-0.031,-0.118,-0.002
AIRPOT,1644988685666,1644988684747,4,1644988684747,0.183,0.205,-0.962,-0.001,0.093,-0.042
AIRPOT,1644988685815,1644988684896,4,1644988684896,0.183,0.206,-0.961,0.001,-0.029,0.017
AIRPOT,1644988685815,1644988684896,4,1644988684896,0.182,0.208,-0.961,0.036,0.013,-0.023
AIRPOT,1644988685867,1644988684948,4,1644988684948,0.185,0.221,-0.958,-0.005,0.004,0.025
AIRPOT,1644988685868,1644988684949,4,1644988684949,0.185,0.224,-0.957,0.027,-0.041,0.001
AIRPOT,1644988685982,1644988685063,4,1644988685063,0.184,0.243,-0.952,-0.049,-0.025,0.043
AIRPOT,1644988686051,1644988685132,4,1644988685132,0.179,0.245,-0.953,0.042,0.022,-0.078
AIRPOT,1644988686077,1644988685158,4,1644988685158,0.182,0.247,-0.952,-0.062,-0.021,0.090
AIRPOT,1644988686241,1644988685322,4,1644988685322,0.174,0.245,-0.954,0.046,0.042,-0.052
AIRPOT,1644988686291,1644988685372,4,1644988685372,0.177,0.242,-0.954,-0.055,0.003,0.034
AIRPOT,1644988686295,1644988685376,4,1644988685376,0.176,0.242,-0.954,0.033,-0.005,-0.041
AIRPOT,1644988686302,1644988685383,4,1644988685383,0.182,0.241,-0.953,0.040,-0.008,-0.000
AIRPOT,1644988686304,1644988685385,4,1644988685385,0.183,0.241,-0.953,-0.019,-0.010,0.054
AIRPOT,1644988686360,1644988685441,4,1644988685441,0.186,0.252,-0.950,0.006,-0.046,0.021
AIRPOT,1644988686368,1644988685449,4,1644988685449,0.187,0.254,-0.949,0.021,0.037,0.003
AIRPOT,1644988686457,1644988685538,4,1644988685538,0.191,0.254,-0.948,0.020,-0.016,0.040
AIRPOT,1644988686468,1644988685549,4,1644988685549,0.190,0.256,-0.948,0.018,0.008,-0.011
AIRPOT,1644988686554,1644988685635,4,1644988685635,0.193,0.255,-0.947,0.004,-0.019,0.010
AIRPOT,1644988686557,1644988685638,4,1644988685638,0.193,0.257,-0.947,-0.012,0.030,0.008
AIRPOT,1644988686570,1644988685651,4,1644988685651,0.195,0.258,-0.946,0.016,-0.017,-0.012
AIRPOT,1644988686618,1644988685699,4,1644988685699,0.196,0.261,-0.945,-0.017,0.019,0.013
AIRPOT,1644988686679,1644988685760,4,1644988685760,0.196,0.260,-0.945,-0.015,0.009,0.006
AIRPOT,1644988686818,1644988685899,4,1644988685899,0.194,0.262,-0.945,-0.023,-0.008,-0.003
AIRPOT,1644988686824,1644988685905,4,1644988685905,0.197,0.262,-0.945,-0.006,-0.020,-0.003
AIRPOT,1644988686827,1644988685908,4,1644988685908,0.197,0.264,-0.944,0.002,0.029,-0.006
AIRPOT,1644988687005,1644988686086,4,1644988686086,0.202,0.264,-0.943,0.003,-0.025,0.035
AIRPOT,1644988687005,1644988686086,4,1644988686086,0.201,0.266,-0.943,0.033,0.026,-0.019
AIRPOT,1644988687058,1644988686139,4,1644988686139,0.204,0.265,-0.942,-0.009,-0.012,0.027
AIRPOT,1644988687074,1644988686155,4,1644988686155,0.203,0.265,-0.943,0.012,0.021,-0.006
AIRPOT,1644988687223,1644988686304,4,1644988686304,0.205,0.266,-0.942,-0.018,-0.022,0.007
AIRPOT,1644988687224,1644988686305,4,1644988686305,0.204,0.268,-0.942,0.013,0.007,-0.009
AIRPOT,1644988687287,1644988686368,4,1644988686368,0.208,0.273,-0.939,0.003,0.009,-0.015
AIRPOT,1644988687232,1644988686313,4,1644988686313,0.206,0.272,-0.940,0.001,0.013,0.002
AIRPOT,1644988687331,1644988686412,4,1644988686412,0.215,0.280,-0.935,-0.003,-0.006,0.017
AIRPOT,1644988687376,1644988686457,4,1644988686457,0.216,0.282,-0.935,0.010,-0.008,-0.009
AIRPOT,1644988687493,1644988686574,4,1644988686574,0.216,0.282,-0.935,0.002,-0.009,0.013
AIRPOT,1644988687493,1644988686574,4,1644988686574,0.213,0.281,-0.936,0.011,0.008,-0.003
AIRPOT,1644988687559,1644988686640,4,1644988686639,0.211,0.277,-0.937,-0.013,0.022,0.021
AIRPOT,1644988687559,1644988686640,4,1644988686640,0.209,0.274,-0.939,0.020,-0.007,0.014
AIRPOT,1644988687606,1644988686687,4,1644988686687,0.209,0.270,-0.940,-0.016,0.009,0.051
AIRPOT,1644988687606,1644988686687,4,1644988686687,0.205,0.265,-0.942,0.028,0.008,-0.019
AIRPOT,1644988687614,1644988686695,4,1644988686695,0.203,0.259,-0.944,0.004,0.008,0.015
AIRPOT,1644988687614,1644988686695,4,1644988686695,0.201,0.251,-0.947,0.031,0.004,-0.015
AIRPOT,1644988687677,1644988686758,4,1644988686758,0.201,0.243,-0.949,-0.002,-0.016,0.026
AIRPOT,1644988687677,1644988686758,4,1644988686758,0.199,0.231,-0.952,0.021,-0.009,0.004
AIRPOT,1644988687840,1644988686921,4,1644988686921,0.197,0.216,-0.956,0.019,-0.019,0.013
AIRPOT,1644988687840,1644988686921,4,1644988686921,0.193,0.199,-0.961,-0.016,0.010,0.003
AIRPOT,1644988687890,1644988686971,4,1644988686971,0.189,0.184,-0.965,0.019,0.005,-0.015
AIRPOT,1644988687931,1644988687012,4,1644988687012,0.183,0.172,-0.968,-0.042,0.034,-0.007
AIRPOT,1644988688033,1644988687114,4,1644988687114,0.179,0.172,-0.969,-0.073,0.042,-0.020
AIRPOT,1644988688036,1644988687117,4,1644988687117,0.177,0.177,-0.968,-0.067,0.019,-0.033
AIRPOT,1644988688174,1644988687255,4,1644988687255,0.180,0.187,-0.966,-0.009,-0.020,-0.027
AIRPOT,1644988688175,1644988687256,4,1644988687256,0.181,0.188,-0.965,-0.034,0.051,0.018
AIRPOT,1644988688242,1644988687323,4,1644988687323,0.186,0.192,-0.964,-0.063,-0.042,0.107
AIRPOT,1644988688242,1644988687323,4,1644988687323,0.188,0.189,-0.964,0.013,-0.084,-0.095
AIRPOT,1644988688381,1644988687462,4,1644988687462,0.192,0.193,-0.962,0.002,-0.007,0.038
AIRPOT,1644988688381,1644988687462,4,1644988687462,0.194,0.191,-0.962,0.012,-0.027,0.000
AIRPOT,1644988688394,1644988687475,4,1644988687474,0.198,0.197,-0.960,0.004,0.082,0.037
AIRPOT,1644988688394,1644988687475,4,1644988687475,0.202,0.200,-0.959,0.012,-0.137,0.007
AIRPOT,1644988688443,1644988687524,4,1644988687524,0.202,0.200,-0.959,0.002,0.090,0.033
AIRPOT,1644988688460,1644988687541,4,1644988687541,0.204,0.203,-0.958,-0.044,-0.022,0.008
AIRPOT,1644988688592,1644988687673,4,1644988687673,0.206,0.203,-0.957,-0.001,0.126,0.038
AIRPOT,1644988688743,1644988687824,4,1644988687824,0.205,0.205,-0.957,0.003,-0.134,-0.002
AIRPOT,1644988688848,1644988687929,4,1644988687929,0.203,0.205,-0.957,0.024,0.100,-0.015
AIRPOT,1644988688850,1644988687931,4,1644988687931,0.204,0.206,-0.957,-0.026,-0.034,0.006
AIRPOT,1644988688856,1644988687937,4,1644988687937,0.202,0.205,-0.958,0.020,0.044,-0.032
AIRPOT,1644988688905,1644988687986,4,1644988687986,0.205,0.203,-0.958,-0.007,-0.055,0.035
AIRPOT,1644988688913,1644988687994,4,1644988687994,0.194,0.195,-0.961,0.016,-0.063,-0.079
AIRPOT,1644988688914,1644988687995,4,1644988687995,0.195,0.190,-0.962,-0.006,0.172,0.025
AIRPOT,1644988688969,1644988688050,4,1644988688049,0.193,0.184,-0.964,0.006,0.021,-0.001
AIRPOT,1644988688969,1644988688050,4,1644988688050,0.190,0.180,-0.965,-0.047,0.055,0.003
AIRPOT,1644988688981,1644988688062,4,1644988688062,0.193,0.175,-0.965,0.006,-0.057,0.033
AIRPOT,1644988688981,1644988688062,4,1644988688062,0.190,0.170,-0.967,0.008,0.055,-0.004
AIRPOT,1644988689052,1644988688133,4,1644988688133,0.191,0.169,-0.967,-0.007,-0.137,-0.012
AIRPOT,1644988689052,1644988688133,4,1644988688133,0.191,0.166,-0.968,0.036,0.105,0.038
AIRPOT,1644988689183,1644988688264,4,1644988688264,0.188,0.162,-0.969,-0.006,-0.063,-0.019
AIRPOT,1644988689234,1644988688315,4,1644988688315,0.185,0.160,-0.970,0.020,-0.028,-0.012
AIRPOT,1644988689262,1644988688343,4,1644988688343,0.181,0.156,-0.971,0.009,0.075,0.005
AIRPOT,1644988689399,1644988688480,4,1644988688480,0.176,0.152,-0.973,-0.021,-0.077,0.015
AIRPOT,1644988689463,1644988688544,4,1644988688544,0.169,0.149,-0.974,0.020,0.011,-0.033
AIRPOT,1644988689508,1644988688589,4,1644988688589,0.166,0.142,-0.976,-0.025,0.024,0.049
AIRPOT,1644988689676,1644988688757,4,1644988688757,0.160,0.142,-0.977,-0.014,-0.026,-0.060
AIRPOT,1644988689740,1644988688821,4,1644988688821,0.160,0.139,-0.977,-0.016,0.017,0.052
AIRPOT,1644988689748,1644988688829,4,1644988688829,0.158,0.141,-0.977,0.008,-0.019,-0.064
AIRPOT,1644988689749,1644988688830,4,1644988688830,0.161,0.144,-0.976,0.037,-0.112,0.065
AIRPOT,1644988689806,1644988688887,4,1644988688886,0.164,0.145,-0.976,-0.035,-0.143,0.079
AIRPOT,1644988689806,1644988688887,4,1644988688887,0.162,0.148,-0.976,-0.019,0.047,-0.049
AIRPOT,1644988689891,1644988688972,4,1644988688972,0.169,0.172,-0.971,-0.021,0.003,-0.071
AIRPOT,1644988689891,1644988688972,4,1644988688972,0.175,0.176,-0.969,-0.023,-0.045,0.054
AIRPOT,1644988689948,1644988689029,4,1644988689029,0.177,0.179,-0.968,0.009,0.063,-0.044
AIRPOT,1644988689948,1644988689029,4,1644988689029,0.181,0.186,-0.966,-0.014,-0.037,0.004
AIRPOT,1644988689954,1644988689035,4,1644988689035,0.184,0.191,-0.964,0.054,0.111,0.003
AIRPOT,1644988689956,1644988689037,4,1644988689037,0.186,0.195,-0.963,0.001,-0.062,0.046
AIRPOT,1644988690056,1644988689137,4,1644988689137,0.184,0.199,-0.963,0.032,-0.018,-0.056
AIRPOT,1644988690057,1644988689138,4,1644988689138,0.185,0.206,-0.961,-0.009,-0.004,0.039
AIRPOT,1644988690223,1644988689304,4,1644988689304,0.183,0.213,-0.960,0.013,-0.049,-0.031
AIRPOT,1644988690224,1644988689305,4,1644988689305,0.179,0.218,-0.959,-0.001,0.045,0.012
AIRPOT,1644988690234,1644988689315,4,1644988689315,0.177,0.216,-0.960,-0.008,0.018,-0.017
AIRPOT,1644988690286,1644988689367,4,1644988689367,0.175,0.220,-0.960,0.037,0.005,0.025
AIRPOT,1644988690356,1644988689437,4,1644988689437,0.169,0.215,-0.962,-0.021,0.051,0.008
AIRPOT,1644988690356,1644988689437,4,1644988689437,0.167,0.221,-0.961,-0.015,-0.143,-0.070
AIRPOT,1644988690405,1644988689486,4,1644988689486,0.166,0.214,-0.963,-0.044,0.111,0.051
AIRPOT,1644988690405,1644988689486,4,1644988689486,0.166,0.216,-0.962,0.020,-0.098,-0.072
AIRPOT,1644988690446,1644988689527,4,1644988689527,0.168,0.212,-0.963,0.014,0.066,0.047
AIRPOT,1644988690527,1644988689608,4,1644988689608,0.167,0.213,-0.963,-0.007,-0.011,0.011
AIRPOT,1644988690692,1644988689773,4,1644988689773,0.165,0.213,-0.963,0.013,-0.008,0.010
AIRPOT,1644988690692,1644988689773,4,1644988689773,0.163,0.219,-0.962,-0.022,0.013,-0.009
AIRPOT,1644988690781,1644988689862,4,1644988689862,0.161,0.223,-0.961,0.023,-0.019,-0.004
AIRPOT,1644988690847,1644988689928,4,1644988689928,0.159,0.225,-0.961,0.010,0.021,0.034
AIRPOT,1644988690893,1644988689974,4,1644988689974,0.158,0.227,-0.961,0.006,-0.009,-0.027
AIRPOT,1644988690941,1644988690022,4,1644988690022,0.160,0.229,-0.960,-0.016,-0.075,0.056
AIRPOT,1644988691078,1644988690159,4,1644988690159,0.157,0.234,-0.959,0.003,0.048,-0.033
AIRPOT,1644988691125,1644988690206,4,1644988690206,0.156,0.240,-0.958,-0.020,-0.026,0.007
AIRPOT,1644988691190,1644988690271,4,1644988690271,0.157,0.245,-0.957,0.004,0.029,-0.002
AIRPOT,1644988691190,1644988690271,4,1644988690271,0.158,0.246,-0.956,0.001,-0.003,0.003
AIRPOT,1644988691203,1644988690284,4,1644988690284,0.160,0.247,-0.956,-0.013,0.021,0.000
AIRPOT,1644988691254,1644988690335,4,1644988690335,0.162,0.245,-0.956,-0.002,0.029,0.005
AIRPOT,1644988691304,1644988690385,4,1644988690385,0.174,0.232,-0.957,-0.007,-0.007,-0.017
AIRPOT,1644988691304,1644988690385,4,1644988690385,0.182,0.234,-0.955,0.003,-0.020,0.001
AIRPOT,1644988691311,1644988690392,4,1644988690392,0.190,0.240,-0.952,0.004,0.007,-0.017
AIRPOT,1644988691363,1644988690444,4,1644988690444,0.200,0.250,-0.947,-0.003,-0.032,-0.013
AIRPOT,1644988691416,1644988690497,4,1644988690497,0.211,0.262,-0.942,0.008,0.011,-0.025
AIRPOT,1644988691416,1644988690497,4,1644988690497,0.227,0.280,-0.933,-0.009,-0.081,-0.019
AIRPOT,1644988691454,1644988690535,4,1644988690535,0.240,0.292,-0.926,-0.004,0.026,-0.002
AIRPOT,1644988691601,1644988690682,4,1644988690682,0.254,0.302,-0.919,-0.005,-0.028,0.003
AIRPOT,1644988691609,1644988690690,4,1644988690690,0.265,0.310,-0.913,0.004,0.062,0.029
AIRPOT,1644988691610,1644988690691,4,1644988690691,0.274,0.317,-0.908,0.002,-0.041,0.016
AIRPOT,1644988691693,1644988690774,4,1644988690774,0.279,0.323,-0.904,0.017,0.036,0.018
AIRPOT,1644988691694,1644988690775,4,1644988690775,0.282,0.328,-0.902,-0.001,-0.027,0.024
AIRPOT,1644988691793,1644988690874,4,1644988690874,0.283,0.329,-0.901,0.018,0.037,0.031
AIRPOT,1644988691793,1644988690874,4,1644988690874,0.282,0.333,-0.900,0.003,-0.002,-0.000
AIRPOT,1644988691801,1644988690882,4,1644988690882,0.284,0.333,-0.899,0.009,0.034,-0.007
AIRPOT,1644988691852,1644988690933,4,1644988690933,0.285,0.335,-0.898,-0.011,0.017,0.013
AIRPOT,1644988691906,1644988690987,4,1644988690987,0.288,0.333,-0.898,0.015,0.013,-0.010
AIRPOT,1644988691907,1644988690988,4,1644988690988,0.292,0.333,-0.897,-0.009,0.006,0.020
AIRPOT,1644988691963,1644988691044,4,1644988691044,0.295,0.332,-0.896,0.009,-0.012,-0.011
AIRPOT,1644988691964,1644988691045,4,1644988691045,0.298,0.334,-0.894,-0.000,0.007,0.009
AIRPOT,1644988691975,1644988691056,4,1644988691056,0.300,0.336,-0.893,-0.002,0.002,-0.005
AIRPOT,1644988692025,1644988691106,4,1644988691106,0.304,0.337,-0.891,0.002,0.010,0.026
AIRPOT,1644988692090,1644988691171,4,1644988691171,0.307,0.338,-0.890,0.026,-0.025,-0.006
AIRPOT,1644988692159,1644988691240,4,1644988691240,0.309,0.340,-0.888,-0.006,-0.009,0.023
AIRPOT,1644988692251,1644988691332,4,1644988691332,0.310,0.341,-0.887,0.006,-0.000,0.002
AIRPOT,1644988692261,1644988691342,4,1644988691342,0.313,0.343,-0.886,0.004,-0.011,0.002
AIRPOT,1644988692293,1644988691374,4,1644988691374,0.315,0.344,-0.885,0.009,0.029,0.003
AIRPOT,1644988692347,1644988691428,4,1644988691428,0.317,0.345,-0.883,0.002,0.015,0.018
AIRPOT,1644988692452,1644988691533,4,1644988691533,0.319,0.347,-0.882,-0.003,0.005,-0.008
AIRPOT,1644988692452,1644988691533,4,1644988691533,0.321,0.348,-0.881,0.005,0.017,-0.025
AIRPOT,1644988692454,1644988691535,4,1644988691535,0.326,0.342,-0.881,-0.027,0.029,0.031
AIRPOT,1644988692454,1644988691535,4,1644988691535,0.330,0.334,-0.883,0.005,-0.015,-0.011
AIRPOT,1644988692604,1644988691685,4,1644988691685,0.335,0.315,-0.888,0.003,0.016,-0.008
AIRPOT,1644988692605,1644988691686,4,1644988691686,0.342,0.291,-0.893,-0.005,0.004,0.026
AIRPOT,1644988692703,1644988691784,4,1644988691784,0.348,0.268,-0.899,-0.005,0.031,-0.018
AIRPOT,1644988692703,1644988691784,4,1644988691784,0.358,0.245,-0.901,-0.002,0.036,-0.032
AIRPOT,1644988692797,1644988691878,4,1644988691878,0.372,0.228,-0.900,-0.002,-0.005,-0.017
AIRPOT,1644988692797,1644988691878,4,1644988691878,0.391,0.211,-0.896,-0.036,-0.023,-0.030
AIRPOT,1644988692847,1644988691928,4,1644988691928,0.414,0.193,-0.890,-0.039,-0.063,-0.022
AIRPOT,1644988692897,1644988691978,4,1644988691978,0.444,0.177,-0.878,-0.064,-0.089,-0.020
AIRPOT,1644988692956,1644988692037,4,1644988692037,0.479,0.163,-0.863,-0.092,-0.074,0.014
AIRPOT,1644988692956,1644988692037,4,1644988692037,0.511,0.161,-0.844,-0.035,-0.121,-0.013
AIRPOT,1644988693207,1644988692288,4,1644988692288,0.546,0.173,-0.820,-0.038,-0.140,0.040
AIRPOT,1644988693252,1644988692333,4,1644988692333,0.580,0.193,-0.792,-0.021,-0.152,0.003
AIRPOT,1644988693425,1644988692506,4,1644988692506,0.633,0.251,-0.732,0.036,-0.091,0.034
AIRPOT,1644988693431,1644988692512,4,1644988692512,0.646,0.289,-0.707,0.054,-0.114,0.008
AIRPOT,1644988693498,1644988692579,4,1644988692579,0.629,0.414,-0.658,0.019,0.017,-0.004
AIRPOT,1644988693498,1644988692579,4,1644988692579,0.621,0.433,-0.653,0.038,-0.015,-0.004
AIRPOT,1644988693548,1644988692629,4,1644988692629,0.597,0.451,-0.663,0.046,-0.148,-0.056
AIRPOT,1644988693548,1644988692629,4,1644988692629,0.585,0.452,-0.673,0.038,-0.156,-0.005
AIRPOT,1644988693609,1644988692690,4,1644988692690,0.508,0.458,-0.730,0.061,-0.035,-0.089
AIRPOT,1644988693609,1644988692690,4,1644988692690,0.473,0.459,-0.752,0.080,0.040,-0.141
AIRPOT,1644988693614,1644988692695,4,1644988692695,0.443,0.457,-0.771,0.039,0.192,-0.136
AIRPOT,1644988693614,1644988692695,4,1644988692695,0.421,0.450,-0.788,0.028,0.185,-0.150
AIRPOT,1644988693619,1644988692700,4,1644988692700,0.404,0.439,-0.803,0.007,0.215,-0.115
AIRPOT,1644988693675,1644988692756,4,1644988692756,0.388,0.430,-0.815,-0.022,0.275,-0.091
AIRPOT,1644988693680,1644988692761,4,1644988692761,0.371,0.422,-0.827,0.004,0.305,-0.133
AIRPOT,1644988693725,1644988692806,4,1644988692806,0.353,0.414,-0.839,-0.002,0.323,-0.154
AIRPOT,1644988693834,1644988692915,4,1644988692915,0.336,0.402,-0.852,-0.044,0.292,-0.139
AIRPOT,1644988693834,1644988692915,4,1644988692915,0.319,0.383,-0.867,-0.086,0.275,-0.109
AIRPOT,1644988693837,1644988692918,4,1644988692918,0.304,0.355,-0.884,-0.095,0.240,-0.048
AIRPOT,1644988693872,1644988692953,4,1644988692953,0.292,0.318,-0.902,-0.162,0.207,0.078
AIRPOT,1644988693933,1644988693014,4,1644988693014,0.280,0.275,-0.920,-0.145,0.156,0.174
AIRPOT,1644988693936,1644988693017,4,1644988693017,0.269,0.235,-0.934,-0.134,0.062,0.233
AIRPOT,1644988694035,1644988693116,4,1644988693116,0.260,0.197,-0.945,-0.110,0.036,0.280
AIRPOT,1644988694035,1644988693116,4,1644988693116,0.252,0.157,-0.955,-0.057,-0.036,0.306
AIRPOT,1644988694089,1644988693170,4,1644988693170,0.246,0.118,-0.962,-0.044,-0.073,0.300
AIRPOT,1644988694194,1644988693275,4,1644988693275,0.241,0.082,-0.967,0.015,-0.132,0.249
AIRPOT,1644988694228,1644988693309,4,1644988693309,0.241,0.050,-0.969,0.029,-0.151,0.157
AIRPOT,1644988694305,1644988693386,4,1644988693386,0.240,0.024,-0.971,0.051,-0.177,0.139
AIRPOT,1644988694307,1644988693388,4,1644988693388,0.237,0.001,-0.972,0.085,-0.199,0.065
AIRPOT,1644988694310,1644988693391,4,1644988693391,0.233,-0.018,-0.972,0.092,-0.154,0.041
AIRPOT,1644988694318,1644988693399,4,1644988693399,0.229,-0.030,-0.973,0.109,-0.171,0.020
AIRPOT,1644988694368,1644988693449,4,1644988693449,0.227,-0.045,-0.973,0.092,-0.225,0.047
AIRPOT,1644988694423,1644988693504,4,1644988693504,0.224,-0.065,-0.972,0.072,-0.180,0.082
AIRPOT,1644988694424,1644988693505,4,1644988693505,0.216,-0.089,-0.972,0.089,-0.197,0.043
AIRPOT,1644988694476,1644988693557,4,1644988693557,0.209,-0.116,-0.971,0.072,-0.148,0.042
AIRPOT,1644988694528,1644988693609,4,1644988693609,0.200,-0.143,-0.969,0.070,-0.107,0.025
AIRPOT,1644988694536,1644988693617,4,1644988693617,0.193,-0.170,-0.966,0.018,-0.075,0.066
AIRPOT,1644988694587,1644988693668,4,1644988693668,0.178,-0.188,-0.966,-0.040,0.123,-0.194
AIRPOT,1644988694635,1644988693716,4,1644988693716,0.155,-0.175,-0.972,-0.096,0.239,0.059
AIRPOT,1644988694763,1644988693844,4,1644988693844,0.129,-0.131,-0.983,-0.119,0.168,0.010
AIRPOT,1644988694771,1644988693852,4,1644988693851,0.105,-0.089,-0.990,-0.116,0.128,0.009
AIRPOT,1644988694771,1644988693852,4,1644988693852,0.086,-0.057,-0.995,-0.025,0.178,-0.082
AIRPOT,1644988694789,1644988693870,4,1644988693870,0.074,-0.026,-0.997,-0.025,0.169,-0.051
AIRPOT,1644988694823,1644988693904,4,1644988693904,0.064,0.004,-0.998,-0.011,0.101,0.002
AIRPOT,1644988694873,1644988693954,4,1644988693954,0.050,0.030,-0.998,-0.008,0.062,0.040
AIRPOT,1644988694926,1644988694007,4,1644988694007,0.031,0.049,-0.998,-0.021,0.012,0.086
AIRPOT,1644988695022,1644988694103,4,1644988694103,0.009,0.060,-0.998,-0.052,0.029,0.114
AIRPOT,1644988695022,1644988694103,4,1644988694103,-0.016,0.068,-0.998,-0.077,0.039,0.104
AIRPOT,1644988695025,1644988694106,4,1644988694106,-0.047,0.075,-0.996,-0.096,0.083,0.089
AIRPOT,1644988695076,1644988694157,4,1644988694157,-0.082,0.089,-0.993,-0.028,0.056,-0.155
AIRPOT,1644988695128,1644988694209,4,1644988694209,-0.111,0.105,-0.988,0.008,0.118,-0.138
AIRPOT,1644988695131,1644988694212,4,1644988694212,-0.129,0.130,-0.983,0.071,0.086,-0.085
AIRPOT,1644988695181,1644988694262,4,1644988694262,-0.136,0.149,-0.979,0.065,0.050,0.037
AIRPOT,1644988695233,1644988694314,4,1644988694314,-0.140,0.159,-0.977,0.102,0.067,0.041
AIRPOT,1644988695362,1644988694443,4,1644988694443,-0.145,0.167,-0.975,0.149,0.036,-0.057
AIRPOT,1644988695362,1644988694443,4,1644988694443,-0.145,0.171,-0.975,0.118,0.058,0.050
AIRPOT,1644988695367,1644988694448,4,1644988694448,-0.146,0.177,-0.973,0.151,0.015,0.025
AIRPOT,1644988695373,1644988694454,4,1644988694454,-0.146,0.180,-0.973,0.177,-0.029,-0.010
AIRPOT,1644988695420,1644988694501,4,1644988694501,-0.142,0.180,-0.973,0.183,-0.100,-0.024
AIRPOT,1644988695483,1644988694564,4,1644988694564,-0.139,0.173,-0.975,0.161,-0.097,-0.043
AIRPOT,1644988695532,1644988694613,4,1644988694613,-0.137,0.164,-0.977,0.171,-0.070,-0.061
AIRPOT,1644988695533,1644988694614,4,1644988694614,-0.136,0.148,-0.980,0.163,0.022,-0.121
AIRPOT,1644988695618,1644988694699,4,1644988694699,-0.120,0.134,-0.984,0.094,0.095,-0.129
AIRPOT,1644988695618,1644988694699,4,1644988694699,-0.099,0.129,-0.987,-0.012,0.171,-0.001
AIRPOT,1644988695680,1644988694761,4,1644988694761,-0.081,0.129,-0.988,-0.057,0.188,0.071
AIRPOT,1644988695709,1644988694790,4,1644988694790,-0.065,0.125,-0.990,0.006,0.101,-0.020
AIRPOT,1644988695767,1644988694848,4,1644988694848,-0.040,0.115,-0.993,-0.061,0.094,0.019
AIRPOT,1644988695769,1644988694850,4,1644988694850,-0.021,0.118,-0.993,-0.047,0.062,-0.045
AIRPOT,1644988695829,1644988694910,4,1644988694910,-0.005,0.115,-0.993,-0.041,0.021,-0.006
AIRPOT,1644988695875,1644988694956,4,1644988694956,0.010,0.114,-0.993,-0.013,0.081,0.067
AIRPOT,1644988695931,1644988695012,4,1644988695012,0.023,0.113,-0.993,0.007,0.020,0.131
AIRPOT,1644988695931,1644988695012,4,1644988695012,0.032,0.112,-0.993,-0.024,0.072,0.220
AIRPOT,1644988695980,1644988695061,4,1644988695061,0.031,0.116,-0.993,0.002,0.038,0.105
AIRPOT,1644988696032,1644988695113,4,1644988695113,0.022,0.126,-0.992,0.072,0.049,-0.047
AIRPOT,1644988696060,1644988695141,4,1644988695141,0.018,0.145,-0.989,0.188,-0.046,-0.102
AIRPOT,1644988696129,1644988695210,4,1644988695210,0.020,0.162,-0.987,0.266,-0.059,-0.099
AIRPOT,1644988696132,1644988695213,4,1644988695213,0.021,0.184,-0.983,0.300,-0.026,-0.062
AIRPOT,1644988696276,1644988695357,4,1644988695357,0.020,0.211,-0.977,0.343,0.016,-0.093
AIRPOT,1644988696278,1644988695359,4,1644988695359,0.024,0.242,-0.970,0.304,0.044,0.048
AIRPOT,1644988696278,1644988695359,4,1644988695359,0.026,0.264,-0.964,0.299,0.071,0.094
AIRPOT,1644988696397,1644988695478,4,1644988695478,0.027,0.292,-0.956,0.252,0.084,0.144
AIRPOT,1644988696397,1644988695478,4,1644988695478,0.023,0.325,-0.945,0.216,-0.106,0.115
AIRPOT,1644988696401,1644988695482,4,1644988695482,0.016,0.351,-0.936,0.231,-0.080,0.049
AIRPOT,1644988696459,1644988695540,4,1644988695540,0.013,0.371,-0.928,0.220,-0.119,0.098
AIRPOT,1644988696459,1644988695540,4,1644988695540,0.011,0.384,-0.923,0.223,-0.109,0.014
AIRPOT,1644988696567,1644988695648,4,1644988695648,0.012,0.392,-0.920,0.192,-0.071,-0.012
AIRPOT,1644988696578,1644988695659,4,1644988695659,0.014,0.400,-0.916,0.154,-0.115,-0.221
AIRPOT,1644988696578,1644988695659,4,1644988695659,0.025,0.411,-0.911,-0.027,0.014,0.187
AIRPOT,1644988696627,1644988695708,4,1644988695708,0.025,0.427,-0.904,0.033,-0.017,-0.005
AIRPOT,1644988696685,1644988695766,4,1644988695766,0.027,0.445,-0.895,0.006,-0.048,-0.051
AIRPOT,1644988696689,1644988695770,4,1644988695770,0.027,0.459,-0.888,-0.000,-0.105,-0.078
AIRPOT,1644988696745,1644988695826,4,1644988695826,0.029,0.468,-0.883,0.023,-0.080,-0.100
AIRPOT,1644988696813,1644988695894,4,1644988695894,0.032,0.479,-0.877,0.039,-0.083,-0.095
AIRPOT,1644988696813,1644988695894,4,1644988695894,0.040,0.487,-0.873,0.083,-0.158,-0.102
AIRPOT,1644988696867,1644988695948,4,1644988695948,0.050,0.485,-0.873,0.017,-0.164,-0.045
AIRPOT,1644988696915,1644988695996,4,1644988695996,0.059,0.478,-0.877,-0.015,-0.153,-0.030
AIRPOT,1644988696968,1644988696049,4,1644988696048,0.066,0.465,-0.883,-0.036,-0.128,-0.055
AIRPOT,1644988696968,1644988696049,4,1644988696049,0.072,0.452,-0.889,-0.050,-0.111,0.001
AIRPOT,1644988697022,1644988696103,4,1644988696103,0.074,0.440,-0.895,-0.083,-0.029,0.001
AIRPOT,1644988697074,1644988696155,4,1644988696155,0.072,0.434,-0.898,-0.087,0.025,0.054
AIRPOT,1644988697122,1644988696203,4,1644988696203,0.075,0.427,-0.901,0.020,-0.138,0.189
AIRPOT,1644988697130,1644988696211,4,1644988696211,0.087,0.413,-0.907,0.105,-0.007,-0.129
AIRPOT,1644988697179,1644988696260,4,1644988696260,0.105,0.407,-0.907,0.022,-0.030,-0.166
AIRPOT,1644988697269,1644988696350,4,1644988696350,0.118,0.406,-0.906,0.076,0.013,-0.233
AIRPOT,1644988697323,1644988696404,4,1644988696404,0.126,0.411,-0.903,0.062,0.048,-0.319
AIRPOT,1644988697323,1644988696404,4,1644988696404,0.130,0.419,-0.899,0.059,-0.040,-0.211
AIRPOT,1644988697328,1644988696409,4,1644988696409,0.137,0.417,-0.898,0.040,-0.107,-0.049
AIRPOT,1644988697476,1644988696557,4,1644988696557,0.147,0.408,-0.901,-0.051,0.031,0.184
AIRPOT,1644988697481,1644988696562,4,1644988696562,0.150,0.407,-0.901,-0.041,0.097,0.099
AIRPOT,1644988697482,1644988696563,4,1644988696563,0.158,0.408,-0.899,-0.042,-0.056,0.033
AIRPOT,1644988697567,1644988696648,4,1644988696648,0.180,0.384,-0.906,-0.220,-0.103,0.357
AIRPOT,1644988697567,1644988696648,4,1644988696648,0.192,0.348,-0.918,-0.204,0.022,-0.009
AIRPOT,1644988697621,1644988696702,4,1644988696702,0.200,0.323,-0.925,-0.204,-0.015,-0.106
AIRPOT,1644988697621,1644988696702,4,1644988696702,0.201,0.296,-0.934,-0.174,0.042,-0.179
AIRPOT,1644988697656,1644988696737,4,1644988696737,0.201,0.276,-0.940,-0.188,0.150,-0.115
AIRPOT,1644988697761,1644988696842,4,1644988696842,0.198,0.263,-0.944,-0.159,0.121,-0.041
AIRPOT,1644988697766,1644988696847,4,1644988696847,0.195,0.246,-0.949,-0.157,0.142,0.074
AIRPOT,1644988697766,1644988696847,4,1644988696847,0.191,0.225,-0.955,-0.168,0.102,0.166
AIRPOT,1644988697820,1644988696901,4,1644988696901,0.188,0.201,-0.961,-0.108,0.115,0.212
AIRPOT,1644988697870,1644988696951,4,1644988696951,0.191,0.180,-0.965,-0.070,0.093,0.137
AIRPOT,1644988697960,1644988697041,4,1644988697041,0.200,0.162,-0.966,-0.076,0.012,-0.014
AIRPOT,1644988697960,1644988697041,4,1644988697041,0.214,0.140,-0.967,0.058,-0.108,-0.198
AIRPOT,1644988697965,1644988697046,4,1644988697046,0.245,0.122,-0.962,-0.021,-0.023,-0.153
AIRPOT,1644988698017,1644988697098,4,1644988697098,0.274,0.118,-0.954,0.041,0.029,-0.170
AIRPOT,1644988698152,1644988697233,4,1644988697233,0.306,0.122,-0.944,-0.029,0.199,0.026
AIRPOT,1644988698153,1644988697234,4,1644988697234,0.335,0.112,-0.936,-0.003,0.360,0.074
AIRPOT,1644988698157,1644988697238,4,1644988697238,0.372,0.089,-0.924,-0.026,0.353,0.112
AIRPOT,1644988698168,1644988697249,4,1644988697249,0.400,0.064,-0.914,-0.165,0.053,0.283
AIRPOT,1644988698275,1644988697356,4,1644988697356,0.396,0.046,-0.917,-0.256,-0.131,0.232
AIRPOT,1644988698275,1644988697356,4,1644988697356,0.368,0.052,-0.928,-0.337,0.216,0.055
AIRPOT,1644988698285,1644988697366,4,1644988697366,0.341,0.071,-0.937,-0.263,0.178,-0.098
AIRPOT,1644988698382,1644988697463,4,1644988697463,0.337,0.086,-0.937,-0.169,0.094,-0.096
AIRPOT,1644988698384,1644988697465,4,1644988697465,0.361,0.095,-0.928,-0.191,-0.025,0.128
AIRPOT,1644988698437,1644988697518,4,1644988697518,0.388,0.113,-0.915,-0.130,-0.118,0.064
AIRPOT,1644988698525,1644988697606,4,1644988697606,0.411,0.153,-0.899,-0.095,-0.115,0.133
AIRPOT,1644988698525,1644988697606,4,1644988697606,0.425,0.226,-0.877,-0.085,0.024,0.226
AIRPOT,1644988698553,1644988697634,4,1644988697634,0.425,0.304,-0.853,0.035,0.139,0.163
AIRPOT,1644988698570,1644988697651,4,1644988697651,0.423,0.364,-0.829,0.070,0.297,0.091
AIRPOT,1644988698621,1644988697702,4,1644988697702,0.419,0.409,-0.810,0.070,0.342,0.020
AIRPOT,1644988698680,1644988697761,4,1644988697761,0.421,0.439,-0.794,0.143,0.279,0.053
AIRPOT,1644988698776,1644988697857,4,1644988697857,0.427,0.461,-0.778,0.108,0.321,0.050
AIRPOT,1644988698832,1644988697913,4,1644988697913,0.429,0.473,-0.770,0.145,0.263,-0.013
AIRPOT,1644988698839,1644988697920,4,1644988697920,0.425,0.471,-0.773,0.103,0.223,-0.042
AIRPOT,1644988698839,1644988697920,4,1644988697920,0.413,0.456,-0.789,0.141,0.414,-0.177
AIRPOT,1644988698840,1644988697921,4,1644988697921,0.404,0.438,-0.804,0.088,0.333,-0.310
AIRPOT,1644988698938,1644988698019,4,1644988698019,0.402,0.417,-0.815,0.154,0.144,-0.322
AIRPOT,1644988698990,1644988698071,4,1644988698071,0.412,0.393,-0.822,0.103,0.050,-0.120
AIRPOT,1644988698990,1644988698071,4,1644988698071,0.424,0.372,-0.826,0.107,0.031,0.064
AIRPOT,1644988699041,1644988698122,4,1644988698122,0.433,0.357,-0.828,0.077,0.034,0.242
AIRPOT,1644988699041,1644988698122,4,1644988698122,0.434,0.347,-0.831,0.073,0.064,0.274
AIRPOT,1644988699130,1644988698211,4,1644988698211,0.431,0.344,-0.834,0.091,-0.050,0.214
AIRPOT,1644988699130,1644988698211,4,1644988698211,0.424,0.339,-0.840,0.022,-0.042,0.144
AIRPOT,1644988699182,1644988698263,4,1644988698263,0.411,0.335,-0.848,0.017,-0.079,0.041
AIRPOT,1644988699238,1644988698319,4,1644988698319,0.400,0.324,-0.857,-0.019,-0.058,-0.057
AIRPOT,1644988699240,1644988698321,4,1644988698321,0.393,0.312,-0.865,-0.067,-0.039,-0.076
AIRPOT,1644988699291,1644988698372,4,1644988698372,0.389,0.304,-0.869,-0.059,-0.036,-0.035
AIRPOT,1644988699345,1644988698426,4,1644988698426,0.387,0.308,-0.869,-0.079,0.010,0.003
AIRPOT,1644988699426,1644988698507,4,1644988698507,0.387,0.317,-0.866,-0.074,-0.041,0.003
AIRPOT,1644988699430,1644988698511,4,1644988698511,0.385,0.331,-0.862,-0.052,-0.069,0.006
AIRPOT,1644988699487,1644988698568,4,1644988698568,0.376,0.341,-0.862,-0.061,-0.083,0.076
AIRPOT,1644988699490,1644988698571,4,1644988698571,0.357,0.345,-0.868,-0.026,-0.060,0.030
AIRPOT,1644988699543,1644988698624,4,1644988698624,0.333,0.353,-0.874,-0.010,-0.043,-0.025
AIRPOT,1644988699593,1644988698674,4,1644988698674,0.317,0.365,-0.875,0.014,-0.081,-0.057
AIRPOT,1644988699599,1644988698680,4,1644988698680,0.315,0.380,-0.870,0.025,-0.058,-0.067
AIRPOT,1644988699650,1644988698731,4,1644988698731,0.319,0.397,-0.860,0.008,-0.038,-0.003
AIRPOT,1644988699728,1644988698809,4,1644988698809,0.319,0.414,-0.852,0.007,-0.013,0.019
AIRPOT,1644988699731,1644988698812,4,1644988698812,0.312,0.432,-0.846,0.004,0.006,0.041
AIRPOT,1644988699773,1644988698854,4,1644988698854,0.302,0.445,-0.843,-0.010,0.057,0.042
AIRPOT,1644988699809,1644988698890,4,1644988698890,0.290,0.456,-0.841,-0.009,0.076,0.024
AIRPOT,1644988699857,1644988698938,4,1644988698938,0.282,0.467,-0.838,-0.021,0.120,0.036
AIRPOT,1644988699907,1644988698988,4,1644988698988,0.278,0.479,-0.832,-0.045,0.167,0.023
AIRPOT,1644988699958,1644988699039,4,1644988699039,0.288,0.489,-0.823,-0.011,0.277,-0.053
AIRPOT,1644988700024,1644988699105,4,1644988699105,0.330,0.502,-0.800,-0.012,0.094,-0.095
AIRPOT,1644988700025,1644988699106,4,1644988699106,0.379,0.518,-0.766,-0.051,-0.222,0.066
AIRPOT,1644988700082,1644988699163,4,1644988699163,0.399,0.529,-0.749,-0.005,-0.154,0.132
AIRPOT,1644988700082,1644988699163,4,1644988699163,0.394,0.532,-0.749,0.039,0.023,0.082
AIRPOT,1644988700134,1644988699215,4,1644988699215,0.384,0.533,-0.754,0.042,0.052,0.033
AIRPOT,1644988700185,1644988699266,4,1644988699266,0.377,0.532,-0.758,0.057,0.049,0.006
AIRPOT,1644988700236,1644988699317,4,1644988699317,0.381,0.530,-0.758,0.080,0.007,-0.053
AIRPOT,1644988700236,1644988699317,4,1644988699317,0.400,0.522,-0.753,0.054,-0.069,-0.139
AIRPOT,1644988700318,1644988699399,4,1644988699399,0.420,0.522,-0.742,-0.073,-0.265,-0.013
AIRPOT,1644988700328,1644988699409,4,1644988699409,0.404,0.543,-0.736,-0.170,-0.229,-0.001
AIRPOT,1644988700378,1644988699459,4,1644988699459,0.350,0.574,-0.740,-0.237,0.057,0.043
AIRPOT,1644988700427,1644988699508,4,1644988699508,0.276,0.603,-0.748,-0.217,0.379,0.121
AIRPOT,1644988700474,1644988699555,4,1644988699555,0.231,0.607,-0.761,-0.073,0.495,0.110
AIRPOT,1644988700477,1644988699558,4,1644988699558,0.229,0.597,-0.769,-0.031,0.250,0.014
AIRPOT,1644988700530,1644988699611,4,1644988699611,0.241,0.595,-0.766,-0.026,0.007,0.033
AIRPOT,1644988700577,1644988699658,4,1644988699658,0.248,0.596,-0.764,-0.015,-0.051,0.048
AIRPOT,1644988700727,1644988699808,4,1644988699808,0.246,0.593,-0.767,-0.021,0.061,0.088
AIRPOT,1644988700728,1644988699809,4,1644988699809,0.243,0.586,-0.773,-0.002,0.119,0.061
AIRPOT,1644988700736,1644988699817,4,1644988699816,0.250,0.576,-0.778,-0.042,0.149,-0.026
AIRPOT,1644988700736,1644988699817,4,1644988699817,0.276,0.561,-0.781,-0.157,0.285,0.033
AIRPOT,1644988700832,1644988699913,4,1644988699913,0.317,0.542,-0.778,-0.154,0.215,0.035
AIRPOT,1644988700832,1644988699913,4,1644988699913,0.368,0.527,-0.766,-0.114,0.066,-0.034
AIRPOT,1644988700836,1644988699917,4,1644988699917,0.419,0.515,-0.748,-0.033,-0.328,-0.055
AIRPOT,1644988700928,1644988700009,4,1644988700009,0.440,0.512,-0.738,-0.017,-0.366,0.037
AIRPOT,1644988700929,1644988700010,4,1644988700010,0.420,0.517,-0.745,-0.043,-0.125,0.107
AIRPOT,1644988700987,1644988700068,4,1644988700068,0.378,0.517,-0.768,-0.023,0.211,0.084
AIRPOT,1644988701064,1644988700145,4,1644988700145,0.348,0.503,-0.791,-0.003,0.244,-0.001
AIRPOT,1644988701085,1644988700166,4,1644988700166,0.345,0.482,-0.805,-0.015,0.205,-0.036
AIRPOT,1644988701088,1644988700169,4,1644988700169,0.368,0.462,-0.807,-0.036,0.118,-0.065
AIRPOT,1644988701140,1644988700221,4,1644988700221,0.406,0.447,-0.797,-0.018,-0.030,-0.108
AIRPOT,1644988701239,1644988700320,4,1644988700320,0.453,0.431,-0.780,-0.018,-0.085,-0.076
AIRPOT,1644988701239,1644988700320,4,1644988700320,0.502,0.419,-0.757,-0.089,-0.110,0.011
AIRPOT,1644988701290,1644988700371,4,1644988700370,0.534,0.411,-0.739,-0.039,0.038,0.121
AIRPOT,1644988701290,1644988700371,4,1644988700371,0.553,0.398,-0.732,0.017,0.119,0.095
AIRPOT,1644988701352,1644988700433,4,1644988700433,0.569,0.386,-0.726,0.024,0.110,0.037
AIRPOT,1644988701352,1644988700433,4,1644988700433,0.586,0.386,-0.712,0.001,0.025,0.051
AIRPOT,1644988701408,1644988700489,4,1644988700489,0.601,0.395,-0.695,0.028,0.007,0.037
AIRPOT,1644988701464,1644988700545,4,1644988700545,0.610,0.408,-0.679,-0.000,0.005,0.086
AIRPOT,1644988701571,1644988700652,4,1644988700652,0.610,0.424,-0.669,0.013,0.010,0.066
AIRPOT,1644988701571,1644988700652,4,1644988700652,0.605,0.442,-0.663,-0.002,-0.004,0.066
AIRPOT,1644988701631,1644988700712,4,1644988700712,0.597,0.458,-0.659,0.011,0.047,0.037
AIRPOT,1644988701631,1644988700712,4,1644988700712,0.594,0.466,-0.656,0.038,-0.043,0.018
AIRPOT,1644988701637,1644988700718,4,1644988700718,0.600,0.466,-0.651,-0.016,-0.049,0.006
AIRPOT,1644988701688,1644988700769,4,1644988700769,0.605,0.465,-0.646,-0.019,-0.037,0.084
AIRPOT,1644988701742,1644988700823,4,1644988700823,0.602,0.464,-0.649,0.038,0.019,0.026
AIRPOT,1644988701823,1644988700904,4,1644988700904,0.599,0.465,-0.652,0.014,0.022,0.003
AIRPOT,1644988701825,1644988700906,4,1644988700906,0.595,0.469,-0.653,0.005,0.071,-0.030
AIRPOT,1644988701924,1644988701005,4,1644988701005,0.589,0.477,-0.652,0.015,0.106,-0.011
AIRPOT,1644988701929,1644988701010,4,1644988701010,0.587,0.481,-0.651,0.002,0.125,-0.005
AIRPOT,1644988701935,1644988701016,4,1644988701016,0.586,0.483,-0.651,-0.003,0.077,0.046
AIRPOT,1644988701982,1644988701063,4,1644988701063,0.583,0.480,-0.655,0.003,0.022,0.027
AIRPOT,1644988702035,1644988701116,4,1644988701116,0.577,0.479,-0.662,-0.025,0.033,0.059
AIRPOT,1644988702038,1644988701119,4,1644988701119,0.568,0.480,-0.668,-0.023,0.027,0.019
AIRPOT,1644988702127,1644988701208,4,1644988701208,0.559,0.484,-0.673,-0.029,0.053,0.019
AIRPOT,1644988702135,1644988701216,4,1644988701216,0.551,0.491,-0.675,0.009,0.079,-0.008
AIRPOT,1644988702184,1644988701265,4,1644988701265,0.547,0.498,-0.673,-0.021,0.060,0.029
AIRPOT,1644988702238,1644988701319,4,1644988701319,0.545,0.502,-0.672,0.005,0.055,0.013
AIRPOT,1644988702293,1644988701374,4,1644988701374,0.544,0.502,-0.672,0.004,0.008,0.039
AIRPOT,1644988702300,1644988701381,4,1644988701381,0.544,0.499,-0.675,0.004,-0.012,0.028
AIRPOT,1644988702424,1644988701505,4,1644988701505,0.542,0.497,-0.678,-0.012,-0.017,0.023
AIRPOT,1644988702472,1644988701553,4,1644988701553,0.537,0.497,-0.682,0.005,-0.018,0.006
AIRPOT,1644988702472,1644988701553,4,1644988701553,0.531,0.497,-0.686,-0.017,0.041,0.011
AIRPOT,1644988702476,1644988701557,4,1644988701557,0.522,0.499,-0.692,-0.035,0.001,0.021
AIRPOT,1644988702480,1644988701561,4,1644988701561,0.510,0.496,-0.703,0.016,0.022,0.001
AIRPOT,1644988702534,1644988701615,4,1644988701615,0.501,0.493,-0.712,-0.000,0.016,0.003
AIRPOT,1644988702585,1644988701666,4,1644988701666,0.495,0.489,-0.718,0.011,0.013,-0.016
AIRPOT,1644988702636,1644988701717,4,1644988701717,0.492,0.487,-0.721,-0.008,0.016,-0.005
AIRPOT,1644988702637,1644988701718,4,1644988701718,0.488,0.488,-0.724,-0.018,-0.019,0.001
AIRPOT,1644988702770,1644988701851,4,1644988701851,0.482,0.489,-0.727,-0.008,0.004,-0.010
AIRPOT,1644988702771,1644988701852,4,1644988701852,0.476,0.490,-0.730,-0.030,0.024,0.008
AIRPOT,1644988702772,1644988701853,4,1644988701853,0.471,0.491,-0.733,0.000,0.023,-0.012
AIRPOT,1644988702823,1644988701904,4,1644988701904,0.469,0.492,-0.733,0.009,0.033,-0.000
AIRPOT,1644988702874,1644988701955,4,1644988701955,0.468,0.493,-0.733,-0.004,0.009,0.027
AIRPOT,1644988702875,1644988701956,4,1644988701956,0.468,0.492,-0.734,0.003,-0.011,0.022
AIRPOT,1644988702926,1644988702007,4,1644988702007,0.466,0.491,-0.736,-0.010,0.011,0.018
AIRPOT,1644988703047,1644988702128,4,1644988702128,0.463,0.490,-0.738,-0.011,-0.004,0.008
AIRPOT,1644988703098,1644988702179,4,1644988702179,0.459,0.491,-0.741,-0.024,0.020,0.006
AIRPOT,1644988703098,1644988702179,4,1644988702179,0.454,0.493,-0.743,-0.007,0.041,-0.018
AIRPOT,1644988703106,1644988702187,4,1644988702187,0.450,0.495,-0.743,-0.025,0.016,0.002
AIRPOT,1644988703147,1644988702228,4,1644988702228,0.446,0.497,-0.745,-0.016,0.016,-0.026
AIRPOT,1644988703150,1644988702231,4,1644988702231,0.444,0.497,-0.746,-0.028,0.008,-0.006
AIRPOT,1644988703255,1644988702336,4,1644988702336,0.441,0.496,-0.748,-0.028,0.013,-0.001
AIRPOT,1644988703257,1644988702338,4,1644988702338,0.438,0.493,-0.752,-0.037,0.016,-0.011
AIRPOT,1644988703393,1644988702474,4,1644988702474,0.438,0.491,-0.753,-0.042,0.021,-0.003
AIRPOT,1644988703472,1644988702553,4,1644988702552,0.439,0.491,-0.753,-0.026,0.022,-0.018
AIRPOT,1644988703472,1644988702553,4,1644988702553,0.441,0.492,-0.751,0.020,0.010,-0.019
AIRPOT,1644988703476,1644988702557,4,1644988702557,0.444,0.493,-0.748,-0.001,0.002,0.033
AIRPOT,1644988703477,1644988702558,4,1644988702558,0.445,0.490,-0.749,0.002,-0.004,0.029
AIRPOT,1644988703481,1644988702562,4,1644988702562,0.444,0.487,-0.752,-0.002,0.005,0.007
AIRPOT,1644988703530,1644988702611,4,1644988702611,0.444,0.485,-0.753,-0.004,-0.007,-0.002
AIRPOT,1644988703582,1644988702663,4,1644988702663,0.444,0.485,-0.753,0.004,0.017,-0.007
AIRPOT,1644988703585,1644988702666,4,1644988702666,0.445,0.485,-0.753,0.002,0.012,0.007
AIRPOT,1644988703640,1644988702721,4,1644988702721,0.446,0.485,-0.752,-0.002,-0.002,0.006
AIRPOT,1644988703688,1644988702769,4,1644988702769,0.446,0.483,-0.753,-0.002,0.016,0.009
AIRPOT,1644988703815,1644988702896,4,1644988702896,0.448,0.480,-0.754,-0.001,0.013,0.006
AIRPOT,1644988703815,1644988702896,4,1644988702896,0.450,0.479,-0.754,-0.001,0.010,0.011
AIRPOT,1644988703818,1644988702899,4,1644988702899,0.451,0.478,-0.754,0.001,0.010,0.012
AIRPOT,1644988703874,1644988702955,4,1644988702955,0.453,0.477,-0.753,-0.000,0.004,0.011
AIRPOT,1644988703875,1644988702956,4,1644988702956,0.454,0.477,-0.752,0.005,0.005,-0.002
AIRPOT,1644988703926,1644988703007,4,1644988703007,0.456,0.478,-0.751,0.002,0.003,-0.001
AIRPOT,1644988703977,1644988703058,4,1644988703058,0.457,0.478,-0.750,-0.002,0.010,-0.001
AIRPOT,1644988704029,1644988703110,4,1644988703110,0.458,0.478,-0.750,0.002,0.002,-0.001
AIRPOT,1644988704077,1644988703158,4,1644988703158,0.460,0.476,-0.750,-0.001,-0.009,0.001
AIRPOT,1644988704077,1644988703158,4,1644988703158,0.461,0.475,-0.749,-0.001,0.000,0.004
AIRPOT,1644988704108,1644988703189,4,1644988703189,0.462,0.475,-0.749,-0.003,-0.000,0.005
AIRPOT,1644988704163,1644988703244,4,1644988703244,0.463,0.476,-0.748,-0.003,-0.003,-0.002
AIRPOT,1644988704215,1644988703296,4,1644988703296,0.462,0.476,-0.748,-0.020,-0.025,-0.005
