Device,PTPTime,UnixTime,Protocool,CurrentDeviceTime,GyroX,GyroY,GyroZ,AccX,AccY,AccZ,
AIRPOT,1644819250699,1644819248700,4,1644819248700,0.119,-0.987,0.111,0.021,-0.002,0.010
AIRPOT,1644819250751,1644819248752,4,1644819248752,0.123,-0.986,0.116,0.004,0.012,0.029
AIRPOT,1644819250799,1644819248800,4,1644819248800,0.125,-0.985,0.118,0.037,0.043,0.028
AIRPOT,1644819250838,1644819248839,4,1644819248839,0.128,-0.984,0.120,0.029,-0.005,0.042
AIRPOT,1644819250895,1644819248896,4,1644819248896,0.126,-0.985,0.117,0.056,-0.011,0.030
AIRPOT,1644819250945,1644819248946,4,1644819248946,0.121,-0.986,0.117,0.016,-0.016,-0.018
AIRPOT,1644819250947,1644819248948,4,1644819248948,0.115,-0.986,0.119,-0.017,0.007,-0.026
AIRPOT,1644819251001,1644819249002,4,1644819249002,0.112,-0.986,0.125,-0.016,0.007,0.013
AIRPOT,1644819251065,1644819249066,4,1644819249066,0.106,-0.986,0.129,0.001,-0.014,-0.025
AIRPOT,1644819251065,1644819249066,4,1644819249066,0.096,-0.986,0.134,0.018,0.005,-0.000
AIRPOT,1644819251122,1644819249123,4,1644819249123,0.090,-0.986,0.139,0.018,0.004,0.041
AIRPOT,1644819251188,1644819249189,4,1644819249189,0.086,-0.986,0.141,-0.002,0.023,-0.004
AIRPOT,1644819251188,1644819249189,4,1644819249189,0.085,-0.986,0.143,0.013,0.010,0.044
AIRPOT,1644819251224,1644819249225,4,1644819249225,0.081,-0.987,0.141,0.004,0.007,0.014
AIRPOT,1644819251270,1644819249271,4,1644819249271,0.076,-0.988,0.136,-0.003,0.005,0.006
AIRPOT,1644819251317,1644819249318,4,1644819249318,0.071,-0.989,0.132,-0.010,0.015,0.015
AIRPOT,1644819251369,1644819249370,4,1644819249370,0.069,-0.989,0.130,-0.022,0.016,-0.018
AIRPOT,1644819251391,1644819249392,4,1644819249392,0.070,-0.989,0.127,0.011,0.007,0.011
AIRPOT,1644819251486,1644819249487,4,1644819249487,0.071,-0.990,0.124,0.008,-0.021,-0.021
AIRPOT,1644819251486,1644819249487,4,1644819249487,0.070,-0.990,0.124,0.015,-0.003,-0.041
AIRPOT,1644819251518,1644819249519,4,1644819249519,0.071,-0.990,0.126,0.010,-0.018,0.007
AIRPOT,1644819251564,1644819249565,4,1644819249565,0.070,-0.989,0.127,0.015,0.006,0.014
AIRPOT,1644819251603,1644819249604,4,1644819249604,0.069,-0.989,0.127,-0.007,0.001,0.023
AIRPOT,1644819251713,1644819249714,4,1644819249714,0.068,-0.990,0.124,-0.011,0.012,0.012
AIRPOT,1644819251716,1644819249717,4,1644819249717,0.069,-0.990,0.123,-0.002,0.006,0.027
AIRPOT,1644819251716,1644819249717,4,1644819249717,0.072,-0.990,0.122,0.020,-0.017,-0.008
AIRPOT,1644819251842,1644819249843,4,1644819249843,0.072,-0.990,0.123,0.003,-0.037,-0.008
AIRPOT,1644819251847,1644819249848,4,1644819249847,0.068,-0.990,0.125,-0.007,0.028,-0.030
AIRPOT,1644819251847,1644819249848,4,1644819249848,0.067,-0.990,0.123,-0.010,0.002,-0.001
AIRPOT,1644819251898,1644819249899,4,1644819249899,0.067,-0.990,0.121,-0.002,0.009,-0.002
AIRPOT,1644819251949,1644819249950,4,1644819249950,0.068,-0.990,0.121,-0.003,-0.018,-0.027
AIRPOT,1644819251949,1644819249950,4,1644819249950,0.069,-0.990,0.124,0.012,0.018,0.006
AIRPOT,1644819252003,1644819250004,4,1644819250004,0.070,-0.990,0.122,0.021,-0.001,0.002
AIRPOT,1644819252085,1644819250086,4,1644819250086,0.073,-0.990,0.122,0.005,0.010,0.020
AIRPOT,1644819252085,1644819250086,4,1644819250086,0.075,-0.990,0.123,-0.005,-0.011,0.010
AIRPOT,1644819252140,1644819250141,4,1644819250141,0.075,-0.989,0.124,-0.010,-0.002,0.020
AIRPOT,1644819252170,1644819250171,4,1644819250171,0.074,-0.990,0.124,-0.004,0.012,0.003
AIRPOT,1644819252271,1644819250272,4,1644819250272,0.075,-0.989,0.124,-0.005,-0.015,0.007
AIRPOT,1644819252276,1644819250277,4,1644819250277,0.075,-0.989,0.124,0.003,0.011,0.002
AIRPOT,1644819252276,1644819250277,4,1644819250277,0.076,-0.989,0.124,0.005,-0.001,0.007
AIRPOT,1644819252336,1644819250337,4,1644819250337,0.076,-0.989,0.124,0.008,-0.003,0.002
AIRPOT,1644819252389,1644819250390,4,1644819250390,0.076,-0.989,0.125,0.006,-0.001,0.006
AIRPOT,1644819252390,1644819250391,4,1644819250391,0.076,-0.989,0.125,0.001,-0.007,-0.005
AIRPOT,1644819252540,1644819250541,4,1644819250540,0.078,-0.989,0.127,-0.003,0.008,-0.003
AIRPOT,1644819252540,1644819250541,4,1644819250541,0.080,-0.988,0.129,0.012,-0.011,0.006
AIRPOT,1644819252540,1644819250541,4,1644819250541,0.078,-0.988,0.130,-0.002,0.004,-0.004
AIRPOT,1644819252626,1644819250627,4,1644819250627,0.078,-0.988,0.130,-0.012,-0.003,0.008
AIRPOT,1644819252679,1644819250680,4,1644819250680,0.078,-0.988,0.132,0.007,0.039,0.029
AIRPOT,1644819252680,1644819250681,4,1644819250681,0.082,-0.988,0.131,0.003,-0.031,0.007
AIRPOT,1644819252789,1644819250790,4,1644819250790,0.081,-0.988,0.132,0.003,0.032,0.019
AIRPOT,1644819252789,1644819250790,4,1644819250790,0.083,-0.988,0.131,-0.003,-0.010,-0.007
AIRPOT,1644819252839,1644819250840,4,1644819250840,0.084,-0.988,0.131,-0.003,-0.010,-0.009
AIRPOT,1644819252839,1644819250840,4,1644819250840,0.083,-0.988,0.131,0.006,0.004,-0.000
AIRPOT,1644819252892,1644819250893,4,1644819250893,0.083,-0.988,0.132,-0.005,-0.012,-0.020
AIRPOT,1644819252952,1644819250953,4,1644819250953,0.083,-0.988,0.134,0.001,0.005,-0.003
AIRPOT,1644819252956,1644819250957,4,1644819250957,0.083,-0.987,0.135,-0.001,-0.001,0.009
AIRPOT,1644819253088,1644819251089,4,1644819251089,0.083,-0.987,0.136,0.000,0.002,0.008
AIRPOT,1644819253089,1644819251090,4,1644819251090,0.085,-0.987,0.138,0.000,-0.005,0.016
AIRPOT,1644819253090,1644819251091,4,1644819251091,0.088,-0.987,0.137,0.011,-0.007,0.014
AIRPOT,1644819253138,1644819251139,4,1644819251139,0.090,-0.986,0.138,-0.002,0.001,-0.012
AIRPOT,1644819253169,1644819251170,4,1644819251170,0.090,-0.986,0.139,0.001,-0.000,-0.015
AIRPOT,1644819253260,1644819251261,4,1644819251261,0.091,-0.986,0.141,-0.008,0.000,0.005
AIRPOT,1644819253264,1644819251265,4,1644819251265,0.091,-0.986,0.140,0.025,-0.002,0.000
AIRPOT,1644819253345,1644819251346,4,1644819251346,0.090,-0.986,0.141,-0.029,0.006,0.013
AIRPOT,1644819253345,1644819251346,4,1644819251346,0.090,-0.986,0.140,0.013,0.021,0.010
AIRPOT,1644819253398,1644819251399,4,1644819251399,0.089,-0.986,0.141,-0.013,-0.012,0.021
AIRPOT,1644819253398,1644819251399,4,1644819251399,0.087,-0.986,0.140,0.024,0.010,-0.003
AIRPOT,1644819253450,1644819251451,4,1644819251451,0.087,-0.986,0.144,-0.021,-0.007,-0.009
AIRPOT,1644819253499,1644819251500,4,1644819251500,0.086,-0.986,0.142,-0.009,-0.008,0.032
AIRPOT,1644819253561,1644819251562,4,1644819251562,0.087,-0.986,0.143,0.022,0.039,0.038
AIRPOT,1644819253561,1644819251562,4,1644819251562,0.093,-0.985,0.144,0.007,-0.039,-0.038
AIRPOT,1644819253641,1644819251642,4,1644819251642,0.093,-0.985,0.147,0.030,0.032,0.009
AIRPOT,1644819253641,1644819251642,4,1644819251642,0.094,-0.985,0.145,-0.020,-0.076,-0.028
AIRPOT,1644819253707,1644819251708,4,1644819251708,0.089,-0.985,0.145,-0.018,0.054,0.018
AIRPOT,1644819253758,1644819251759,4,1644819251759,0.091,-0.985,0.146,-0.005,-0.016,0.000
AIRPOT,1644819253762,1644819251763,4,1644819251763,0.091,-0.985,0.145,0.004,0.019,-0.010
AIRPOT,1644819253813,1644819251814,4,1644819251814,0.091,-0.985,0.146,-0.008,0.051,0.027
AIRPOT,1644819253857,1644819251858,4,1644819251858,0.094,-0.985,0.144,0.015,-0.029,0.028
AIRPOT,1644819253948,1644819251949,4,1644819251949,0.097,-0.984,0.148,0.052,0.040,0.091
AIRPOT,1644819253948,1644819251949,4,1644819251949,0.102,-0.984,0.146,-0.045,-0.096,-0.076
AIRPOT,1644819254006,1644819252007,4,1644819252007,0.105,-0.984,0.145,-0.022,-0.003,0.019
AIRPOT,1644819254006,1644819252007,4,1644819252007,0.105,-0.984,0.143,0.050,-0.025,-0.030
AIRPOT,1644819254041,1644819252042,4,1644819252042,0.111,-0.984,0.141,-0.139,0.059,-0.017
AIRPOT,1644819254162,1644819252163,4,1644819252163,0.123,-0.983,0.137,0.087,0.113,0.052
AIRPOT,1644819254243,1644819252244,4,1644819252244,0.133,-0.983,0.131,0.120,-0.083,-0.100
AIRPOT,1644819254244,1644819252245,4,1644819252245,0.132,-0.983,0.129,-0.147,0.153,-0.053
AIRPOT,1644819254249,1644819252250,4,1644819252250,0.141,-0.982,0.128,0.221,-0.309,-0.118
AIRPOT,1644819254249,1644819252250,4,1644819252250,0.115,-0.985,0.130,-0.267,0.182,-0.020
AIRPOT,1644819254302,1644819252303,4,1644819252303,0.128,-0.982,0.141,0.224,-0.262,0.018
AIRPOT,1644819254353,1644819252354,4,1644819252354,0.103,-0.983,0.149,-0.105,0.159,0.089
AIRPOT,1644819254409,1644819252410,4,1644819252410,0.108,-0.982,0.156,0.105,-0.019,0.107
AIRPOT,1644819254409,1644819252410,4,1644819252410,0.099,-0.982,0.159,-0.129,0.088,0.013
AIRPOT,1644819254459,1644819252460,4,1644819252460,0.108,-0.981,0.162,0.032,0.010,0.006
AIRPOT,1644819254565,1644819252566,4,1644819252566,0.106,-0.981,0.160,-0.022,-0.025,-0.000
AIRPOT,1644819254565,1644819252566,4,1644819252566,0.106,-0.981,0.162,0.065,0.122,0.010
AIRPOT,1644819254567,1644819252568,4,1644819252568,0.104,-0.982,0.158,0.028,-0.119,-0.065
AIRPOT,1644819254626,1644819252627,4,1644819252627,0.097,-0.982,0.160,-0.125,0.197,-0.048
AIRPOT,1644819254726,1644819252727,4,1644819252727,0.106,-0.981,0.161,0.186,-0.114,0.010
AIRPOT,1644819254726,1644819252727,4,1644819252727,0.091,-0.982,0.166,-0.058,0.148,0.049
AIRPOT,1644819254726,1644819252727,4,1644819252727,0.093,-0.982,0.165,0.075,0.091,0.113
AIRPOT,1644819254901,1644819252902,4,1644819252902,0.090,-0.983,0.162,-0.020,0.027,0.016
AIRPOT,1644819254902,1644819252903,4,1644819252903,0.088,-0.984,0.155,0.020,0.041,0.117
AIRPOT,1644819254902,1644819252903,4,1644819252903,0.085,-0.985,0.152,0.054,-0.013,0.000
AIRPOT,1644819254908,1644819252909,4,1644819252909,0.080,-0.986,0.148,-0.035,0.053,0.022
AIRPOT,1644819254933,1644819252934,4,1644819252934,0.078,-0.987,0.143,0.071,-0.017,-0.030
AIRPOT,1644819254981,1644819252982,4,1644819252982,0.075,-0.988,0.137,-0.071,-0.021,-0.049
AIRPOT,1644819255030,1644819253031,4,1644819253031,0.071,-0.988,0.135,0.124,-0.020,0.018
AIRPOT,1644819255083,1644819253084,4,1644819253084,0.065,-0.989,0.130,-0.128,-0.083,-0.148
AIRPOT,1644819255088,1644819253089,4,1644819253089,0.059,-0.990,0.131,-0.094,-0.049,-0.063
AIRPOT,1644819255154,1644819253155,4,1644819253155,0.057,-0.989,0.134,0.013,0.067,0.126
AIRPOT,1644819255186,1644819253187,4,1644819253187,0.056,-0.989,0.134,0.014,0.017,-0.015
AIRPOT,1644819255236,1644819253237,4,1644819253237,0.058,-0.989,0.138,0.064,0.082,0.148
AIRPOT,1644819255287,1644819253288,4,1644819253288,0.056,-0.990,0.132,-0.034,-0.075,-0.006
AIRPOT,1644819255287,1644819253288,4,1644819253288,0.050,-0.990,0.134,0.011,0.129,0.097
AIRPOT,1644819255344,1644819253345,4,1644819253345,0.057,-0.990,0.128,0.010,-0.021,-0.017
AIRPOT,1644819255401,1644819253402,4,1644819253402,0.063,-0.991,0.121,0.103,0.047,0.023
AIRPOT,1644819255503,1644819253504,4,1644819253504,0.065,-0.992,0.110,0.023,-0.143,-0.196
AIRPOT,1644819255504,1644819253505,4,1644819253504,0.052,-0.992,0.113,-0.002,0.071,0.065
AIRPOT,1644819255504,1644819253505,4,1644819253505,0.047,-0.993,0.111,-0.096,-0.055,-0.049
AIRPOT,1644819255567,1644819253568,4,1644819253568,0.046,-0.992,0.117,-0.027,0.142,0.129
AIRPOT,1644819255622,1644819253623,4,1644819253623,0.058,-0.991,0.117,0.070,-0.076,0.085
AIRPOT,1644819255623,1644819253624,4,1644819253624,0.050,-0.992,0.114,-0.012,0.051,-0.006
AIRPOT,1644819255681,1644819253682,4,1644819253682,0.053,-0.993,0.107,0.027,-0.114,-0.097
AIRPOT,1644819255801,1644819253802,4,1644819253802,0.050,-0.992,0.113,0.023,0.102,-0.030
AIRPOT,1644819255801,1644819253802,4,1644819253802,0.053,-0.993,0.104,-0.006,-0.052,-0.071
AIRPOT,1644819255802,1644819253803,4,1644819253803,0.052,-0.993,0.106,0.002,0.054,-0.044
AIRPOT,1644819255864,1644819253865,4,1644819253864,0.056,-0.993,0.100,-0.038,-0.025,-0.120
AIRPOT,1644819255864,1644819253865,4,1644819253865,0.064,-0.993,0.101,0.084,0.002,0.095
AIRPOT,1644819255921,1644819253922,4,1644819253922,0.070,-0.992,0.102,0.082,-0.048,0.018
AIRPOT,1644819255973,1644819253974,4,1644819253974,0.067,-0.993,0.099,-0.259,-0.034,-0.165
AIRPOT,1644819255982,1644819253983,4,1644819253983,0.071,-0.993,0.095,0.092,-0.009,0.156
AIRPOT,1644819256093,1644819254094,4,1644819254094,0.070,-0.993,0.092,-0.080,0.057,-0.049
AIRPOT,1644819256102,1644819254103,4,1644819254103,0.078,-0.993,0.087,0.004,0.024,-0.063
AIRPOT,1644819256102,1644819254103,4,1644819254103,0.092,-0.991,0.100,0.011,-0.088,-0.116
AIRPOT,1644819256152,1644819254153,4,1644819254153,0.095,-0.990,0.100,0.065,-0.079,0.018
AIRPOT,1644819256199,1644819254200,4,1644819254200,0.087,-0.991,0.103,-0.081,0.015,-0.081
AIRPOT,1644819256251,1644819254252,4,1644819254252,0.085,-0.990,0.109,0.024,0.033,0.176
AIRPOT,1644819256256,1644819254257,4,1644819254257,0.079,-0.989,0.123,-0.042,0.144,0.050
AIRPOT,1644819256353,1644819254354,4,1644819254354,0.089,-0.988,0.123,0.126,0.037,0.125
AIRPOT,1644819256353,1644819254354,4,1644819254354,0.085,-0.989,0.120,-0.060,-0.002,-0.109
AIRPOT,1644819256408,1644819254409,4,1644819254409,0.085,-0.989,0.118,0.017,0.091,0.110
AIRPOT,1644819256465,1644819254466,4,1644819254466,0.091,-0.989,0.112,-0.084,-0.101,-0.158
AIRPOT,1644819256465,1644819254466,4,1644819254466,0.095,-0.990,0.104,0.088,-0.011,0.010
AIRPOT,1644819256516,1644819254517,4,1644819254517,0.093,-0.990,0.105,-0.044,-0.015,-0.113
AIRPOT,1644819256567,1644819254568,4,1644819254568,0.098,-0.990,0.106,0.078,0.031,0.074
AIRPOT,1644819256650,1644819254651,4,1644819254651,0.096,-0.990,0.106,-0.015,-0.118,-0.106
AIRPOT,1644819256650,1644819254651,4,1644819254651,0.086,-0.990,0.108,-0.017,0.088,0.107
AIRPOT,1644819256703,1644819254704,4,1644819254704,0.084,-0.990,0.115,-0.092,-0.104,-0.032
AIRPOT,1644819256703,1644819254704,4,1644819254704,0.083,-0.989,0.121,-0.026,0.090,0.111
AIRPOT,1644819256762,1644819254763,4,1644819254763,0.089,-0.988,0.126,0.017,-0.031,0.080
AIRPOT,1644819256817,1644819254818,4,1644819254818,0.088,-0.989,0.117,0.012,-0.023,0.028
AIRPOT,1644819256862,1644819254863,4,1644819254863,0.093,-0.989,0.118,0.021,0.023,-0.003
AIRPOT,1644819256868,1644819254869,4,1644819254869,0.096,-0.989,0.115,0.030,-0.042,-0.112
AIRPOT,1644819256945,1644819254946,4,1644819254946,0.095,-0.988,0.121,-0.025,0.077,0.066
AIRPOT,1644819256945,1644819254946,4,1644819254946,0.096,-0.989,0.115,-0.059,-0.001,-0.068
AIRPOT,1644819257009,1644819255010,4,1644819255010,0.103,-0.987,0.125,0.050,0.188,0.115
AIRPOT,1644819257062,1644819255063,4,1644819255063,0.113,-0.986,0.119,0.073,-0.189,-0.058
AIRPOT,1644819257062,1644819255063,4,1644819255063,0.107,-0.986,0.129,0.082,0.096,0.049
AIRPOT,1644819257122,1644819255123,4,1644819255123,0.098,-0.987,0.125,-0.055,0.051,0.168
AIRPOT,1644819257184,1644819255185,4,1644819255185,0.095,-0.988,0.125,-0.041,0.046,-0.056
AIRPOT,1644819257184,1644819255185,4,1644819255185,0.096,-0.988,0.123,-0.057,-0.111,-0.087
AIRPOT,1644819257291,1644819255292,4,1644819255292,0.096,-0.988,0.123,-0.010,0.012,-0.032
AIRPOT,1644819257291,1644819255292,4,1644819255292,0.100,-0.987,0.122,0.034,0.009,-0.020
AIRPOT,1644819257393,1644819255394,4,1644819255394,0.101,-0.988,0.120,0.032,-0.029,-0.095
AIRPOT,1644819257394,1644819255395,4,1644819255395,0.098,-0.988,0.122,-0.022,-0.037,-0.043
AIRPOT,1644819257394,1644819255395,4,1644819255395,0.094,-0.988,0.122,-0.074,0.039,-0.038
AIRPOT,1644819257492,1644819255493,4,1644819255493,0.096,-0.988,0.123,0.022,-0.038,0.028
AIRPOT,1644819257492,1644819255493,4,1644819255493,0.096,-0.988,0.121,-0.021,0.007,-0.005
AIRPOT,1644819257546,1644819255547,4,1644819255546,0.097,-0.988,0.118,0.062,0.020,-0.003
AIRPOT,1644819257546,1644819255547,4,1644819255547,0.092,-0.989,0.116,-0.046,-0.023,-0.026
AIRPOT,1644819257603,1644819255604,4,1644819255604,0.093,-0.989,0.118,0.026,0.017,0.059
AIRPOT,1644819257657,1644819255658,4,1644819255658,0.092,-0.989,0.114,-0.015,-0.078,-0.058
AIRPOT,1644819257694,1644819255695,4,1644819255695,0.092,-0.989,0.116,0.012,0.082,0.077
AIRPOT,1644819257754,1644819255755,4,1644819255755,0.090,-0.989,0.114,-0.066,-0.053,-0.087
AIRPOT,1644819257754,1644819255755,4,1644819255755,0.094,-0.989,0.115,-0.035,0.058,0.075
AIRPOT,1644819257847,1644819255848,4,1644819255848,0.102,-0.988,0.117,-0.017,-0.046,-0.064
AIRPOT,1644819257847,1644819255848,4,1644819255848,0.103,-0.988,0.117,0.062,0.009,0.046
AIRPOT,1644819257906,1644819255907,4,1644819255907,0.106,-0.987,0.119,-0.024,-0.020,0.005
AIRPOT,1644819257907,1644819255908,4,1644819255908,0.107,-0.987,0.119,0.032,0.022,0.044
AIRPOT,1644819257962,1644819255963,4,1644819255963,0.108,-0.987,0.118,0.025,-0.004,-0.006
AIRPOT,1644819258022,1644819256023,4,1644819256023,0.110,-0.987,0.119,0.025,0.067,0.040
AIRPOT,1644819258073,1644819256074,4,1644819256074,0.110,-0.987,0.116,-0.017,-0.068,-0.006
AIRPOT,1644819258145,1644819256146,4,1644819256146,0.110,-0.987,0.116,-0.028,0.109,0.051
AIRPOT,1644819258149,1644819256150,4,1644819256150,0.112,-0.987,0.113,0.044,-0.046,-0.002
AIRPOT,1644819258149,1644819256150,4,1644819256150,0.111,-0.987,0.113,-0.045,0.048,-0.011
AIRPOT,1644819258204,1644819256205,4,1644819256205,0.116,-0.987,0.111,-0.008,-0.030,-0.083
AIRPOT,1644819258258,1644819256259,4,1644819256259,0.119,-0.987,0.111,0.022,0.009,0.011
AIRPOT,1644819258308,1644819256309,4,1644819256309,0.122,-0.986,0.110,0.044,-0.031,0.022
AIRPOT,1644819258308,1644819256309,4,1644819256309,0.118,-0.987,0.109,-0.103,0.011,-0.032
AIRPOT,1644819258457,1644819256458,4,1644819256458,0.120,-0.987,0.107,0.055,0.014,0.080
AIRPOT,1644819258457,1644819256458,4,1644819256458,0.120,-0.987,0.108,-0.071,-0.033,-0.121
AIRPOT,1644819258457,1644819256458,4,1644819256458,0.122,-0.987,0.108,0.089,-0.019,0.148
AIRPOT,1644819258507,1644819256508,4,1644819256508,0.120,-0.987,0.110,-0.023,-0.048,-0.087
AIRPOT,1644819258511,1644819256512,4,1644819256512,0.116,-0.987,0.113,-0.072,0.002,0.028
AIRPOT,1644819258567,1644819256568,4,1644819256568,0.118,-0.986,0.115,-0.019,0.019,0.045
AIRPOT,1644819258617,1644819256618,4,1644819256618,0.119,-0.986,0.117,0.016,-0.022,-0.081
AIRPOT,1644819258677,1644819256678,4,1644819256678,0.121,-0.985,0.119,-0.006,0.005,0.061
AIRPOT,1644819258748,1644819256749,4,1644819256749,0.121,-0.985,0.120,0.022,-0.018,-0.045
AIRPOT,1644819258748,1644819256749,4,1644819256749,0.120,-0.986,0.120,-0.015,0.044,0.046
AIRPOT,1644819258753,1644819256754,4,1644819256754,0.122,-0.986,0.117,0.001,-0.040,-0.106
AIRPOT,1644819258802,1644819256803,4,1644819256803,0.122,-0.986,0.116,-0.022,0.006,-0.005
AIRPOT,1644819258863,1644819256864,4,1644819256864,0.121,-0.986,0.114,0.042,-0.033,-0.052
AIRPOT,1644819258950,1644819256951,4,1644819256951,0.120,-0.986,0.114,-0.058,0.016,0.054
AIRPOT,1644819258950,1644819256951,4,1644819256951,0.120,-0.986,0.112,0.009,-0.009,0.037
AIRPOT,1644819258966,1644819256967,4,1644819256967,0.118,-0.987,0.113,0.146,-0.080,-0.078
AIRPOT,1644819258994,1644819256995,4,1644819256995,0.109,-0.988,0.111,-0.087,0.155,0.124
AIRPOT,1644819259074,1644819257075,4,1644819257075,0.108,-0.988,0.106,-0.017,-0.048,0.053
AIRPOT,1644819259075,1644819257076,4,1644819257076,0.105,-0.989,0.106,-0.029,0.098,0.097
AIRPOT,1644819259133,1644819257134,4,1644819257134,0.108,-0.989,0.104,0.134,-0.020,0.018
AIRPOT,1644819259191,1644819257192,4,1644819257192,0.106,-0.989,0.101,-0.048,-0.004,0.022
AIRPOT,1644819259195,1644819257196,4,1644819257196,0.106,-0.990,0.098,0.072,-0.031,0.024
AIRPOT,1644819259250,1644819257251,4,1644819257251,0.105,-0.990,0.096,-0.096,0.022,0.004
AIRPOT,1644819259302,1644819257303,4,1644819257303,0.111,-0.989,0.095,0.110,0.023,0.041
AIRPOT,1644819259377,1644819257378,4,1644819257378,0.115,-0.989,0.094,-0.024,-0.031,-0.030
AIRPOT,1644819259397,1644819257398,4,1644819257398,0.113,-0.989,0.092,-0.003,0.121,0.098
AIRPOT,1644819259397,1644819257398,4,1644819257398,0.121,-0.988,0.092,0.007,-0.088,-0.105
AIRPOT,1644819259455,1644819257456,4,1644819257456,0.120,-0.989,0.087,-0.060,0.083,0.062
AIRPOT,1644819259493,1644819257494,4,1644819257494,0.126,-0.988,0.085,0.085,0.004,-0.010
AIRPOT,1644819259519,1644819257520,4,1644819257520,0.127,-0.989,0.081,-0.041,-0.015,0.062
AIRPOT,1644819259568,1644819257569,4,1644819257569,0.127,-0.989,0.076,0.019,0.019,-0.005
AIRPOT,1644819259619,1644819257620,4,1644819257620,0.130,-0.989,0.069,-0.029,-0.052,-0.008
AIRPOT,1644819259751,1644819257752,4,1644819257752,0.127,-0.990,0.062,-0.027,0.046,0.017
AIRPOT,1644819259751,1644819257752,4,1644819257752,0.127,-0.990,0.057,-0.026,-0.005,-0.045
AIRPOT,1644819259751,1644819257752,4,1644819257752,0.130,-0.990,0.051,-0.097,0.127,0.082
AIRPOT,1644819259921,1644819257922,4,1644819257922,0.147,-0.988,0.056,0.251,-0.086,0.015
AIRPOT,1644819259922,1644819257923,4,1644819257923,0.135,-0.989,0.057,-0.025,0.065,-0.048
AIRPOT,1644819259922,1644819257923,4,1644819257923,0.135,-0.989,0.059,0.147,-0.123,0.014
AIRPOT,1644819259929,1644819257930,4,1644819257930,0.116,-0.991,0.060,-0.245,-0.029,-0.087
AIRPOT,1644819260061,1644819258062,4,1644819258062,0.103,-0.993,0.062,-0.009,0.060,0.039
AIRPOT,1644819260063,1644819258064,4,1644819258064,0.098,-0.993,0.068,-0.014,-0.011,-0.014
AIRPOT,1644819260066,1644819258067,4,1644819258067,0.090,-0.994,0.065,0.023,-0.006,-0.025
AIRPOT,1644819260067,1644819258068,4,1644819258068,0.084,-0.994,0.068,0.146,0.016,0.074
AIRPOT,1644819260124,1644819258125,4,1644819258125,0.070,-0.995,0.066,-0.283,-0.003,-0.096
AIRPOT,1644819260130,1644819258131,4,1644819258131,0.072,-0.995,0.068,-0.085,0.086,0.072
AIRPOT,1644819260178,1644819258179,4,1644819258179,0.091,-0.993,0.074,0.010,-0.060,-0.008
AIRPOT,1644819260247,1644819258248,4,1644819258248,0.100,-0.992,0.074,0.129,-0.059,-0.039
AIRPOT,1644819260296,1644819258297,4,1644819258297,0.100,-0.992,0.077,-0.002,0.055,0.005
AIRPOT,1644819260298,1644819258299,4,1644819258299,0.108,-0.991,0.078,0.047,-0.078,0.057
AIRPOT,1644819260351,1644819258352,4,1644819258352,0.102,-0.992,0.080,-0.023,-0.046,-0.082
AIRPOT,1644819260430,1644819258431,4,1644819258431,0.097,-0.992,0.082,0.049,0.052,0.083
AIRPOT,1644819260430,1644819258431,4,1644819258431,0.088,-0.993,0.081,-0.030,-0.058,-0.040
AIRPOT,1644819260481,1644819258482,4,1644819258482,0.070,-0.994,0.081,0.074,-0.078,0.095
AIRPOT,1644819260484,1644819258485,4,1644819258485,0.040,-0.996,0.080,-0.040,-0.328,0.064
AIRPOT,1644819260533,1644819258534,4,1644819258534,-0.035,-0.995,0.088,0.119,0.078,-0.084
AIRPOT,1644819260591,1644819258592,4,1644819258592,-0.097,-0.991,0.090,-0.048,-0.151,-0.137
AIRPOT,1644819260616,1644819258617,4,1644819258617,-0.168,-0.981,0.093,0.013,0.286,0.064
AIRPOT,1644819260722,1644819258723,4,1644819258723,-0.207,-0.974,0.096,-0.058,-0.044,-0.118
AIRPOT,1644819260725,1644819258726,4,1644819258726,-0.246,-0.964,0.099,0.049,0.088,0.126
AIRPOT,1644819260726,1644819258727,4,1644819258727,-0.267,-0.958,0.102,0.009,0.086,-0.039
AIRPOT,1644819260815,1644819258816,4,1644819258816,-0.277,-0.955,0.104,0.016,-0.024,0.088
AIRPOT,1644819260816,1644819258817,4,1644819258817,-0.291,-0.951,0.105,0.019,0.048,-0.056
AIRPOT,1644819260865,1644819258866,4,1644819258866,-0.300,-0.948,0.107,-0.034,-0.028,0.068
AIRPOT,1644819260927,1644819258928,4,1644819258928,-0.309,-0.946,0.101,0.028,0.031,-0.093
AIRPOT,1644819260934,1644819258935,4,1644819258935,-0.312,-0.944,0.108,0.042,0.015,0.071
AIRPOT,1644819261021,1644819259022,4,1644819259022,-0.319,-0.943,0.101,-0.098,0.084,-0.008
AIRPOT,1644819261024,1644819259025,4,1644819259025,-0.315,-0.943,0.104,0.024,-0.048,-0.001
AIRPOT,1644819261084,1644819259085,4,1644819259085,-0.315,-0.943,0.106,-0.021,0.068,0.041
AIRPOT,1644819261087,1644819259088,4,1644819259088,-0.314,-0.944,0.106,0.022,0.030,0.027
AIRPOT,1644819261141,1644819259142,4,1644819259142,-0.310,-0.945,0.104,-0.014,-0.053,-0.014
AIRPOT,1644819261193,1644819259194,4,1644819259194,-0.311,-0.945,0.101,-0.047,0.030,0.020
AIRPOT,1644819261239,1644819259240,4,1644819259240,-0.304,-0.948,0.098,0.038,-0.096,-0.068
AIRPOT,1644819261324,1644819259325,4,1644819259325,-0.307,-0.947,0.095,-0.117,0.136,-0.025
AIRPOT,1644819261326,1644819259327,4,1644819259327,-0.293,-0.951,0.096,0.074,-0.056,0.044
AIRPOT,1644819261336,1644819259337,4,1644819259337,-0.289,-0.952,0.097,-0.007,0.010,-0.076
AIRPOT,1644819261386,1644819259387,4,1644819259387,-0.286,-0.953,0.095,-0.006,0.068,0.034
AIRPOT,1644819261440,1644819259441,4,1644819259441,-0.274,-0.956,0.103,-0.024,0.023,-0.096
AIRPOT,1644819261492,1644819259493,4,1644819259493,-0.260,-0.960,0.106,0.052,-0.003,0.160
AIRPOT,1644819261523,1644819259524,4,1644819259524,-0.247,-0.963,0.110,0.053,-0.078,-0.032
AIRPOT,1644819261571,1644819259572,4,1644819259572,-0.245,-0.964,0.105,-0.022,0.131,0.121
AIRPOT,1644819261573,1644819259574,4,1644819259574,-0.229,-0.968,0.105,0.031,-0.162,-0.146
AIRPOT,1644819261626,1644819259627,4,1644819259627,-0.228,-0.968,0.100,-0.030,0.107,0.035
AIRPOT,1644819261685,1644819259686,4,1644819259686,-0.216,-0.971,0.103,0.093,-0.052,-0.063
AIRPOT,1644819261735,1644819259736,4,1644819259736,-0.211,-0.972,0.099,-0.049,0.067,0.022
AIRPOT,1644819261738,1644819259739,4,1644819259739,-0.205,-0.973,0.103,0.004,-0.032,0.009
AIRPOT,1644819261793,1644819259794,4,1644819259794,-0.207,-0.973,0.100,0.001,0.094,0.056
AIRPOT,1644819261847,1644819259848,4,1644819259848,-0.202,-0.974,0.103,0.030,-0.109,-0.043
AIRPOT,1644819261853,1644819259854,4,1644819259854,-0.206,-0.974,0.100,0.002,0.111,0.005
AIRPOT,1644819261922,1644819259923,4,1644819259923,-0.196,-0.975,0.102,0.049,-0.195,0.004
AIRPOT,1644819261980,1644819259981,4,1644819259981,-0.208,-0.973,0.103,-0.054,0.253,0.076
AIRPOT,1644819261987,1644819259988,4,1644819259988,-0.196,-0.975,0.108,0.092,0.097,0.122
AIRPOT,1644819262041,1644819260042,4,1644819260042,-0.192,-0.976,0.101,-0.018,-0.095,0.017
AIRPOT,1644819262104,1644819260105,4,1644819260105,-0.191,-0.977,0.098,-0.052,-0.038,0.020
AIRPOT,1644819262105,1644819260106,4,1644819260106,-0.177,-0.980,0.091,-0.012,-0.398,0.038
AIRPOT,1644819262162,1644819260163,4,1644819260163,-0.178,-0.979,0.097,0.066,-0.069,0.092
AIRPOT,1644819262270,1644819260271,4,1644819260271,-0.179,-0.979,0.099,0.014,-0.010,0.021
AIRPOT,1644819262270,1644819260271,4,1644819260271,-0.178,-0.979,0.098,-0.071,0.025,0.135
AIRPOT,1644819262320,1644819260321,4,1644819260321,-0.171,-0.980,0.099,-0.014,0.004,-0.004
AIRPOT,1644819262321,1644819260322,4,1644819260322,-0.166,-0.981,0.102,-0.012,0.056,-0.004
AIRPOT,1644819262374,1644819260375,4,1644819260375,-0.156,-0.982,0.105,-0.029,0.015,-0.010
AIRPOT,1644819262375,1644819260376,4,1644819260376,-0.144,-0.983,0.111,0.056,0.081,0.017
AIRPOT,1644819262428,1644819260429,4,1644819260429,-0.126,-0.985,0.115,0.075,0.018,0.065
AIRPOT,1644819262524,1644819260525,4,1644819260525,-0.115,-0.987,0.111,0.015,-0.073,-0.019
AIRPOT,1644819262525,1644819260526,4,1644819260526,-0.106,-0.988,0.114,-0.007,0.023,0.024
AIRPOT,1644819262583,1644819260584,4,1644819260584,-0.091,-0.989,0.119,-0.006,0.022,-0.019
AIRPOT,1644819262590,1644819260591,4,1644819260591,-0.069,-0.989,0.128,0.009,-0.003,-0.002
AIRPOT,1644819262637,1644819260638,4,1644819260638,-0.051,-0.990,0.131,0.016,0.005,-0.013
AIRPOT,1644819262706,1644819260707,4,1644819260706,-0.030,-0.990,0.140,-0.010,-0.008,-0.026
AIRPOT,1644819262706,1644819260707,4,1644819260707,-0.012,-0.989,0.148,-0.037,0.005,0.084
AIRPOT,1644819262756,1644819260757,4,1644819260757,0.001,-0.988,0.152,-0.009,0.010,0.036
AIRPOT,1644819262832,1644819260833,4,1644819260833,0.015,-0.988,0.153,0.020,-0.015,0.086
AIRPOT,1644819262832,1644819260833,4,1644819260833,0.026,-0.988,0.154,-0.008,0.010,-0.047
AIRPOT,1644819262881,1644819260882,4,1644819260882,0.037,-0.987,0.154,0.022,-0.009,0.052
AIRPOT,1644819262929,1644819260930,4,1644819260930,0.048,-0.987,0.155,0.018,0.028,0.020
AIRPOT,1644819263022,1644819261023,4,1644819261023,0.057,-0.986,0.155,-0.012,-0.043,-0.008
AIRPOT,1644819263040,1644819261041,4,1644819261040,0.063,-0.986,0.155,0.028,0.019,0.088
AIRPOT,1644819263040,1644819261041,4,1644819261041,0.065,-0.986,0.154,-0.036,-0.070,-0.076
AIRPOT,1644819263072,1644819261073,4,1644819261073,0.066,-0.985,0.161,0.028,0.142,0.067
AIRPOT,1644819263182,1644819261183,4,1644819261183,0.070,-0.985,0.157,0.019,-0.081,-0.093
AIRPOT,1644819263185,1644819261186,4,1644819261186,0.069,-0.985,0.160,0.002,-0.037,-0.043
AIRPOT,1644819263208,1644819261209,4,1644819261209,0.065,-0.985,0.161,-0.032,-0.026,-0.057
AIRPOT,1644819263272,1644819261273,4,1644819261273,0.063,-0.984,0.165,0.009,0.033,0.037
AIRPOT,1644819263274,1644819261275,4,1644819261275,0.062,-0.984,0.167,-0.037,-0.044,-0.015
AIRPOT,1644819263329,1644819261330,4,1644819261330,0.063,-0.983,0.171,-0.027,0.012,-0.024
AIRPOT,1644819263382,1644819261383,4,1644819261383,0.066,-0.982,0.176,-0.012,-0.029,-0.041
AIRPOT,1644819263433,1644819261434,4,1644819261434,0.066,-0.981,0.185,0.010,-0.019,0.025
AIRPOT,1644819263436,1644819261437,4,1644819261437,0.062,-0.979,0.193,0.012,-0.011,-0.006
AIRPOT,1644819263492,1644819261493,4,1644819261493,0.059,-0.978,0.200,0.018,0.040,-0.041
AIRPOT,1644819263520,1644819261521,4,1644819261521,0.059,-0.978,0.200,0.013,-0.012,-0.017
AIRPOT,1644819263631,1644819261632,4,1644819261632,0.057,-0.978,0.199,-0.007,-0.021,-0.005
AIRPOT,1644819263633,1644819261634,4,1644819261634,0.057,-0.978,0.200,0.016,0.018,0.029
AIRPOT,1644819263635,1644819261636,4,1644819261636,0.058,-0.978,0.199,-0.003,-0.002,-0.008
AIRPOT,1644819263692,1644819261693,4,1644819261693,0.056,-0.979,0.197,-0.020,0.006,0.012
AIRPOT,1644819263758,1644819261759,4,1644819261759,0.057,-0.979,0.196,0.015,0.020,0.085
AIRPOT,1644819263759,1644819261760,4,1644819261760,0.057,-0.979,0.194,-0.003,0.013,0.034
AIRPOT,1644819263814,1644819261815,4,1644819261815,0.057,-0.980,0.191,0.009,0.010,0.013
AIRPOT,1644819263877,1644819261878,4,1644819261878,0.056,-0.980,0.190,-0.002,-0.015,-0.000
AIRPOT,1644819263877,1644819261878,4,1644819261878,0.052,-0.981,0.188,-0.015,0.015,0.032
AIRPOT,1644819263926,1644819261927,4,1644819261927,0.051,-0.982,0.184,-0.015,0.013,0.013
AIRPOT,1644819263980,1644819261981,4,1644819261981,0.050,-0.982,0.180,0.012,-0.001,0.020
AIRPOT,1644819264036,1644819262037,4,1644819262037,0.047,-0.983,0.178,0.012,0.017,0.000
AIRPOT,1644819264036,1644819262037,4,1644819262037,0.047,-0.984,0.173,0.005,-0.033,-0.010
AIRPOT,1644819264088,1644819262089,4,1644819262089,0.045,-0.984,0.172,0.007,-0.009,-0.011
AIRPOT,1644819264138,1644819262139,4,1644819262139,0.042,-0.985,0.169,-0.009,0.003,-0.018
AIRPOT,1644819264201,1644819262202,4,1644819262202,0.040,-0.985,0.168,-0.010,0.006,-0.003
AIRPOT,1644819264203,1644819262204,4,1644819262204,0.040,-0.985,0.168,-0.002,-0.007,-0.001
AIRPOT,1644819264268,1644819262269,4,1644819262269,0.040,-0.985,0.168,0.003,-0.000,-0.002
AIRPOT,1644819264288,1644819262289,4,1644819262289,0.040,-0.985,0.167,0.002,0.009,0.013
AIRPOT,1644819264389,1644819262390,4,1644819262390,0.040,-0.985,0.167,0.001,-0.004,0.007
AIRPOT,1644819264394,1644819262395,4,1644819262395,0.039,-0.985,0.167,-0.000,-0.002,0.002
AIRPOT,1644819264394,1644819262395,4,1644819262395,0.038,-0.985,0.168,0.002,-0.002,0.002
AIRPOT,1644819264447,1644819262448,4,1644819262448,0.037,-0.985,0.167,0.005,0.001,0.015
AIRPOT,1644819264511,1644819262512,4,1644819262512,0.036,-0.985,0.167,-0.000,0.007,0.008
AIRPOT,1644819264515,1644819262516,4,1644819262516,0.035,-0.985,0.167,0.000,0.012,0.006
AIRPOT,1644819264574,1644819262575,4,1644819262575,0.035,-0.985,0.166,0.001,-0.003,0.006
AIRPOT,1644819264689,1644819262690,4,1644819262690,0.034,-0.985,0.166,-0.002,0.006,0.004
AIRPOT,1644819264691,1644819262692,4,1644819262692,0.034,-0.986,0.166,-0.001,0.006,0.006
AIRPOT,1644819264698,1644819262699,4,1644819262699,0.034,-0.986,0.165,0.001,-0.004,0.011
AIRPOT,1644819264746,1644819262747,4,1644819262747,0.034,-0.986,0.164,0.001,0.000,-0.000
AIRPOT,1644819264796,1644819262797,4,1644819262797,0.034,-0.986,0.164,-0.001,0.002,-0.003
AIRPOT,1644819264798,1644819262799,4,1644819262799,0.034,-0.986,0.164,-0.002,-0.005,-0.005
AIRPOT,1644819264851,1644819262852,4,1644819262852,0.034,-0.986,0.164,-0.000,0.006,0.012
AIRPOT,1644819264967,1644819262968,4,1644819262968,0.034,-0.986,0.164,-0.001,0.003,0.007
AIRPOT,1644819264970,1644819262971,4,1644819262971,0.034,-0.986,0.163,0.002,-0.006,0.001
AIRPOT,1644819264972,1644819262973,4,1644819262973,0.033,-0.986,0.162,-0.007,-0.004,-0.001
AIRPOT,1644819265040,1644819263041,4,1644819263041,0.032,-0.986,0.161,0.000,0.003,0.012
