DeviceName,PTPTime,UnixTime,protocool,CurrentDeviceTime,DistanceMM,DistanceCM,Weight,Count,DistanceADC,WeightADC,DeviceName(Current)
DEVICE,1645685156627,1645685140668,4,1645685140668,797,79,0,0,0,0,DKU006#
DEVICE,1645685156658,1645685140699,4,1645685140699,811,81,0,0,0,0,DKU006#
DEVICE,1645685156690,1645685140731,4,1645685140731,795,79,0,0,0,0,DKU006#
DEVICE,1645685156722,1645685140763,4,1645685140763,807,80,0,0,0,0,DKU006#
DEVICE,1645685156754,1645685140795,4,1645685140795,815,81,0,0,0,0,DKU006#
DEVICE,1645685156786,1645685140827,4,1645685140827,805,80,0,0,0,0,DKU006#
DEVICE,1645685156818,1645685140859,4,1645685140859,804,80,0,0,0,0,DKU006#
DEVICE,1645685156851,1645685140892,4,1645685140892,820,82,0,0,0,0,DKU006#
DEVICE,1645685156883,1645685140924,4,1645685140924,809,80,0,0,0,0,DKU006#
DEVICE,1645685156915,1645685140956,4,1645685140956,807,80,0,0,0,0,DKU006#
DEVICE,1645685156946,1645685140987,4,1645685140987,816,81,0,0,0,0,DKU006#
DEVICE,1645685156978,1645685141019,4,1645685141019,809,80,0,0,0,0,DKU006#
DEVICE,1645685157010,1645685141051,4,1645685141051,808,80,0,0,0,0,DKU006#
DEVICE,1645685157042,1645685141083,4,1645685141083,806,80,0,0,0,0,DKU006#
DEVICE,1645685157074,1645685141115,4,1645685141115,809,80,0,0,0,0,DKU006#
DEVICE,1645685157106,1645685141147,4,1645685141147,815,81,0,0,0,0,DKU006#
DEVICE,1645685157138,1645685141179,4,1645685141179,822,82,0,0,0,0,DKU006#
DEVICE,1645685157170,1645685141211,4,1645685141211,808,80,0,0,0,0,DKU006#
DEVICE,1645685157202,1645685141243,4,1645685141243,821,82,0,0,0,0,DKU006#
DEVICE,1645685157235,1645685141276,4,1645685141276,812,81,0,0,0,0,DKU006#
DEVICE,1645685157266,1645685141307,4,1645685141307,808,80,0,0,0,0,DKU006#
DEVICE,1645685157298,1645685141339,4,1645685141339,805,80,0,0,0,0,DKU006#
DEVICE,1645685157330,1645685141371,4,1645685141371,803,80,0,0,0,0,DKU006#
DEVICE,1645685157362,1645685141403,4,1645685141403,817,81,0,0,0,0,DKU006#
DEVICE,1645685157394,1645685141435,4,1645685141435,812,81,0,0,0,0,DKU006#
DEVICE,1645685157426,1645685141467,4,1645685141467,819,81,0,0,0,0,DKU006#
DEVICE,1645685157458,1645685141499,4,1645685141499,815,81,0,0,0,0,DKU006#
DEVICE,1645685157490,1645685141531,4,1645685141531,823,82,0,0,0,0,DKU006#
DEVICE,1645685157522,1645685141563,4,1645685141563,814,81,0,0,0,0,DKU006#
DEVICE,1645685157554,1645685141595,4,1645685141595,814,81,0,0,0,0,DKU006#
DEVICE,1645685157586,1645685141627,4,1645685141627,813,81,0,0,0,0,DKU006#
DEVICE,1645685157634,1645685141675,4,1645685141675,805,80,0,0,38893,0,DKU006#
DEVICE,1645685157650,1645685141691,4,1645685141691,815,81,0,0,38893,0,DKU006#
DEVICE,1645685157682,1645685141723,4,1645685141723,814,81,0,0,38893,0,DKU006#
DEVICE,1645685157713,1645685141754,4,1645685141754,820,82,0,0,38893,0,DKU006#
DEVICE,1645685157746,1645685141787,4,1645685141787,810,81,0,0,38893,0,DKU006#
DEVICE,1645685157778,1645685141819,4,1645685141819,804,80,0,0,38893,0,DKU006#
DEVICE,1645685157809,1645685141850,4,1645685141850,819,81,0,0,38893,0,DKU006#
DEVICE,1645685157841,1645685141882,4,1645685141882,813,81,0,0,38893,0,DKU006#
DEVICE,1645685157873,1645685141914,4,1645685141914,811,81,0,0,38893,0,DKU006#
DEVICE,1645685157905,1645685141946,4,1645685141946,806,80,0,0,38893,0,DKU006#
DEVICE,1645685157937,1645685141978,4,1645685141978,804,80,0,0,38893,0,DKU006#
DEVICE,1645685157969,1645685142010,4,1645685142010,813,81,0,0,38893,0,DKU006#
DEVICE,1645685158001,1645685142042,4,1645685142042,806,80,0,0,38893,0,DKU006#
DEVICE,1645685158033,1645685142074,4,1645685142074,805,80,0,0,38893,0,DKU006#
DEVICE,1645685158065,1645685142106,4,1645685142106,807,80,0,0,38893,0,DKU006#
DEVICE,1645685158097,1645685142138,4,1645685142138,815,81,0,0,38893,0,DKU006#
DEVICE,1645685158129,1645685142170,4,1645685142170,811,81,0,0,38893,0,DKU006#
DEVICE,1645685158161,1645685142202,4,1645685142202,813,81,0,0,38893,0,DKU006#
DEVICE,1645685158193,1645685142234,4,1645685142234,811,81,0,0,38893,0,DKU006#
DEVICE,1645685158225,1645685142266,4,1645685142266,813,81,0,0,38893,0,DKU006#
DEVICE,1645685158257,1645685142298,4,1645685142298,816,81,0,0,38893,0,DKU006#
DEVICE,1645685158289,1645685142330,4,1645685142330,807,80,0,0,38893,0,DKU006#
DEVICE,1645685158321,1645685142362,4,1645685142362,817,81,0,0,38893,0,DKU006#
DEVICE,1645685158353,1645685142394,4,1645685142394,812,81,0,0,38893,0,DKU006#
DEVICE,1645685158385,1645685142426,4,1645685142426,806,80,0,0,38893,0,DKU006#
DEVICE,1645685158417,1645685142458,4,1645685142458,824,82,0,0,38893,0,DKU006#
DEVICE,1645685158449,1645685142490,4,1645685142490,805,80,0,0,38893,0,DKU006#
DEVICE,1645685158481,1645685142522,4,1645685142522,823,82,0,0,38893,0,DKU006#
DEVICE,1645685158513,1645685142554,4,1645685142554,820,82,0,0,38893,0,DKU006#
DEVICE,1645685158545,1645685142586,4,1645685142586,825,82,0,0,38893,0,DKU006#
DEVICE,1645685158577,1645685142618,4,1645685142618,813,81,0,0,38893,0,DKU006#
DEVICE,1645685158609,1645685142650,4,1645685142650,804,80,0,0,38893,0,DKU006#
DEVICE,1645685158641,1645685142682,4,1645685142682,814,81,0,0,38893,0,DKU006#
DEVICE,1645685158672,1645685142713,4,1645685142713,803,80,0,0,38893,0,DKU006#
DEVICE,1645685158705,1645685142746,4,1645685142746,808,80,0,0,38893,0,DKU006#
DEVICE,1645685158737,1645685142778,4,1645685142778,804,80,0,0,38893,0,DKU006#
DEVICE,1645685158769,1645685142810,4,1645685142810,799,79,0,0,38893,0,DKU006#
DEVICE,1645685158801,1645685142842,4,1645685142842,808,80,0,0,38893,0,DKU006#
DEVICE,1645685158833,1645685142874,4,1645685142874,790,79,0,0,38893,0,DKU006#
DEVICE,1645685158865,1645685142906,4,1645685142906,793,79,0,0,38893,0,DKU006#
DEVICE,1645685158896,1645685142937,4,1645685142937,794,79,0,0,38893,0,DKU006#
DEVICE,1645685158928,1645685142969,4,1645685142969,782,78,0,0,38893,0,DKU006#
DEVICE,1645685158960,1645685143001,4,1645685143001,790,79,0,0,38893,0,DKU006#
DEVICE,1645685158992,1645685143033,4,1645685143033,785,78,0,0,38893,0,DKU006#
DEVICE,1645685159024,1645685143065,4,1645685143065,779,77,0,0,38893,0,DKU006#
DEVICE,1645685159056,1645685143097,4,1645685143097,754,75,0,0,38893,0,DKU006#
DEVICE,1645685159088,1645685143129,4,1645685143129,753,75,0,0,38893,0,DKU006#
DEVICE,1645685159120,1645685143161,4,1645685143161,736,73,0,0,38893,0,DKU006#
DEVICE,1645685159152,1645685143193,4,1645685143193,724,72,5,0,38893,0,DKU006#
DEVICE,1645685159185,1645685143226,4,1645685143226,724,72,5,0,38893,0,DKU006#
DEVICE,1645685159216,1645685143257,4,1645685143257,717,71,5,0,38893,0,DKU006#
DEVICE,1645685159248,1645685143289,4,1645685143289,705,70,5,0,38893,0,DKU006#
DEVICE,1645685159280,1645685143321,4,1645685143321,697,69,5,0,38893,0,DKU006#
DEVICE,1645685159312,1645685143353,4,1645685143353,695,69,5,0,38893,0,DKU006#
DEVICE,1645685159344,1645685143385,4,1645685143385,685,68,5,0,38893,0,DKU006#
DEVICE,1645685159376,1645685143417,4,1645685143417,685,68,5,0,38893,0,DKU006#
DEVICE,1645685159408,1645685143449,4,1645685143449,665,66,5,0,38893,0,DKU006#
DEVICE,1645685159440,1645685143481,4,1645685143481,656,65,5,0,38893,0,DKU006#
DEVICE,1645685159472,1645685143513,4,1645685143513,648,64,5,0,38893,0,DKU006#
DEVICE,1645685159504,1645685143545,4,1645685143545,641,64,5,0,38893,0,DKU006#
DEVICE,1645685159536,1645685143577,4,1645685143577,632,63,5,0,38893,0,DKU006#
DEVICE,1645685159569,1645685143610,4,1645685143610,631,63,5,0,38893,0,DKU006#
DEVICE,1645685159600,1645685143641,4,1645685143641,629,62,5,0,38893,0,DKU006#
DEVICE,1645685159632,1645685143673,4,1645685143673,625,62,5,0,38893,0,DKU006#
DEVICE,1645685159664,1645685143705,4,1645685143705,615,61,5,0,38893,0,DKU006#
DEVICE,1645685159696,1645685143737,4,1645685143737,619,61,5,0,38893,0,DKU006#
DEVICE,1645685159727,1645685143768,4,1645685143768,632,63,5,0,38893,0,DKU006#
DEVICE,1645685159760,1645685143801,4,1645685143801,625,62,5,0,38893,0,DKU006#
DEVICE,1645685159791,1645685143832,4,1645685143832,632,63,5,0,38893,0,DKU006#
DEVICE,1645685159823,1645685143864,4,1645685143864,642,64,5,0,38893,0,DKU006#
DEVICE,1645685159855,1645685143896,4,1645685143896,639,63,5,0,38893,0,DKU006#
DEVICE,1645685159887,1645685143928,4,1645685143928,640,64,5,0,38893,0,DKU006#
DEVICE,1645685159919,1645685143960,4,1645685143960,650,65,5,0,38893,0,DKU006#
DEVICE,1645685159952,1645685143993,4,1645685143993,656,65,5,0,38893,0,DKU006#
DEVICE,1645685159983,1645685144024,4,1645685144024,665,66,5,0,38893,0,DKU006#
DEVICE,1645685160015,1645685144056,4,1645685144056,658,65,5,0,38893,0,DKU006#
DEVICE,1645685160047,1645685144088,4,1645685144088,677,67,5,0,38893,0,DKU006#
DEVICE,1645685160079,1645685144120,4,1645685144120,678,67,5,0,38893,0,DKU006#
DEVICE,1645685160111,1645685144152,4,1645685144152,688,68,5,0,38893,0,DKU006#
DEVICE,1645685160143,1645685144184,4,1645685144184,697,69,5,0,38893,0,DKU006#
DEVICE,1645685160175,1645685144216,4,1645685144216,707,70,5,0,38893,0,DKU006#
DEVICE,1645685160207,1645685144248,4,1645685144248,710,71,5,0,38893,0,DKU006#
DEVICE,1645685160240,1645685144281,4,1645685144281,720,72,5,0,38893,0,DKU006#
DEVICE,1645685160271,1645685144312,4,1645685144312,733,73,5,0,38893,0,DKU006#
DEVICE,1645685160303,1645685144344,4,1645685144344,731,73,5,0,38893,0,DKU006#
DEVICE,1645685160335,1645685144376,4,1645685144376,731,73,5,0,38893,0,DKU006#
DEVICE,1645685160368,1645685144409,4,1645685144409,742,74,5,0,38893,0,DKU006#
DEVICE,1645685160399,1645685144440,4,1645685144440,746,74,5,0,38893,0,DKU006#
DEVICE,1645685160431,1645685144472,4,1645685144472,750,75,0,0,38893,0,DKU006#
DEVICE,1645685160463,1645685144504,4,1645685144504,764,76,0,0,38893,0,DKU006#
DEVICE,1645685160495,1645685144536,4,1645685144536,766,76,0,0,38893,0,DKU006#
DEVICE,1645685160527,1645685144568,4,1645685144568,779,77,0,0,38893,0,DKU006#
DEVICE,1645685160559,1645685144600,4,1645685144600,780,78,0,0,38893,0,DKU006#
DEVICE,1645685160591,1645685144632,4,1645685144632,777,77,0,0,38893,0,DKU006#
DEVICE,1645685160623,1645685144664,4,1645685144664,780,78,0,0,38893,0,DKU006#
DEVICE,1645685160655,1645685144696,4,1645685144696,796,79,0,0,38893,0,DKU006#
DEVICE,1645685160687,1645685144728,4,1645685144728,805,80,0,0,38893,0,DKU006#
DEVICE,1645685160719,1645685144760,4,1645685144760,797,79,0,0,38893,0,DKU006#
DEVICE,1645685160751,1645685144792,4,1645685144792,789,78,0,0,38893,0,DKU006#
DEVICE,1645685160783,1645685144824,4,1645685144824,797,79,0,0,38893,0,DKU006#
DEVICE,1645685160815,1645685144856,4,1645685144856,805,80,0,0,38893,0,DKU006#
DEVICE,1645685160847,1645685144888,4,1645685144888,794,79,0,0,38893,0,DKU006#
DEVICE,1645685160878,1645685144919,4,1645685144919,799,79,0,0,38893,0,DKU006#
DEVICE,1645685160910,1645685144951,4,1645685144951,789,78,0,0,38893,0,DKU006#
DEVICE,1645685160942,1645685144983,4,1645685144983,800,80,0,0,38893,0,DKU006#
DEVICE,1645685160974,1645685145015,4,1645685145015,777,77,0,0,38893,0,DKU006#
DEVICE,1645685161006,1645685145047,4,1645685145047,787,78,0,0,38893,0,DKU006#
DEVICE,1645685161038,1645685145079,4,1645685145079,764,76,0,0,38893,0,DKU006#
DEVICE,1645685161071,1645685145112,4,1645685145112,767,76,0,0,38893,0,DKU006#
DEVICE,1645685161102,1645685145143,4,1645685145143,773,77,0,0,38893,0,DKU006#
DEVICE,1645685161135,1645685145176,4,1645685145176,764,76,0,0,38893,0,DKU006#
DEVICE,1645685161166,1645685145207,4,1645685145207,753,75,0,0,38893,0,DKU006#
DEVICE,1645685161198,1645685145239,4,1645685145239,752,75,0,0,38893,0,DKU006#
DEVICE,1645685161230,1645685145271,4,1645685145271,740,74,0,0,38893,0,DKU006#
DEVICE,1645685161262,1645685145303,4,1645685145303,718,71,5,0,38893,0,DKU006#
DEVICE,1645685161294,1645685145335,4,1645685145335,721,72,5,0,38893,0,DKU006#
DEVICE,1645685161326,1645685145367,4,1645685145367,720,72,5,0,38893,0,DKU006#
DEVICE,1645685161358,1645685145399,4,1645685145399,709,70,5,0,38893,0,DKU006#
DEVICE,1645685161390,1645685145431,4,1645685145431,699,69,5,0,38893,0,DKU006#
DEVICE,1645685161422,1645685145463,4,1645685145463,690,69,5,0,38893,0,DKU006#
DEVICE,1645685161453,1645685145494,4,1645685145494,685,68,5,0,38893,0,DKU006#
DEVICE,1645685161486,1645685145527,4,1645685145527,681,68,5,0,38893,0,DKU006#
DEVICE,1645685161518,1645685145559,4,1645685145559,665,66,5,0,38893,0,DKU006#
DEVICE,1645685161550,1645685145591,4,1645685145591,655,65,5,0,38893,0,DKU006#
DEVICE,1645685161582,1645685145623,4,1645685145623,645,64,5,0,38893,0,DKU006#
DEVICE,1645685161614,1645685145655,4,1645685145655,648,64,5,0,38893,0,DKU006#
DEVICE,1645685161646,1645685145687,4,1645685145687,647,64,5,0,38893,0,DKU006#
DEVICE,1645685161662,1645685145703,4,1645685145703,642,64,5,0,38893,0,DKU006#
DEVICE,1645685161709,1645685145750,4,1645685145750,631,63,5,0,38893,0,DKU006#
DEVICE,1645685161726,1645685145767,4,1645685145767,636,63,5,0,38893,0,DKU006#
DEVICE,1645685161758,1645685145799,4,1645685145799,631,63,5,0,38893,0,DKU006#
DEVICE,1645685161790,1645685145831,4,1645685145831,635,63,5,0,38893,0,DKU006#
DEVICE,1645685161822,1645685145863,4,1645685145863,633,63,5,0,38893,0,DKU006#
DEVICE,1645685161854,1645685145895,4,1645685145895,626,62,5,0,38893,0,DKU006#
DEVICE,1645685161885,1645685145926,4,1645685145926,621,62,5,0,38893,0,DKU006#
DEVICE,1645685161918,1645685145959,4,1645685145959,634,63,5,0,38893,0,DKU006#
DEVICE,1645685161950,1645685145991,4,1645685145991,646,64,5,0,38893,0,DKU006#
DEVICE,1645685161982,1645685146023,4,1645685146023,636,63,5,0,38893,0,DKU006#
DEVICE,1645685162014,1645685146055,4,1645685146055,648,64,5,0,38893,0,DKU006#
DEVICE,1645685162046,1645685146087,4,1645685146087,653,65,5,0,38893,0,DKU006#
DEVICE,1645685162078,1645685146119,4,1645685146119,650,65,5,0,38893,0,DKU006#
DEVICE,1645685162109,1645685146150,4,1645685146150,652,65,5,0,38893,0,DKU006#
DEVICE,1645685162141,1645685146182,4,1645685146182,640,64,5,0,38893,0,DKU006#
DEVICE,1645685162173,1645685146214,4,1645685146214,670,67,5,0,38893,0,DKU006#
DEVICE,1645685162205,1645685146246,4,1645685146246,655,65,5,0,38893,0,DKU006#
DEVICE,1645685162237,1645685146278,4,1645685146278,674,67,5,0,38893,0,DKU006#
DEVICE,1645685162269,1645685146310,4,1645685146310,680,68,5,0,38893,0,DKU006#
DEVICE,1645685162302,1645685146343,4,1645685146343,675,67,5,0,38893,0,DKU006#
DEVICE,1645685162333,1645685146374,4,1645685146374,673,67,5,0,38893,0,DKU006#
DEVICE,1645685162365,1645685146406,4,1645685146406,695,69,5,0,38893,0,DKU006#
DEVICE,1645685162397,1645685146438,4,1645685146438,686,68,5,0,38893,0,DKU006#
DEVICE,1645685162430,1645685146471,4,1645685146471,708,70,5,0,38893,0,DKU006#
DEVICE,1645685162461,1645685146502,4,1645685146502,703,70,5,0,38893,0,DKU006#
DEVICE,1645685162493,1645685146534,4,1645685146534,700,70,5,0,38893,0,DKU006#
DEVICE,1645685162525,1645685146566,4,1645685146566,705,70,5,0,38893,0,DKU006#
DEVICE,1645685162558,1645685146599,4,1645685146599,705,70,5,0,38893,0,DKU006#
DEVICE,1645685162589,1645685146630,4,1645685146630,737,73,5,0,38893,0,DKU006#
DEVICE,1645685162621,1645685146662,4,1645685146662,723,72,5,0,38893,0,DKU006#
DEVICE,1645685162653,1645685146694,4,1645685146694,740,74,5,0,38893,0,DKU006#
DEVICE,1645685162685,1645685146726,4,1645685146726,738,73,5,0,38893,0,DKU006#
DEVICE,1645685162717,1645685146758,4,1645685146758,735,73,5,0,38893,0,DKU006#
DEVICE,1645685162749,1645685146790,4,1645685146790,758,75,0,0,38893,0,DKU006#
DEVICE,1645685162781,1645685146822,4,1645685146822,743,74,0,0,38893,0,DKU006#
DEVICE,1645685162813,1645685146854,4,1645685146854,748,74,5,0,38893,0,DKU006#
DEVICE,1645685162845,1645685146886,4,1645685146886,761,76,0,0,38893,0,DKU006#
DEVICE,1645685162877,1645685146918,4,1645685146918,755,75,0,0,38893,0,DKU006#
DEVICE,1645685162909,1645685146950,4,1645685146950,758,75,0,0,38893,0,DKU006#
DEVICE,1645685162941,1645685146982,4,1645685146982,769,76,0,0,38893,0,DKU006#
DEVICE,1645685162973,1645685147014,4,1645685147014,765,76,0,0,38893,0,DKU006#
DEVICE,1645685163005,1645685147046,4,1645685147046,767,76,0,0,38893,0,DKU006#
DEVICE,1645685163037,1645685147078,4,1645685147078,779,77,0,0,38893,0,DKU006#
DEVICE,1645685163069,1645685147110,4,1645685147110,766,76,0,0,38893,0,DKU006#
DEVICE,1645685163101,1645685147142,4,1645685147142,781,78,0,0,38893,0,DKU006#
DEVICE,1645685163133,1645685147174,4,1645685147174,788,78,0,0,38893,0,DKU006#
DEVICE,1645685163165,1645685147206,4,1645685147206,779,77,0,0,38893,0,DKU006#
DEVICE,1645685163197,1645685147238,4,1645685147238,779,77,0,0,38893,0,DKU006#
DEVICE,1645685163229,1645685147270,4,1645685147270,795,79,0,0,38893,0,DKU006#
DEVICE,1645685163261,1645685147302,4,1645685147302,782,78,0,0,38893,0,DKU006#
DEVICE,1645685163292,1645685147333,4,1645685147333,785,78,0,0,38893,0,DKU006#
DEVICE,1645685163324,1645685147365,4,1645685147365,772,77,0,0,38893,0,DKU006#
DEVICE,1645685163356,1645685147397,4,1645685147397,777,77,0,0,38893,0,DKU006#
DEVICE,1645685163388,1645685147429,4,1645685147429,769,76,0,0,38893,0,DKU006#
DEVICE,1645685163420,1645685147461,4,1645685147461,757,75,0,0,38893,0,DKU006#
DEVICE,1645685163452,1645685147493,4,1645685147493,764,76,0,0,38893,0,DKU006#
DEVICE,1645685163484,1645685147525,4,1645685147525,748,74,0,0,38893,0,DKU006#
DEVICE,1645685163517,1645685147558,4,1645685147558,759,75,0,0,38893,0,DKU006#
DEVICE,1645685163549,1645685147590,4,1645685147590,754,75,0,0,38893,0,DKU006#
DEVICE,1645685163580,1645685147621,4,1645685147621,733,73,0,0,38893,0,DKU006#
DEVICE,1645685163613,1645685147654,4,1645685147654,739,73,5,0,38893,0,DKU006#
DEVICE,1645685163644,1645685147685,4,1645685147685,724,72,5,0,38893,0,DKU006#
DEVICE,1645685163676,1645685147717,4,1645685147717,721,72,5,0,38893,0,DKU006#
DEVICE,1645685163708,1645685147749,4,1645685147749,715,71,5,0,38893,0,DKU006#
DEVICE,1645685163740,1645685147781,4,1645685147781,722,72,5,0,38893,0,DKU006#
DEVICE,1645685163772,1645685147813,4,1645685147813,705,70,5,0,38893,0,DKU006#
DEVICE,1645685163804,1645685147845,4,1645685147845,696,69,5,0,38893,0,DKU006#
DEVICE,1645685163836,1645685147877,4,1645685147877,690,69,5,0,38893,0,DKU006#
DEVICE,1645685163868,1645685147909,4,1645685147909,693,69,5,0,38893,0,DKU006#
DEVICE,1645685163900,1645685147941,4,1645685147941,682,68,5,0,38893,0,DKU006#
DEVICE,1645685163932,1645685147973,4,1645685147973,671,67,5,0,38893,0,DKU006#
DEVICE,1645685163964,1645685148005,4,1645685148005,674,67,5,0,38893,0,DKU006#
DEVICE,1645685163996,1645685148037,4,1645685148037,656,65,5,0,38893,0,DKU006#
DEVICE,1645685164028,1645685148069,4,1645685148069,648,64,5,0,38893,0,DKU006#
DEVICE,1645685164060,1645685148101,4,1645685148101,658,65,5,0,38893,0,DKU006#
DEVICE,1645685164092,1645685148133,4,1645685148133,638,63,5,0,38893,0,DKU006#
DEVICE,1645685164124,1645685148165,4,1645685148165,631,63,5,0,38893,0,DKU006#
DEVICE,1645685164156,1645685148197,4,1645685148197,637,63,5,0,38893,0,DKU006#
DEVICE,1645685164188,1645685148229,4,1645685148229,625,62,5,0,38893,0,DKU006#
DEVICE,1645685164220,1645685148261,4,1645685148261,634,63,5,0,38893,0,DKU006#
DEVICE,1645685164252,1645685148293,4,1645685148293,633,63,5,0,38893,0,DKU006#
DEVICE,1645685164284,1645685148325,4,1645685148325,629,62,5,0,38893,0,DKU006#
DEVICE,1645685164316,1645685148357,4,1645685148357,634,63,5,0,38893,0,DKU006#
DEVICE,1645685164348,1645685148389,4,1645685148389,634,63,5,0,38893,0,DKU006#
DEVICE,1645685164380,1645685148421,4,1645685148421,632,63,5,0,38893,0,DKU006#
DEVICE,1645685164412,1645685148453,4,1645685148453,639,63,5,0,38893,0,DKU006#
DEVICE,1645685164443,1645685148484,4,1645685148484,638,63,5,0,38893,0,DKU006#
DEVICE,1645685164475,1645685148516,4,1645685148516,647,64,5,0,38893,0,DKU006#
DEVICE,1645685164507,1645685148548,4,1645685148548,653,65,5,0,38893,0,DKU006#
DEVICE,1645685164539,1645685148580,4,1645685148580,654,65,5,0,38893,0,DKU006#
DEVICE,1645685164571,1645685148612,4,1645685148612,656,65,5,0,38893,0,DKU006#
DEVICE,1645685164603,1645685148644,4,1645685148644,672,67,5,0,38893,0,DKU006#
DEVICE,1645685164635,1645685148676,4,1645685148676,673,67,5,0,38893,0,DKU006#
DEVICE,1645685164668,1645685148709,4,1645685148709,679,67,5,0,38893,0,DKU006#
DEVICE,1645685164700,1645685148741,4,1645685148741,677,67,5,0,38893,0,DKU006#
DEVICE,1645685164731,1645685148772,4,1645685148772,694,69,5,0,38893,0,DKU006#
DEVICE,1645685164763,1645685148804,4,1645685148804,705,70,5,0,38893,0,DKU006#
DEVICE,1645685164795,1645685148836,4,1645685148836,699,69,5,0,38893,0,DKU006#
DEVICE,1645685164827,1645685148868,4,1645685148868,709,70,5,0,38893,0,DKU006#
DEVICE,1645685164859,1645685148900,4,1645685148900,702,70,5,0,38893,0,DKU006#
DEVICE,1645685164891,1645685148932,4,1645685148932,718,71,5,0,38893,0,DKU006#
DEVICE,1645685164923,1645685148964,4,1645685148964,721,72,5,0,38893,0,DKU006#
DEVICE,1645685164955,1645685148996,4,1645685148996,728,72,5,0,38893,0,DKU006#
DEVICE,1645685164987,1645685149028,4,1645685149028,741,74,5,0,38893,0,DKU006#
DEVICE,1645685165019,1645685149060,4,1645685149060,727,72,5,0,38893,0,DKU006#
DEVICE,1645685165051,1645685149092,4,1645685149092,731,73,5,0,38893,0,DKU006#
DEVICE,1645685165083,1645685149124,4,1645685149124,750,75,0,0,38893,0,DKU006#
DEVICE,1645685165115,1645685149156,4,1645685149156,742,74,0,0,38893,0,DKU006#
DEVICE,1645685165147,1645685149188,4,1645685149188,764,76,0,0,38893,0,DKU006#
DEVICE,1645685165179,1645685149220,4,1645685149220,755,75,0,0,38893,0,DKU006#
DEVICE,1645685165211,1645685149252,4,1645685149252,751,75,0,0,38893,0,DKU006#
DEVICE,1645685165243,1645685149284,4,1645685149284,769,76,0,0,38893,0,DKU006#
DEVICE,1645685165275,1645685149316,4,1645685149316,772,77,0,0,38893,0,DKU006#
DEVICE,1645685165307,1645685149348,4,1645685149348,787,78,0,0,38893,0,DKU006#
DEVICE,1645685165339,1645685149380,4,1645685149380,776,77,0,0,38893,0,DKU006#
DEVICE,1645685165371,1645685149412,4,1645685149412,776,77,0,0,38893,0,DKU006#
DEVICE,1645685165403,1645685149444,4,1645685149444,783,78,0,0,38893,0,DKU006#
DEVICE,1645685165435,1645685149476,4,1645685149476,790,79,0,0,38893,0,DKU006#
DEVICE,1645685165467,1645685149508,4,1645685149508,784,78,0,0,38893,0,DKU006#
DEVICE,1645685165499,1645685149540,4,1645685149540,773,77,0,0,38893,0,DKU006#
DEVICE,1645685165531,1645685149572,4,1645685149572,799,79,0,0,38893,0,DKU006#
DEVICE,1645685165562,1645685149603,4,1645685149603,789,78,0,0,38893,0,DKU006#
DEVICE,1645685165595,1645685149636,4,1645685149636,808,80,0,0,38893,0,DKU006#
DEVICE,1645685165626,1645685149667,4,1645685149667,785,78,0,0,38893,0,DKU006#
DEVICE,1645685165658,1645685149699,4,1645685149699,789,78,0,0,38893,0,DKU006#
DEVICE,1645685165690,1645685149731,4,1645685149731,794,79,0,0,38893,0,DKU006#
DEVICE,1645685165722,1645685149763,4,1645685149763,798,79,0,0,38893,0,DKU006#
DEVICE,1645685165754,1645685149795,4,1645685149795,796,79,0,0,38893,0,DKU006#
DEVICE,1645685165786,1645685149827,4,1645685149827,771,77,0,0,38893,0,DKU006#
DEVICE,1645685165818,1645685149859,4,1645685149859,774,77,0,0,38893,0,DKU006#
DEVICE,1645685165851,1645685149892,4,1645685149892,778,77,0,0,38893,0,DKU006#
DEVICE,1645685165883,1645685149924,4,1645685149924,775,77,0,0,38893,0,DKU006#
DEVICE,1645685165914,1645685149955,4,1645685149955,766,76,0,0,38893,0,DKU006#
DEVICE,1645685165946,1645685149987,4,1645685149987,779,77,0,0,38893,0,DKU006#
DEVICE,1645685165978,1645685150019,4,1645685150019,764,76,0,0,38893,0,DKU006#
DEVICE,1645685166010,1645685150051,4,1645685150051,749,74,0,0,38893,0,DKU006#
DEVICE,1645685166042,1645685150083,4,1645685150083,750,75,0,0,38893,0,DKU006#
DEVICE,1645685166074,1645685150115,4,1645685150115,731,73,0,0,38893,0,DKU006#
DEVICE,1645685166106,1645685150147,4,1645685150147,733,73,5,0,38893,0,DKU006#
DEVICE,1645685166138,1645685150179,4,1645685150179,741,74,5,0,38893,0,DKU006#
DEVICE,1645685166170,1645685150211,4,1645685150211,729,72,5,0,38893,0,DKU006#
DEVICE,1645685166202,1645685150243,4,1645685150243,704,70,5,0,38893,0,DKU006#
DEVICE,1645685166234,1645685150275,4,1645685150275,710,71,5,0,38893,0,DKU006#
DEVICE,1645685166266,1645685150307,4,1645685150307,704,70,5,0,38893,0,DKU006#
DEVICE,1645685166298,1645685150339,4,1645685150339,692,69,5,0,38893,0,DKU006#
DEVICE,1645685166330,1645685150371,4,1645685150371,691,69,5,0,38893,0,DKU006#
DEVICE,1645685166362,1645685150403,4,1645685150403,685,68,5,0,38893,0,DKU006#
DEVICE,1645685166394,1645685150435,4,1645685150435,674,67,5,0,38893,0,DKU006#
DEVICE,1645685166426,1645685150467,4,1645685150467,675,67,5,0,38893,0,DKU006#
DEVICE,1645685166458,1645685150499,4,1645685150499,670,67,5,0,38893,0,DKU006#
DEVICE,1645685166490,1645685150531,4,1645685150531,652,65,5,0,38893,0,DKU006#
DEVICE,1645685166522,1645685150563,4,1645685150563,641,64,5,0,38893,0,DKU006#
DEVICE,1645685166554,1645685150595,4,1645685150595,641,64,5,0,38893,0,DKU006#
DEVICE,1645685166586,1645685150627,4,1645685150627,634,63,5,0,38893,0,DKU006#
DEVICE,1645685166617,1645685150658,4,1645685150658,643,64,5,0,38893,0,DKU006#
DEVICE,1645685166650,1645685150691,4,1645685150691,624,62,5,0,38893,0,DKU006#
DEVICE,1645685166681,1645685150722,4,1645685150722,622,62,5,0,38893,0,DKU006#
DEVICE,1645685166714,1645685150755,4,1645685150755,630,63,5,0,38893,0,DKU006#
DEVICE,1645685166746,1645685150787,4,1645685150787,621,62,5,0,38893,0,DKU006#
DEVICE,1645685166777,1645685150818,4,1645685150818,619,61,5,0,38893,0,DKU006#
DEVICE,1645685166809,1645685150850,4,1645685150850,630,63,5,0,38893,0,DKU006#
DEVICE,1645685166841,1645685150882,4,1645685150882,638,63,5,0,38893,0,DKU006#
DEVICE,1645685166873,1645685150914,4,1645685150914,640,64,5,0,38893,0,DKU006#
DEVICE,1645685166905,1645685150946,4,1645685150946,640,64,5,0,38893,0,DKU006#
DEVICE,1645685166937,1645685150978,4,1645685150978,654,65,5,0,38893,0,DKU006#
DEVICE,1645685166969,1645685151010,4,1645685151010,647,64,5,0,38893,0,DKU006#
DEVICE,1645685167001,1645685151042,4,1645685151042,657,65,5,0,38893,0,DKU006#
DEVICE,1645685167033,1645685151074,4,1645685151074,664,66,5,0,38893,0,DKU006#
DEVICE,1645685167065,1645685151106,4,1645685151106,671,67,5,0,38893,0,DKU006#
DEVICE,1645685167097,1645685151138,4,1645685151138,676,67,5,0,38893,0,DKU006#
DEVICE,1645685167129,1645685151170,4,1645685151170,678,67,5,0,38893,0,DKU006#
DEVICE,1645685167161,1645685151202,4,1645685151202,689,68,5,0,38893,0,DKU006#
DEVICE,1645685167193,1645685151234,4,1645685151234,689,68,5,0,38893,0,DKU006#
DEVICE,1645685167209,1645685151250,4,1645685151250,690,69,5,0,38893,0,DKU006#
DEVICE,1645685167257,1645685151298,4,1645685151298,701,70,5,0,38893,0,DKU006#
DEVICE,1645685167273,1645685151314,4,1645685151314,707,70,5,0,38893,0,DKU006#
DEVICE,1645685167305,1645685151346,4,1645685151346,725,72,5,0,38893,0,DKU006#
DEVICE,1645685167337,1645685151378,4,1645685151378,714,71,5,0,38893,0,DKU006#
DEVICE,1645685167369,1645685151410,4,1645685151410,722,72,5,0,38893,0,DKU006#
DEVICE,1645685167400,1645685151441,4,1645685151441,739,73,5,0,38893,0,DKU006#
DEVICE,1645685167433,1645685151474,4,1645685151474,735,73,5,0,38893,0,DKU006#
DEVICE,1645685167465,1645685151506,4,1645685151506,755,75,0,0,38893,0,DKU006#
DEVICE,1645685167497,1645685151538,4,1645685151538,747,74,0,0,38893,0,DKU006#
DEVICE,1645685167529,1645685151570,4,1645685151570,746,74,5,0,38893,0,DKU006#
DEVICE,1645685167561,1645685151602,4,1645685151602,761,76,0,0,38893,0,DKU006#
DEVICE,1645685167593,1645685151634,4,1645685151634,776,77,0,0,38893,0,DKU006#
DEVICE,1645685167625,1645685151666,4,1645685151666,767,76,0,0,38893,0,DKU006#
DEVICE,1645685167657,1645685151698,4,1645685151698,766,76,0,0,38893,0,DKU006#
DEVICE,1645685167689,1645685151730,4,1645685151730,771,77,0,0,38893,0,DKU006#
DEVICE,1645685167721,1645685151762,4,1645685151762,779,77,0,0,38893,0,DKU006#
DEVICE,1645685167753,1645685151794,4,1645685151794,763,76,0,0,38893,0,DKU006#
DEVICE,1645685167785,1645685151826,4,1645685151826,766,76,0,0,38893,0,DKU006#
DEVICE,1645685167817,1645685151858,4,1645685151858,780,78,0,0,38893,0,DKU006#
DEVICE,1645685167849,1645685151890,4,1645685151890,780,78,0,0,38893,0,DKU006#
DEVICE,1645685167880,1645685151921,4,1645685151921,777,77,0,0,38893,0,DKU006#
DEVICE,1645685167912,1645685151953,4,1645685151953,785,78,0,0,38893,0,DKU006#
DEVICE,1645685167944,1645685151985,4,1645685151985,782,78,0,0,38893,0,DKU006#
DEVICE,1645685167976,1645685152017,4,1645685152017,767,76,0,0,38893,0,DKU006#
DEVICE,1645685168008,1645685152049,4,1645685152049,781,78,0,0,38893,0,DKU006#
DEVICE,1645685168040,1645685152081,4,1645685152081,780,78,0,0,38893,0,DKU006#
DEVICE,1645685168072,1645685152113,4,1645685152113,790,79,0,0,38893,0,DKU006#
DEVICE,1645685168104,1645685152145,4,1645685152145,782,78,0,0,38893,0,DKU006#
DEVICE,1645685168136,1645685152177,4,1645685152177,768,76,0,0,38893,0,DKU006#
DEVICE,1645685168168,1645685152209,4,1645685152209,769,76,0,0,38893,0,DKU006#
DEVICE,1645685168200,1645685152241,4,1645685152241,779,77,0,0,38893,0,DKU006#
DEVICE,1645685168232,1645685152273,4,1645685152273,763,76,0,0,38893,0,DKU006#
DEVICE,1645685168264,1645685152305,4,1645685152305,760,76,0,0,38893,0,DKU006#
DEVICE,1645685168296,1645685152337,4,1645685152337,754,75,0,0,38893,0,DKU006#
DEVICE,1645685168328,1645685152369,4,1645685152369,745,74,0,0,38893,0,DKU006#
DEVICE,1645685168360,1645685152401,4,1645685152401,737,73,5,0,38893,0,DKU006#
DEVICE,1645685168392,1645685152433,4,1645685152433,740,74,5,0,38893,0,DKU006#
DEVICE,1645685168424,1645685152465,4,1645685152465,725,72,5,0,38893,0,DKU006#
DEVICE,1645685168456,1645685152497,4,1645685152497,732,73,5,0,38893,0,DKU006#
DEVICE,1645685168488,1645685152529,4,1645685152529,714,71,5,0,38893,0,DKU006#
DEVICE,1645685168520,1645685152561,4,1645685152561,712,71,5,0,38893,0,DKU006#
DEVICE,1645685168551,1645685152592,4,1645685152592,691,69,5,0,38893,0,DKU006#
DEVICE,1645685168584,1645685152625,4,1645685152625,696,69,5,0,38893,0,DKU006#
DEVICE,1645685168616,1645685152657,4,1645685152657,682,68,5,0,38893,0,DKU006#
DEVICE,1645685168648,1645685152689,4,1645685152689,676,67,5,0,38893,0,DKU006#
DEVICE,1645685168680,1645685152721,4,1645685152721,662,66,5,0,38893,0,DKU006#
DEVICE,1645685168712,1645685152753,4,1645685152753,658,65,5,0,38893,0,DKU006#
DEVICE,1645685168744,1645685152785,4,1645685152785,647,64,5,0,38893,0,DKU006#
DEVICE,1645685168775,1645685152816,4,1645685152816,634,63,5,0,38893,0,DKU006#
DEVICE,1645685168807,1645685152848,4,1645685152848,646,64,5,0,38893,0,DKU006#
DEVICE,1645685168839,1645685152880,4,1645685152880,640,64,5,0,38893,0,DKU006#
DEVICE,1645685168871,1645685152912,4,1645685152912,628,62,5,0,38893,0,DKU006#
DEVICE,1645685168903,1645685152944,4,1645685152944,630,63,5,0,38893,0,DKU006#
DEVICE,1645685168935,1645685152976,4,1645685152976,637,63,5,0,38893,0,DKU006#
DEVICE,1645685168968,1645685153009,4,1645685153009,636,63,5,0,38893,0,DKU006#
DEVICE,1645685169000,1645685153041,4,1645685153041,630,63,5,0,38893,0,DKU006#
DEVICE,1645685169032,1645685153073,4,1645685153073,637,63,5,0,38893,0,DKU006#
DEVICE,1645685169064,1645685153105,4,1645685153105,640,64,5,0,38893,0,DKU006#
DEVICE,1645685169095,1645685153136,4,1645685153136,643,64,5,0,38893,0,DKU006#
DEVICE,1645685169127,1645685153168,4,1645685153168,649,64,5,0,38893,0,DKU006#
DEVICE,1645685169159,1645685153200,4,1645685153200,647,64,5,0,38893,0,DKU006#
DEVICE,1645685169191,1645685153232,4,1645685153232,646,64,5,0,38893,0,DKU006#
DEVICE,1645685169223,1645685153264,4,1645685153264,661,66,5,0,38893,0,DKU006#
DEVICE,1645685169255,1645685153296,4,1645685153296,655,65,5,0,38893,0,DKU006#
DEVICE,1645685169287,1645685153328,4,1645685153328,659,65,5,0,38893,0,DKU006#
DEVICE,1645685169319,1645685153360,4,1645685153360,667,66,5,0,38893,0,DKU006#
DEVICE,1645685169351,1645685153392,4,1645685153392,682,68,5,0,38893,0,DKU006#
DEVICE,1645685169383,1645685153424,4,1645685153424,678,67,5,0,38893,0,DKU006#
DEVICE,1645685169415,1645685153456,4,1645685153456,690,69,5,0,38893,0,DKU006#
DEVICE,1645685169447,1645685153488,4,1645685153488,701,70,5,0,38893,0,DKU006#
DEVICE,1645685169478,1645685153519,4,1645685153519,701,70,5,0,38893,0,DKU006#
DEVICE,1645685169511,1645685153552,4,1645685153552,700,70,5,0,38893,0,DKU006#
DEVICE,1645685169543,1645685153584,4,1645685153584,707,70,5,0,38893,0,DKU006#
DEVICE,1645685169575,1645685153616,4,1645685153616,719,71,5,0,38893,0,DKU006#
DEVICE,1645685169607,1645685153648,4,1645685153648,725,72,5,0,38893,0,DKU006#
DEVICE,1645685169639,1645685153680,4,1645685153680,730,73,5,0,38893,0,DKU006#
DEVICE,1645685169671,1645685153712,4,1645685153712,755,75,0,0,38893,0,DKU006#
DEVICE,1645685169703,1645685153744,4,1645685153744,738,73,0,0,38893,0,DKU006#
DEVICE,1645685169735,1645685153776,4,1645685153776,738,73,5,0,38893,0,DKU006#
DEVICE,1645685169767,1645685153808,4,1645685153808,759,75,0,0,38893,0,DKU006#
DEVICE,1645685169799,1645685153840,4,1645685153840,750,75,0,0,38893,0,DKU006#
DEVICE,1645685169830,1645685153871,4,1645685153871,748,74,0,0,38893,0,DKU006#
DEVICE,1645685169862,1645685153903,4,1645685153903,759,75,0,0,38893,0,DKU006#
DEVICE,1645685169894,1645685153935,4,1645685153935,764,76,0,0,38893,0,DKU006#
DEVICE,1645685169926,1645685153967,4,1645685153967,757,75,0,0,38893,0,DKU006#
DEVICE,1645685169958,1645685153999,4,1645685153999,780,78,0,0,38893,0,DKU006#
DEVICE,1645685169990,1645685154031,4,1645685154031,777,77,0,0,38893,0,DKU006#
DEVICE,1645685170023,1645685154064,4,1645685154064,774,77,0,0,38893,0,DKU006#
DEVICE,1645685170054,1645685154095,4,1645685154095,781,78,0,0,38893,0,DKU006#
DEVICE,1645685170086,1645685154127,4,1645685154127,795,79,0,0,38893,0,DKU006#
DEVICE,1645685170118,1645685154159,4,1645685154159,798,79,0,0,38893,0,DKU006#
DEVICE,1645685170151,1645685154192,4,1645685154192,794,79,0,0,38893,0,DKU006#
DEVICE,1645685170182,1645685154223,4,1645685154223,790,79,0,0,38893,0,DKU006#
DEVICE,1645685170214,1645685154255,4,1645685154255,812,81,0,0,38893,0,DKU006#
DEVICE,1645685170246,1645685154287,4,1645685154287,801,80,0,0,38893,0,DKU006#
DEVICE,1645685170278,1645685154319,4,1645685154319,802,80,0,0,38893,0,DKU006#
DEVICE,1645685170310,1645685154351,4,1645685154351,786,78,0,0,38893,0,DKU006#
DEVICE,1645685170342,1645685154383,4,1645685154383,793,79,0,0,38893,0,DKU006#
DEVICE,1645685170374,1645685154415,4,1645685154415,777,77,0,0,38893,0,DKU006#
DEVICE,1645685170406,1645685154447,4,1645685154447,794,79,0,0,38893,0,DKU006#
DEVICE,1645685170438,1645685154479,4,1645685154479,787,78,0,0,38893,0,DKU006#
DEVICE,1645685170470,1645685154511,4,1645685154511,772,77,0,0,38893,0,DKU006#
DEVICE,1645685170502,1645685154543,4,1645685154543,769,76,0,0,38893,0,DKU006#
DEVICE,1645685170534,1645685154575,4,1645685154575,765,76,0,0,38893,0,DKU006#
DEVICE,1645685170566,1645685154607,4,1645685154607,756,75,0,0,38893,0,DKU006#
DEVICE,1645685170598,1645685154639,4,1645685154639,761,76,0,0,38893,0,DKU006#
DEVICE,1645685170630,1645685154671,4,1645685154671,748,74,0,0,38893,0,DKU006#
DEVICE,1645685170662,1645685154703,4,1645685154703,720,72,5,0,38893,0,DKU006#
DEVICE,1645685170695,1645685154736,4,1645685154736,727,72,5,0,38893,0,DKU006#
DEVICE,1645685170726,1645685154767,4,1645685154767,738,73,5,0,38893,0,DKU006#
DEVICE,1645685170758,1645685154799,4,1645685154799,722,72,5,0,38893,0,DKU006#
DEVICE,1645685170789,1645685154830,4,1645685154830,717,71,5,0,38893,0,DKU006#
DEVICE,1645685170821,1645685154862,4,1645685154862,716,71,5,0,38893,0,DKU006#
DEVICE,1645685170853,1645685154894,4,1645685154894,700,70,5,0,38893,0,DKU006#
DEVICE,1645685170885,1645685154926,4,1645685154926,697,69,5,0,38893,0,DKU006#
DEVICE,1645685170918,1645685154959,4,1645685154959,699,69,5,0,38893,0,DKU006#
DEVICE,1645685170950,1645685154991,4,1645685154991,686,68,5,0,38893,0,DKU006#
DEVICE,1645685170981,1645685155022,4,1645685155022,673,67,5,0,38893,0,DKU006#
DEVICE,1645685171013,1645685155054,4,1645685155054,669,66,5,0,38893,0,DKU006#
DEVICE,1645685171045,1645685155086,4,1645685155086,667,66,5,0,38893,0,DKU006#
DEVICE,1645685171077,1645685155118,4,1645685155118,656,65,5,0,38893,0,DKU006#
DEVICE,1645685171109,1645685155150,4,1645685155150,656,65,5,0,38893,0,DKU006#
DEVICE,1645685171141,1645685155182,4,1645685155182,651,65,5,0,38893,0,DKU006#
DEVICE,1645685171173,1645685155214,4,1645685155214,654,65,5,0,38893,0,DKU006#
DEVICE,1645685171205,1645685155246,4,1645685155246,646,64,5,0,38893,0,DKU006#
DEVICE,1645685171237,1645685155278,4,1645685155278,640,64,5,0,38893,0,DKU006#
DEVICE,1645685171269,1645685155310,4,1645685155310,633,63,5,0,38893,0,DKU006#
DEVICE,1645685171301,1645685155342,4,1645685155342,624,62,5,0,38893,0,DKU006#
DEVICE,1645685171333,1645685155374,4,1645685155374,629,62,5,0,38893,0,DKU006#
DEVICE,1645685171365,1645685155406,4,1645685155406,639,63,5,0,38893,0,DKU006#
DEVICE,1645685171397,1645685155438,4,1645685155438,630,63,5,0,38893,0,DKU006#
DEVICE,1645685171429,1645685155470,4,1645685155470,633,63,5,0,38893,0,DKU006#
DEVICE,1645685171461,1645685155502,4,1645685155502,640,64,5,0,38893,0,DKU006#
DEVICE,1645685171493,1645685155534,4,1645685155534,637,63,5,0,38893,0,DKU006#
DEVICE,1645685171525,1645685155566,4,1645685155566,644,64,5,0,38893,0,DKU006#
DEVICE,1645685171557,1645685155598,4,1645685155598,642,64,5,0,38893,0,DKU006#
DEVICE,1645685171589,1645685155630,4,1645685155630,641,64,5,0,38893,0,DKU006#
DEVICE,1645685171621,1645685155662,4,1645685155662,650,65,5,0,38893,0,DKU006#
DEVICE,1645685171653,1645685155694,4,1645685155694,666,66,5,0,38893,0,DKU006#
DEVICE,1645685171684,1645685155725,4,1645685155725,670,67,5,0,38893,0,DKU006#
DEVICE,1645685171717,1645685155758,4,1645685155758,673,67,5,0,38893,0,DKU006#
DEVICE,1645685171749,1645685155790,4,1645685155790,667,66,5,0,38893,0,DKU006#
DEVICE,1645685171781,1645685155822,4,1645685155822,686,68,5,0,38893,0,DKU006#
DEVICE,1645685171813,1645685155854,4,1645685155854,680,68,5,0,38893,0,DKU006#
DEVICE,1645685171845,1645685155886,4,1645685155886,690,69,5,0,38893,0,DKU006#
DEVICE,1645685171877,1645685155918,4,1645685155918,690,69,5,0,38893,0,DKU006#
DEVICE,1645685171908,1645685155949,4,1645685155949,696,69,5,0,38893,0,DKU006#
DEVICE,1645685171941,1645685155982,4,1645685155982,705,70,5,0,38893,0,DKU006#
DEVICE,1645685171972,1645685156013,4,1645685156013,707,70,5,0,38893,0,DKU006#
DEVICE,1645685172005,1645685156046,4,1645685156046,702,70,5,0,38893,0,DKU006#
DEVICE,1645685172036,1645685156077,4,1645685156077,730,73,5,0,38893,0,DKU006#
DEVICE,1645685172068,1645685156109,4,1645685156109,723,72,5,0,38893,0,DKU006#
DEVICE,1645685172100,1645685156141,4,1645685156141,729,72,5,0,38893,0,DKU006#
DEVICE,1645685172133,1645685156174,4,1645685156174,742,74,5,0,38893,0,DKU006#
DEVICE,1645685172164,1645685156205,4,1645685156205,744,74,5,0,38893,0,DKU006#
DEVICE,1645685172196,1645685156237,4,1645685156237,743,74,5,0,38893,0,DKU006#
DEVICE,1645685172228,1645685156269,4,1645685156269,751,75,0,0,38893,0,DKU006#
DEVICE,1645685172260,1645685156301,4,1645685156301,754,75,0,0,38893,0,DKU006#
DEVICE,1645685172292,1645685156333,4,1645685156333,764,76,0,0,38893,0,DKU006#
DEVICE,1645685172324,1645685156365,4,1645685156365,766,76,0,0,38893,0,DKU006#
DEVICE,1645685172356,1645685156397,4,1645685156397,751,75,0,0,38893,0,DKU006#
DEVICE,1645685172388,1645685156429,4,1645685156429,774,77,0,0,38893,0,DKU006#
DEVICE,1645685172420,1645685156461,4,1645685156461,769,76,0,0,38893,0,DKU006#
DEVICE,1645685172452,1645685156493,4,1645685156493,765,76,0,0,38893,0,DKU006#
DEVICE,1645685172484,1645685156525,4,1645685156525,772,77,0,0,38893,0,DKU006#
DEVICE,1645685172517,1645685156558,4,1645685156558,783,78,0,0,38893,0,DKU006#
DEVICE,1645685172548,1645685156589,4,1645685156589,780,78,0,0,38893,0,DKU006#
DEVICE,1645685172580,1645685156621,4,1645685156621,781,78,0,0,38893,0,DKU006#
DEVICE,1645685172612,1645685156653,4,1645685156653,797,79,0,0,38893,0,DKU006#
DEVICE,1645685172644,1645685156685,4,1645685156685,799,79,0,0,38893,0,DKU006#
DEVICE,1645685172676,1645685156717,4,1645685156717,798,79,0,0,38893,0,DKU006#
DEVICE,1645685172708,1645685156749,4,1645685156749,811,81,0,0,38893,0,DKU006#
DEVICE,1645685172740,1645685156781,4,1645685156781,790,79,0,0,38893,0,DKU006#
DEVICE,1645685172772,1645685156813,4,1645685156813,807,80,0,0,38893,0,DKU006#
DEVICE,1645685172804,1645685156845,4,1645685156845,800,80,0,0,38893,0,DKU006#
DEVICE,1645685172836,1645685156877,4,1645685156877,801,80,0,0,38893,0,DKU006#
DEVICE,1645685172868,1645685156909,4,1645685156909,793,79,0,0,38893,0,DKU006#
DEVICE,1645685172900,1645685156941,4,1645685156941,787,78,0,0,38893,0,DKU006#
DEVICE,1645685172932,1645685156973,4,1645685156973,795,79,0,0,38893,0,DKU006#
DEVICE,1645685172948,1645685156989,4,1645685156989,793,79,0,0,38893,0,DKU006#
DEVICE,1645685172996,1645685157037,4,1645685157037,781,78,0,0,38893,0,DKU006#
DEVICE,1645685173012,1645685157053,4,1645685157053,776,77,0,0,38893,0,DKU006#
DEVICE,1645685173044,1645685157085,4,1645685157085,766,76,0,0,38893,0,DKU006#
DEVICE,1645685173076,1645685157117,4,1645685157117,763,76,0,0,38893,0,DKU006#
DEVICE,1645685173107,1645685157148,4,1645685157148,758,75,0,0,38893,0,DKU006#
DEVICE,1645685173139,1645685157180,4,1645685157180,752,75,0,0,38893,0,DKU006#
DEVICE,1645685173171,1645685157212,4,1645685157212,742,74,0,0,38893,0,DKU006#
DEVICE,1645685173203,1645685157244,4,1645685157244,721,72,5,0,38893,0,DKU006#
DEVICE,1645685173235,1645685157276,4,1645685157276,728,72,5,0,38893,0,DKU006#
DEVICE,1645685173268,1645685157309,4,1645685157309,728,72,5,0,38893,0,DKU006#
DEVICE,1645685173300,1645685157341,4,1645685157341,717,71,5,0,38893,0,DKU006#
DEVICE,1645685173332,1645685157373,4,1645685157373,722,72,5,0,38893,0,DKU006#
DEVICE,1645685173363,1645685157404,4,1645685157404,719,71,5,0,38893,0,DKU006#
DEVICE,1645685173395,1645685157436,4,1645685157436,710,71,5,0,38893,0,DKU006#
DEVICE,1645685173428,1645685157469,4,1645685157469,705,70,5,0,38893,0,DKU006#
DEVICE,1645685173459,1645685157500,4,1645685157500,694,69,5,0,38893,0,DKU006#
DEVICE,1645685173491,1645685157532,4,1645685157532,689,68,5,0,38893,0,DKU006#
DEVICE,1645685173523,1645685157564,4,1645685157564,674,67,5,0,38893,0,DKU006#
DEVICE,1645685173555,1645685157596,4,1645685157596,671,67,5,0,38893,0,DKU006#
DEVICE,1645685173587,1645685157628,4,1645685157628,682,68,5,0,38893,0,DKU006#
DEVICE,1645685173619,1645685157660,4,1645685157660,677,67,5,0,38893,0,DKU006#
DEVICE,1645685173651,1645685157692,4,1645685157692,657,65,5,0,38893,0,DKU006#
DEVICE,1645685173683,1645685157724,4,1645685157724,657,65,5,0,38893,0,DKU006#
DEVICE,1645685173715,1645685157756,4,1645685157756,650,65,5,0,38893,0,DKU006#
DEVICE,1645685173747,1645685157788,4,1645685157788,656,65,5,0,38893,0,DKU006#
DEVICE,1645685173779,1645685157820,4,1645685157820,635,63,5,0,38893,0,DKU006#
DEVICE,1645685173811,1645685157852,4,1645685157852,639,63,5,0,38893,0,DKU006#
DEVICE,1645685173843,1645685157884,4,1645685157884,644,64,5,0,38893,0,DKU006#
DEVICE,1645685173875,1645685157916,4,1645685157916,646,64,5,0,38893,0,DKU006#
DEVICE,1645685173907,1645685157948,4,1645685157948,637,63,5,0,38893,0,DKU006#
DEVICE,1645685173939,1645685157980,4,1645685157980,638,63,5,0,38893,0,DKU006#
DEVICE,1645685173971,1645685158012,4,1645685158012,628,62,5,0,38893,0,DKU006#
DEVICE,1645685174003,1645685158044,4,1645685158044,642,64,5,0,38893,0,DKU006#
DEVICE,1645685174034,1645685158075,4,1645685158075,637,63,5,0,38893,0,DKU006#
DEVICE,1645685174067,1645685158108,4,1645685158108,645,64,5,0,38893,0,DKU006#
DEVICE,1645685174099,1645685158140,4,1645685158140,642,64,5,0,38893,0,DKU006#
DEVICE,1645685174131,1645685158172,4,1645685158172,657,65,5,0,38893,0,DKU006#
DEVICE,1645685174163,1645685158204,4,1645685158204,655,65,5,0,38893,0,DKU006#
DEVICE,1645685174195,1645685158236,4,1645685158236,648,64,5,0,38893,0,DKU006#
DEVICE,1645685174227,1645685158268,4,1645685158268,659,65,5,0,38893,0,DKU006#
DEVICE,1645685174258,1645685158299,4,1645685158299,670,67,5,0,38893,0,DKU006#
DEVICE,1645685174290,1645685158331,4,1645685158331,661,66,5,0,38893,0,DKU006#
DEVICE,1645685174322,1645685158363,4,1645685158363,681,68,5,0,38893,0,DKU006#
DEVICE,1645685174354,1645685158395,4,1645685158395,678,67,5,0,38893,0,DKU006#
DEVICE,1645685174386,1645685158427,4,1645685158427,696,69,5,0,38893,0,DKU006#
DEVICE,1645685174418,1645685158459,4,1645685158459,702,70,5,0,38893,0,DKU006#
DEVICE,1645685174450,1645685158491,4,1645685158491,707,70,5,0,38893,0,DKU006#
DEVICE,1645685174483,1645685158524,4,1645685158524,708,70,5,0,38893,0,DKU006#
DEVICE,1645685174514,1645685158555,4,1645685158555,717,71,5,0,38893,0,DKU006#
DEVICE,1645685174546,1645685158587,4,1645685158587,720,72,5,0,38893,0,DKU006#
DEVICE,1645685174578,1645685158619,4,1645685158619,736,73,5,0,38893,0,DKU006#
DEVICE,1645685174610,1645685158651,4,1645685158651,743,74,5,0,38893,0,DKU006#
DEVICE,1645685174642,1645685158683,4,1645685158683,747,74,5,0,38893,0,DKU006#
DEVICE,1645685174674,1645685158715,4,1645685158715,747,74,5,0,38893,0,DKU006#
DEVICE,1645685174706,1645685158747,4,1645685158747,752,75,0,0,38893,0,DKU006#
DEVICE,1645685174738,1645685158779,4,1645685158779,760,76,0,0,38893,0,DKU006#
DEVICE,1645685174770,1645685158811,4,1645685158811,761,76,0,0,38893,0,DKU006#
DEVICE,1645685174802,1645685158843,4,1645685158843,766,76,0,0,38893,0,DKU006#
DEVICE,1645685174834,1645685158875,4,1645685158875,773,77,0,0,38893,0,DKU006#
DEVICE,1645685174867,1645685158908,4,1645685158908,788,78,0,0,38893,0,DKU006#
DEVICE,1645685174898,1645685158939,4,1645685158939,772,77,0,0,38893,0,DKU006#
DEVICE,1645685174930,1645685158971,4,1645685158971,765,76,0,0,38893,0,DKU006#
DEVICE,1645685174962,1645685159003,4,1645685159003,785,78,0,0,38893,0,DKU006#
DEVICE,1645685174994,1645685159035,4,1645685159035,789,78,0,0,38893,0,DKU006#
DEVICE,1645685175026,1645685159067,4,1645685159067,791,79,0,0,38893,0,DKU006#
DEVICE,1645685175058,1645685159099,4,1645685159099,789,78,0,0,38893,0,DKU006#
DEVICE,1645685175090,1645685159131,4,1645685159131,796,79,0,0,38893,0,DKU006#
DEVICE,1645685175122,1645685159163,4,1645685159163,797,79,0,0,38893,0,DKU006#
DEVICE,1645685175154,1645685159195,4,1645685159195,805,80,0,0,38893,0,DKU006#
DEVICE,1645685175186,1645685159227,4,1645685159227,789,78,0,0,38893,0,DKU006#
DEVICE,1645685175217,1645685159258,4,1645685159258,806,80,0,0,38893,0,DKU006#
DEVICE,1645685175250,1645685159291,4,1645685159291,806,80,0,0,38893,0,DKU006#
DEVICE,1645685175282,1645685159323,4,1645685159323,798,79,0,0,38893,0,DKU006#
DEVICE,1645685175314,1645685159355,4,1645685159355,786,78,0,0,38893,0,DKU006#
DEVICE,1645685175346,1645685159387,4,1645685159387,787,78,0,0,38893,0,DKU006#
DEVICE,1645685175378,1645685159419,4,1645685159419,772,77,0,0,38893,0,DKU006#
DEVICE,1645685175410,1645685159451,4,1645685159451,778,77,0,0,38893,0,DKU006#
DEVICE,1645685175441,1645685159482,4,1645685159482,773,77,0,0,38893,0,DKU006#
DEVICE,1645685175474,1645685159515,4,1645685159515,763,76,0,0,38893,0,DKU006#
DEVICE,1645685175505,1645685159546,4,1645685159546,770,77,0,0,38893,0,DKU006#
DEVICE,1645685175537,1645685159578,4,1645685159578,748,74,0,0,38893,0,DKU006#
DEVICE,1645685175569,1645685159610,4,1645685159610,753,75,0,0,38893,0,DKU006#
DEVICE,1645685175601,1645685159642,4,1645685159642,736,73,0,0,38893,0,DKU006#
DEVICE,1645685175633,1645685159674,4,1645685159674,730,73,5,0,38893,0,DKU006#
DEVICE,1645685175666,1645685159707,4,1645685159707,715,71,5,0,38893,0,DKU006#
DEVICE,1645685175698,1645685159739,4,1645685159739,711,71,5,0,38893,0,DKU006#
DEVICE,1645685175730,1645685159771,4,1645685159771,699,69,5,0,38893,0,DKU006#
DEVICE,1645685175761,1645685159802,4,1645685159802,708,70,5,0,38893,0,DKU006#
DEVICE,1645685175794,1645685159835,4,1645685159835,687,68,5,0,38893,0,DKU006#
DEVICE,1645685175825,1645685159866,4,1645685159866,683,68,5,0,38893,0,DKU006#
DEVICE,1645685175857,1645685159898,4,1645685159898,670,67,5,0,38893,0,DKU006#
DEVICE,1645685175889,1645685159930,4,1645685159930,651,65,5,0,38893,0,DKU006#
DEVICE,1645685175921,1645685159962,4,1645685159962,657,65,5,0,38893,0,DKU006#
DEVICE,1645685175953,1645685159994,4,1645685159994,639,63,5,0,38893,0,DKU006#
DEVICE,1645685175985,1645685160026,4,1645685160026,639,63,5,0,38893,0,DKU006#
DEVICE,1645685176017,1645685160058,4,1645685160058,638,63,5,0,38893,0,DKU006#
DEVICE,1645685176049,1645685160090,4,1645685160090,626,62,5,0,38893,0,DKU006#
DEVICE,1645685176081,1645685160122,4,1645685160122,629,62,5,0,38893,0,DKU006#
DEVICE,1645685176113,1645685160154,4,1645685160154,639,63,5,0,38893,0,DKU006#
DEVICE,1645685176145,1645685160186,4,1645685160186,642,64,5,0,38893,0,DKU006#
DEVICE,1645685176177,1645685160218,4,1645685160218,628,62,5,0,38893,0,DKU006#
DEVICE,1645685176209,1645685160250,4,1645685160250,641,64,5,0,38893,0,DKU006#
DEVICE,1645685176241,1645685160282,4,1645685160282,642,64,5,0,38893,0,DKU006#
DEVICE,1645685176273,1645685160314,4,1645685160314,652,65,5,0,38893,0,DKU006#
DEVICE,1645685176305,1645685160346,4,1645685160346,643,64,5,0,38893,0,DKU006#
DEVICE,1645685176337,1645685160378,4,1645685160378,649,64,5,0,38893,0,DKU006#
DEVICE,1645685176369,1645685160410,4,1645685160410,662,66,5,0,38893,0,DKU006#
DEVICE,1645685176401,1645685160442,4,1645685160442,653,65,5,0,38893,0,DKU006#
DEVICE,1645685176433,1645685160474,4,1645685160474,666,66,5,0,38893,0,DKU006#
DEVICE,1645685176465,1645685160506,4,1645685160506,664,66,5,0,38893,0,DKU006#
DEVICE,1645685176497,1645685160538,4,1645685160538,668,66,5,0,38893,0,DKU006#
DEVICE,1645685176528,1645685160569,4,1645685160569,673,67,5,0,38893,0,DKU006#
DEVICE,1645685176561,1645685160602,4,1645685160602,682,68,5,0,38893,0,DKU006#
DEVICE,1645685176593,1645685160634,4,1645685160634,695,69,5,0,38893,0,DKU006#
DEVICE,1645685176625,1645685160666,4,1645685160666,693,69,5,0,38893,0,DKU006#
DEVICE,1645685176657,1645685160698,4,1645685160698,690,69,5,0,38893,0,DKU006#
DEVICE,1645685176688,1645685160729,4,1645685160729,704,70,5,0,38893,0,DKU006#
DEVICE,1645685176720,1645685160761,4,1645685160761,714,71,5,0,38893,0,DKU006#
DEVICE,1645685176753,1645685160794,4,1645685160794,720,72,5,0,38893,0,DKU006#
DEVICE,1645685176784,1645685160825,4,1645685160825,733,73,5,0,38893,0,DKU006#
DEVICE,1645685176816,1645685160857,4,1645685160857,727,72,5,0,38893,0,DKU006#
DEVICE,1645685176849,1645685160890,4,1645685160890,731,73,5,0,38893,0,DKU006#
DEVICE,1645685176881,1645685160922,4,1645685160922,734,73,5,0,38893,0,DKU006#
DEVICE,1645685176913,1645685160954,4,1645685160954,747,74,5,0,38893,0,DKU006#
DEVICE,1645685176945,1645685160986,4,1645685160986,737,73,5,0,38893,0,DKU006#
DEVICE,1645685176977,1645685161018,4,1645685161018,747,74,5,0,38893,0,DKU006#
DEVICE,1645685177009,1645685161050,4,1645685161050,743,74,5,0,38893,0,DKU006#
DEVICE,1645685177040,1645685161081,4,1645685161081,747,74,5,0,38893,0,DKU006#
DEVICE,1645685177072,1645685161113,4,1645685161113,765,76,0,0,38893,0,DKU006#
DEVICE,1645685177104,1645685161145,4,1645685161145,783,78,0,0,38893,0,DKU006#
DEVICE,1645685177136,1645685161177,4,1645685161177,761,76,0,0,38893,0,DKU006#
DEVICE,1645685177168,1645685161209,4,1645685161209,787,78,0,0,38893,0,DKU006#
DEVICE,1645685177200,1645685161241,4,1645685161241,780,78,0,0,38893,0,DKU006#
DEVICE,1645685177232,1645685161273,4,1645685161273,790,79,0,0,38893,0,DKU006#
DEVICE,1645685177264,1645685161305,4,1645685161305,784,78,0,0,38893,0,DKU006#
DEVICE,1645685177296,1645685161337,4,1645685161337,788,78,0,0,38893,0,DKU006#
DEVICE,1645685177328,1645685161369,4,1645685161369,808,80,0,0,38893,0,DKU006#
DEVICE,1645685177360,1645685161401,4,1645685161401,801,80,0,0,38893,0,DKU006#
DEVICE,1645685177392,1645685161433,4,1645685161433,809,80,0,0,38893,0,DKU006#
DEVICE,1645685177424,1645685161465,4,1645685161465,800,80,0,0,38893,0,DKU006#
DEVICE,1645685177456,1645685161497,4,1645685161497,806,80,0,0,38893,0,DKU006#
DEVICE,1645685177488,1645685161529,4,1645685161529,812,81,0,0,38893,0,DKU006#
DEVICE,1645685177520,1645685161561,4,1645685161561,806,80,0,0,38893,0,DKU006#
DEVICE,1645685177552,1645685161593,4,1645685161593,809,80,0,0,38893,0,DKU006#
DEVICE,1645685177584,1645685161625,4,1645685161625,807,80,0,0,38893,0,DKU006#
DEVICE,1645685177616,1645685161657,4,1645685161657,796,79,0,0,38893,0,DKU006#
DEVICE,1645685177648,1645685161689,4,1645685161689,784,78,0,0,38893,0,DKU006#
DEVICE,1645685177680,1645685161721,4,1645685161721,798,79,0,0,38893,0,DKU006#
DEVICE,1645685177712,1645685161753,4,1645685161753,798,79,0,0,38893,0,DKU006#
DEVICE,1645685177744,1645685161785,4,1645685161785,759,75,0,0,38893,0,DKU006#
DEVICE,1645685177776,1645685161817,4,1645685161817,775,77,0,0,38893,0,DKU006#
DEVICE,1645685177808,1645685161849,4,1645685161849,765,76,0,0,38893,0,DKU006#
DEVICE,1645685177840,1645685161881,4,1645685161881,762,76,0,0,38893,0,DKU006#
DEVICE,1645685177872,1645685161913,4,1645685161913,758,75,0,0,38893,0,DKU006#
DEVICE,1645685177903,1645685161944,4,1645685161944,748,74,0,0,38893,0,DKU006#
DEVICE,1645685177935,1645685161976,4,1645685161976,740,74,5,0,38893,0,DKU006#
DEVICE,1645685177967,1645685162008,4,1645685162008,735,73,5,0,38893,0,DKU006#
DEVICE,1645685177999,1645685162040,4,1645685162040,723,72,5,0,38893,0,DKU006#
DEVICE,1645685178031,1645685162072,4,1645685162072,714,71,5,0,38893,0,DKU006#
DEVICE,1645685178063,1645685162104,4,1645685162104,709,70,5,0,38893,0,DKU006#
DEVICE,1645685178096,1645685162137,4,1645685162137,711,71,5,0,38893,0,DKU006#
DEVICE,1645685178127,1645685162168,4,1645685162168,706,70,5,0,38893,0,DKU006#
DEVICE,1645685178159,1645685162200,4,1645685162200,697,69,5,0,38893,0,DKU006#
DEVICE,1645685178191,1645685162232,4,1645685162232,687,68,5,0,38893,0,DKU006#
DEVICE,1645685178223,1645685162264,4,1645685162264,685,68,5,0,38893,0,DKU006#
DEVICE,1645685178255,1645685162296,4,1645685162296,679,67,5,0,38893,0,DKU006#
DEVICE,1645685178287,1645685162328,4,1645685162328,667,66,5,0,38893,0,DKU006#
DEVICE,1645685178319,1645685162360,4,1645685162360,666,66,5,0,38893,0,DKU006#
DEVICE,1645685178351,1645685162392,4,1645685162392,654,65,5,0,38893,0,DKU006#
DEVICE,1645685178383,1645685162424,4,1645685162424,655,65,5,0,38893,0,DKU006#
DEVICE,1645685178415,1645685162456,4,1645685162456,653,65,5,0,38893,0,DKU006#
DEVICE,1645685178447,1645685162488,4,1645685162488,644,64,5,0,38893,0,DKU006#
DEVICE,1645685178479,1645685162520,4,1645685162520,645,64,5,0,38893,0,DKU006#
DEVICE,1645685178495,1645685162536,4,1645685162536,649,64,5,0,38893,0,DKU006#
DEVICE,1645685178527,1645685162568,4,1645685162568,641,64,5,0,38893,0,DKU006#
DEVICE,1645685178559,1645685162600,4,1645685162600,631,63,5,0,38893,0,DKU006#
DEVICE,1645685178591,1645685162632,4,1645685162632,635,63,5,0,38893,0,DKU006#
DEVICE,1645685178623,1645685162664,4,1645685162664,642,64,5,0,38893,0,DKU006#
DEVICE,1645685178655,1645685162696,4,1645685162696,655,65,5,0,38893,0,DKU006#
DEVICE,1645685178687,1645685162728,4,1645685162728,647,64,5,0,38893,0,DKU006#
DEVICE,1645685178719,1645685162760,4,1645685162760,649,64,5,0,38893,0,DKU006#
DEVICE,1645685178750,1645685162791,4,1645685162791,654,65,5,0,38893,0,DKU006#
DEVICE,1645685178783,1645685162824,4,1645685162824,658,65,5,0,38893,0,DKU006#
DEVICE,1645685178816,1645685162857,4,1645685162857,662,66,5,0,38893,0,DKU006#
DEVICE,1645685178847,1645685162888,4,1645685162888,663,66,5,0,38893,0,DKU006#
DEVICE,1645685178879,1645685162920,4,1645685162920,674,67,5,0,38893,0,DKU006#
DEVICE,1645685178911,1645685162952,4,1645685162952,682,68,5,0,38893,0,DKU006#
DEVICE,1645685178943,1645685162984,4,1645685162984,684,68,5,0,38893,0,DKU006#
DEVICE,1645685178975,1645685163016,4,1645685163016,690,69,5,0,38893,0,DKU006#
DEVICE,1645685179006,1645685163047,4,1645685163047,696,69,5,0,38893,0,DKU006#
DEVICE,1645685179038,1645685163079,4,1645685163079,699,69,5,0,38893,0,DKU006#
DEVICE,1645685179070,1645685163111,4,1645685163111,703,70,5,0,38893,0,DKU006#
DEVICE,1645685179103,1645685163144,4,1645685163144,716,71,5,0,38893,0,DKU006#
DEVICE,1645685179134,1645685163175,4,1645685163175,715,71,5,0,38893,0,DKU006#
DEVICE,1645685179167,1645685163208,4,1645685163208,720,72,5,0,38893,0,DKU006#
DEVICE,1645685179199,1645685163240,4,1645685163240,721,72,5,0,38893,0,DKU006#
DEVICE,1645685179231,1645685163272,4,1645685163272,727,72,5,0,38893,0,DKU006#
DEVICE,1645685179262,1645685163303,4,1645685163303,734,73,5,0,38893,0,DKU006#
DEVICE,1645685179294,1645685163335,4,1645685163335,747,74,5,0,38893,0,DKU006#
DEVICE,1645685179326,1645685163367,4,1645685163367,753,75,0,0,38893,0,DKU006#
DEVICE,1645685179358,1645685163399,4,1645685163399,756,75,0,0,38893,0,DKU006#
DEVICE,1645685179390,1645685163431,4,1645685163431,763,76,0,0,38893,0,DKU006#
DEVICE,1645685179422,1645685163463,4,1645685163463,776,77,0,0,38893,0,DKU006#
DEVICE,1645685179454,1645685163495,4,1645685163495,771,77,0,0,38893,0,DKU006#
DEVICE,1645685179486,1645685163527,4,1645685163527,773,77,0,0,38893,0,DKU006#
DEVICE,1645685179518,1645685163559,4,1645685163559,778,77,0,0,38893,0,DKU006#
DEVICE,1645685179550,1645685163591,4,1645685163591,773,77,0,0,38893,0,DKU006#
DEVICE,1645685179582,1645685163623,4,1645685163623,776,77,0,0,38893,0,DKU006#
DEVICE,1645685179614,1645685163655,4,1645685163655,794,79,0,0,38893,0,DKU006#
DEVICE,1645685179646,1645685163687,4,1645685163687,788,78,0,0,38893,0,DKU006#
DEVICE,1645685179678,1645685163719,4,1645685163719,782,78,0,0,38893,0,DKU006#
DEVICE,1645685179710,1645685163751,4,1645685163751,784,78,0,0,38893,0,DKU006#
DEVICE,1645685179742,1645685163783,4,1645685163783,783,78,0,0,38893,0,DKU006#
DEVICE,1645685179774,1645685163815,4,1645685163815,802,80,0,0,38893,0,DKU006#
DEVICE,1645685179806,1645685163847,4,1645685163847,788,78,0,0,38893,0,DKU006#
DEVICE,1645685179838,1645685163879,4,1645685163879,795,79,0,0,38893,0,DKU006#
DEVICE,1645685179870,1645685163911,4,1645685163911,801,80,0,0,38893,0,DKU006#
DEVICE,1645685179902,1645685163943,4,1645685163943,776,77,0,0,38893,0,DKU006#
DEVICE,1645685179934,1645685163975,4,1645685163975,796,79,0,0,38893,0,DKU006#
DEVICE,1645685179966,1645685164007,4,1645685164007,776,77,0,0,38893,0,DKU006#
DEVICE,1645685179998,1645685164039,4,1645685164039,766,76,0,0,38893,0,DKU006#
DEVICE,1645685180030,1645685164071,4,1645685164071,769,76,0,0,38893,0,DKU006#
DEVICE,1645685180062,1645685164103,4,1645685164103,751,75,0,0,38893,0,DKU006#
DEVICE,1645685180094,1645685164135,4,1645685164135,760,76,0,0,38893,0,DKU006#
DEVICE,1645685180126,1645685164167,4,1645685164167,746,74,0,0,38893,0,DKU006#
DEVICE,1645685180157,1645685164198,4,1645685164198,738,73,5,0,38893,0,DKU006#
DEVICE,1645685180189,1645685164230,4,1645685164230,744,74,5,0,38893,0,DKU006#
DEVICE,1645685180221,1645685164262,4,1645685164262,730,73,5,0,38893,0,DKU006#
DEVICE,1645685180253,1645685164294,4,1645685164294,724,72,5,0,38893,0,DKU006#
DEVICE,1645685180285,1645685164326,4,1645685164326,729,72,5,0,38893,0,DKU006#
DEVICE,1645685180317,1645685164358,4,1645685164358,710,71,5,0,38893,0,DKU006#
DEVICE,1645685180350,1645685164391,4,1645685164391,706,70,5,0,38893,0,DKU006#
DEVICE,1645685180382,1645685164423,4,1645685164423,698,69,5,0,38893,0,DKU006#
DEVICE,1645685180413,1645685164454,4,1645685164454,702,70,5,0,38893,0,DKU006#
DEVICE,1645685180445,1645685164486,4,1645685164486,699,69,5,0,38893,0,DKU006#
DEVICE,1645685180477,1645685164518,4,1645685164518,687,68,5,0,38893,0,DKU006#
DEVICE,1645685180509,1645685164550,4,1645685164550,679,67,5,0,38893,0,DKU006#
DEVICE,1645685180541,1645685164582,4,1645685164582,678,67,5,0,38893,0,DKU006#
DEVICE,1645685180573,1645685164614,4,1645685164614,675,67,5,0,38893,0,DKU006#
DEVICE,1645685180605,1645685164646,4,1645685164646,661,66,5,0,38893,0,DKU006#
DEVICE,1645685180637,1645685164678,4,1645685164678,669,66,5,0,38893,0,DKU006#
DEVICE,1645685180669,1645685164710,4,1645685164710,666,66,5,0,38893,0,DKU006#
DEVICE,1645685180701,1645685164742,4,1645685164742,658,65,5,0,38893,0,DKU006#
DEVICE,1645685180733,1645685164774,4,1645685164774,638,63,5,0,38893,0,DKU006#
DEVICE,1645685180765,1645685164806,4,1645685164806,650,65,5,0,38893,0,DKU006#
DEVICE,1645685180797,1645685164838,4,1645685164838,648,64,5,0,38893,0,DKU006#
DEVICE,1645685180829,1645685164870,4,1645685164870,651,65,5,0,38893,0,DKU006#
DEVICE,1645685180861,1645685164902,4,1645685164902,636,63,5,0,38893,0,DKU006#
DEVICE,1645685180893,1645685164934,4,1645685164934,635,63,5,0,38893,0,DKU006#
DEVICE,1645685180925,1645685164966,4,1645685164966,645,64,5,0,38893,0,DKU006#
DEVICE,1645685180957,1645685164998,4,1645685164998,646,64,5,0,38893,0,DKU006#
DEVICE,1645685180989,1645685165030,4,1645685165030,650,65,5,0,38893,0,DKU006#
DEVICE,1645685181021,1645685165062,4,1645685165062,656,65,5,0,38893,0,DKU006#
DEVICE,1645685181053,1645685165094,4,1645685165094,654,65,5,0,38893,0,DKU006#
DEVICE,1645685181085,1645685165126,4,1645685165126,661,66,5,0,38893,0,DKU006#
DEVICE,1645685181117,1645685165158,4,1645685165158,677,67,5,0,38893,0,DKU006#
DEVICE,1645685181149,1645685165190,4,1645685165190,670,67,5,0,38893,0,DKU006#
DEVICE,1645685181181,1645685165222,4,1645685165222,680,68,5,0,38893,0,DKU006#
DEVICE,1645685181213,1645685165254,4,1645685165254,687,68,5,0,38893,0,DKU006#
DEVICE,1645685181245,1645685165286,4,1645685165286,692,69,5,0,38893,0,DKU006#
DEVICE,1645685181276,1645685165317,4,1645685165317,695,69,5,0,38893,0,DKU006#
DEVICE,1645685181308,1645685165349,4,1645685165349,698,69,5,0,38893,0,DKU006#
DEVICE,1645685181340,1645685165381,4,1645685165381,705,70,5,0,38893,0,DKU006#
DEVICE,1645685181372,1645685165413,4,1645685165413,704,70,5,0,38893,0,DKU006#
DEVICE,1645685181404,1645685165445,4,1645685165445,711,71,5,0,38893,0,DKU006#
DEVICE,1645685181436,1645685165477,4,1645685165477,712,71,5,0,38893,0,DKU006#
DEVICE,1645685181468,1645685165509,4,1645685165509,706,70,5,0,38893,0,DKU006#
DEVICE,1645685181500,1645685165541,4,1645685165541,707,70,5,0,38893,0,DKU006#
DEVICE,1645685181532,1645685165573,4,1645685165573,734,73,5,0,38893,0,DKU006#
DEVICE,1645685181564,1645685165605,4,1645685165605,732,73,5,0,38893,0,DKU006#
DEVICE,1645685181596,1645685165637,4,1645685165637,736,73,5,0,38893,0,DKU006#
DEVICE,1645685181628,1645685165669,4,1645685165669,741,74,5,0,38893,0,DKU006#
DEVICE,1645685181660,1645685165701,4,1645685165701,751,75,0,0,38893,0,DKU006#
DEVICE,1645685181692,1645685165733,4,1645685165733,751,75,0,0,38893,0,DKU006#
DEVICE,1645685181724,1645685165765,4,1645685165765,745,74,0,0,38893,0,DKU006#
DEVICE,1645685181756,1645685165797,4,1645685165797,749,74,5,0,38893,0,DKU006#
DEVICE,1645685181788,1645685165829,4,1645685165829,764,76,0,0,38893,0,DKU006#
DEVICE,1645685181820,1645685165861,4,1645685165861,752,75,0,0,38893,0,DKU006#
DEVICE,1645685181852,1645685165893,4,1645685165893,769,76,0,0,38893,0,DKU006#
DEVICE,1645685181883,1645685165924,4,1645685165924,754,75,0,0,38893,0,DKU006#
DEVICE,1645685181916,1645685165957,4,1645685165957,761,76,0,0,38893,0,DKU006#
DEVICE,1645685181948,1645685165989,4,1645685165989,772,77,0,0,38893,0,DKU006#
DEVICE,1645685181980,1645685166021,4,1645685166021,774,77,0,0,38893,0,DKU006#
DEVICE,1645685182012,1645685166053,4,1645685166053,769,76,0,0,38893,0,DKU006#
DEVICE,1645685182044,1645685166085,4,1645685166085,763,76,0,0,38893,0,DKU006#
DEVICE,1645685182075,1645685166116,4,1645685166116,775,77,0,0,38893,0,DKU006#
DEVICE,1645685182107,1645685166148,4,1645685166148,777,77,0,0,38893,0,DKU006#
DEVICE,1645685182139,1645685166180,4,1645685166180,769,76,0,0,38893,0,DKU006#
DEVICE,1645685182171,1645685166212,4,1645685166212,773,77,0,0,38893,0,DKU006#
DEVICE,1645685182203,1645685166244,4,1645685166244,766,76,0,0,38893,0,DKU006#
DEVICE,1645685182235,1645685166276,4,1645685166276,763,76,0,0,38893,0,DKU006#
DEVICE,1645685182267,1645685166308,4,1645685166308,772,77,0,0,38893,0,DKU006#
DEVICE,1645685182300,1645685166341,4,1645685166341,768,76,0,0,38893,0,DKU006#
DEVICE,1645685182332,1645685166373,4,1645685166373,776,77,0,0,38893,0,DKU006#
DEVICE,1645685182364,1645685166405,4,1645685166405,761,76,0,0,38893,0,DKU006#
DEVICE,1645685182395,1645685166436,4,1645685166436,768,76,0,0,38893,0,DKU006#
DEVICE,1645685182428,1645685166469,4,1645685166469,758,75,0,0,38893,0,DKU006#
DEVICE,1645685182459,1645685166500,4,1645685166500,742,74,0,0,38893,0,DKU006#
DEVICE,1645685182491,1645685166532,4,1645685166532,749,74,5,0,38893,0,DKU006#
DEVICE,1645685182523,1645685166564,4,1645685166564,738,73,5,0,38893,0,DKU006#
DEVICE,1645685182555,1645685166596,4,1645685166596,731,73,5,0,38893,0,DKU006#
DEVICE,1645685182587,1645685166628,4,1645685166628,729,72,5,0,38893,0,DKU006#
DEVICE,1645685182619,1645685166660,4,1645685166660,734,73,5,0,38893,0,DKU006#
DEVICE,1645685182651,1645685166692,4,1645685166692,717,71,5,0,38893,0,DKU006#
DEVICE,1645685182683,1645685166724,4,1645685166724,717,71,5,0,38893,0,DKU006#
DEVICE,1645685182716,1645685166757,4,1645685166757,708,70,5,0,38893,0,DKU006#
DEVICE,1645685182747,1645685166788,4,1645685166788,696,69,5,0,38893,0,DKU006#
DEVICE,1645685182779,1645685166820,4,1645685166820,690,69,5,0,38893,0,DKU006#
DEVICE,1645685182811,1645685166852,4,1645685166852,678,67,5,0,38893,0,DKU006#
DEVICE,1645685182843,1645685166884,4,1645685166884,677,67,5,0,38893,0,DKU006#
DEVICE,1645685182875,1645685166916,4,1645685166916,673,67,5,0,38893,0,DKU006#
DEVICE,1645685182907,1645685166948,4,1645685166948,666,66,5,0,38893,0,DKU006#
DEVICE,1645685182939,1645685166980,4,1645685166980,649,64,5,0,38893,0,DKU006#
DEVICE,1645685182971,1645685167012,4,1645685167012,658,65,5,0,38893,0,DKU006#
DEVICE,1645685183003,1645685167044,4,1645685167044,664,66,5,0,38893,0,DKU006#
DEVICE,1645685183035,1645685167076,4,1645685167076,653,65,5,0,38893,0,DKU006#
DEVICE,1645685183066,1645685167107,4,1645685167107,636,63,5,0,38893,0,DKU006#
DEVICE,1645685183099,1645685167140,4,1645685167140,644,64,5,0,38893,0,DKU006#
DEVICE,1645685183131,1645685167172,4,1645685167172,647,64,5,0,38893,0,DKU006#
DEVICE,1645685183162,1645685167203,4,1645685167203,649,64,5,0,38893,0,DKU006#
DEVICE,1645685183195,1645685167236,4,1645685167236,649,64,5,0,38893,0,DKU006#
DEVICE,1645685183227,1645685167268,4,1645685167268,641,64,5,0,38893,0,DKU006#
DEVICE,1645685183259,1645685167300,4,1645685167300,642,64,5,0,38893,0,DKU006#
DEVICE,1645685183290,1645685167331,4,1645685167331,638,63,5,0,38893,0,DKU006#
DEVICE,1645685183322,1645685167363,4,1645685167363,636,63,5,0,38893,0,DKU006#
DEVICE,1645685183354,1645685167395,4,1645685167395,642,64,5,0,38893,0,DKU006#
DEVICE,1645685183386,1645685167427,4,1645685167427,636,63,5,0,38893,0,DKU006#
DEVICE,1645685183418,1645685167459,4,1645685167459,644,64,5,0,38893,0,DKU006#
DEVICE,1645685183450,1645685167491,4,1645685167491,639,63,5,0,38893,0,DKU006#
DEVICE,1645685183483,1645685167524,4,1645685167524,646,64,5,0,38893,0,DKU006#
DEVICE,1645685183515,1645685167556,4,1645685167556,641,64,5,0,38893,0,DKU006#
DEVICE,1645685183546,1645685167587,4,1645685167587,638,63,5,0,38893,0,DKU006#
DEVICE,1645685183578,1645685167619,4,1645685167619,646,64,5,0,38893,0,DKU006#
DEVICE,1645685183610,1645685167651,4,1645685167651,657,65,5,0,38893,0,DKU006#
DEVICE,1645685183642,1645685167683,4,1645685167683,658,65,5,0,38893,0,DKU006#
DEVICE,1645685183674,1645685167715,4,1645685167715,653,65,5,0,38893,0,DKU006#
DEVICE,1645685183706,1645685167747,4,1645685167747,676,67,5,0,38893,0,DKU006#
DEVICE,1645685183738,1645685167779,4,1645685167779,664,66,5,0,38893,0,DKU006#
DEVICE,1645685183770,1645685167811,4,1645685167811,675,67,5,0,38893,0,DKU006#
DEVICE,1645685183802,1645685167843,4,1645685167843,661,66,5,0,38893,0,DKU006#
DEVICE,1645685183834,1645685167875,4,1645685167875,664,66,5,0,38893,0,DKU006#
DEVICE,1645685183866,1645685167907,4,1645685167907,681,68,5,0,38893,0,DKU006#
DEVICE,1645685183898,1645685167939,4,1645685167939,677,67,5,0,38893,0,DKU006#
DEVICE,1645685183930,1645685167971,4,1645685167971,689,68,5,0,38893,0,DKU006#
DEVICE,1645685183962,1645685168003,4,1645685168003,714,71,5,0,38893,0,DKU006#
DEVICE,1645685183994,1645685168035,4,1645685168035,688,68,5,0,38893,0,DKU006#
DEVICE,1645685184026,1645685168067,4,1645685168067,706,70,5,0,38893,0,DKU006#
DEVICE,1645685184058,1645685168099,4,1645685168099,704,70,5,0,38893,0,DKU006#
DEVICE,1645685184090,1645685168131,4,1645685168131,717,71,5,0,38893,0,DKU006#
DEVICE,1645685184122,1645685168163,4,1645685168163,721,72,5,0,38893,0,DKU006#
DEVICE,1645685184153,1645685168194,4,1645685168194,721,72,5,0,38893,0,DKU006#
DEVICE,1645685184170,1645685168211,4,1645685168211,718,71,5,0,38893,0,DKU006#
DEVICE,1645685184201,1645685168242,4,1645685168242,720,72,5,0,38893,0,DKU006#
DEVICE,1645685184233,1645685168274,4,1645685168274,726,72,5,0,38893,0,DKU006#
DEVICE,1645685184266,1645685168307,4,1645685168307,732,73,5,0,38893,0,DKU006#
DEVICE,1645685184298,1645685168339,4,1645685168339,748,74,5,0,38893,0,DKU006#
DEVICE,1645685184330,1645685168371,4,1645685168371,736,73,5,0,38893,0,DKU006#
DEVICE,1645685184361,1645685168402,4,1645685168402,738,73,5,0,38893,0,DKU006#
DEVICE,1645685184393,1645685168434,4,1645685168434,749,74,5,0,38893,0,DKU006#
DEVICE,1645685184426,1645685168467,4,1645685168467,731,73,5,0,38893,0,DKU006#
DEVICE,1645685184458,1645685168499,4,1645685168499,755,75,0,0,38893,0,DKU006#
DEVICE,1645685184489,1645685168530,4,1645685168530,761,76,0,0,38893,0,DKU006#
DEVICE,1645685184521,1645685168562,4,1645685168562,747,74,0,0,38893,0,DKU006#
DEVICE,1645685184553,1645685168594,4,1645685168594,776,77,0,0,38893,0,DKU006#
DEVICE,1645685184585,1645685168626,4,1645685168626,756,75,0,0,38893,0,DKU006#
DEVICE,1645685184617,1645685168658,4,1645685168658,776,77,0,0,38893,0,DKU006#
DEVICE,1645685184649,1645685168690,4,1645685168690,781,78,0,0,38893,0,DKU006#
DEVICE,1645685184681,1645685168722,4,1645685168722,769,76,0,0,38893,0,DKU006#
DEVICE,1645685184713,1645685168754,4,1645685168754,768,76,0,0,38893,0,DKU006#
DEVICE,1645685184745,1645685168786,4,1645685168786,771,77,0,0,38893,0,DKU006#
DEVICE,1645685184777,1645685168818,4,1645685168818,774,77,0,0,38893,0,DKU006#
DEVICE,1645685184809,1645685168850,4,1645685168850,774,77,0,0,38893,0,DKU006#
DEVICE,1645685184841,1645685168882,4,1645685168882,792,79,0,0,38893,0,DKU006#
DEVICE,1645685184873,1645685168914,4,1645685168914,779,77,0,0,38893,0,DKU006#
DEVICE,1645685184905,1645685168946,4,1645685168946,794,79,0,0,38893,0,DKU006#
DEVICE,1645685184937,1645685168978,4,1645685168978,800,80,0,0,38893,0,DKU006#
DEVICE,1645685184969,1645685169010,4,1645685169010,783,78,0,0,38893,0,DKU006#
DEVICE,1645685185001,1645685169042,4,1645685169042,786,78,0,0,38893,0,DKU006#
DEVICE,1645685185033,1645685169074,4,1645685169074,765,76,0,0,38893,0,DKU006#
DEVICE,1645685185065,1645685169106,4,1645685169106,780,78,0,0,38893,0,DKU006#
DEVICE,1645685185097,1645685169138,4,1645685169138,771,77,0,0,38893,0,DKU006#
DEVICE,1645685185129,1645685169170,4,1645685169170,757,75,0,0,38893,0,DKU006#
DEVICE,1645685185161,1645685169202,4,1645685169202,775,77,0,0,38893,0,DKU006#
DEVICE,1645685185193,1645685169234,4,1645685169234,753,75,0,0,38893,0,DKU006#
DEVICE,1645685185225,1645685169266,4,1645685169266,740,74,0,0,38893,0,DKU006#
DEVICE,1645685185257,1645685169298,4,1645685169298,732,73,5,0,38893,0,DKU006#
DEVICE,1645685185289,1645685169330,4,1645685169330,731,73,5,0,38893,0,DKU006#
DEVICE,1645685185320,1645685169361,4,1645685169361,735,73,5,0,38893,0,DKU006#
DEVICE,1645685185352,1645685169393,4,1645685169393,711,71,5,0,38893,0,DKU006#
DEVICE,1645685185384,1645685169425,4,1645685169425,716,71,5,0,38893,0,DKU006#
DEVICE,1645685185416,1645685169457,4,1645685169457,715,71,5,0,38893,0,DKU006#
DEVICE,1645685185449,1645685169490,4,1645685169490,712,71,5,0,38893,0,DKU006#
DEVICE,1645685185481,1645685169522,4,1645685169522,711,71,5,0,38893,0,DKU006#
DEVICE,1645685185512,1645685169553,4,1645685169553,698,69,5,0,38893,0,DKU006#
DEVICE,1645685185544,1645685169585,4,1645685169585,682,68,5,0,38893,0,DKU006#
DEVICE,1645685185576,1645685169617,4,1645685169617,685,68,5,0,38893,0,DKU006#
DEVICE,1645685185608,1645685169649,4,1645685169649,680,68,5,0,38893,0,DKU006#
DEVICE,1645685185641,1645685169682,4,1645685169682,677,67,5,0,38893,0,DKU006#
DEVICE,1645685185672,1645685169713,4,1645685169713,671,67,5,0,38893,0,DKU006#
DEVICE,1645685185704,1645685169745,4,1645685169745,659,65,5,0,38893,0,DKU006#
DEVICE,1645685185736,1645685169777,4,1645685169777,664,66,5,0,38893,0,DKU006#
DEVICE,1645685185768,1645685169809,4,1645685169809,647,64,5,0,38893,0,DKU006#
DEVICE,1645685185800,1645685169841,4,1645685169841,649,64,5,0,38893,0,DKU006#
DEVICE,1645685185831,1645685169872,4,1645685169872,633,63,5,0,38893,0,DKU006#
DEVICE,1645685185864,1645685169905,4,1645685169905,642,64,5,0,38893,0,DKU006#
DEVICE,1645685185896,1645685169937,4,1645685169937,640,64,5,0,38893,0,DKU006#
DEVICE,1645685185927,1645685169968,4,1645685169968,644,64,5,0,38893,0,DKU006#
DEVICE,1645685185960,1645685170001,4,1645685170001,638,63,5,0,38893,0,DKU006#
DEVICE,1645685185992,1645685170033,4,1645685170033,644,64,5,0,38893,0,DKU006#
DEVICE,1645685186025,1645685170066,4,1645685170066,646,64,5,0,38893,0,DKU006#
DEVICE,1645685186056,1645685170097,4,1645685170097,642,64,5,0,38893,0,DKU006#
DEVICE,1645685186088,1645685170129,4,1645685170129,645,64,5,0,38893,0,DKU006#
DEVICE,1645685186120,1645685170161,4,1645685170161,646,64,5,0,38893,0,DKU006#
DEVICE,1645685186152,1645685170193,4,1645685170193,641,64,5,0,38893,0,DKU006#
DEVICE,1645685186183,1645685170224,4,1645685170224,649,64,5,0,38893,0,DKU006#
DEVICE,1645685186215,1645685170256,4,1645685170256,650,65,5,0,38893,0,DKU006#
DEVICE,1645685186248,1645685170289,4,1645685170289,643,64,5,0,38893,0,DKU006#
DEVICE,1645685186280,1645685170321,4,1645685170321,638,63,5,0,38893,0,DKU006#
DEVICE,1645685186312,1645685170353,4,1645685170353,664,66,5,0,38893,0,DKU006#
DEVICE,1645685186343,1645685170384,4,1645685170384,640,64,5,0,38893,0,DKU006#
DEVICE,1645685186376,1645685170417,4,1645685170417,655,65,5,0,38893,0,DKU006#
DEVICE,1645685186407,1645685170448,4,1645685170448,650,65,5,0,38893,0,DKU006#
DEVICE,1645685186439,1645685170480,4,1645685170480,652,65,5,0,38893,0,DKU006#
DEVICE,1645685186471,1645685170512,4,1645685170512,652,65,5,0,38893,0,DKU006#
DEVICE,1645685186503,1645685170544,4,1645685170544,655,65,5,0,38893,0,DKU006#
DEVICE,1645685186535,1645685170576,4,1645685170576,654,65,5,0,38893,0,DKU006#
DEVICE,1645685186567,1645685170608,4,1645685170608,660,66,5,0,38893,0,DKU006#
DEVICE,1645685186599,1645685170640,4,1645685170640,661,66,5,0,38893,0,DKU006#
DEVICE,1645685186631,1645685170672,4,1645685170672,665,66,5,0,38893,0,DKU006#
DEVICE,1645685186663,1645685170704,4,1645685170704,669,66,5,0,38893,0,DKU006#
DEVICE,1645685186695,1645685170736,4,1645685170736,669,66,5,0,38893,0,DKU006#
DEVICE,1645685186727,1645685170768,4,1645685170768,674,67,5,0,38893,0,DKU006#
DEVICE,1645685186759,1645685170800,4,1645685170800,685,68,5,0,38893,0,DKU006#
DEVICE,1645685186791,1645685170832,4,1645685170832,679,67,5,0,38893,0,DKU006#
DEVICE,1645685186823,1645685170864,4,1645685170864,698,69,5,0,38893,0,DKU006#
DEVICE,1645685186855,1645685170896,4,1645685170896,696,69,5,0,38893,0,DKU006#
DEVICE,1645685186887,1645685170928,4,1645685170928,691,69,5,0,38893,0,DKU006#
DEVICE,1645685186919,1645685170960,4,1645685170960,698,69,5,0,38893,0,DKU006#
DEVICE,1645685186951,1645685170992,4,1645685170992,708,70,5,0,38893,0,DKU006#
DEVICE,1645685186983,1645685171024,4,1645685171024,716,71,5,0,38893,0,DKU006#
DEVICE,1645685187015,1645685171056,4,1645685171056,719,71,5,0,38893,0,DKU006#
DEVICE,1645685187047,1645685171088,4,1645685171088,738,73,5,0,38893,0,DKU006#
DEVICE,1645685187079,1645685171120,4,1645685171120,729,72,5,0,38893,0,DKU006#
DEVICE,1645685187111,1645685171152,4,1645685171152,738,73,5,0,38893,0,DKU006#
DEVICE,1645685187143,1645685171184,4,1645685171184,740,74,5,0,38893,0,DKU006#
DEVICE,1645685187175,1645685171216,4,1645685171216,760,76,0,0,38893,0,DKU006#
DEVICE,1645685187207,1645685171248,4,1645685171248,753,75,0,0,38893,0,DKU006#
DEVICE,1645685187239,1645685171280,4,1645685171280,760,76,0,0,38893,0,DKU006#
DEVICE,1645685187271,1645685171312,4,1645685171312,766,76,0,0,38893,0,DKU006#
DEVICE,1645685187303,1645685171344,4,1645685171344,770,77,0,0,38893,0,DKU006#
DEVICE,1645685187335,1645685171376,4,1645685171376,774,77,0,0,38893,0,DKU006#
DEVICE,1645685187366,1645685171407,4,1645685171407,766,76,0,0,38893,0,DKU006#
DEVICE,1645685187399,1645685171440,4,1645685171440,777,77,0,0,38893,0,DKU006#
DEVICE,1645685187431,1645685171472,4,1645685171472,782,78,0,0,38893,0,DKU006#
DEVICE,1645685187463,1645685171504,4,1645685171504,802,80,0,0,38893,0,DKU006#
DEVICE,1645685187495,1645685171536,4,1645685171536,808,80,0,0,38893,0,DKU006#
DEVICE,1645685187527,1645685171568,4,1645685171568,793,79,0,0,38893,0,DKU006#
DEVICE,1645685187558,1645685171599,4,1645685171599,800,80,0,0,38893,0,DKU006#
DEVICE,1645685187590,1645685171631,4,1645685171631,796,79,0,0,38893,0,DKU006#
DEVICE,1645685187622,1645685171663,4,1645685171663,793,79,0,0,38893,0,DKU006#
DEVICE,1645685187655,1645685171696,4,1645685171696,799,79,0,0,38893,0,DKU006#
DEVICE,1645685187686,1645685171727,4,1645685171727,807,80,0,0,38893,0,DKU006#
DEVICE,1645685187718,1645685171759,4,1645685171759,805,80,0,0,38893,0,DKU006#
DEVICE,1645685187750,1645685171791,4,1645685171791,790,79,0,0,38893,0,DKU006#
DEVICE,1645685187782,1645685171823,4,1645685171823,791,79,0,0,38893,0,DKU006#
DEVICE,1645685187815,1645685171856,4,1645685171856,794,79,0,0,38893,0,DKU006#
DEVICE,1645685187846,1645685171887,4,1645685171887,796,79,0,0,38893,0,DKU006#
DEVICE,1645685187878,1645685171919,4,1645685171919,787,78,0,0,38893,0,DKU006#
DEVICE,1645685187910,1645685171951,4,1645685171951,779,77,0,0,38893,0,DKU006#
DEVICE,1645685187942,1645685171983,4,1645685171983,777,77,0,0,38893,0,DKU006#
DEVICE,1645685187975,1645685172016,4,1645685172016,764,76,0,0,38893,0,DKU006#
DEVICE,1645685188006,1645685172047,4,1645685172047,755,75,0,0,38893,0,DKU006#
DEVICE,1645685188038,1645685172079,4,1645685172079,767,76,0,0,38893,0,DKU006#
DEVICE,1645685188070,1645685172111,4,1645685172111,755,75,0,0,38893,0,DKU006#
DEVICE,1645685188102,1645685172143,4,1645685172143,756,75,0,0,38893,0,DKU006#
DEVICE,1645685188134,1645685172175,4,1645685172175,735,73,0,0,38893,0,DKU006#
DEVICE,1645685188167,1645685172208,4,1645685172208,745,74,5,0,38893,0,DKU006#
DEVICE,1645685188199,1645685172240,4,1645685172240,725,72,5,0,38893,0,DKU006#
DEVICE,1645685188230,1645685172271,4,1645685172271,731,73,5,0,38893,0,DKU006#
DEVICE,1645685188262,1645685172303,4,1645685172303,719,71,5,0,38893,0,DKU006#
DEVICE,1645685188294,1645685172335,4,1645685172335,701,70,5,0,38893,0,DKU006#
DEVICE,1645685188326,1645685172367,4,1645685172367,710,71,5,0,38893,0,DKU006#
DEVICE,1645685188358,1645685172399,4,1645685172399,713,71,5,0,38893,0,DKU006#
DEVICE,1645685188390,1645685172431,4,1645685172431,692,69,5,0,38893,0,DKU006#
DEVICE,1645685188422,1645685172463,4,1645685172463,673,67,5,0,38893,0,DKU006#
DEVICE,1645685188454,1645685172495,4,1645685172495,682,68,5,0,38893,0,DKU006#
DEVICE,1645685188486,1645685172527,4,1645685172527,676,67,5,0,38893,0,DKU006#
DEVICE,1645685188518,1645685172559,4,1645685172559,670,67,5,0,38893,0,DKU006#
DEVICE,1645685188550,1645685172591,4,1645685172591,651,65,5,0,38893,0,DKU006#
DEVICE,1645685188581,1645685172622,4,1645685172622,660,66,5,0,38893,0,DKU006#
DEVICE,1645685188614,1645685172655,4,1645685172655,656,65,5,0,38893,0,DKU006#
DEVICE,1645685188646,1645685172687,4,1645685172687,658,65,5,0,38893,0,DKU006#
DEVICE,1645685188678,1645685172719,4,1645685172719,650,65,5,0,38893,0,DKU006#
DEVICE,1645685188710,1645685172751,4,1645685172751,656,65,5,0,38893,0,DKU006#
DEVICE,1645685188742,1645685172783,4,1645685172783,645,64,5,0,38893,0,DKU006#
DEVICE,1645685188773,1645685172814,4,1645685172814,645,64,5,0,38893,0,DKU006#
DEVICE,1645685188805,1645685172846,4,1645685172846,637,63,5,0,38893,0,DKU006#
DEVICE,1645685188837,1645685172878,4,1645685172878,652,65,5,0,38893,0,DKU006#
DEVICE,1645685188870,1645685172911,4,1645685172911,639,63,5,0,38893,0,DKU006#
DEVICE,1645685188901,1645685172942,4,1645685172942,648,64,5,0,38893,0,DKU006#
DEVICE,1645685188933,1645685172974,4,1645685172974,653,65,5,0,38893,0,DKU006#
DEVICE,1645685188966,1645685173007,4,1645685173007,649,64,5,0,38893,0,DKU006#
DEVICE,1645685188998,1645685173039,4,1645685173039,652,65,5,0,38893,0,DKU006#
DEVICE,1645685189030,1645685173071,4,1645685173071,651,65,5,0,38893,0,DKU006#
DEVICE,1645685189062,1645685173103,4,1645685173103,655,65,5,0,38893,0,DKU006#
DEVICE,1645685189093,1645685173134,4,1645685173134,655,65,5,0,38893,0,DKU006#
DEVICE,1645685189125,1645685173166,4,1645685173166,651,65,5,0,38893,0,DKU006#
DEVICE,1645685189157,1645685173198,4,1645685173198,649,64,5,0,38893,0,DKU006#
DEVICE,1645685189189,1645685173230,4,1645685173230,654,65,5,0,38893,0,DKU006#
DEVICE,1645685189221,1645685173262,4,1645685173262,635,63,5,0,38893,0,DKU006#
DEVICE,1645685189253,1645685173294,4,1645685173294,658,65,5,0,38893,0,DKU006#
DEVICE,1645685189285,1645685173326,4,1645685173326,656,65,5,0,38893,0,DKU006#
DEVICE,1645685189317,1645685173358,4,1645685173358,666,66,5,0,38893,0,DKU006#
DEVICE,1645685189349,1645685173390,4,1645685173390,666,66,5,0,38893,0,DKU006#
DEVICE,1645685189381,1645685173422,4,1645685173422,677,67,5,0,38893,0,DKU006#
DEVICE,1645685189413,1645685173454,4,1645685173454,679,67,5,0,38893,0,DKU006#
DEVICE,1645685189446,1645685173487,4,1645685173487,666,66,5,0,38893,0,DKU006#
DEVICE,1645685189477,1645685173518,4,1645685173518,668,66,5,0,38893,0,DKU006#
DEVICE,1645685189509,1645685173550,4,1645685173550,672,67,5,0,38893,0,DKU006#
DEVICE,1645685189541,1645685173582,4,1645685173582,678,67,5,0,38893,0,DKU006#
DEVICE,1645685189573,1645685173614,4,1645685173614,686,68,5,0,38893,0,DKU006#
DEVICE,1645685189605,1645685173646,4,1645685173646,687,68,5,0,38893,0,DKU006#
DEVICE,1645685189621,1645685173662,4,1645685173662,689,68,5,0,38893,0,DKU006#
DEVICE,1645685189669,1645685173710,4,1645685173710,701,70,5,0,38893,0,DKU006#
DEVICE,1645685189685,1645685173726,4,1645685173726,711,71,5,0,38893,0,DKU006#
DEVICE,1645685189717,1645685173758,4,1645685173758,695,69,5,0,38893,0,DKU006#
DEVICE,1645685189749,1645685173790,4,1645685173790,704,70,5,0,38893,0,DKU006#
DEVICE,1645685189781,1645685173822,4,1645685173822,710,71,5,0,38893,0,DKU006#
DEVICE,1645685189813,1645685173854,4,1645685173854,713,71,5,0,38893,0,DKU006#
DEVICE,1645685189845,1645685173886,4,1645685173886,717,71,5,0,38893,0,DKU006#
DEVICE,1645685189877,1645685173918,4,1645685173918,715,71,5,0,38893,0,DKU006#
DEVICE,1645685189909,1645685173950,4,1645685173950,725,72,5,0,38893,0,DKU006#
DEVICE,1645685189941,1645685173982,4,1645685173982,733,73,5,0,38893,0,DKU006#
DEVICE,1645685189973,1645685174014,4,1645685174014,730,73,5,0,38893,0,DKU006#
DEVICE,1645685190005,1645685174046,4,1645685174046,726,72,5,0,38893,0,DKU006#
DEVICE,1645685190036,1645685174077,4,1645685174077,746,74,5,0,38893,0,DKU006#
DEVICE,1645685190068,1645685174109,4,1645685174109,737,73,5,0,38893,0,DKU006#
DEVICE,1645685190100,1645685174141,4,1645685174141,735,73,5,0,38893,0,DKU006#
DEVICE,1645685190132,1645685174173,4,1645685174173,740,74,5,0,38893,0,DKU006#
DEVICE,1645685190165,1645685174206,4,1645685174206,755,75,0,0,38893,0,DKU006#
DEVICE,1645685190197,1645685174238,4,1645685174238,756,75,0,0,38893,0,DKU006#
DEVICE,1645685190228,1645685174269,4,1645685174269,757,75,0,0,38893,0,DKU006#
DEVICE,1645685190261,1645685174302,4,1645685174302,758,75,0,0,38893,0,DKU006#
DEVICE,1645685190293,1645685174334,4,1645685174334,751,75,0,0,38893,0,DKU006#
DEVICE,1645685190324,1645685174365,4,1645685174365,770,77,0,0,38893,0,DKU006#
DEVICE,1645685190356,1645685174397,4,1645685174397,774,77,0,0,38893,0,DKU006#
DEVICE,1645685190388,1645685174429,4,1645685174429,772,77,0,0,38893,0,DKU006#
DEVICE,1645685190420,1645685174461,4,1645685174461,775,77,0,0,38893,0,DKU006#
DEVICE,1645685190452,1645685174493,4,1645685174493,771,77,0,0,38893,0,DKU006#
DEVICE,1645685190484,1645685174525,4,1645685174525,780,78,0,0,38893,0,DKU006#
DEVICE,1645685190516,1645685174557,4,1645685174557,786,78,0,0,38893,0,DKU006#
DEVICE,1645685190549,1645685174590,4,1645685174590,774,77,0,0,38893,0,DKU006#
DEVICE,1645685190580,1645685174621,4,1645685174621,776,77,0,0,38893,0,DKU006#
DEVICE,1645685190612,1645685174653,4,1645685174653,789,78,0,0,38893,0,DKU006#
DEVICE,1645685190644,1645685174685,4,1645685174685,782,78,0,0,38893,0,DKU006#
DEVICE,1645685190676,1645685174717,4,1645685174717,787,78,0,0,38893,0,DKU006#
DEVICE,1645685190708,1645685174749,4,1645685174749,783,78,0,0,38893,0,DKU006#
DEVICE,1645685190740,1645685174781,4,1645685174781,784,78,0,0,38893,0,DKU006#
DEVICE,1645685190772,1645685174813,4,1645685174813,798,79,0,0,38893,0,DKU006#
DEVICE,1645685190804,1645685174845,4,1645685174845,797,79,0,0,38893,0,DKU006#
DEVICE,1645685190836,1645685174877,4,1645685174877,804,80,0,0,38893,0,DKU006#
DEVICE,1645685190868,1645685174909,4,1645685174909,794,79,0,0,38893,0,DKU006#
DEVICE,1645685190900,1645685174941,4,1645685174941,795,79,0,0,38893,0,DKU006#
DEVICE,1645685190932,1645685174973,4,1645685174973,803,80,0,0,38893,0,DKU006#
DEVICE,1645685190964,1645685175005,4,1645685175005,799,79,0,0,38893,0,DKU006#
DEVICE,1645685190996,1645685175037,4,1645685175037,809,80,0,0,38893,0,DKU006#
DEVICE,1645685191028,1645685175069,4,1645685175069,800,80,0,0,38893,0,DKU006#
DEVICE,1645685191060,1645685175101,4,1645685175101,795,79,0,0,38893,0,DKU006#
DEVICE,1645685191092,1645685175133,4,1645685175133,789,78,0,0,38893,0,DKU006#
DEVICE,1645685191140,1645685175181,4,1645685175181,798,79,0,0,34431,0,DKU006#
DEVICE,1645685191155,1645685175196,4,1645685175196,795,79,0,0,34431,0,DKU006#
DEVICE,1645685191187,1645685175228,4,1645685175228,808,80,0,0,34431,0,DKU006#
DEVICE,1645685191220,1645685175261,4,1645685175261,805,80,0,0,34431,0,DKU006#
DEVICE,1645685191251,1645685175292,4,1645685175292,809,80,0,0,34431,0,DKU006#
DEVICE,1645685191283,1645685175324,4,1645685175324,809,80,0,0,34431,0,DKU006#
DEVICE,1645685191316,1645685175357,4,1645685175357,797,79,0,0,34431,0,DKU006#
DEVICE,1645685191347,1645685175388,4,1645685175388,795,79,0,0,34431,0,DKU006#
DEVICE,1645685191380,1645685175421,4,1645685175421,805,80,0,0,34431,0,DKU006#
DEVICE,1645685191411,1645685175452,4,1645685175452,802,80,0,0,34431,0,DKU006#
DEVICE,1645685191443,1645685175484,4,1645685175484,805,80,0,0,34431,0,DKU006#
DEVICE,1645685191475,1645685175516,4,1645685175516,820,82,0,0,34431,0,DKU006#
DEVICE,1645685191507,1645685175548,4,1645685175548,811,81,0,0,34431,0,DKU006#
DEVICE,1645685191539,1645685175580,4,1645685175580,809,80,0,0,34431,0,DKU006#
DEVICE,1645685191571,1645685175612,4,1645685175612,814,81,0,0,34431,0,DKU006#
DEVICE,1645685191603,1645685175644,4,1645685175644,809,80,0,0,34431,0,DKU006#
DEVICE,1645685191635,1645685175676,4,1645685175676,820,82,0,0,34431,0,DKU006#
DEVICE,1645685191667,1645685175708,4,1645685175708,814,81,0,0,34431,0,DKU006#
DEVICE,1645685191699,1645685175740,4,1645685175740,792,79,0,0,34431,0,DKU006#
DEVICE,1645685191732,1645685175773,4,1645685175773,821,82,0,0,34431,0,DKU006#
DEVICE,1645685191763,1645685175804,4,1645685175804,813,81,0,0,34431,0,DKU006#
DEVICE,1645685191795,1645685175836,4,1645685175836,802,80,0,0,34431,0,DKU006#
DEVICE,1645685191827,1645685175868,4,1645685175868,806,80,0,0,34431,0,DKU006#
DEVICE,1645685191859,1645685175900,4,1645685175900,805,80,0,0,34431,0,DKU006#
DEVICE,1645685191891,1645685175932,4,1645685175932,813,81,0,0,34431,0,DKU006#
DEVICE,1645685191923,1645685175964,4,1645685175964,796,79,0,0,34431,0,DKU006#
DEVICE,1645685191955,1645685175996,4,1645685175996,807,80,0,0,34431,0,DKU006#
DEVICE,1645685191987,1645685176028,4,1645685176028,820,82,0,0,34431,0,DKU006#
DEVICE,1645685192019,1645685176060,4,1645685176060,806,80,0,0,34431,0,DKU006#
DEVICE,1645685192051,1645685176092,4,1645685176092,807,80,0,0,34431,0,DKU006#
DEVICE,1645685192083,1645685176124,4,1645685176124,820,82,0,0,34431,0,DKU006#
DEVICE,1645685192115,1645685176156,4,1645685176156,803,80,0,0,34431,0,DKU006#
DEVICE,1645685192147,1645685176188,4,1645685176188,822,82,0,0,34431,0,DKU006#
DEVICE,1645685192179,1645685176220,4,1645685176220,818,81,0,0,34431,0,DKU006#
DEVICE,1645685192211,1645685176252,4,1645685176252,805,80,0,0,34431,0,DKU006#
DEVICE,1645685192243,1645685176284,4,1645685176284,804,80,0,0,34431,0,DKU006#
DEVICE,1645685192275,1645685176316,4,1645685176316,808,80,0,0,34431,0,DKU006#
DEVICE,1645685192306,1645685176347,4,1645685176347,813,81,0,0,34431,0,DKU006#
DEVICE,1645685192339,1645685176380,4,1645685176380,810,81,0,0,34431,0,DKU006#
DEVICE,1645685192370,1645685176411,4,1645685176411,814,81,0,0,34431,0,DKU006#
DEVICE,1645685192402,1645685176443,4,1645685176443,819,81,0,0,34431,0,DKU006#
DEVICE,1645685192434,1645685176475,4,1645685176475,806,80,0,0,34431,0,DKU006#
DEVICE,1645685192466,1645685176507,4,1645685176507,807,80,0,0,34431,0,DKU006#
DEVICE,1645685192499,1645685176540,4,1645685176540,811,81,0,0,34431,0,DKU006#
DEVICE,1645685192531,1645685176572,4,1645685176572,813,81,0,0,34431,0,DKU006#
DEVICE,1645685192563,1645685176604,4,1645685176604,810,81,0,0,34431,0,DKU006#
DEVICE,1645685192594,1645685176635,4,1645685176635,821,82,0,0,34431,0,DKU006#
DEVICE,1645685192626,1645685176667,4,1645685176667,805,80,0,0,34431,0,DKU006#
DEVICE,1645685192659,1645685176700,4,1645685176700,798,79,0,0,34431,0,DKU006#
DEVICE,1645685192690,1645685176731,4,1645685176731,803,80,0,0,34431,0,DKU006#
DEVICE,1645685192722,1645685176763,4,1645685176763,811,81,0,0,34431,0,DKU006#
DEVICE,1645685192754,1645685176795,4,1645685176795,804,80,0,0,34431,0,DKU006#
DEVICE,1645685192786,1645685176827,4,1645685176827,812,81,0,0,34431,0,DKU006#
DEVICE,1645685192818,1645685176859,4,1645685176859,806,80,0,0,34431,0,DKU006#
DEVICE,1645685192850,1645685176891,4,1645685176891,806,80,0,0,34431,0,DKU006#
DEVICE,1645685192882,1645685176923,4,1645685176923,806,80,0,0,34431,0,DKU006#
DEVICE,1645685192915,1645685176956,4,1645685176956,819,81,0,0,34431,0,DKU006#
DEVICE,1645685192946,1645685176987,4,1645685176987,803,80,0,0,34431,0,DKU006#
DEVICE,1645685192978,1645685177019,4,1645685177019,808,80,0,0,34431,0,DKU006#
DEVICE,1645685193010,1645685177051,4,1645685177051,809,80,0,0,34431,0,DKU006#
DEVICE,1645685193042,1645685177083,4,1645685177083,814,81,0,0,34431,0,DKU006#
DEVICE,1645685193074,1645685177115,4,1645685177115,813,81,0,0,34431,0,DKU006#
DEVICE,1645685193106,1645685177147,4,1645685177147,819,81,0,0,38300,0,DKU006#
DEVICE,1645685193138,1645685177179,4,1645685177179,819,81,0,0,38300,0,DKU006#
DEVICE,1645685193170,1645685177211,4,1645685177211,798,79,0,0,38300,0,DKU006#
DEVICE,1645685193202,1645685177243,4,1645685177243,795,79,0,0,38300,0,DKU006#
DEVICE,1645685193234,1645685177275,4,1645685177275,826,82,0,0,38300,0,DKU006#
DEVICE,1645685193265,1645685177306,4,1645685177306,806,80,0,0,38300,0,DKU006#
DEVICE,1645685193298,1645685177339,4,1645685177339,806,80,0,0,38300,0,DKU006#
DEVICE,1645685193330,1645685177371,4,1645685177371,812,81,0,0,38300,0,DKU006#
DEVICE,1645685193362,1645685177403,4,1645685177403,815,81,0,0,38300,0,DKU006#
DEVICE,1645685193394,1645685177435,4,1645685177435,814,81,0,0,38300,0,DKU006#
DEVICE,1645685193426,1645685177467,4,1645685177467,804,80,0,0,38300,0,DKU006#
DEVICE,1645685193458,1645685177499,4,1645685177499,816,81,0,0,38300,0,DKU006#
DEVICE,1645685193489,1645685177530,4,1645685177530,820,82,0,0,38300,0,DKU006#
DEVICE,1645685193521,1645685177562,4,1645685177562,826,82,0,0,38300,0,DKU006#
DEVICE,1645685193553,1645685177594,4,1645685177594,802,80,0,0,38300,0,DKU006#
DEVICE,1645685193585,1645685177626,4,1645685177626,830,83,0,0,38300,0,DKU006#
DEVICE,1645685193617,1645685177658,4,1645685177658,798,79,0,0,38300,0,DKU006#
DEVICE,1645685193649,1645685177690,4,1645685177690,810,81,0,0,38300,0,DKU006#
DEVICE,1645685193681,1645685177722,4,1645685177722,809,80,0,0,38300,0,DKU006#
DEVICE,1645685193714,1645685177755,4,1645685177755,802,80,0,0,38300,0,DKU006#
DEVICE,1645685193746,1645685177787,4,1645685177787,810,81,0,0,38300,0,DKU006#
DEVICE,1645685193777,1645685177818,4,1645685177818,813,81,0,0,38300,0,DKU006#
DEVICE,1645685193809,1645685177850,4,1645685177850,806,80,0,0,38300,0,DKU006#
DEVICE,1645685193841,1645685177882,4,1645685177882,812,81,0,0,38300,0,DKU006#
DEVICE,1645685193873,1645685177914,4,1645685177914,824,82,0,0,38300,0,DKU006#
DEVICE,1645685193905,1645685177946,4,1645685177946,808,80,0,0,38300,0,DKU006#
DEVICE,1645685193937,1645685177978,4,1645685177978,802,80,0,0,38300,0,DKU006#
DEVICE,1645685193969,1645685178010,4,1645685178010,815,81,0,0,38300,0,DKU006#
DEVICE,1645685194001,1645685178042,4,1645685178042,812,81,0,0,38300,0,DKU006#
DEVICE,1645685194033,1645685178074,4,1645685178074,815,81,0,0,38300,0,DKU006#
DEVICE,1645685194065,1645685178106,4,1645685178106,807,80,0,0,38300,0,DKU006#
DEVICE,1645685194097,1645685178138,4,1645685178138,823,82,0,0,38300,0,DKU006#
DEVICE,1645685194129,1645685178170,4,1645685178170,808,80,0,0,38362,0,DKU006#
DEVICE,1645685194161,1645685178202,4,1645685178202,799,79,0,0,38362,0,DKU006#
DEVICE,1645685194193,1645685178234,4,1645685178234,808,80,0,0,38362,0,DKU006#
DEVICE,1645685194225,1645685178266,4,1645685178266,807,80,0,0,38362,0,DKU006#
DEVICE,1645685194257,1645685178298,4,1645685178298,816,81,0,0,38362,0,DKU006#
DEVICE,1645685194288,1645685178329,4,1645685178329,797,79,0,0,38362,0,DKU006#
DEVICE,1645685194321,1645685178362,4,1645685178362,809,80,0,0,38362,0,DKU006#
DEVICE,1645685194353,1645685178394,4,1645685178394,797,79,0,0,38362,0,DKU006#
DEVICE,1645685194385,1645685178426,4,1645685178426,801,80,0,0,38362,0,DKU006#
DEVICE,1645685194417,1645685178458,4,1645685178458,808,80,0,0,38362,0,DKU006#
DEVICE,1645685194449,1645685178490,4,1645685178490,809,80,0,0,38362,0,DKU006#
DEVICE,1645685194481,1645685178522,4,1645685178522,802,80,0,0,38362,0,DKU006#
DEVICE,1645685194513,1645685178554,4,1645685178554,813,81,0,0,38362,0,DKU006#
DEVICE,1645685194544,1645685178585,4,1645685178585,783,78,0,0,38362,0,DKU006#
DEVICE,1645685194577,1645685178618,4,1645685178618,806,80,0,0,38362,0,DKU006#
DEVICE,1645685194609,1645685178650,4,1645685178650,816,81,0,0,38362,0,DKU006#
DEVICE,1645685194640,1645685178681,4,1645685178681,799,79,0,0,38362,0,DKU006#
DEVICE,1645685194672,1645685178713,4,1645685178713,820,82,0,0,38362,0,DKU006#
DEVICE,1645685194704,1645685178745,4,1645685178745,801,80,0,0,38362,0,DKU006#
DEVICE,1645685194736,1645685178777,4,1645685178777,811,81,0,0,38362,0,DKU006#
DEVICE,1645685194768,1645685178809,4,1645685178809,810,81,0,0,38362,0,DKU006#
DEVICE,1645685194800,1645685178841,4,1645685178841,803,80,0,0,38362,0,DKU006#
DEVICE,1645685194832,1645685178873,4,1645685178873,810,81,0,0,38362,0,DKU006#
DEVICE,1645685194864,1645685178905,4,1645685178905,817,81,0,0,38362,0,DKU006#
DEVICE,1645685194896,1645685178937,4,1645685178937,807,80,0,0,38362,0,DKU006#
DEVICE,1645685194928,1645685178969,4,1645685178969,803,80,0,0,38362,0,DKU006#
DEVICE,1645685194960,1645685179001,4,1645685179001,809,80,0,0,38362,0,DKU006#
DEVICE,1645685194992,1645685179033,4,1645685179033,796,79,0,0,38362,0,DKU006#
DEVICE,1645685195024,1645685179065,4,1645685179065,804,80,0,0,38362,0,DKU006#
