Device,PTPTime,UnixTime,Protocool,CurrentDeviceTime,GyroX,GyroY,GyroZ,AccX,AccY,AccZ,
AIRPOT,1645081012665,1645081012201,4,1645081012201,-0.145,-0.801,-0.581,-0.005,0.015,0.008
AIRPOT,1645081012717,1645081012253,4,1645081012253,-0.147,-0.800,-0.582,-0.011,-0.006,0.004
AIRPOT,1645081012720,1645081012256,4,1645081012256,-0.148,-0.799,-0.582,-0.015,-0.010,-0.000
AIRPOT,1645081012774,1645081012310,4,1645081012310,-0.149,-0.799,-0.583,-0.014,0.001,0.001
AIRPOT,1645081012889,1645081012425,4,1645081012425,-0.148,-0.799,-0.583,-0.002,-0.009,-0.005
AIRPOT,1645081012891,1645081012427,4,1645081012427,-0.146,-0.800,-0.583,0.023,0.002,-0.015
AIRPOT,1645081012913,1645081012449,4,1645081012449,-0.143,-0.800,-0.582,0.021,0.008,-0.009
AIRPOT,1645081012969,1645081012505,4,1645081012505,-0.142,-0.801,-0.582,0.011,0.013,0.005
AIRPOT,1645081012972,1645081012508,4,1645081012508,-0.142,-0.801,-0.582,-0.007,-0.007,-0.004
AIRPOT,1645081013029,1645081012565,4,1645081012565,-0.142,-0.801,-0.581,-0.003,-0.008,0.003
AIRPOT,1645081013088,1645081012624,4,1645081012624,-0.141,-0.802,-0.580,-0.005,0.007,0.011
AIRPOT,1645081013089,1645081012625,4,1645081012625,-0.143,-0.803,-0.579,-0.013,0.013,0.004
AIRPOT,1645081013209,1645081012745,4,1645081012745,-0.145,-0.803,-0.578,-0.018,-0.017,-0.003
AIRPOT,1645081013213,1645081012749,4,1645081012749,-0.146,-0.805,-0.575,-0.006,-0.011,-0.013
AIRPOT,1645081013270,1645081012806,4,1645081012806,-0.143,-0.807,-0.573,0.004,0.006,-0.007
AIRPOT,1645081013271,1645081012807,4,1645081012807,-0.142,-0.808,-0.571,0.021,0.004,-0.007
AIRPOT,1645081013276,1645081012812,4,1645081012812,-0.141,-0.809,-0.570,0.013,0.012,0.015
AIRPOT,1645081013333,1645081012869,4,1645081012869,-0.143,-0.810,-0.569,0.009,0.003,0.015
AIRPOT,1645081013386,1645081012922,4,1645081012922,-0.146,-0.809,-0.569,-0.004,-0.005,0.007
AIRPOT,1645081013493,1645081013029,4,1645081013029,-0.150,-0.808,-0.570,-0.018,0.005,0.011
AIRPOT,1645081013500,1645081013036,4,1645081013036,-0.155,-0.808,-0.569,-0.015,-0.014,-0.003
AIRPOT,1645081013500,1645081013036,4,1645081013036,-0.158,-0.808,-0.568,-0.018,-0.001,-0.008
AIRPOT,1645081013550,1645081013086,4,1645081013086,-0.159,-0.808,-0.567,-0.012,0.001,-0.009
AIRPOT,1645081013604,1645081013140,4,1645081013140,-0.157,-0.809,-0.567,-0.009,-0.011,-0.003
AIRPOT,1645081013606,1645081013142,4,1645081013142,-0.155,-0.809,-0.567,-0.000,-0.001,-0.000
AIRPOT,1645081013659,1645081013195,4,1645081013195,-0.151,-0.810,-0.567,0.005,0.006,0.006
AIRPOT,1645081013825,1645081013361,4,1645081013361,-0.150,-0.810,-0.567,0.010,0.002,0.001
AIRPOT,1645081013827,1645081013363,4,1645081013363,-0.149,-0.810,-0.568,0.011,0.003,-0.001
AIRPOT,1645081013886,1645081013422,4,1645081013422,-0.149,-0.810,-0.568,0.002,0.009,0.006
AIRPOT,1645081013901,1645081013437,4,1645081013437,-0.152,-0.809,-0.567,0.005,0.004,0.008
AIRPOT,1645081013904,1645081013440,4,1645081013440,-0.155,-0.809,-0.568,0.005,-0.003,-0.002
AIRPOT,1645081013952,1645081013488,4,1645081013488,-0.158,-0.808,-0.568,-0.008,0.001,-0.005
AIRPOT,1645081013959,1645081013495,4,1645081013495,-0.160,-0.808,-0.567,-0.004,-0.006,-0.007
AIRPOT,1645081013962,1645081013498,4,1645081013498,-0.160,-0.808,-0.567,-0.010,0.002,WATCH,1645081013557,4,1645081013424,-0.035,0.024,-0.014,0.006,-0.001,-0.000,128
AIRPOT,1645081014077,1645081013613,4,1645081013613,-0.160,-0.808,-0.567,-0.013,-0.004,0.007
AIRPOT,1645081014160,1645081013696,4,1645081013696,-0.160,-0.808,-0.567,-0.011,-0.004,0.001
AIRPOT,1645081014212,1645081013748,4,1645081013748,-0.158,-0.809,-0.566,-0.007,-0.001,-0.005
AIRPOT,1645081014219,1645081013755,4,1645081013755,-0.156,-0.810,-0.566,-0.002,0.003,0.004
AIRPOT,1645081014275,1645081013811,4,1645081013811,-0.154,-0.810,-0.565,0.002,0.000,0.002
AIRPOT,1645081014277,1645081013813,4,1645081013813,-0.153,-0.811,-0.565,0.006,0.003,0.004
AIRPOT,1645081014394,1645081013930,4,1645081013930,-0.152,-0.812,-0.564,0.005,0.003,0.006
AIRPOT,1645081014396,1645081013932,4,1645081013932,-0.152,-0.812,-0.563,0.006,0.008,0.002
AIRPOT,1645081014445,1645081013981,4,1645081013981,-0.154,-0.812,-0.563,0.002,0.010,0.012
AIRPOT,1645081014454,1645081013990,4,1645081013990,-0.156,-0.812,-0.563,0.005,-0.010,-0.018
AIRPOT,1645081014455,1645081013991,4,1645081013991,-0.156,-0.812,-0.563,0.001,0.008,-0.002
AIRPOT,1645081014502,1645081014038,4,1645081014038,-0.157,-0.812,-0.562,-0.006,-0.010,0.005
AIRPOT,1645081014506,1645081014042,4,1645081014042,-0.157,-0.812,-0.563,-0.003,0.005,-0.002
AIRPOT,1645081014512,1645081014048,4,1645081014048,-0.158,-0.811,-0.563,-0.001,-0.004,-0.001
AIRPOT,1645081014562,1645081014098,4,1645081014098,-0.159,-0.811,-0.562,-0.002,-0.004,0.005
AIRPOT,1645081014630,1645081014166,4,1645081014166,-0.159,-0.812,-0.562,-0.000,-0.001,-0.000
AIRPOT,1645081014686,1645081014222,4,1645081014222,-0.159,-0.812,-0.561,0.001,0.005,-0.004
AIRPOT,1645081014737,1645081014273,4,1645081014273,-0.159,-0.813,-0.561,0.000,-0.001,0.002
AIRPOT,1645081014738,1645081014274,4,1645081014274,-0.159,-0.813,-0.560,-0.001,0.003,0.004
AIRPOT,1645081014803,1645081014339,4,1645081014339,-0.160,-0.813,-0.560,0.001,-0.002,-0.002
AIRPOT,1645081014805,1645081014341,4,1645081014341,-0.160,-0.814,-0.559,-0.012,0.007,0.016
AIRPOT,1645081014831,1645081014367,4,1645081014367,-0.161,-0.814,-0.559,0.006,0.007,-0.010
AIRPOT,1645081014887,1645081014423,4,1645081014423,-0.161,-0.814,-0.558,-0.009,-0.006,0.014
AIRPOT,1645081014954,1645081014490,4,1645081014490,-0.160,-0.814,-0.558,-0.002,0.003,-0.003
AIRPOT,1645081014954,1645081014490,4,1645081014490,-0.159,-0.814,-0.559,-0.001,0.004,0.002
AIRPOT,1645081015008,1645081014544,4,1645081014544,-0.159,-0.814,-0.558,-0.001,-0.002,-0.001
AIRPOT,1645081015059,1645081014595,4,1645081014595,-0.159,-0.815,-0.558,0.001,-0.000,0.000
AIRPOT,1645081015106,1645081014642,4,1645081014642,-0.158,-0.815,-0.558,0.003,-0.000,0.004
AIRPOT,1645081015110,1645081014646,4,1645081014646,-0.158,-0.815,-0.557,0.006,0.002,0.000
AIRPOT,1645081015164,1645081014700,4,1645081014700,-0.158,-0.816,-0.557,0.005,0.003,0.005
AIRPOT,1645081015276,1645081014812,4,1645081014812,-0.159,-0.816,-0.556,0.001,0.007,0.007
AIRPOT,1645081015279,1645081014815,4,1645081014815,-0.161,-0.815,-0.557,0.000,-0.003,-0.001
AIRPOT,1645081015343,1645081014879,4,1645081014879,-0.163,-0.815,-0.556,-0.011,-0.001,0.003
AIRPOT,1645081015344,1645081014880,4,1645081014880,-0.164,-0.815,-0.556,0.003,-0.000,-0.009
AIRPOT,1645081015349,1645081014885,4,1645081014885,-0.165,-0.815,-0.556,-0.002,0.001,0.002
AIRPOT,1645081015405,1645081014941,4,1645081014941,-0.166,-0.814,-0.556,-0.003,-0.005,0.005
AIRPOT,1645081015455,1645081014991,4,1645081014991,-0.167,-0.814,-0.557,-0.003,-0.002,0.002
AIRPOT,1645081015504,1645081015040,4,1645081015040,-0.168,-0.814,-0.556,-0.001,-0.003,-0.003
AIRPOT,1645081015511,1645081015047,4,1645081015047,-0.168,-0.814,-0.556,-0.001,0.001,-0.004
AIRPOT,1645081015560,1645081015096,4,1645081015096,-0.168,-0.814,-0.557,-0.002,-0.000,-0.001
AIRPOT,1645081015613,1645081015149,4,1645081015149,-0.167,-0.814,-0.557,-0.001,0.000,-0.003
AIRPOT,1645081015630,1645081015166,4,1645081015166,-0.167,-0.814,-0.556,0.000,0.001,-0.001
AIRPOT,1645081015690,1645081015226,4,1645081015226,-0.166,-0.814,-0.556,0.001,0.002,0.002
AIRPOT,1645081015738,1645081015274,4,1645081015274,-0.166,-0.814,-0.557,0.002,-0.000,-0.002
AIRPOT,1645081015790,1645081015326,4,1645081015326,-0.167,-0.814,-0.557,-0.004,-0.001,0.000
AIRPOT,1645081015791,1645081015327,4,1645081015327,-0.167,-0.814,-0.556,0.003,0.000,-0.001
AIRPOT,1645081015850,1645081015386,4,1645081015386,-0.166,-0.814,-0.556,-0.002,0.003,0.004
AIRPOT,1645081015908,1645081015444,4,1645081015444,-0.167,-0.814,-0.556,-0.003,-0.001,0.002
AIRPOT,1645081015911,1645081015447,4,1645081015447,-0.167,-0.814,-0.556,-0.003,0.002,0.002
AIRPOT,1645081015976,1645081015512,4,1645081015512,-0.167,-0.814,-0.556,-0.001,0.000,-0.002
AIRPOT,1645081016030,1645081015566,4,1645081015566,-0.167,-0.814,-0.556,-0.001,0.001,-0.001
AIRPOT,1645081016031,1645081015567,4,1645081015567,-0.167,-0.814,-0.556,0.000,0.001,0.001
AIRPOT,1645081016124,1645081015660,4,1645081015660,-0.167,-0.814,-0.556,0.002,0.002,0.000
AIRPOT,1645081016125,1645081015661,4,1645081015661,-0.167,-0.814,-0.556,0.003,-0.000,0.001
AIRPOT,1645081016180,1645081015716,4,1645081015716,-0.167,-0.814,-0.556,0.000,0.003,0.003
AIRPOT,1645081016187,1645081015723,4,1645081015723,-0.167,-0.814,-0.556,0.000,-0.003,-0.003
AIRPOT,1645081016235,1645081015771,4,1645081015771,-0.168,-0.814,-0.556,-0.007,0.002,0.004
AIRPOT,1645081016288,1645081015824,4,1645081015824,-0.168,-0.814,-0.556,0.002,-0.001,-0.004
AIRPOT,1645081016336,1645081015872,4,1645081015872,-0.168,-0.814,-0.556,-0.003,0.006,0.004
AIRPOT,1645081016391,1645081015927,4,1645081015927,-0.168,-0.814,-0.556,-0.001,-0.001,0.002
AIRPOT,1645081016391,1645081015927,4,1645081015927,-0.168,-0.814,-0.556,-0.003,-0.001,0.002
AIRPOT,1645081016450,1645081015986,4,1645081015986,-0.168,-0.814,-0.556,0.001,-0.000,-0.004
AIRPOT,1645081016499,1645081016035,4,1645081016035,-0.168,-0.814,-0.556,-0.001,0.004,0.002
AIRPOT,1645081016510,1645081016046,4,1645081016046,-0.168,-0.814,-0.556,0.000,0.001,0.001
AIRPOT,1645081016612,1645081016148,4,1645081016148,-0.168,-0.814,-0.556,0.001,-0.000,0.000
AIRPOT,1645081016612,1645081016148,4,1645081016148,-0.168,-0.814,-0.556,0.001,0.001,-0.001
AIRPOT,1645081016663,1645081016199,4,1645081016199,-0.168,-0.814,-0.556,0.001,0.000,0.001
AIRPOT,1645081016665,1645081016201,4,1645081016201,-0.168,-0.814,-0.556,-0.002,-0.003,0.002
AIRPOT,1645081016718,1645081016254,4,1645081016254,-0.169,-0.814,-0.556,-0.004,0.005,0.003
AIRPOT,1645081016783,1645081016319,4,1645081016319,-0.169,-0.814,-0.556,0.003,-0.004,-0.006
AIRPOT,1645081016786,1645081016322,4,1645081016322,-0.168,-0.814,-0.555,-0.002,0.007,0.001
AIRPOT,1645081016843,1645081016379,4,1645081016379,-0.167,-0.814,-0.556,-0.000,-0.001,0.004
AIRPOT,1645081016894,1645081016430,4,1645081016430,-0.167,-0.814,-0.556,-0.001,0.003,0.004
AIRPOT,1645081016973,1645081016509,4,1645081016509,-0.167,-0.814,-0.556,-0.001,0.001,0.001
AIRPOT,1645081017029,1645081016565,4,1645081016565,-0.167,-0.814,-0.556,-0.000,-0.001,-0.001
AIRPOT,1645081017029,1645081016565,4,1645081016565,-0.167,-0.814,-0.556,-0.000,-0.001,-0.001
AIRPOT,1645081017088,1645081016624,4,1645081016624,-0.166,-0.815,-0.556,0.000,0.001,-0.001
AIRPOT,1645081017148,1645081016684,4,1645081016684,-0.165,-0.815,-0.556,0.000,0.001,0.001
AIRPOT,1645081017207,1645081016743,4,1645081016743,-0.165,-0.815,-0.556,-0.000,0.002,0.005
AIRPOT,1645081017213,1645081016749,4,1645081016749,-0.165,-0.815,-0.556,0.003,0.007,0.005
AIRPOT,1645081017279,1645081016815,4,1645081016815,-0.166,-0.815,-0.556,0.003,-0.009,-0.010
AIRPOT,1645081017279,1645081016815,4,1645081016815,-0.166,-0.815,-0.556,0.002,0.007,-0.003
AIRPOT,1645081017403,1645081016939,4,1645081016939,-0.166,-0.815,-0.555,-0.004,-0.005,0.006
AIRPOT,1645081017405,1645081016941,4,1645081016941,-0.165,-0.815,-0.556,-0.000,0.003,-0.000
AIRPOT,1645081017408,1645081016944,4,1645081016944,-0.165,-0.815,-0.556,-0.001,-0.002,-0.003
AIRPOT,1645081017468,1645081017004,4,1645081017004,-0.165,-0.815,-0.555,0.001,0.002,0.001
AIRPOT,1645081017505,1645081017041,4,1645081017041,-0.165,-0.815,-0.555,0.001,0.002,0.004
AIRPOT,1645081017539,1645081017075,4,1645081017075,-0.165,-0.815,-0.555,0.003,0.000,0.000
AIRPOT,1645081017545,1645081017081,4,1645081017081,-0.166,-0.815,-0.555,0.004,0.004,-0.002
AIRPOT,1645081017613,1645081017149,4,1645081017149,-0.166,-0.815,-0.555,0.002,0.001,0.002
AIRPOT,1645081017657,1645081017193,4,1645081017193,-0.167,-0.815,-0.555,-0.000,0.000,0.001
AIRPOT,1645081017720,1645081017256,4,1645081017256,-0.167,-0.815,-0.555,0.003,0.000,-0.004
AIRPOT,1645081017766,1645081017302,4,1645081017302,-0.168,-0.815,-0.555,-0.006,-0.006,-0.007
AIRPOT,1645081017772,1645081017308,4,1645081017308,-0.168,-0.815,-0.555,0.003,0.009,0.001
AIRPOT,1645081017833,1645081017369,4,1645081017369,-0.169,-0.815,-0.555,-0.005,-0.007,0.012
AIRPOT,1645081017833,1645081017369,4,1645081017369,-0.169,-0.814,-0.555,0.002,0.004,-0.006
AIRPOT,1645081017899,1645081017435,4,1645081017435,-0.170,-0.814,-0.555,-0.003,-0.002,-0.005
AIRPOT,1645081017902,1645081017438,4,1645081017438,-0.170,-0.814,-0.555,-0.001,-0.000,0.003
AIRPOT,1645081017958,1645081017494,4,1645081017494,-0.170,-0.814,-0.555,0.000,0.001,-0.001
AIRPOT,1645081018014,1645081017550,4,1645081017550,-0.169,-0.814,-0.556,0.000,0.000,0.000
AIRPOT,1645081018071,1645081017607,4,1645081017607,-0.169,-0.813,-0.557,-0.000,-0.006,-0.003
AIRPOT,1645081018071,1645081017607,4,1645081017607,-0.168,-0.813,-0.557,-0.000,0.002,0.004
AIRPOT,1645081018132,1645081017668,4,1645081017668,-0.168,-0.813,-0.557,-0.004,0.003,0.010
AIRPOT,1645081018185,1645081017721,4,1645081017721,-0.168,-0.813,-0.558,-0.000,-0.004,-0.005
AIRPOT,1645081018185,1645081017721,4,1645081017721,-0.168,-0.813,-0.558,-0.004,-0.002,0.001
AIRPOT,1645081018237,1645081017773,4,1645081017773,-0.168,-0.813,-0.558,0.006,0.011,0.005
AIRPOT,1645081018304,1645081017840,4,1645081017840,-0.168,-0.812,-0.558,0.003,-0.003,0.003
AIRPOT,1645081018307,1645081017843,4,1645081017843,-0.169,-0.812,-0.559,0.001,0.006,0.003
AIRPOT,1645081018387,1645081017923,4,1645081017923,-0.170,-0.811,-0.560,0.002,-0.002,0.001
AIRPOT,1645081018435,1645081017971,4,1645081017971,-0.171,-0.810,-0.561,0.000,-0.004,-0.003
AIRPOT,1645081018551,1645081018087,4,1645081018087,-0.171,-0.809,-0.562,-0.006,0.001,-0.003
AIRPOT,1645081018552,1645081018088,4,1645081018088,-0.170,-0.809,-0.562,-0.003,0.007,-0.001
AIRPOT,1645081018557,1645081018093,4,1645081018093,-0.170,-0.810,-0.562,-0.012,-0.003,0.009
AIRPOT,1645081018560,1645081018096,4,1645081018096,-0.168,-0.810,-0.562,0.012,0.016,-0.009
AIRPOT,1645081018590,1645081018126,4,1645081018126,-0.167,-0.809,-0.564,-0.021,-0.003,0.024
AIRPOT,1645081018670,1645081018206,4,1645081018206,-0.168,-0.809,-0.563,0.012,-0.019,-0.024
AIRPOT,1645081018673,1645081018209,4,1645081018209,-0.166,-0.808,-0.565,0.002,-0.012,0.008
AIRPOT,1645081018724,1645081018260,4,1645081018260,-0.163,-0.810,-0.564,0.018,0.020,0.019
AIRPOT,1645081018786,1645081018322,4,1645081018322,-0.164,-0.809,-0.564,-0.014,0.008,0.007
AIRPOT,1645081018786,1645081018322,4,1645081018322,-0.167,-0.808,-0.565,-0.038,-0.020,0.023
AIRPOT,1645081018853,1645081018389,4,1645081018389,-0.172,-0.807,-0.565,-0.021,-0.010,-0.004
AIRPOT,1645081018919,1645081018455,4,1645081018455,-0.173,-0.804,-0.568,-0.011,-0.055,0.045
AIRPOT,1645081018919,1645081018455,4,1645081018455,-0.174,-0.801,-0.573,0.008,-0.007,0.006
AIRPOT,1645081018978,1645081018514,4,1645081018514,-0.175,-0.796,-0.579,0.021,-0.003,0.014
AIRPOT,1645081018981,1645081018517,4,1645081018517,-0.178,-0.794,-0.581,0.025,0.058,-0.032
AIRPOT,1645081019037,1645081018573,4,1645081018573,-0.180,-0.789,-0.588,0.050,-0.014,-0.040
AIRPOT,1645081019098,1645081018634,4,1645081018634,-0.179,-0.787,-0.590,-0.018,-0.036,0.033
AIRPOT,1645081019098,1645081018634,4,1645081018634,-0.185,-0.786,-0.590,0.006,0.039,-0.089
AIRPOT,1645081019167,1645081018703,4,1645081018703,-0.184,-0.784,-0.593,-0.093,0.046,0.158
AIRPOT,1645081019220,1645081018756,4,1645081018756,-0.195,-0.783,-0.591,-0.044,0.110,-0.084
AIRPOT,1645081019221,1645081018757,4,1645081018757,-0.198,-0.777,-0.597,-0.051,-0.103,0.092
AIRPOT,1645081019277,1645081018813,4,1645081018813,-0.204,-0.773,-0.601,0.039,0.027,-0.073
AIRPOT,1645081019336,1645081018872,4,1645081018872,-0.205,-0.770,-0.604,0.008,0.034,0.013
AIRPOT,1645081019339,1645081018875,4,1645081018875,-0.208,-0.767,-0.606,0.015,-0.009,-0.012
AIRPOT,1645081019396,1645081018932,4,1645081018932,-0.212,-0.767,-0.606,-0.007,0.096,-0.014
AIRPOT,1645081019456,1645081018992,4,1645081018992,-0.211,-0.767,-0.606,-0.065,0.067,0.055
AIRPOT,1645081019473,1645081019009,4,1645081019009,-0.214,-0.768,-0.604,-0.030,-0.117,-0.006
AIRPOT,1645081019530,1645081019066,4,1645081019066,-0.213,-0.770,-0.602,0.094,0.044,-0.073
AIRPOT,1645081019579,1645081019115,4,1645081019115,-0.210,-0.773,-0.599,0.013,0.126,0.006
AIRPOT,1645081019579,1645081019115,4,1645081019115,-0.209,-0.775,-0.596,-0.084,-0.008,0.094
AIRPOT,1645081019637,1645081019173,4,1645081019173,-0.209,-0.777,-0.594,-0.025,-0.194,0.071
AIRPOT,1645081019699,1645081019235,4,1645081019235,-0.207,-0.775,-0.597,0.112,0.031,-0.109
AIRPOT,1645081019706,1645081019242,4,1645081019242,-0.202,-0.773,-0.601,-0.012,0.026,0.021
AIRPOT,1645081019761,1645081019297,4,1645081019297,-0.199,-0.771,-0.605,0.006,-0.129,0.012
AIRPOT,1645081019822,1645081019358,4,1645081019358,-0.197,-0.771,-0.605,0.143,0.018,-0.110
AIRPOT,1645081019822,1645081019358,4,1645081019358,-0.190,-0.773,-0.605,-0.078,0.157,0.054
AIRPOT,1645081019880,1645081019416,4,1645081019416,-0.185,-0.773,-0.606,-0.090,-0.099,0.105
AIRPOT,1645081019924,1645081019460,4,1645081019460,-0.190,-0.775,-0.603,0.187,0.154,-0.296
AIRPOT,1645081019950,1645081019486,4,1645081019486,-0.182,-0.783,-0.595,-0.150,0.019,0.092
AIRPOT,1645081019998,1645081019534,4,1645081019534,-0.173,-0.776,-0.607,0.004,-0.068,-0.109
AIRPOT,1645081020058,1645081019594,4,1645081019594,-0.153,-0.773,-0.616,-0.049,-0.092,0.239
AIRPOT,1645081020064,1645081019600,4,1645081019600,-0.147,-0.767,-0.625,0.081,-0.006,-0.164
AIRPOT,1645081020117,1645081019653,4,1645081019653,-0.133,-0.768,-0.627,-0.162,0.004,0.073
AIRPOT,1645081020177,1645081019713,4,1645081019713,-0.124,-0.769,-0.627,0.048,0.066,-0.106
AIRPOT,1645081020177,1645081019713,4,1645081019713,-0.109,-0.772,-0.626,0.157,-0.072,-0.039
AIRPOT,1645081020230,1645081019766,4,1645081019766,-0.107,-0.776,-0.622,-0.101,0.057,0.191
AIRPOT,1645081020296,1645081019832,4,1645081019832,-0.109,-0.778,-0.618,0.030,-0.005,0.192
AIRPOT,1645081020299,1645081019835,4,1645081019835,-0.123,-0.779,-0.615,-0.042,-0.025,-0.079
AIRPOT,1645081020350,1645081019886,4,1645081019886,-0.125,-0.781,-0.613,0.034,0.069,-0.114
AIRPOT,1645081020415,1645081019951,4,1645081019951,-0.131,-0.786,-0.604,-0.007,-0.069,-0.074
AIRPOT,1645081020415,1645081019951,4,1645081019951,-0.134,-0.792,-0.595,-0.063,0.103,0.077
AIRPOT,1645081020481,1645081020017,4,1645081020017,-0.140,-0.801,-0.582,0.043,-0.074,-0.096
AIRPOT,1645081020542,1645081020078,4,1645081020078,-0.140,-0.806,-0.575,-0.108,0.041,0.125
AIRPOT,1645081020542,1645081020078,4,1645081020078,-0.145,-0.812,-0.566,0.066,0.015,-0.166
AIRPOT,1645081020597,1645081020133,4,1645081020133,-0.141,-0.818,-0.558,-0.065,-0.154,0.053
AIRPOT,1645081020658,1645081020194,4,1645081020194,-0.137,-0.821,-0.555,0.083,0.084,-0.093
AIRPOT,1645081020662,1645081020198,4,1645081020198,-0.134,-0.826,-0.547,-0.017,0.025,0.100
AIRPOT,1645081020777,1645081020313,4,1645081020313,-0.134,-0.827,-0.545,0.016,-0.042,0.012
AIRPOT,1645081020780,1645081020316,4,1645081020316,-0.136,-0.830,-0.541,-0.001,0.036,-0.056
AIRPOT,1645081020820,1645081020356,4,1645081020356,-0.134,-0.831,-0.540,-0.000,-0.065,0.016
AIRPOT,1645081020837,1645081020373,4,1645081020373,-0.136,-0.834,-0.534,0.050,0.030,-0.068
AIRPOT,1645081020893,1645081020429,4,1645081020429,-0.135,-0.834,-0.535,0.011,-0.023,0.032
AIRPOT,1645081020894,1645081020430,4,1645081020430,-0.139,-0.837,-0.529,0.007,0.054,-0.059
AIRPOT,1645081020953,1645081020489,4,1645081020489,-0.140,-0.839,-0.527,0.015,-0.027,0.034
AIRPOT,1645081020984,1645081020520,4,1645081020520,-0.145,-0.839,-0.524,0.016,0.024,0.017
AIRPOT,1645081021037,1645081020573,4,1645081020573,-0.149,-0.838,-0.526,-0.046,-0.024,0.049
AIRPOT,1645081021097,1645081020633,4,1645081020633,-0.156,-0.836,-0.526,0.001,0.032,-0.049
AIRPOT,1645081021098,1645081020634,4,1645081020634,-0.162,-0.835,-0.525,-0.022,-0.014,0.009
AIRPOT,1645081021169,1645081020705,4,1645081020705,-0.170,-0.834,-0.525,0.026,-0.038,-0.012
AIRPOT,1645081021178,1645081020714,4,1645081020714,-0.175,-0.833,-0.525,-0.028,0.064,-0.001
AIRPOT,1645081021221,1645081020757,4,1645081020757,-0.177,-0.832,-0.526,-0.068,0.008,0.072
AIRPOT,1645081021287,1645081020823,4,1645081020823,-0.183,-0.829,-0.529,0.025,-0.099,0.061
AIRPOT,1645081021346,1645081020882,4,1645081020882,-0.189,-0.826,-0.531,0.010,0.011,-0.091
AIRPOT,1645081021348,1645081020884,4,1645081020884,-0.184,-0.824,-0.536,-0.025,0.180,0.050
AIRPOT,1645081021414,1645081020950,4,1645081020950,-0.185,-0.822,-0.538,-0.091,0.017,0.080
AIRPOT,1645081021416,1645081020952,4,1645081020952,-0.189,-0.819,-0.542,0.053,-0.190,-0.001
AIRPOT,1645081021461,1645081020997,4,1645081020997,-0.192,-0.815,-0.546,0.099,-0.016,-0.080
AIRPOT,1645081021528,1645081021064,4,1645081021064,-0.192,-0.811,-0.553,-0.032,0.108,0.008
AIRPOT,1645081021595,1645081021131,4,1645081021131,-0.190,-0.806,-0.561,-0.082,0.081,0.073
AIRPOT,1645081021596,1645081021132,4,1645081021132,-0.193,-0.802,-0.566,-0.005,-0.176,0.018
AIRPOT,1645081021649,1645081021185,4,1645081021185,-0.194,-0.798,-0.571,0.110,-0.006,-0.097
AIRPOT,1645081021651,1645081021187,4,1645081021187,-0.191,-0.796,-0.575,-0.037,0.103,-0.039
AIRPOT,1645081021707,1645081021243,4,1645081021243,-0.184,-0.795,-0.579,-0.067,0.047,0.060
AIRPOT,1645081021768,1645081021304,4,1645081021304,-0.185,-0.796,-0.577,-0.016,-0.057,0.058
AIRPOT,1645081021773,1645081021309,4,1645081021309,-0.183,-0.796,-0.578,0.065,0.090,-0.138
AIRPOT,1645081021885,1645081021421,4,1645081021421,-0.178,-0.800,-0.573,-0.053,-0.108,0.122
AIRPOT,1645081021897,1645081021433,4,1645081021433,-0.172,-0.799,-0.576,0.185,0.064,-0.121
AIRPOT,1645081021898,1645081021434,4,1645081021434,-0.179,-0.800,-0.572,-0.179,-0.019,0.069
AIRPOT,1645081021947,1645081021483,4,1645081021483,-0.181,-0.804,-0.566,-0.100,0.036,-0.089
AIRPOT,1645081022000,1645081021536,4,1645081021536,-0.173,-0.815,-0.553,0.010,0.105,0.080
AIRPOT,1645081022071,1645081021607,4,1645081021607,-0.174,-0.819,-0.547,0.043,-0.011,0.023
AIRPOT,1645081022073,1645081021609,4,1645081021609,-0.172,-0.821,-0.544,0.049,-0.001,0.109
AIRPOT,1645081022218,1645081021754,4,1645081021754,-0.179,-0.820,-0.543,0.014,-0.116,-0.079
AIRPOT,1645081022220,1645081021756,4,1645081021756,-0.175,-0.821,-0.543,-0.008,0.108,0.068
AIRPOT,1645081022265,1645081021801,4,1645081021801,-0.182,-0.819,-0.544,0.008,-0.092,-0.117
AIRPOT,1645081022298,1645081021834,4,1645081021834,-0.184,-0.821,-0.540,-0.085,0.110,0.096
AIRPOT,1645081022363,1645081021899,4,1645081021899,-0.190,-0.822,-0.537,0.068,-0.018,-0.094
AIRPOT,1645081022365,1645081021901,4,1645081021901,-0.195,-0.824,-0.531,-0.096,-0.124,0.049
AIRPOT,1645081022371,1645081021907,4,1645081021907,-0.192,-0.825,-0.531,0.035,0.061,-0.054
AIRPOT,1645081022373,1645081021909,4,1645081021909,-0.195,-0.827,-0.528,-0.008,-0.061,0.001
AIRPOT,1645081022431,1645081021967,4,1645081021967,-0.192,-0.827,-0.529,0.008,0.080,-0.006
AIRPOT,1645081022548,1645081022084,4,1645081022084,-0.192,-0.829,-0.525,-0.006,0.027,-0.009
AIRPOT,1645081022552,1645081022088,4,1645081022088,-0.191,-0.830,-0.524,-0.030,-0.069,0.040
AIRPOT,1645081022554,1645081022090,4,1645081022090,-0.190,-0.830,-0.524,0.078,0.034,-0.027
AIRPOT,1645081022670,1645081022206,4,1645081022206,-0.195,-0.829,-0.524,-0.023,-0.000,0.018
AIRPOT,1645081022672,1645081022208,4,1645081022208,-0.195,-0.829,-0.524,-0.009,0.003,-0.007
AIRPOT,1645081022677,1645081022213,4,1645081022213,-0.199,-0.830,-0.521,-0.034,0.038,0.012
AIRPOT,1645081022688,1645081022224,4,1645081022224,-0.199,-0.827,-0.526,-0.034,-0.059,0.044
AIRPOT,1645081022744,1645081022280,4,1645081022280,-0.204,-0.827,-0.523,0.021,0.006,-0.032
AIRPOT,1645081022819,1645081022355,4,1645081022355,-0.206,-0.828,-0.522,0.023,-0.021,-0.053
AIRPOT,1645081022900,1645081022436,4,1645081022436,-0.208,-0.826,-0.524,-0.000,-0.025,0.026
AIRPOT,1645081022901,1645081022437,4,1645081022437,-0.215,-0.824,-0.524,0.022,-0.038,-0.035
AIRPOT,1645081022906,1645081022442,4,1645081022442,-0.219,-0.821,-0.528,0.079,-0.002,-0.095
AIRPOT,1645081023009,1645081022545,4,1645081022545,-0.221,-0.816,-0.533,-0.034,0.056,0.023
AIRPOT,1645081023118,1645081022654,4,1645081022654,-0.224,-0.812,-0.540,-0.072,-0.038,0.052
AIRPOT,1645081023120,1645081022656,4,1645081022656,-0.228,-0.810,-0.541,0.076,-0.108,-0.035
AIRPOT,1645081023124,1645081022660,4,1645081022660,-0.230,-0.805,-0.547,0.027,-0.021,-0.005
AIRPOT,1645081023127,1645081022663,4,1645081022663,-0.228,-0.800,-0.555,-0.009,0.179,-0.038
AIRPOT,1645081023178,1645081022714,4,1645081022714,-0.227,-0.797,-0.559,-0.085,0.019,0.094
AIRPOT,1645081023179,1645081022715,4,1645081022715,-0.229,-0.793,-0.564,-0.000,-0.140,0.004
AIRPOT,1645081023238,1645081022774,4,1645081022774,-0.229,-0.791,-0.567,0.099,-0.073,-0.112
AIRPOT,1645081023301,1645081022837,4,1645081022837,-0.225,-0.789,-0.572,0.036,0.127,-0.041
AIRPOT,1645081023303,1645081022839,4,1645081022839,-0.222,-0.788,-0.575,-0.100,0.008,0.062
AIRPOT,1645081023369,1645081022905,4,1645081022905,-0.219,-0.784,-0.580,-0.066,-0.083,0.042
AIRPOT,1645081023396,1645081022932,4,1645081022932,-0.214,-0.786,-0.580,0.043,0.064,-0.104
AIRPOT,1645081023447,1645081022983,4,1645081022983,-0.208,-0.797,-0.567,-0.042,-0.001,0.054
AIRPOT,1645081023451,1645081022987,4,1645081022987,-0.208,-0.808,-0.552,0.074,-0.062,-0.079
AIRPOT,1645081023509,1645081023045,4,1645081023045,-0.201,-0.818,-0.538,0.042,0.095,0.033
AIRPOT,1645081023568,1645081023104,4,1645081023104,-0.197,-0.824,-0.531,0.042,-0.014,-0.014
AIRPOT,1645081023571,1645081023107,4,1645081023107,-0.193,-0.828,-0.527,-0.043,0.017,0.003
AIRPOT,1645081023630,1645081023166,4,1645081023166,-0.188,-0.829,-0.526,-0.041,0.054,0.026
AIRPOT,1645081023686,1645081023222,4,1645081023222,-0.190,-0.828,-0.528,-0.034,-0.071,-0.028
AIRPOT,1645081023691,1645081023227,4,1645081023227,-0.183,-0.827,-0.532,0.053,0.145,0.067
AIRPOT,1645081023802,1645081023338,4,1645081023338,-0.193,-0.822,-0.536,-0.045,-0.113,-0.047
AIRPOT,1645081023805,1645081023341,4,1645081023341,-0.187,-0.820,-0.541,-0.002,0.070,0.065
AIRPOT,1645081023857,1645081023393,4,1645081023393,-0.186,-0.817,-0.546,0.019,-0.046,-0.014
AIRPOT,1645081023860,1645081023396,4,1645081023396,-0.185,-0.815,-0.549,-0.004,0.047,0.033
AIRPOT,1645081023927,1645081023463,4,1645081023463,-0.186,-0.814,-0.551,0.014,-0.027,-0.045
AIRPOT,1645081023928,1645081023464,4,1645081023464,-0.187,-0.812,-0.553,-0.036,0.020,0.001
AIRPOT,1645081023986,1645081023522,4,1645081023522,-0.187,-0.811,-0.554,0.008,-0.062,-0.035
AIRPOT,1645081024105,1645081023641,4,1645081023641,-0.187,-0.813,-0.552,0.044,0.056,-0.022
AIRPOT,1645081024105,1645081023641,4,1645081023641,-0.189,-0.814,-0.549,0.000,-0.012,-0.001
AIRPOT,1645081024217,1645081023753,4,1645081023753,-0.188,-0.815,-0.549,-0.015,0.014,0.081
AIRPOT,1645081024222,1645081023758,4,1645081023758,-0.192,-0.814,-0.548,-0.016,-0.002,-0.011
AIRPOT,1645081024224,1645081023760,4,1645081023760,-0.193,-0.815,-0.546,-0.024,-0.007,0.018
AIRPOT,1645081024225,1645081023761,4,1645081023761,-0.194,-0.815,-0.546,-0.012,-0.020,-0.016
AIRPOT,1645081024346,1645081023882,4,1645081023882,-0.192,-0.816,-0.546,0.037,-0.005,0.013
AIRPOT,1645081024349,1645081023885,4,1645081023885,-0.197,-0.815,-0.544,0.028,-0.034,-0.044
AIRPOT,1645081024358,1645081023894,4,1645081023894,-0.198,-0.818,-0.540,0.000,-0.003,0.000
AIRPOT,1645081024407,1645081023943,4,1645081023943,-0.198,-0.820,-0.538,-0.067,0.034,0.033
AIRPOT,1645081024408,1645081023944,4,1645081023944,-0.198,-0.822,-0.534,0.007,0.039,-0.007
AIRPOT,1645081024490,1645081024026,4,1645081024026,-0.196,-0.824,-0.531,-0.036,-0.004,0.122
AIRPOT,1645081024490,1645081024026,4,1645081024026,-0.200,-0.825,-0.529,0.024,-0.062,-0.110
AIRPOT,1645081024551,1645081024087,4,1645081024087,-0.195,-0.830,-0.522,-0.013,0.009,0.063
AIRPOT,1645081024618,1645081024154,4,1645081024154,-0.196,-0.832,-0.518,0.023,0.019,-0.035
AIRPOT,1645081024624,1645081024160,4,1645081024160,-0.193,-0.834,-0.517,0.006,0.016,0.057
AIRPOT,1645081024659,1645081024195,4,1645081024195,-0.199,-0.834,-0.515,0.015,0.045,-0.043
AIRPOT,1645081024706,1645081024242,4,1645081024242,-0.201,-0.833,-0.515,-0.068,-0.066,0.004
AIRPOT,1645081024768,1645081024304,4,1645081024304,-0.204,-0.834,-0.513,0.010,0.086,-0.061
AIRPOT,1645081024769,1645081024305,4,1645081024305,-0.204,-0.834,-0.512,-0.067,-0.114,0.030
AIRPOT,1645081024885,1645081024421,4,1645081024421,-0.202,-0.836,-0.511,0.034,0.099,-0.072
AIRPOT,1645081024892,1645081024428,4,1645081024428,-0.200,-0.837,-0.510,0.022,-0.034,0.048
AIRPOT,1645081024893,1645081024429,4,1645081024429,-0.201,-0.837,-0.509,0.015,0.029,0.013
AIRPOT,1645081024951,1645081024487,4,1645081024487,-0.197,-0.838,-0.509,0.022,0.025,0.043
AIRPOT,1645081024979,1645081024515,4,1645081024515,-0.200,-0.836,-0.510,0.014,-0.073,-0.056
AIRPOT,1645081025092,1645081024628,4,1645081024628,-0.197,-0.837,-0.510,0.013,0.101,0.003
AIRPOT,1645081025095,1645081024631,4,1645081024631,-0.197,-0.838,-0.509,-0.003,-0.070,-0.009
AIRPOT,1645081025097,1645081024633,4,1645081024633,-0.198,-0.839,-0.507,-0.021,0.026,0.056
AIRPOT,1645081025153,1645081024689,4,1645081024689,-0.200,-0.837,-0.510,0.021,0.021,0.015
AIRPOT,1645081025209,1645081024745,4,1645081024745,-0.204,-0.835,-0.510,-0.031,-0.003,0.035
AIRPOT,1645081025211,1645081024747,4,1645081024747,-0.209,-0.833,-0.512,0.010,0.001,-0.029
AIRPOT,1645081025268,1645081024804,4,1645081024804,-0.215,-0.832,-0.512,-0.005,0.036,0.009
AIRPOT,1645081025332,1645081024868,4,1645081024868,-0.224,-0.828,-0.513,0.004,-0.046,-0.006
AIRPOT,1645081025337,1645081024873,4,1645081024873,-0.231,-0.824,-0.517,0.007,0.082,-0.010
AIRPOT,1645081025443,1645081024979,4,1645081024979,-0.241,-0.821,-0.518,-0.009,-0.004,-0.011
AIRPOT,1645081025453,1645081024989,4,1645081024989,-0.253,-0.814,-0.523,0.017,-0.084,0.036
AIRPOT,1645081025549,1645081025085,4,1645081025085,-0.263,-0.809,-0.526,0.056,0.078,-0.098
AIRPOT,1645081025553,1645081025089,4,1645081025089,-0.271,-0.803,-0.531,-0.077,0.027,0.079
AIRPOT,1645081025556,1645081025092,4,1645081025092,-0.281,-0.797,-0.535,-0.009,-0.062,-0.052
AIRPOT,1645081025660,1645081025196,4,1645081025196,-0.284,-0.792,-0.540,-0.003,-0.096,0.006
AIRPOT,1645081025668,1645081025204,4,1645081025204,-0.284,-0.789,-0.545,0.065,0.030,-0.005
AIRPOT,1645081025680,1645081025216,4,1645081025216,-0.283,-0.788,-0.546,-0.060,0.126,0.071
AIRPOT,1645081025680,1645081025216,4,1645081025216,-0.283,-0.787,-0.549,-0.034,-0.051,0.022
AIRPOT,1645081025756,1645081025292,4,1645081025292,-0.283,-0.779,-0.560,0.042,-0.124,-0.040
AIRPOT,1645081025762,1645081025298,4,1645081025298,-0.277,-0.773,-0.571,0.054,0.076,-0.041
AIRPOT,1645081025814,1645081025350,4,1645081025350,-0.266,-0.768,-0.582,-0.075,0.096,0.083
AIRPOT,1645081025871,1645081025407,4,1645081025407,-0.261,-0.763,-0.591,-0.041,-0.114,0.035
AIRPOT,1645081025995,1645081025531,4,1645081025531,-0.255,-0.757,-0.602,0.121,-0.093,-0.105
AIRPOT,1645081026022,1645081025558,4,1645081025558,-0.245,-0.755,-0.609,-0.014,0.123,-0.022
AIRPOT,1645081026069,1645081025605,4,1645081025605,-0.237,-0.753,-0.614,-0.091,0.080,0.072
AIRPOT,1645081026081,1645081025617,4,1645081025617,-0.236,-0.754,-0.613,-0.015,-0.046,-0.034
AIRPOT,1645081026081,1645081025617,4,1645081025617,-0.231,-0.759,-0.609,0.014,0.010,-0.065
AIRPOT,1645081026128,1645081025664,4,1645081025664,-0.218,-0.764,-0.607,-0.033,0.092,0.043
AIRPOT,1645081026178,1645081025714,4,1645081025714,-0.213,-0.771,-0.601,0.014,-0.093,0.007
AIRPOT,1645081026181,1645081025717,4,1645081025717,-0.205,-0.774,-0.599,0.052,0.071,0.037
AIRPOT,1645081026237,1645081025773,4,1645081025773,-0.202,-0.777,-0.596,-0.001,-0.021,-0.029
AIRPOT,1645081026242,1645081025778,4,1645081025778,-0.202,-0.780,-0.592,-0.067,-0.018,-0.007
AIRPOT,1645081026300,1645081025836,4,1645081025836,-0.200,-0.782,-0.590,-0.025,0.000,0.004
AIRPOT,1645081026365,1645081025901,4,1645081025901,-0.200,-0.791,-0.578,0.010,0.062,0.078
AIRPOT,1645081026368,1645081025904,4,1645081025904,-0.204,-0.797,-0.569,0.029,-0.097,-0.062
AIRPOT,1645081026417,1645081025953,4,1645081025953,-0.201,-0.803,-0.562,-0.027,0.002,0.040
AIRPOT,1645081026480,1645081026016,4,1645081026016,-0.195,-0.805,-0.561,0.108,-0.088,-0.076
AIRPOT,1645081026485,1645081026021,4,1645081026021,-0.195,-0.811,-0.551,0.007,0.087,0.044
AIRPOT,1645081026538,1645081026074,4,1645081026074,-0.196,-0.812,-0.550,0.053,-0.066,-0.105
AIRPOT,1645081026598,1645081026134,4,1645081026134,-0.197,-0.815,-0.545,-0.105,0.079,0.090
AIRPOT,1645081026600,1645081026136,4,1645081026136,-0.199,-0.816,-0.543,0.058,-0.064,-0.031
AIRPOT,1645081026658,1645081026194,4,1645081026194,-0.208,-0.819,-0.535,-0.108,-0.027,-0.062
AIRPOT,1645081026782,1645081026318,4,1645081026318,-0.196,-0.821,-0.536,0.003,0.083,0.066
AIRPOT,1645081026783,1645081026319,4,1645081026319,-0.198,-0.821,-0.535,0.058,-0.015,-0.090
AIRPOT,1645081026785,1645081026321,4,1645081026321,-0.193,-0.822,-0.535,0.045,-0.014,0.AIRPOT,1645081026360,4,1645081026360,-0.196,-0.822,-0.535,0.099,0.049,-0.061
AIRPOT,1645081026891,1645081026427,4,1645081026427,-0.199,-0.820,-0.537,-0.042,-0.063,0.102
AIRPOT,1645081026901,1645081026437,4,1645081026437,-0.206,-0.818,-0.538,-0.010,0.043,-0.111
AIRPOT,1645081027006,1645081026542,4,1645081026542,-0.205,-0.817,-0.539,-0.064,0.017,0.069
AIRPOT,1645081027017,1645081026553,4,1645081026553,-0.206,-0.815,-0.541,0.012,0.022,-0.028
AIRPOT,1645081027018,1645081026554,4,1645081026554,-0.207,-0.816,-0.540,0.022,0.001,0.043
AIRPOT,1645081027072,1645081026608,4,1645081026608,-0.211,-0.817,-0.537,0.042,0.023,-0.084
AIRPOT,1645081027202,1645081026738,4,1645081026738,-0.212,-0.818,-0.535,-0.050,-0.000,0.092
AIRPOT,1645081027228,1645081026764,4,1645081026764,-0.215,-0.817,-0.535,-0.018,-0.025,-0.016
AIRPOT,1645081027339,1645081026875,4,1645081026875,-0.223,-0.817,-0.532,0.028,-0.009,-0.057
AIRPOT,1645081027343,1645081026879,4,1645081026879,-0.229,-0.813,-0.536,-0.000,0.042,0.021
AIRPOT,1645081027350,1645081026886,4,1645081026886,-0.238,-0.808,-0.539,-0.049,-0.043,0.068
AIRPOT,1645081027402,1645081026938,4,1645081026938,-0.253,-0.801,-0.543,0.053,-0.041,-0.054
AIRPOT,1645081027403,1645081026939,4,1645081026939,-0.262,-0.794,-0.549,-0.032,0.073,0.007
AIRPOT,1645081027458,1645081026994,4,1645081026994,-0.268,-0.785,-0.558,-0.072,0.084,0.019
AIRPOT,1645081027460,1645081026996,4,1645081026996,-0.275,-0.775,-0.569,0.005,-0.133,0.019
AIRPOT,1645081027520,1645081027056,4,1645081027056,-0.280,-0.768,-0.577,0.084,-0.043,-0.034
AIRPOT,1645081027523,1645081027059,4,1645081027059,-0.280,-0.760,-0.587,0.020,0.127,-0.015
AIRPOT,1645081027574,1645081027110,4,1645081027110,-0.278,-0.755,-0.594,-0.090,0.011,0.107
AIRPOT,1645081027576,1645081027112,4,1645081027112,-0.281,-0.746,-0.604,0.027,-0.131,-0.012
AIRPOT,1645081027645,1645081027181,4,1645081027181,-0.280,-0.738,-0.614,0.080,0.016,-0.074
AIRPOT,1645081027652,1645081027188,4,1645081027188,-0.275,-0.733,-0.622,-0.042,0.055,-0.001
AIRPOT,1645081027707,1645081027243,4,1645081027243,-0.270,-0.728,-0.631,-0.047,-0.088,0.041
AIRPOT,1645081027766,1645081027302,4,1645081027302,-0.266,-0.721,-0.640,0.056,-0.062,-0.101
AIRPOT,1645081027772,1645081027308,4,1645081027308,-0.254,-0.717,-0.649,-0.006,0.092,0.008
AIRPOT,1645081027829,1645081027365,4,1645081027365,-0.246,-0.714,-0.656,-0.024,0.052,0.025
AIRPOT,1645081027862,1645081027398,4,1645081027398,-0.246,-0.712,-0.657,0.059,0.003,-0.100
AIRPOT,1645081027910,1645081027446,4,1645081027446,-0.244,-0.716,-0.654,-0.017,0.059,-0.064
AIRPOT,1645081027913,1645081027449,4,1645081027449,-0.236,-0.722,-0.650,-0.010,0.003,0.025
AIRPOT,1645081027964,1645081027500,4,1645081027500,-0.234,-0.729,-0.643,0.029,-0.033,-0.018
AIRPOT,1645081028040,1645081027576,4,1645081027576,-0.231,-0.734,-0.638,0.062,0.033,-0.022
AIRPOT,1645081028044,1645081027580,4,1645081027580,-0.230,-0.740,-0.632,-0.030,-0.004,0.093
AIRPOT,1645081028095,1645081027631,4,1645081027631,-0.231,-0.742,-0.629,-0.030,-0.037,-0.065
AIRPOT,1645081028159,1645081027695,4,1645081027695,-0.228,-0.745,-0.627,-0.025,0.052,0.064
AIRPOT,1645081028219,1645081027755,4,1645081027755,-0.233,-0.747,-0.623,-0.013,-0.056,-0.074
AIRPOT,1645081028270,1645081027806,4,1645081027806,-0.231,-0.756,-0.613,0.010,0.011,0.018
AIRPOT,1645081028338,1645081027874,4,1645081027874,-0.235,-0.762,-0.603,-0.049,0.029,0.003
AIRPOT,1645081028339,1645081027875,4,1645081027875,-0.227,-0.770,-0.596,-0.001,-0.028,0.043
AIRPOT,1645081028344,1645081027880,4,1645081027880,-0.228,-0.778,-0.586,0.008,0.054,0.012
AIRPOT,1645081028403,1645081027939,4,1645081027939,-0.222,-0.783,-0.581,0.039,-0.047,0.014
AIRPOT,1645081028406,1645081027942,4,1645081027942,-0.225,-0.788,-0.573,-0.014,-0.098,-0.027
AIRPOT,1645081028459,1645081027995,4,1645081027995,-0.217,-0.791,-0.572,-0.050,0.094,0.109
AIRPOT,1645081028637,1645081028173,4,1645081028173,-0.227,-0.791,-0.568,0.030,-0.057,-0.132
AIRPOT,1645081028640,1645081028176,4,1645081028176,-0.227,-0.795,-0.563,-0.004,-0.063,-0.019
AIRPOT,1645081028577,1645081028113,4,1645081028113,-0.221,-0.793,-0.568,0.028,0.004,-0.080
AIRPOT,1645081028581,1645081028117,4,1645081028117,-0.223,-0.793,-0.567,-0.103,0.077,0.132
AIRPOT,1645081028696,1645081028232,4,1645081028232,-0.227,-0.794,-0.564,0.033,0.007,-0.094
AIRPOT,1645081028750,1645081028286,4,1645081028286,-0.224,-0.792,-0.568,-0.063,0.045,0.041
AIRPOT,1645081028757,1645081028293,4,1645081028293,-0.225,-0.789,-0.572,0.007,-0.031,-0.071
AIRPOT,1645081028806,1645081028342,4,1645081028342,-0.221,-0.789,-0.574,0.038,0.006,0.020
AIRPOT,1645081028848,1645081028384,4,1645081028384,-0.220,-0.790,-0.572,0.097,0.078,-0.050
AIRPOT,1645081028895,1645081028431,4,1645081028431,-0.221,-0.790,-0.571,-0.021,-0.022,0.053
AIRPOT,1645081028963,1645081028499,4,1645081028499,-0.224,-0.791,-0.569,-0.010,0.014,-0.019
AIRPOT,1645081028966,1645081028502,4,1645081028502,-0.224,-0.794,-0.565,-0.037,0.003,0.002
AIRPOT,1645081029027,1645081028563,4,1645081028563,-0.224,-0.797,-0.561,-0.016,0.007,0.014
AIRPOT,1645081029029,1645081028565,4,1645081028565,-0.226,-0.799,-0.557,0.020,-0.001,0.003
AIRPOT,1645081029090,1645081028626,4,1645081028626,-0.229,-0.802,-0.552,0.038,-0.024,-0.010
AIRPOT,1645081029142,1645081028678,4,1645081028678,-0.235,-0.804,-0.546,0.008,0.047,-0.012
AIRPOT,1645081029150,1645081028686,4,1645081028686,-0.241,-0.803,-0.546,-0.053,0.031,0.080
AIRPOT,1645081029196,1645081028732,4,1645081028732,-0.250,-0.800,-0.546,-0.016,0.006,-0.012
AIRPOT,1645081029264,1645081028800,4,1645081028800,-0.259,-0.796,-0.548,-0.001,-0.052,0.054
AIRPOT,1645081029315,1645081028851,4,1645081028851,-0.269,-0.789,-0.552,0.041,0.013,-0.034
AIRPOT,1645081029326,1645081028862,4,1645081028862,-0.274,-0.786,-0.554,-0.072,0.113,0.032
AIRPOT,1645081029449,1645081028985,4,1645081028985,-0.278,-0.781,-0.559,-0.033,-0.098,0.036
AIRPOT,1645081029451,1645081028987,4,1645081028987,-0.285,-0.777,-0.561,0.097,-0.072,-0.101
AIRPOT,1645081029460,1645081028996,4,1645081028996,-0.281,-0.773,-0.569,-0.013,0.065,0.049
AIRPOT,1645081029565,1645081029101,4,1645081029101,-0.276,-0.766,-0.580,-0.107,0.092,0.082
AIRPOT,1645081029576,1645081029112,4,1645081029112,-0.279,-0.758,-0.590,0.050,-0.081,-0.016
AIRPOT,1645081029576,1645081029112,4,1645081029112,-0.278,-0.749,-0.601,0.059,-0.045,-0.031
AIRPOT,1645081029592,1645081029128,4,1645081029128,-0.273,-0.743,-0.611,0.007,0.126,0.004
AIRPOT,1645081029661,1645081029197,4,1645081029197,-0.269,-0.740,-0.616,-0.083,0.029,0.075
AIRPOT,1645081029694,1645081029230,4,1645081029230,-0.270,-0.734,-0.623,0.023,-0.132,-0.056
AIRPOT,1645081029789,1645081029325,4,1645081029325,-0.267,-0.731,-0.629,0.034,-0.032,-0.058
AIRPOT,1645081029899,1645081029435,4,1645081029435,-0.256,-0.729,-0.635,-0.055,0.134,0.028
AIRPOT,1645081029912,1645081029448,4,1645081029448,-0.252,-0.730,-0.635,-0.064,-0.057,0.027
AIRPOT,1645081029912,1645081029448,4,1645081029448,-0.246,-0.732,-0.636,0.061,0.042,-0.080
AIRPOT,1645081029981,1645081029517,4,1645081029517,-0.235,-0.735,-0.636,-0.049,0.064,0.025
AIRPOT,1645081029983,1645081029519,4,1645081029519,-0.228,-0.740,-0.633,-0.031,-0.039,0.012
AIRPOT,1645081029988,1645081029524,4,1645081029524,-0.220,-0.748,-0.626,0.026,0.013,-0.043
AIRPOT,1645081030034,1645081029570,4,1645081029570,-0.209,-0.754,-0.623,-0.038,-0.045,0.012
AIRPOT,1645081030038,1645081029574,4,1645081029574,-0.200,-0.759,-0.620,0.101,0.052,-0.054
AIRPOT,1645081030100,1645081029636,4,1645081029636,-0.197,-0.765,-0.613,0.008,-0.076,0.047
AIRPOT,1645081030161,1645081029697,4,1645081029697,-0.197,-0.770,-0.607,-0.009,0.076,-0.032
AIRPOT,1645081030194,1645081029730,4,1645081029730,-0.194,-0.777,-0.599,-0.029,0.060,0.074
AIRPOT,1645081030212,1645081029748,4,1645081029748,-0.197,-0.783,-0.590,0.003,0.027,0.035
AIRPOT,1645081030249,1645081029785,4,1645081029785,-0.200,-0.787,-0.584,-0.063,-0.080,-0.015
AIRPOT,1645081030311,1645081029847,4,1645081029847,-0.195,-0.792,-0.578,0.032,0.004,-0.009
AIRPOT,1645081030315,1645081029851,4,1645081029851,-0.195,-0.798,-0.571,0.041,-0.032,0.010
AIRPOT,1645081030365,1645081029901,4,1645081029901,-0.195,-0.802,-0.564,-0.001,0.024,0.021
AIRPOT,1645081030415,1645081029951,4,1645081029951,-0.195,-0.804,-0.561,0.026,-0.036,-0.028
AIRPOT,1645081030467,1645081030003,4,1645081030003,-0.195,-0.807,-0.557,-0.052,0.043,0.047
AIRPOT,1645081030472,1645081030008,4,1645081030008,-0.197,-0.807,-0.557,0.012,-0.012,0.024
AIRPOT,1645081030529,1645081030065,4,1645081030065,-0.202,-0.806,-0.557,0.019,-0.006,-0.055
AIRPOT,1645081030587,1645081030123,4,1645081030123,-0.201,-0.803,-0.561,-0.030,0.075,0.064
AIRPOT,1645081030589,1645081030125,4,1645081030125,-0.206,-0.802,-0.561,0.040,-0.063,-0.113
AIRPOT,1645081030648,1645081030184,4,1645081030184,-0.203,-0.800,-0.564,-0.059,-0.022,0.102
AIRPOT,1645081030705,1645081030241,4,1645081030241,-0.205,-0.800,-0.565,0.081,0.016,-0.039
AIRPOT,1645081030712,1645081030248,4,1645081030248,-0.208,-0.797,-0.566,-0.047,-0.018,-0.023
AIRPOT,1645081030786,1645081030322,4,1645081030322,-0.205,-0.796,-0.569,-0.003,0.036,-0.019
AIRPOT,1645081030792,1645081030328,4,1645081030328,-0.204,-0.796,-0.570,0.028,-0.007,0.021
AIRPOT,1645081030857,1645081030393,4,1645081030393,-0.204,-0.795,-0.571,0.043,0.025,-0.030
AIRPOT,1645081030918,1645081030454,4,1645081030454,-0.205,-0.795,-0.570,-0.005,0.056,-0.001
AIRPOT,1645081030967,1645081030503,4,1645081030503,-0.210,-0.794,-0.570,-0.013,0.003,-0.026
AIRPOT,1645081030968,1645081030504,4,1645081030504,-0.212,-0.794,-0.570,-0.009,0.010,-0.023
AIRPOT,1645081031041,1645081030577,4,1645081030577,-0.212,-0.795,-0.569,0.008,0.026,0.043
AIRPOT,1645081031043,1645081030579,4,1645081030579,-0.218,-0.795,-0.566,0.031,0.014,0.007
AIRPOT,1645081031091,1645081030627,4,1645081030627,-0.225,-0.793,-0.566,-0.019,0.003,0.044
AIRPOT,1645081031158,1645081030694,4,1645081030694,-0.239,-0.787,-0.569,0.005,0.014,-0.030
AIRPOT,1645081031166,1645081030702,4,1645081030702,-0.251,-0.779,-0.575,-0.010,0.077,0.067
AIRPOT,1645081031218,1645081030754,4,1645081030754,-0.267,-0.766,-0.584,0.013,0.006,0.010
AIRPOT,1645081031223,1645081030759,4,1645081030759,-0.284,-0.753,-0.593,-0.012,-0.040,0.007
AIRPOT,1645081031300,1645081030836,4,1645081030836,-0.295,-0.739,-0.605,-0.014,-0.009,0.014
AIRPOT,1645081031336,1645081030872,4,1645081030872,-0.299,-0.732,-0.613,-0.095,0.113,0.008
AIRPOT,1645081031407,1645081030943,4,1645081030943,-0.303,-0.726,-0.617,-0.077,-0.179,0.004
AIRPOT,1645081031407,1645081030943,4,1645081030943,-0.302,-0.726,-0.618,0.048,-0.015,-0.089
AIRPOT,1645081031459,1645081030995,4,1645081030995,-0.297,-0.726,-0.620,0.012,0.000,-0.007
AIRPOT,1645081031465,1645081031001,4,1645081031001,-0.289,-0.725,-0.625,-0.000,0.071,0.066
AIRPOT,1645081031517,1645081031053,4,1645081031053,-0.283,-0.725,-0.628,-0.042,-0.044,0.030
AIRPOT,1645081031577,1645081031113,4,1645081031113,-0.285,-0.723,-0.630,0.089,-0.050,-0.090
AIRPOT,1645081031635,1645081031171,4,1645081031171,-0.280,-0.722,-0.633,-0.033,0.046,0.015
AIRPOT,1645081031689,1645081031225,4,1645081031225,-0.272,-0.719,-0.640,-0.023,-0.008,0.035
AIRPOT,1645081031691,1645081031227,4,1645081031227,-0.271,-0.712,-0.648,0.078,-0.087,-0.052
AIRPOT,1645081031756,1645081031292,4,1645081031292,-0.267,-0.713,-0.649,-0.010,0.075,-0.065
AIRPOT,1645081031761,1645081031297,4,1645081031297,-0.257,-0.712,-0.653,-0.086,-0.044,0.098
AIRPOT,1645081031817,1645081031353,4,1645081031353,-0.253,-0.711,-0.656,0.027,-0.065,-0.035
AIRPOT,1645081031822,1645081031358,4,1645081031358,-0.245,-0.711,-0.659,-0.037,0.066,-0.044
AIRPOT,1645081031877,1645081031413,4,1645081031413,-0.238,-0.714,-0.658,-0.020,-0.014,0.047
AIRPOT,1645081031938,1645081031474,4,1645081031474,-0.237,-0.719,-0.653,-0.012,-0.013,-0.076
AIRPOT,1645081031941,1645081031477,4,1645081031477,-0.230,-0.729,-0.645,0.008,0.008,-0.033
AIRPOT,1645081031993,1645081031529,4,1645081031529,-0.225,-0.742,-0.631,0.075,0.005,-0.012
AIRPOT,1645081032051,1645081031587,4,1645081031587,-0.224,-0.753,-0.619,0.006,-0.020,0.005
AIRPOT,1645081032102,1645081031638,4,1645081031638,-0.222,-0.765,-0.605,0.037,-0.004,0.023
AIRPOT,1645081032109,1645081031645,4,1645081031645,-0.226,-0.776,-0.589,-0.029,0.021,0.056
AIRPOT,1645081032159,1645081031695,4,1645081031695,-0.224,-0.786,-0.576,0.020,-0.019,-0.008
AIRPOT,1645081032203,1645081031739,4,1645081031739,-0.227,-0.797,-0.560,0.002,-0.060,-0.039
AIRPOT,1645081032238,1645081031774,4,1645081031774,-0.226,-0.806,-0.546,-0.025,0.062,0.045
AIRPOT,1645081032330,1645081031866,4,1645081031866,-0.226,-0.814,-0.535,-0.011,-0.070,-0.037
AIRPOT,1645081032331,1645081031867,4,1645081031867,-0.225,-0.823,-0.522,-0.001,0.038,-0.033
AIRPOT,1645081032447,1645081031983,4,1645081031983,-0.221,-0.829,-0.514,-0.055,-0.006,0.028
AIRPOT,1645081032447,1645081031983,4,1645081031983,-0.220,-0.831,-0.510,0.030,0.005,-0.005
AIRPOT,1645081032559,1645081032095,4,1645081032095,-0.219,-0.832,-0.509,-0.066,-0.049,0.115
AIRPOT,1645081032560,1645081032096,4,1645081032096,-0.218,-0.834,-0.507,0.060,0.009,-0.084
AIRPOT,1645081032563,1645081032099,4,1645081032099,-0.217,-0.835,-0.506,0.023,-0.041,0.014
AIRPOT,1645081032563,1645081032099,4,1645081032099,-0.216,-0.833,-0.509,0.073,0.002,-0.008
AIRPOT,1645081032670,1645081032206,4,1645081032206,-0.218,-0.833,-0.509,-0.001,0.007,0.004
AIRPOT,1645081032670,1645081032206,4,1645081032206,-0.218,-0.830,-0.513,-0.040,-0.014,0.023
AIRPOT,1645081032772,1645081032308,4,1645081032308,-0.221,-0.830,-0.513,0.001,0.038,-0.003
AIRPOT,1645081032772,1645081032308,4,1645081032308,-0.222,-0.826,-0.518,-0.040,-0.032,0.063
AIRPOT,1645081032775,1645081032311,4,1645081032311,-0.224,-0.823,-0.522,0.033,0.037,-0.015
AIRPOT,1645081032829,1645081032365,4,1645081032365,-0.225,-0.820,-0.527,-0.016,-0.038,0.056
AIRPOT,1645081032831,1645081032367,4,1645081032367,-0.227,-0.817,-0.530,0.028,0.001,-0.015
AIRPOT,1645081032888,1645081032424,4,1645081032424,-0.230,-0.815,-0.532,-0.004,-0.007,0.004
AIRPOT,1645081032940,1645081032476,4,1645081032476,-0.236,-0.809,-0.538,0.006,0.045,-0.013
AIRPOT,1645081032944,1645081032480,4,1645081032480,-0.242,-0.803,-0.544,-0.030,-0.034,0.015
AIRPOT,1645081033123,1645081032659,4,1645081032659,-0.250,-0.795,-0.552,0.025,-0.004,-0.030
AIRPOT,1645081033123,1645081032659,4,1645081032659,-0.256,-0.788,-0.560,-0.002,0.036,0.027
AIRPOT,1645081033133,1645081032669,4,1645081032668,-0.261,-0.779,-0.570,-0.015,-0.012,0.021
AIRPOT,1645081033133,1645081032669,4,1645081032669,-0.268,-0.769,-0.580,0.046,-0.039,-0.073
AIRPOT,1645081033190,1645081032726,4,1645081032726,-0.267,-0.760,-0.592,-0.009,0.147,0.003
AIRPOT,1645081033190,1645081032726,4,1645081032726,-0.267,-0.750,-0.605,-0.052,0.024,0.046
AIRPOT,1645081033239,1645081032775,4,1645081032775,-0.272,-0.739,-0.616,0.065,-0.144,-0.044
AIRPOT,1645081033310,1645081032846,4,1645081032846,-0.270,-0.731,-0.627,0.005,0.017,0.005
AIRPOT,1645081033380,1645081032916,4,1645081032916,-0.265,-0.722,-0.640,-0.072,0.043,0.068
AIRPOT,1645081033380,1645081032916,4,1645081032916,-0.263,-0.710,-0.654,0.017,-0.135,-0.031
AIRPOT,1645081033383,1645081032919,4,1645081032919,-0.261,-0.699,-0.666,0.058,0.048,-0.045
AIRPOT,1645081033435,1645081032971,4,1645081032971,-0.258,-0.688,-0.678,-0.059,-0.015,0.062
AIRPOT,1645081033485,1645081033021,4,1645081033021,-0.257,-0.673,-0.693,0.041,-0.035,-0.035
AIRPOT,1645081033540,1645081033076,4,1645081033076,-0.253,-0.655,-0.712,0.011,0.027,0.014
AIRPOT,1645081033540,1645081033076,4,1645081033076,-0.247,-0.639,-0.729,-0.081,0.058,0.056
AIRPOT,1645081033647,1645081033183,4,1645081033183,-0.243,-0.624,-0.743,-0.011,-0.081,-0.033
AIRPOT,1645081033740,1645081033276,4,1645081033276,-0.238,-0.612,-0.754,0.109,0.021,-0.107
AIRPOT,1645081033769,1645081033305,4,1645081033305,-0.228,-0.606,-0.762,-0.029,0.104,0.033
AIRPOT,1645081033785,1645081033321,4,1645081033321,-0.224,-0.602,-0.767,-0.032,0.002,0.040
AIRPOT,1645081033793,1645081033329,4,1645081033329,-0.221,-0.599,-0.770,0.011,-0.054,-0.066
AIRPOT,1645081033793,1645081033329,4,1645081033329,-0.215,-0.599,-0.771,0.004,0.112,-0.023
AIRPOT,1645081033851,1645081033387,4,1645081033387,-0.207,-0.602,-0.771,-0.079,0.004,0.053
AIRPOT,1645081034004,1645081033540,4,1645081033540,-0.208,-0.609,-0.765,0.057,0.010,-0.077
AIRPOT,1645081034004,1645081033540,4,1645081033540,-0.206,-0.619,-0.758,-0.005,0.086,-0.045
AIRPOT,1645081034009,1645081033545,4,1645081033545,-0.211,-0.627,-0.750,-0.008,-0.025,0.018
AIRPOT,1645081034009,1645081033545,4,1645081033545,-0.217,-0.639,-0.738,0.014,0.018,-0.067
AIRPOT,1645081034015,1645081033551,4,1645081033551,-0.215,-0.649,-0.730,0.026,-0.056,0.054
AIRPOT,1645081034159,1645081033695,4,1645081033695,-0.218,-0.662,-0.717,0.085,0.145,0.027
AIRPOT,1645081034164,1645081033700,4,1645081033700,-0.224,-0.672,-0.706,-0.005,-0.014,0.055
AIRPOT,1645081034164,1645081033700,4,1645081033700,-0.233,-0.683,-0.693,-0.003,0.037,-0.068
AIRPOT,1645081034219,1645081033755,4,1645081033755,-0.236,-0.693,-0.681,-0.036,-0.002,0.013
AIRPOT,1645081034219,1645081033755,4,1645081033755,-0.244,-0.706,-0.665,0.004,0.012,-0.014
AIRPOT,1645081034271,1645081033807,4,1645081033807,-0.250,-0.715,-0.652,-0.009,-0.074,-0.016
AIRPOT,1645081034327,1645081033863,4,1645081033863,-0.256,-0.726,-0.638,0.011,0.001,-0.038
AIRPOT,1645081034365,1645081033901,4,1645081033901,-0.254,-0.736,-0.628,-0.030,-0.078,0.059
AIRPOT,1645081034428,1645081033964,4,1645081033964,-0.255,-0.745,-0.616,0.016,0.033,0.003
AIRPOT,1645081034431,1645081033967,4,1645081033967,-0.250,-0.754,-0.608,0.000,0.023,0.001
AIRPOT,1645081034498,1645081034034,4,1645081034034,-0.247,-0.760,-0.602,0.001,0.011,0.017
AIRPOT,1645081034549,1645081034085,4,1645081034085,-0.246,-0.764,-0.597,-0.001,-0.016,-0.039
AIRPOT,1645081034549,1645081034085,4,1645081034085,-0.243,-0.764,-0.598,-0.048,-0.031,0.070
AIRPOT,1645081034603,1645081034139,4,1645081034139,-0.240,-0.763,-0.601,0.021,0.016,-0.007
AIRPOT,1645081034662,1645081034198,4,1645081034198,-0.237,-0.758,-0.608,-0.038,-0.041,0.072
AIRPOT,1645081034662,1645081034198,4,1645081034198,-0.234,-0.752,-0.617,-0.003,0.064,-0.017
AIRPOT,1645081034719,1645081034255,4,1645081034255,-0.230,-0.745,-0.626,-0.003,-0.013,-0.014
AIRPOT,1645081034774,1645081034310,4,1645081034310,-0.227,-0.741,-0.632,0.053,0.057,-0.002
AIRPOT,1645081034777,1645081034313,4,1645081034313,-0.228,-0.736,-0.637,0.025,-0.015,-0.009
AIRPOT,1645081034878,1645081034414,4,1645081034414,-0.228,-0.732,-0.641,0.015,-0.015,0.033
AIRPOT,1645081034878,1645081034414,4,1645081034414,-0.233,-0.731,-0.642,0.028,0.043,-0.078
AIRPOT,1645081034905,1645081034441,4,1645081034441,-0.234,-0.731,-0.641,-0.032,-0.016,0.029
AIRPOT,1645081034967,1645081034503,4,1645081034503,-0.237,-0.731,-0.640,0.015,0.012,-0.040
AIRPOT,1645081035015,1645081034551,4,1645081034551,-0.239,-0.734,-0.636,-0.004,0.021,-0.001
AIRPOT,1645081035019,1645081034555,4,1645081034555,-0.243,-0.736,-0.632,0.013,-0.012,0.003
AIRPOT,1645081035077,1645081034613,4,1645081034613,-0.249,-0.739,-0.626,0.015,0.046,-0.056
AIRPOT,1645081035129,1645081034665,4,1645081034665,-0.253,-0.742,-0.621,-0.031,-0.028,0.039
AIRPOT,1645081035164,1645081034700,4,1645081034700,-0.260,-0.746,-0.612,0.042,0.093,-0.081
AIRPOT,1645081035206,1645081034742,4,1645081034742,-0.262,-0.752,-0.605,-0.056,-0.001,0.043
AIRPOT,1645081035212,1645081034748,4,1645081034748,-0.265,-0.756,-0.599,0.002,-0.087,0.031
AIRPOT,1645081035264,1645081034800,4,1645081034800,-0.266,-0.760,-0.593,0.057,0.129,-0.023
AIRPOT,1645081035369,1645081034905,4,1645081034905,-0.265,-0.762,-0.591,-0.104,-0.135,0.089
AIRPOT,1645081035373,1645081034909,4,1645081034909,-0.267,-0.764,-0.587,0.050,0.029,-0.059
AIRPOT,1645081035373,1645081034909,4,1645081034909,-0.266,-0.768,-0.582,-0.020,0.026,0.035
AIRPOT,1645081035415,1645081034951,4,1645081034951,-0.266,-0.774,-0.575,-0.045,0.002,0.027
AIRPOT,1645081035459,1645081034995,4,1645081034995,-0.269,-0.781,-0.563,-0.045,-0.152,-0.026
AIRPOT,1645081035567,1645081035103,4,1645081035103,-0.269,-0.791,-0.550,0.102,0.040,-0.084
AIRPOT,1645081035567,1645081035103,4,1645081035103,-0.262,-0.800,-0.540,-0.085,0.064,0.108
AIRPOT,1645081035572,1645081035108,4,1645081035108,-0.260,-0.806,-0.531,-0.002,-0.076,0.050
AIRPOT,1645081035615,1645081035151,4,1645081035151,-0.261,-0.812,-0.522,0.087,-0.119,-0.086
AIRPOT,1645081035677,1645081035213,4,1645081035213,-0.258,-0.819,-0.512,0.106,0.100,-0.049
AIRPOT,1645081035724,1645081035260,4,1645081035260,-0.253,-0.823,-0.509,-0.123,0.123,0.170
AIRPOT,1645081035775,1645081035311,4,1645081035311,-0.256,-0.823,-0.508,-0.036,-0.075,-0.002
AIRPOT,1645081035778,1645081035314,4,1645081035314,-0.260,-0.818,-0.513,0.070,-0.146,-0.037
AIRPOT,1645081035832,1645081035368,4,1645081035368,-0.258,-0.816,-0.517,0.026,0.130,-0.047
AIRPOT,1645081035934,1645081035470,4,1645081035470,-0.252,-0.813,-0.525,-0.147,0.029,0.112
AIRPOT,1645081035934,1645081035470,4,1645081035470,-0.252,-0.808,-0.532,0.010,-0.095,-0.020
AIRPOT,1645081035984,1645081035520,4,1645081035520,-0.249,-0.806,-0.536,0.107,-0.022,-0.027
AIRPOT,1645081035985,1645081035521,4,1645081035521,-0.241,-0.803,-0.546,-0.007,0.126,0.039
AIRPOT,1645081036101,1645081035637,4,1645081035637,-0.237,-0.798,-0.554,-0.045,-0.115,0.045
AIRPOT,1645081036101,1645081035637,4,1645081035637,-0.241,-0.792,-0.561,0.088,-0.042,-0.131
AIRPOT,1645081036103,1645081035639,4,1645081035639,-0.233,-0.788,-0.569,-0.053,0.044,0.060
AIRPOT,1645081036170,1645081035706,4,1645081035706,-0.232,-0.784,-0.576,-0.035,-0.058,0.044
AIRPOT,1645081036199,1645081035735,4,1645081035735,-0.233,-0.783,-0.577,0.024,0.040,-0.068
AIRPOT,1645081036251,1645081035787,4,1645081035787,-0.228,-0.783,-0.578,-0.023,-0.054,0.071
AIRPOT,1645081036251,1645081035787,4,1645081035787,-0.229,-0.784,-0.577,0.045,0.018,-0.046
AIRPOT,1645081036305,1645081035841,4,1645081035841,-0.232,-0.786,-0.573,0.025,0.029,0.003
AIRPOT,1645081036353,1645081035889,4,1645081035889,-0.237,-0.787,-0.570,-0.011,0.026,-0.012
AIRPOT,1645081036410,1645081035946,4,1645081035946,-0.237,-0.788,-0.568,-0.038,-0.021,0.075
AIRPOT,1645081036456,1645081035992,4,1645081035992,-0.242,-0.788,-0.566,0.001,-0.006,-0.044
AIRPOT,1645081036462,1645081035998,4,1645081035998,-0.242,-0.791,-0.562,-0.029,-0.012,0.047
AIRPOT,1645081036568,1645081036104,4,1645081036104,-0.245,-0.792,-0.559,0.045,-0.038,-0.057
AIRPOT,1645081036570,1645081036106,4,1645081036106,-0.242,-0.794,-0.559,-0.004,-0.048,0.058
AIRPOT,1645081036571,1645081036107,4,1645081036107,-0.238,-0.792,-0.563,0.008,0.041,0.033
AIRPOT,1645081036711,1645081036247,4,1645081036247,-0.237,-0.786,-0.570,-0.034,-0.029,0.043
AIRPOT,1645081036712,1645081036248,4,1645081036248,-0.237,-0.780,-0.579,-0.018,-0.006,-0.010
AIRPOT,1645081036718,1645081036254,4,1645081036254,-0.235,-0.774,-0.589,-0.013,0.020,0.007
AIRPOT,1645081036763,1645081036299,4,1645081036299,-0.235,-0.768,-0.596,0.002,0.021,-0.040
AIRPOT,1645081036769,1645081036305,4,1645081036305,-0.232,-0.762,-0.604,0.012,0.038,0.007
AIRPOT,1645081036820,1645081036356,4,1645081036356,-0.232,-0.757,-0.611,-0.001,0.011,-0.031
AIRPOT,1645081036857,1645081036393,4,1645081036393,-0.230,-0.752,-0.618,-0.004,-0.006,0.015
AIRPOT,1645081036907,1645081036443,4,1645081036443,-0.231,-0.748,-0.623,0.033,-0.004,-0.031
AIRPOT,1645081036970,1645081036506,4,1645081036506,-0.231,-0.744,-0.627,0.018,-0.010,0.016
AIRPOT,1645081036988,1645081036524,4,1645081036524,-0.232,-0.738,-0.634,0.011,-0.012,0.018
AIRPOT,1645081037045,1645081036581,4,1645081036581,-0.232,-0.731,-0.642,-0.003,0.011,0.024
AIRPOT,1645081037098,1645081036634,4,1645081036634,-0.233,-0.722,-0.651,0.000,0.019,-0.001
AIRPOT,1645081037098,1645081036634,4,1645081036634,-0.235,-0.712,-0.662,-0.015,-0.004,-0.010
AIRPOT,1645081037154,1645081036690,4,1645081036690,-0.236,-0.701,-0.673,0.014,0.046,-0.027
AIRPOT,1645081037205,1645081036741,4,1645081036740,-0.239,-0.692,-0.681,0.013,-0.020,-0.033
AIRPOT,1645081037205,1645081036741,4,1645081036741,-0.238,-0.684,-0.689,0.008,0.030,0.003
AIRPOT,1645081037277,1645081036813,4,1645081036813,-0.239,-0.678,-0.695,0.007,-0.004,0.019
AIRPOT,1645081037329,1645081036865,4,1645081036865,-0.242,-0.676,-0.696,0.011,0.056,-0.058
AIRPOT,1645081037379,1645081036915,4,1645081036915,-0.244,-0.676,-0.696,0.014,0.045,-0.008
AIRPOT,1645081037379,1645081036915,4,1645081036915,-0.249,-0.677,-0.692,0.006,0.040,-0.023
AIRPOT,1645081037434,1645081036970,4,1645081036970,-0.254,-0.677,-0.691,-0.035,-0.048,0.004
AIRPOT,1645081037481,1645081037017,4,1645081037017,-0.259,-0.681,-0.685,0.043,0.076,-0.015
AIRPOT,1645081037488,1645081037024,4,1645081037024,-0.263,-0.682,-0.682,-0.050,-0.042,0.009
AIRPOT,1645081037600,1645081037136,4,1645081037136,-0.272,-0.685,-0.676,0.027,-0.029,-0.067
AIRPOT,1645081037607,1645081037143,4,1645081037143,-0.274,-0.689,-0.671,-0.016,0.075,-0.027
AIRPOT,1645081037607,1645081037143,4,1645081037143,-0.278,-0.694,-0.664,-0.059,-0.034,0.040
AIRPOT,1645081037653,1645081037189,4,1645081037189,-0.283,-0.698,-0.658,0.048,-0.076,0.002
AIRPOT,1645081037708,1645081037244,4,1645081037244,-0.283,-0.703,-0.653,-0.003,0.099,-0.033
AIRPOT,1645081037808,1645081037344,4,1645081037344,-0.281,-0.707,-0.649,-0.052,-0.038,0.125
AIRPOT,1645081037808,1645081037344,4,1645081037344,-0.286,-0.708,-0.646,0.038,-0.039,-0.064
AIRPOT,1645081037877,1645081037413,4,1645081037413,-0.283,-0.710,-0.645,-0.007,0.049,0.027
AIRPOT,1645081037878,1645081037414,4,1645081037414,-0.282,-0.711,-0.644,-0.020,-0.020,0.025
AIRPOT,1645081037930,1645081037466,4,1645081037466,-0.283,-0.708,-0.647,0.042,-0.085,-0.050
AIRPOT,1645081037930,1645081037466,4,1645081037466,-0.279,-0.707,-0.649,0.011,0.057,0.051
AIRPOT,1645081037977,1645081037513,4,1645081037513,-0.276,-0.708,-0.651,-0.042,0.027,0.036
AIRPOT,1645081038024,1645081037560,4,1645081037560,-0.278,-0.708,-0.649,0.044,-0.037,-0.044
AIRPOT,1645081038135,1645081037671,4,1645081037671,-0.277,-0.707,-0.651,-0.024,0.065,-0.035
AIRPOT,1645081038142,1645081037678,4,1645081037678,-0.272,-0.709,-0.651,-0.043,0.064,0.059
AIRPOT,1645081038143,1645081037679,4,1645081037679,-0.267,-0.710,-0.651,-0.082,-0.033,0.040
AIRPOT,1645081038196,1645081037732,4,1645081037732,-0.268,-0.713,-0.647,0.076,-0.073,-0.013
AIRPOT,1645081038247,1645081037783,4,1645081037783,-0.264,-0.718,-0.644,0.053,0.093,-0.080
AIRPOT,1645081038345,1645081037881,4,1645081037881,-0.259,-0.721,-0.643,-0.145,-0.095,0.133
AIRPOT,1645081038345,1645081037881,4,1645081037881,-0.261,-0.725,-0.637,0.108,0.002,-0.105
AIRPOT,1645081038349,1645081037885,4,1645081037885,-0.256,-0.728,-0.636,-0.069,0.069,0.093
AIRPOT,1645081038414,1645081037950,4,1645081037950,-0.252,-0.724,-0.642,-0.124,-0.144,0.083
AIRPOT,1645081038414,1645081037950,4,1645081037950,-0.242,-0.718,-0.653,0.062,0.009,-0.008
AIRPOT,1645081038509,1645081038045,4,1645081038045,-0.229,-0.712,-0.664,0.011,0.116,0.016
AIRPOT,1645081038510,1645081038046,4,1645081038046,-0.224,-0.701,-0.677,0.034,-0.087,-0.032
AIRPOT,1645081038574,1645081038110,4,1645081038110,-0.219,-0.691,-0.689,0.038,0.052,0.015
AIRPOT,1645081038598,1645081038134,4,1645081038134,-0.211,-0.679,-0.704,-0.039,-0.049,0.014
AIRPOT,1645081038680,1645081038216,4,1645081038216,-0.207,-0.668,-0.715,0.004,0.016,0.008
AIRPOT,1645081038683,1645081038219,4,1645081038219,-0.199,-0.656,-0.728,-0.059,0.176,-0.003
AIRPOT,1645081038747,1645081038283,4,1645081038283,-0.195,-0.642,-0.742,-0.059,-0.082,0.065
AIRPOT,1645081038747,1645081038283,4,1645081038283,-0.195,-0.633,-0.749,0.053,0.020,-0.084
AIRPOT,1645081038798,1645081038334,4,1645081038334,-0.190,-0.627,-0.755,0.011,0.028,0.065
AIRPOT,1645081038801,1645081038337,4,1645081038337,-0.189,-0.621,-0.761,0.022,0.014,-0.004
AIRPOT,1645081038868,1645081038404,4,1645081038404,-0.191,-0.614,-0.766,0.015,-0.109,-0.011
AIRPOT,1645081038919,1645081038455,4,1645081038455,-0.190,-0.611,-0.768,0.024,0.126,-0.035
AIRPOT,1645081038923,1645081038459,4,1645081038459,-0.188,-0.605,-0.774,-0.053,-0.022,0.062
AIRPOT,1645081038974,1645081038510,4,1645081038510,-0.191,-0.596,-0.780,0.016,-0.048,-0.022
AIRPOT,1645081039025,1645081038561,4,1645081038561,-0.188,-0.590,-0.785,0.014,0.108,-0.010
AIRPOT,1645081039079,1645081038615,4,1645081038615,-0.184,-0.580,-0.794,-0.038,-0.088,0.065
AIRPOT,1645081039079,1645081038615,4,1645081038615,-0.183,-0.569,-0.801,0.074,0.128,-0.003
AIRPOT,1645081039145,1645081038681,4,1645081038681,-0.180,-0.557,-0.811,-0.082,-0.079,-0.002
AIRPOT,1645081039240,1645081038776,4,1645081038776,-0.176,-0.544,-0.820,0.001,-0.002,0.055
AIRPOT,1645081039241,1645081038777,4,1645081038777,-0.174,-0.529,-0.830,0.025,0.019,-0.076
AIRPOT,1645081039247,1645081038783,4,1645081038783,-0.168,-0.513,-0.842,-0.026,-0.087,0.055
AIRPOT,1645081039346,1645081038882,4,1645081038882,-0.164,-0.499,-0.851,0.086,0.059,-0.020
AIRPOT,1645081039350,1645081038886,4,1645081038886,-0.168,-0.487,-0.857,-0.016,-0.037,-0.061
AIRPOT,1645081039463,1645081038999,4,1645081038999,-0.167,-0.480,-0.861,0.006,0.029,-0.079
AIRPOT,1645081039464,1645081039000,4,1645081039000,-0.172,-0.498,-0.850,0.053,0.164,-0.061
AIRPOT,1645081039497,1645081039033,4,1645081039033,-0.184,-0.534,-0.826,0.041,0.152,-0.068
AIRPOT,1645081039529,1645081039065,4,1645081039065,-0.199,-0.580,-0.790,0.015,0.031,-0.067
AIRPOT,1645081039531,1645081039067,4,1645081039067,-0.215,-0.633,-0.744,-0.047,-0.005,0.057
AIRPOT,1645081039583,1645081039119,4,1645081039119,-0.232,-0.679,-0.696,0.022,0.023,-0.059
AIRPOT,1645081039680,1645081039216,4,1645081039216,-0.241,-0.720,-0.651,-0.005,-0.007,0.008
AIRPOT,1645081039680,1645081039216,4,1645081039216,-0.249,-0.756,-0.606,0.046,-0.009,0.007
AIRPOT,1645081039684,1645081039220,4,1645081039220,-0.256,-0.784,-0.566,-0.035,-0.024,0.051
AIRPOT,1645081039747,1645081039283,4,1645081039283,-0.264,-0.807,-0.529,-0.024,0.049,-0.026
AIRPOT,1645081039797,1645081039333,4,1645081039333,-0.266,-0.826,-0.497,-0.053,-0.009,0.012
AIRPOT,1645081039800,1645081039336,4,1645081039336,-0.268,-0.844,-0.464,0.023,0.036,-0.040
AIRPOT,1645081039858,1645081039394,4,1645081039394,-0.266,-0.859,-0.437,-0.051,-0.056,0.063
AIRPOT,1645081039909,1645081039445,4,1645081039445,-0.267,-0.869,-0.416,0.038,-0.026,-0.015
AIRPOT,1645081040080,1645081039616,4,1645081039616,-0.267,-0.876,-0.402,-0.012,-0.022,0.025
AIRPOT,1645081040128,1645081039664,4,1645081039664,-0.266,-0.882,-0.389,0.059,0.061,-0.098
AIRPOT,1645081040134,1645081039670,4,1645081039670,-0.266,-0.888,-0.376,-0.005,-0.017,0.028
AIRPOT,1645081040134,1645081039670,4,1645081039670,-0.264,-0.891,-0.369,0.010,0.029,0.028
AIRPOT,1645081040136,1645081039672,4,1645081039672,-0.265,-0.894,-0.361,-0.027,0.022,-0.001
AIRPOT,1645081040137,1645081039673,4,1645081039673,-0.267,-0.897,-0.353,-0.026,0.026,0.010
AIRPOT,1645081040235,1645081039771,4,1645081039771,-0.269,-0.898,-0.349,-0.011,-0.007,0.004
AIRPOT,1645081040235,1645081039771,4,1645081039771,-0.271,-0.898,-0.347,0.010,0.035,0.013
AIRPOT,1645081040266,1645081039802,4,1645081039802,-0.273,-0.897,-0.348,0.003,-0.095,-0.061
AIRPOT,1645081040308,1645081039844,4,1645081039844,-0.270,-0.899,-0.345,0.040,0.039,-0.059
AIRPOT,1645081040366,1645081039902,4,1645081039902,-0.270,-0.900,-0.343,0.013,-0.022,-0.003
AIRPOT,1645081040415,1645081039951,4,1645081039951,-0.268,-0.901,-0.342,-0.041,0.104,0.042
AIRPOT,1645081040419,1645081039955,4,1645081039955,-0.267,-0.900,-0.345,-0.042,-0.041,0.045
AIRPOT,1645081040473,1645081040009,4,1645081040009,-0.263,-0.901,-0.345,0.015,0.026,-0.021
AIRPOT,1645081040477,1645081040013,4,1645081040013,-0.263,-0.901,-0.346,0.011,0.030,-0.032
AIRPOT,1645081040528,1645081040064,4,1645081040064,-0.264,-0.900,-0.347,-0.003,-0.091,-0.006
AIRPOT,1645081040577,1645081040113,4,1645081040113,-0.260,-0.902,-0.345,-0.003,0.021,-0.009
AIRPOT,1645081040643,1645081040179,4,1645081040179,-0.259,-0.903,-0.343,0.007,-0.020,-0.013
AIRPOT,1645081040689,1645081040225,4,1645081040225,-0.255,-0.905,-0.340,-0.027,0.010,0.006
AIRPOT,1645081040692,1645081040228,4,1645081040228,-0.249,-0.908,-0.338,-0.004,0.005,-0.002
AIRPOT,1645081040751,1645081040287,4,1645081040287,-0.243,-0.910,-0.335,-0.007,0.010,0.006
AIRPOT,1645081040802,1645081040338,4,1645081040338,-0.238,-0.912,-0.333,-0.003,0.017,0.024
AIRPOT,1645081040803,1645081040339,4,1645081040339,-0.237,-0.913,-0.332,0.023,-0.003,-0.045
AIRPOT,1645081041027,1645081040563,4,1645081040563,-0.235,-0.914,-0.330,0.017,0.013,-0.005
AIRPOT,1645081041027,1645081040563,4,1645081040563,-0.235,-0.914,-0.331,0.001,-0.008,0.008
AIRPOT,1645081041034,1645081040570,4,1645081040570,-0.235,-0.914,-0.331,0.006,-0.011,-0.002
AIRPOT,1645081041039,1645081040575,4,1645081040575,-0.236,-0.914,-0.331,0.010,0.007,-0.009
AIRPOT,1645081041088,1645081040624,4,1645081040624,-0.240,-0.912,-0.333,0.031,0.021,0.000
AIRPOT,1645081041088,1645081040624,4,1645081040624,-0.248,-0.908,-0.338,0.027,0.056,0.004
AIRPOT,1645081041092,1645081040628,4,1645081040628,-0.265,-0.899,-0.350,0.069,0.061,-0.010
AIRPOT,1645081041143,1645081040679,4,1645081040679,-0.292,-0.883,-0.369,0.045,0.030,0.029
AIRPOT,1645081041198,1645081040734,4,1645081040734,-0.328,-0.862,-0.388,0.056,0.023,-0.025
AIRPOT,1645081041198,1645081040734,4,1645081040734,-0.363,-0.835,-0.414,0.025,-0.023,-0.017
AIRPOT,1645081041274,1645081040810,4,1645081040810,-0.391,-0.806,-0.444,-0.026,-0.025,0.015
AIRPOT,1645081041275,1645081040811,4,1645081040811,-0.412,-0.777,-0.476,-0.081,-0.079,0.033
AIRPOT,1645081041345,1645081040881,4,1645081040881,-0.426,-0.748,-0.510,-0.088,-0.100,0.026
AIRPOT,1645081041373,1645081040909,4,1645081040909,-0.427,-0.719,-0.548,-0.088,-0.073,0.043
AIRPOT,1645081041421,1645081040957,4,1645081040957,-0.420,-0.688,-0.592,-0.074,-0.053,0.030
AIRPOT,1645081041473,1645081041009,4,1645081041009,-0.403,-0.655,-0.639,-0.063,-0.060,0.029
AIRPOT,1645081041475,1645081041011,4,1645081041011,-0.376,-0.619,-0.690,-0.053,-0.053,0.041
AIRPOT,1645081041590,1645081041126,4,1645081041126,-0.340,-0.577,-0.743,-0.058,-0.059,0.035
AIRPOT,1645081041592,1645081041128,4,1645081041128,-0.296,-0.529,-0.795,-0.061,-0.039,0.052
AIRPOT,1645081041643,1645081041179,4,1645081041179,-0.246,-0.474,-0.845,-0.070,-0.050,0.038
AIRPOT,1645081041646,1645081041182,4,1645081041182,-0.194,-0.416,-0.888,-0.060,-0.022,0.049
AIRPOT,1645081041700,1645081041236,4,1645081041236,-0.141,-0.355,-0.924,-0.021,-0.018,0.021
AIRPOT,1645081041755,1645081041291,4,1645081041291,-0.090,-0.297,-0.951,0.004,-0.007,0.042
AIRPOT,1645081041759,1645081041295,4,1645081041295,-0.046,-0.247,-0.968,-0.014,-0.011,0.030
AIRPOT,1645081041813,1645081041349,4,1645081041349,-0.008,-0.206,-0.979,-0.022,-0.028,0.034
AIRPOT,1645081041866,1645081041402,4,1645081041402,0.024,-0.173,-0.985,-0.019,-0.042,0.024
AIRPOT,1645081041923,1645081041459,4,1645081041459,0.049,-0.146,-0.988,-0.010,-0.019,0.022
AIRPOT,1645081041924,1645081041460,4,1645081041460,0.068,-0.123,-0.990,-0.009,-0.025,0.015
AIRPOT,1645081041978,1645081041514,4,1645081041514,0.085,-0.101,-0.991,-0.017,-0.041,0.018
AIRPOT,1645081042043,1645081041579,4,1645081041579,0.100,-0.079,-0.992,-0.023,-0.055,0.027
AIRPOT,1645081042095,1645081041631,4,1645081041631,0.116,-0.051,-0.992,0.003,-0.037,0.035
AIRPOT,1645081042105,1645081041641,4,1645081041641,0.130,-0.028,-0.991,0.014,0.002,0.028
AIRPOT,1645081042155,1645081041691,4,1645081041691,0.144,-0.008,-0.990,0.018,0.019,0.022
AIRPOT,1645081042157,1645081041693,4,1645081041693,0.157,0.012,-0.988,0.017,0.025,0.015
AIRPOT,1645081042221,1645081041757,4,1645081041757,0.169,0.029,-0.985,0.018,0.036,0.016
AIRPOT,1645081042289,1645081041825,4,1645081041825,0.181,0.046,-0.982,0.017,0.028,0.014
AIRPOT,1645081042347,1645081041883,4,1645081041883,0.192,0.062,-0.979,0.017,0.018,0.013
AIRPOT,1645081042349,1645081041885,4,1645081041885,0.202,0.077,-0.976,0.011,0.019,0.020
AIRPOT,1645081042360,1645081041896,4,1645081041896,0.210,0.091,-0.973,0.022,0.032,0.003
AIRPOT,1645081042467,1645081042003,4,1645081042003,0.219,0.103,-0.970,0.006,0.032,0.027
AIRPOT,1645081042469,1645081042005,4,1645081042005,0.227,0.116,-0.967,0.025,0.030,0.031
AIRPOT,1645081042478,1645081042014,4,1645081042014,0.233,0.130,-0.964,0.046,0.057,0.008
AIRPOT,1645081042561,1645081042097,4,1645081042097,0.240,0.146,-0.960,0.032,0.063,0.025
AIRPOT,1645081042625,1645081042161,4,1645081042160,0.246,0.162,-0.956,0.024,0.035,0.004
AIRPOT,1645081042625,1645081042161,4,1645081042161,0.252,0.175,-0.952,0.006,0.028,0.026
AIRPOT,1645081042675,1645081042211,4,1645081042211,0.258,0.187,-0.948,0.014,0.029,0.006
AIRPOT,1645081042678,1645081042214,4,1645081042214,0.266,0.201,-0.943,0.027,0.024,0.009
AIRPOT,1645081042730,1645081042266,4,1645081042266,0.275,0.219,-0.936,0.029,0.002,0.025
AIRPOT,1645081042783,1645081042319,4,1645081042319,0.283,0.239,-0.929,0.012,-0.023,0.021
AIRPOT,1645081042790,1645081042326,4,1645081042326,0.291,0.260,-0.921,-0.025,-0.020,0.057
AIRPOT,1645081042844,1645081042380,4,1645081042380,0.296,0.282,-0.913,0.012,0.012,0.006
AIRPOT,1645081043015,1645081042551,4,1645081042551,0.301,0.307,-0.903,0.018,0.030,0.024
AIRPOT,1645081043017,1645081042553,4,1645081042553,0.306,0.334,-0.892,0.015,0.037,0.027
AIRPOT,1645081043127,1645081042663,4,1645081042663,0.306,0.359,-0.882,0.023,0.035,0.019
AIRPOT,1645081043128,1645081042664,4,1645081042664,0.306,0.383,-0.872,0.028,0.034,0.019
AIRPOT,1645081043133,1645081042669,4,1645081042669,0.304,0.407,-0.862,0.020,0.043,0.026
AIRPOT,1645081043135,1645081042671,4,1645081042671,0.299,0.430,-0.852,0.030,0.018,0.016
AIRPOT,1645081043246,1645081042782,4,1645081042782,0.290,0.452,-0.843,0.022,0.038,0.012
AIRPOT,1645081043249,1645081042785,4,1645081042785,0.281,0.472,-0.836,0.012,0.022,0.002
AIRPOT,1645081043307,1645081042843,4,1645081042843,0.273,0.487,-0.830,-0.009,0.034,-0.004
AIRPOT,1645081043310,1645081042846,4,1645081042846,0.268,0.498,-0.825,-0.007,0.011,-0.013
AIRPOT,1645081043314,1645081042850,4,1645081042850,0.266,0.508,-0.819,-0.021,0.025,0.015
AIRPOT,1645081043316,1645081042852,4,1645081042852,0.265,0.517,-0.814,-0.007,-0.001,0.003
AIRPOT,1645081043371,1645081042907,4,1645081042907,0.264,0.525,-0.809,-0.011,0.013,0.018
AIRPOT,1645081043427,1645081042963,4,1645081042963,0.260,0.534,-0.805,0.005,0.024,-0.001
AIRPOT,1645081043429,1645081042965,4,1645081042965,0.256,0.541,-0.801,-0.005,0.045,0.019
AIRPOT,1645081043547,1645081043083,4,1645081043083,0.251,0.546,-0.799,0.012,0.055,0.008
AIRPOT,1645081043549,1645081043085,4,1645081043085,0.249,0.548,-0.798,0.022,0.056,0.004
AIRPOT,1645081043581,1645081043117,4,1645081043117,0.247,0.549,-0.798,0.020,0.057,0.013
AIRPOT,1645081043612,1645081043148,4,1645081043148,0.245,0.547,-0.800,0.024,0.045,0.004
AIRPOT,1645081043658,1645081043194,4,1645081043194,0.245,0.543,-0.803,0.006,0.043,0.017
AIRPOT,1645081043718,1645081043254,4,1645081043254,0.245,0.538,-0.806,0.010,0.043,0.039
AIRPOT,1645081043722,1645081043258,4,1645081043258,0.243,0.533,-0.811,0.009,0.040,0.028
AIRPOT,1645081043817,1645081043353,4,1645081043353,0.242,0.527,-0.815,-0.005,0.038,0.034
AIRPOT,1645081043908,1645081043444,4,1645081043444,0.240,0.521,-0.819,0.004,0.036,-0.003
AIRPOT,1645081043915,1645081043451,4,1645081043451,0.240,0.514,-0.823,-0.014,0.045,0.010
AIRPOT,1645081043915,1645081043451,4,1645081043451,0.240,0.506,-0.828,0.002,0.073,-0.004
AIRPOT,1645081043917,1645081043453,4,1645081043453,0.247,0.494,-0.834,0.013,0.112,-0.014
AIRPOT,1645081043975,1645081043511,4,1645081043511,0.264,0.477,-0.839,0.007,0.082,0.007
AIRPOT,1645081044031,1645081043567,4,1645081043567,0.286,0.455,-0.843,0.013,0.064,0.007
AIRPOT,1645081044032,1645081043568,4,1645081043568,0.311,0.430,-0.847,-0.011,-0.006,0.052
AIRPOT,1645081044099,1645081043635,4,1645081043635,0.330,0.408,-0.851,-0.000,-0.019,0.020
AIRPOT,1645081044148,1645081043684,4,1645081043684,0.346,0.384,-0.856,-0.011,-0.016,0.031
AIRPOT,1645081044148,1645081043684,4,1645081043684,0.357,0.361,-0.862,0.010,-0.017,-0.017
AIRPOT,1645081044204,1645081043740,4,1645081043740,0.367,0.342,-0.865,-0.014,-0.021,0.011
AIRPOT,1645081044256,1645081043792,4,1645081043792,0.371,0.320,-0.872,-0.003,-0.003,-0.012
AIRPOT,1645081044308,1645081043844,4,1645081043844,0.375,0.297,-0.878,-0.013,-0.015,-0.026
AIRPOT,1645081044320,1645081043856,4,1645081043856,0.377,0.280,-0.883,-0.034,-0.036,-0.003
AIRPOT,1645081044368,1645081043904,4,1645081043904,0.378,0.260,-0.888,-0.043,-0.024,-0.008
AIRPOT,1645081044423,1645081043959,4,1645081043959,0.382,0.243,-0.892,-0.034,-0.030,0.007
AIRPOT,1645081044426,1645081043962,4,1645081043962,0.385,0.229,-0.894,-0.027,-0.044,0.003
AIRPOT,1645081044484,1645081044020,4,1645081044020,0.385,0.212,-0.898,-0.042,-0.049,0.004
AIRPOT,1645081044535,1645081044071,4,1645081044071,0.384,0.199,-0.902,-0.030,-0.035,-0.008
AIRPOT,1645081044585,1645081044121,4,1645081044121,0.385,0.192,-0.903,-0.031,0.018,0.008
AIRPOT,1645081044587,1645081044123,4,1645081044123,0.387,0.183,-0.904,-0.006,0.008,-0.012
AIRPOT,1645081044650,1645081044186,4,1645081044186,0.390,0.168,-0.905,0.004,-0.009,0.000
AIRPOT,1645081044760,1645081044296,4,1645081044296,0.400,0.175,-0.900,0.012,0.024,0.004
AIRPOT,1645081044800,1645081044336,4,1645081044336,0.407,0.165,-0.899,0.024,0.036,-0.006
AIRPOT,1645081044801,1645081044337,4,1645081044337,0.419,0.153,-0.895,0.016,0.001,0.002
AIRPOT,1645081044803,1645081044339,4,1645081044339,0.433,0.143,-0.890,0.003,-0.021,0.022
AIRPOT,1645081044869,1645081044405,4,1645081044405,0.443,0.134,-0.887,-0.001,-0.003,0.024
AIRPOT,1645081044869,1645081044405,4,1645081044405,0.448,0.125,-0.885,0.013,0.011,0.016
AIRPOT,1645081044920,1645081044456,4,1645081044456,0.451,0.117,-0.885,0.039,0.006,-0.013
AIRPOT,1645081044976,1645081044512,4,1645081044512,0.455,0.106,-0.884,0.033,0.015,0.000
AIRPOT,1645081045041,1645081044577,4,1645081044577,0.457,0.095,-0.884,0.022,-0.009,0.013
AIRPOT,1645081045053,1645081044589,4,1645081044589,0.455,0.086,-0.886,0.004,-0.029,0.030
AIRPOT,1645081045094,1645081044630,4,1645081044630,0.448,0.078,-0.891,0.007,-0.010,0.032
AIRPOT,1645081045112,1645081044648,4,1645081044648,0.437,0.070,-0.897,0.017,0.018,0.010
AIRPOT,1645081045218,1645081044754,4,1645081044754,0.426,0.060,-0.903,0.024,0.033,0.015
AIRPOT,1645081045246,1645081044782,4,1645081044782,0.417,0.049,-0.908,0.038,0.021,0.025
AIRPOT,1645081045251,1645081044787,4,1645081044787,0.405,0.040,-0.913,0.042,0.014,0.033
AIRPOT,1645081045320,1645081044856,4,1645081044856,0.391,0.030,-0.920,0.033,0.014,0.032
AIRPOT,1645081045371,1645081044907,4,1645081044907,0.372,0.021,-0.928,0.026,0.001,-0.025
AIRPOT,1645081045373,1645081044909,4,1645081044909,0.353,0.008,-0.936,-0.032,-0.024,-0.088
AIRPOT,1645081045429,1645081044965,4,1645081044965,0.327,-0.009,-0.945,-0.108,-0.050,0.015
AIRPOT,1645081045431,1645081044967,4,1645081044967,0.289,-0.034,-0.957,-0.097,-0.064,0.019
AIRPOT,1645081045488,1645081045024,4,1645081045024,0.251,-0.057,-0.966,-0.083,-0.090,0.030
AIRPOT,1645081045540,1645081045076,4,1645081045076,0.208,-0.085,-0.974,-0.092,-0.138,0.054
AIRPOT,1645081045655,1645081045191,4,1645081045191,0.159,-0.104,-0.982,-0.067,-0.078,0.002
AIRPOT,1645081045657,1645081045193,4,1645081045193,0.109,-0.129,-0.986,-0.032,-0.030,-0.036
AIRPOT,1645081045710,1645081045246,4,1645081045246,0.065,-0.158,-0.985,-0.027,0.011,-0.014
AIRPOT,1645081045712,1645081045248,4,1645081045248,0.028,-0.188,-0.982,-0.006,0.043,-0.041
AIRPOT,1645081045722,1645081045258,4,1645081045258,0.003,-0.215,-0.977,-0.017,0.033,-0.025
AIRPOT,1645081045771,1645081045307,4,1645081045307,-0.013,-0.241,-0.971,-0.016,0.004,-0.011
AIRPOT,1645081045821,1645081045357,4,1645081045357,-0.022,-0.263,-0.964,-0.019,-0.014,0.031
AIRPOT,1645081045824,1645081045360,4,1645081045360,-0.030,-0.283,-0.959,-0.032,-0.041,0.013
AIRPOT,1645081045865,1645081045401,4,1645081045401,-0.036,-0.301,-0.953,-0.032,-0.023,0.006
AIRPOT,1645081045913,1645081045449,4,1645081045449,-0.039,-0.319,-0.947,-0.025,-0.002,0.006
AIRPOT,1645081045975,1645081045511,4,1645081045511,-0.040,-0.334,-0.942,-0.025,-0.011,-0.004
AIRPOT,1645081045981,1645081045517,4,1645081045517,-0.037,-0.344,-0.938,-0.014,-0.030,0.018
AIRPOT,1645081046042,1645081045578,4,1645081045578,-0.033,-0.354,-0.935,-0.019,-0.045,0.024
AIRPOT,1645081046094,1645081045630,4,1645081045630,-0.028,-0.363,-0.932,-0.018,-0.043,0.025
AIRPOT,1645081046100,1645081045636,4,1645081045636,-0.025,-0.370,-0.929,-0.002,-0.033,0.013
AIRPOT,1645081046150,1645081045686,4,1645081045686,-0.023,-0.378,-0.926,0.012,-0.018,-0.011
AIRPOT,1645081046208,1645081045744,4,1645081045744,-0.018,-0.384,-0.923,0.006,0.008,0.015
AIRPOT,1645081046311,1645081045847,4,1645081045847,-0.014,-0.389,-0.921,0.001,-0.016,0.006
AIRPOT,1645081046367,1645081045903,4,1645081045903,-0.010,-0.394,-0.919,-0.003,-0.020,0.021
AIRPOT,1645081046367,1645081045903,4,1645081045903,-0.007,-0.400,-0.917,0.002,-0.025,0.016
AIRPOT,1645081046424,1645081045960,4,1645081045960,-0.006,-0.405,-0.914,-0.007,-0.024,0.023
AIRPOT,1645081046424,1645081045960,4,1645081045960,-0.005,-0.409,-0.913,-0.002,-0.023,0.015
AIRPOT,1645081046427,1645081045963,4,1645081045963,-0.004,-0.413,-0.911,-0.004,-0.023,0.012
AIRPOT,1645081046475,1645081046011,4,1645081046011,-0.002,-0.416,-0.910,-0.003,-0.025,0.016
AIRPOT,1645081046508,1645081046044,4,1645081046044,0.000,-0.418,-0.908,-0.003,-0.027,0.013
AIRPOT,1645081046560,1645081046096,4,1645081046096,0.002,-0.421,-0.907,-0.005,-0.022,0.014
AIRPOT,1645081046628,1645081046164,4,1645081046164,0.004,-0.422,-0.907,0.000,-0.019,0.015
AIRPOT,1645081046628,1645081046164,4,1645081046164,0.007,-0.421,-0.907,0.006,-0.009,0.008
AIRPOT,1645081046691,1645081046227,4,1645081046227,0.011,-0.418,-0.908,0.007,-0.012,0.008
AIRPOT,1645081046847,1645081046383,4,1645081046383,0.014,-0.417,-0.909,0.002,-0.007,0.009
AIRPOT,1645081046851,1645081046387,4,1645081046387,0.015,-0.416,-0.909,0.006,0.007,0.002
AIRPOT,1645081046851,1645081046387,4,1645081046387,0.016,-0.414,-0.910,0.014,0.009,-0.007
AIRPOT,1645081047019,1645081046555,4,1645081046555,0.017,-0.411,-0.911,0.010,0.004,-0.011
AIRPOT,1645081047020,1645081046556,4,1645081046556,0.019,-0.410,-0.912,0.001,0.000,0.001
AIRPOT,1645081047025,1645081046561,4,1645081046561,0.020,-0.410,-0.912,0.002,-0.005,0.005
AIRPOT,1645081047025,1645081046561,4,1645081046561,0.021,-0.411,-0.911,-0.000,-0.003,0.014
AIRPOT,1645081047125,1645081046661,4,1645081046661,0.020,-0.412,-0.911,0.005,-0.028,-0.010
AIRPOT,1645081047125,1645081046661,4,1645081046661,0.022,-0.413,-0.911,0.003,-0.021,0.019
AIRPOT,1645081047128,1645081046664,4,1645081046664,0.022,-0.412,-0.911,-0.005,-0.021,0.022
AIRPOT,1645081047128,1645081046664,4,1645081046664,0.020,-0.412,-0.911,-0.009,-0.023,0.022
AIRPOT,1645081047183,1645081046719,4,1645081046719,0.017,-0.412,-0.911,-0.004,-0.020,0.003
AIRPOT,1645081047183,1645081046719,4,1645081046719,0.015,-0.414,-0.910,-0.005,-0.004,0.005
AIRPOT,1645081047245,1645081046781,4,1645081046781,0.014,-0.416,-0.909,-0.003,-0.001,0.002
AIRPOT,1645081047293,1645081046829,4,1645081046829,0.013,-0.418,-0.909,-0.002,-0.007,0.007
AIRPOT,1645081047350,1645081046886,4,1645081046886,0.011,-0.420,-0.908,0.001,-0.005,0.005
AIRPOT,1645081047350,1645081046886,4,1645081046886,0.009,-0.422,-0.907,0.004,-0.002,-0.000
AIRPOT,1645081047405,1645081046941,4,1645081046941,0.008,-0.425,-0.905,-0.012,0.004,0.027
AIRPOT,1645081047460,1645081046996,4,1645081046996,0.005,-0.427,-0.904,0.011,0.006,-0.006
AIRPOT,1645081047461,1645081046997,4,1645081046997,0.003,-0.429,-0.903,0.008,0.015,0.019
AIRPOT,1645081047577,1645081047113,4,1645081047113,-0.001,-0.430,-0.903,0.006,-0.008,0.006
AIRPOT,1645081047577,1645081047113,4,1645081047113,-0.007,-0.434,-0.901,0.012,0.019,-0.006
AIRPOT,1645081047579,1645081047115,4,1645081047115,-0.012,-0.440,-0.898,-0.002,-0.004,-0.030
AIRPOT,1645081047682,1645081047218,4,1645081047218,-0.015,-0.449,-0.893,-0.004,0.006,-0.006
AIRPOT,1645081047682,1645081047218,4,1645081047218,-0.019,-0.460,-0.888,-0.000,0.017,-0.003
AIRPOT,1645081047696,1645081047232,4,1645081047232,-0.020,-0.467,-0.884,0.003,0.013,-0.009
AIRPOT,1645081047762,1645081047298,4,1645081047298,-0.022,-0.470,-0.882,0.013,0.032,-0.012
AIRPOT,1645081047872,1645081047408,4,1645081047408,-0.024,-0.469,-0.883,0.012,0.033,-0.017
AIRPOT,1645081047872,1645081047408,4,1645081047408,-0.022,-0.466,-0.885,-0.016,-0.005,-0.006
AIRPOT,1645081047921,1645081047457,4,1645081047457,-0.019,-0.460,-0.888,-0.027,-0.017,0.030
AIRPOT,1645081047931,1645081047467,4,1645081047467,-0.016,-0.452,-0.892,-0.014,-0.009,-0.007
AIRPOT,1645081047935,1645081047471,4,1645081047471,-0.008,-0.445,-0.895,-0.026,-0.013,0.025
AIRPOT,1645081047986,1645081047522,4,1645081047522,0.000,-0.439,-0.898,-0.006,-0.008,0.001
AIRPOT,1645081048040,1645081047576,4,1645081047576,0.011,-0.429,-0.903,-0.005,-0.025,-0.014
AIRPOT,1645081048137,1645081047673,4,1645081047672,0.021,-0.417,-0.909,-0.012,-0.081,0.020
AIRPOT,1645081048137,1645081047673,4,1645081047673,0.030,-0.409,-0.912,-0.018,-0.046,0.041
AIRPOT,1645081048148,1645081047684,4,1645081047684,0.033,-0.404,-0.914,0.005,-0.008,0.019
AIRPOT,1645081048244,1645081047780,4,1645081047780,0.037,-0.398,-0.917,-0.018,-0.048,0.021
AIRPOT,1645081048244,1645081047780,4,1645081047780,0.037,-0.399,-0.916,-0.022,-0.017,0.042
AIRPOT,1645081048268,1645081047804,4,1645081047804,0.034,-0.401,-0.915,0.024,0.018,-0.029
AIRPOT,1645081048314,1645081047850,4,1645081047850,0.037,-0.399,-0.916,-0.021,-0.009,0.039
AIRPOT,1645081048369,1645081047905,4,1645081047905,0.038,-0.397,-0.917,-0.004,-0.003,0.002
AIRPOT,1645081048431,1645081047967,4,1645081047967,0.042,-0.396,-0.917,-0.010,0.050,-0.010
AIRPOT,1645081048431,1645081047967,4,1645081047967,0.043,-0.392,-0.919,-0.003,-0.029,-0.018
AIRPOT,1645081048481,1645081048017,4,1645081048017,0.045,-0.390,-0.920,-0.006,-0.009,-0.015
AIRPOT,1645081048585,1645081048121,4,1645081048121,0.049,-0.391,-0.919,-0.028,-0.028,0.029
AIRPOT,1645081048589,1645081048125,4,1645081048125,0.052,-0.388,-0.920,0.022,0.047,-0.021
AIRPOT,1645081048589,1645081048125,4,1645081048125,0.056,-0.381,-0.923,-0.009,-0.007,0.002
AIRPOT,1645081048650,1645081048186,4,1645081048186,0.056,-0.375,-0.925,-0.013,-0.029,0.018
AIRPOT,1645081048699,1645081048235,4,1645081048235,0.056,-0.372,-0.926,0.002,-0.043,-0.013
AIRPOT,1645081048701,1645081048237,4,1645081048237,0.061,-0.368,-0.928,-0.016,-0.051,0.030
AIRPOT,1645081048765,1645081048301,4,1645081048301,0.065,-0.363,-0.929,-0.016,-0.056,0.022
AIRPOT,1645081048875,1645081048411,4,1645081048411,0.072,-0.358,-0.931,-0.039,-0.074,0.041
AIRPOT,1645081048875,1645081048411,4,1645081048411,0.075,-0.356,-0.932,-0.043,-0.040,0.028
AIRPOT,1645081048935,1645081048471,4,1645081048471,0.076,-0.353,-0.933,-0.015,0.010,0.013
AIRPOT,1645081048937,1645081048473,4,1645081048473,0.074,-0.348,-0.934,0.003,0.047,-0.012
AIRPOT,1645081048941,1645081048477,4,1645081048477,0.068,-0.349,-0.934,0.049,0.104,-0.064
AIRPOT,1645081049026,1645081048562,4,1645081048562,0.066,-0.355,-0.932,0.044,0.097,-0.049
AIRPOT,1645081049026,1645081048562,4,1645081048562,0.066,-0.361,-0.930,0.018,0.062,-0.000
AIRPOT,1645081049077,1645081048613,4,1645081048613,0.062,-0.367,-0.928,0.020,0.046,-0.019
AIRPOT,1645081049140,1645081048676,4,1645081048676,0.057,-0.374,-0.926,0.029,0.033,-0.037
AIRPOT,1645081049210,1645081048746,4,1645081048746,0.052,-0.383,-0.922,0.038,0.063,-0.017
AIRPOT,1645081049251,1645081048787,4,1645081048787,0.046,-0.393,-0.918,0.031,0.051,-0.010
AIRPOT,1645081049252,1645081048788,4,1645081048788,0.038,-0.401,-0.915,0.007,0.003,0.019
AIRPOT,1645081049252,1645081048788,4,1645081048788,0.027,-0.415,-0.909,0.006,-0.004,-0.000
AIRPOT,1645081049317,1645081048853,4,1645081048853,0.013,-0.434,-0.901,-0.001,-0.006,-0.002
AIRPOT,1645081049361,1645081048897,4,1645081048897,-0.000,-0.457,-0.889,-0.004,0.006,0.007
AIRPOT,1645081049475,1645081049011,4,1645081049011,-0.015,-0.487,-0.873,0.000,0.003,0.003
AIRPOT,1645081049475,1645081049011,4,1645081049011,-0.032,-0.523,-0.852,0.005,0.022,0.001
AIRPOT,1645081049583,1645081049119,4,1645081049119,-0.049,-0.562,-0.826,0.012,0.025,-0.004
AIRPOT,1645081049584,1645081049120,4,1645081049120,-0.066,-0.601,-0.797,-0.003,0.011,0.040
AIRPOT,1645081049587,1645081049123,4,1645081049123,-0.086,-0.641,-0.763,0.013,-0.012,-0.000
AIRPOT,1645081049587,1645081049123,4,1645081049123,-0.105,-0.681,-0.725,0.014,0.019,0.012
AIRPOT,1645081049649,1645081049185,4,1645081049185,-0.122,-0.719,-0.684,0.001,-0.000,0.000
AIRPOT,1645081049649,1645081049185,4,1645081049185,-0.138,-0.757,-0.638,-0.007,0.002,-0.000
AIRPOT,1645081049700,1645081049236,4,1645081049236,-0.152,-0.792,-0.592,-0.009,0.021,0.015
AIRPOT,1645081049806,1645081049342,4,1645081049342,-0.165,-0.821,-0.546,-0.012,-0.013,0.029
AIRPOT,1645081049809,1645081049345,4,1645081049345,-0.176,-0.847,-0.502,-0.017,-0.025,0.049
AIRPOT,1645081049813,1645081049349,4,1645081049349,-0.187,-0.868,-0.460,-0.017,-0.026,0.048
