DeviceName,PTPTime,UnixTime,protocool,CurrentDeviceTime,DistanceMM,DistanceCM,Weight,Count,DistanceADC,WeightADC,DeviceName(Current)
DEVICE,1646374753998,1646374736007,4,1646374736007,742,74,0,0,59462,0,DKU001#
DEVICE,1646374754030,1646374736039,4,1646374736039,738,73,0,0,59462,0,DKU001#
DEVICE,1646374754062,1646374736071,4,1646374736071,747,74,0,0,59462,0,DKU001#
DEVICE,1646374754094,1646374736103,4,1646374736103,730,73,0,0,59462,0,DKU001#
DEVICE,1646374754126,1646374736135,4,1646374736135,733,73,0,0,59462,0,DKU001#
DEVICE,1646374754158,1646374736167,4,1646374736167,737,73,0,0,59462,0,DKU001#
DEVICE,1646374754190,1646374736199,4,1646374736199,745,74,0,0,59462,0,DKU001#
DEVICE,1646374754222,1646374736231,4,1646374736231,734,73,0,0,59462,0,DKU001#
DEVICE,1646374754253,1646374736262,4,1646374736262,726,72,0,0,59462,0,DKU001#
DEVICE,1646374754286,1646374736295,4,1646374736295,741,74,0,0,59462,0,DKU001#
DEVICE,1646374754318,1646374736327,4,1646374736327,745,74,0,0,59462,0,DKU001#
DEVICE,1646374754350,1646374736359,4,1646374736359,750,75,0,0,59462,0,DKU001#
DEVICE,1646374754382,1646374736391,4,1646374736391,738,73,0,0,59462,0,DKU001#
DEVICE,1646374754414,1646374736423,4,1646374736423,731,73,0,0,59462,0,DKU001#
DEVICE,1646374754446,1646374736455,4,1646374736455,733,73,0,0,59462,0,DKU001#
DEVICE,1646374754478,1646374736487,4,1646374736487,742,74,0,0,59462,0,DKU001#
DEVICE,1646374754509,1646374736518,4,1646374736518,742,74,0,0,59462,0,DKU001#
DEVICE,1646374754541,1646374736550,4,1646374736550,725,72,0,0,59462,0,DKU001#
DEVICE,1646374754573,1646374736582,4,1646374736582,737,73,0,0,59462,0,DKU001#
DEVICE,1646374754605,1646374736614,4,1646374736614,732,73,0,0,59462,0,DKU001#
DEVICE,1646374754637,1646374736646,4,1646374736646,738,73,0,0,59462,0,DKU001#
DEVICE,1646374754669,1646374736678,4,1646374736678,738,73,0,0,59462,0,DKU001#
DEVICE,1646374754702,1646374736711,4,1646374736711,735,73,0,0,59462,0,DKU001#
DEVICE,1646374754734,1646374736743,4,1646374736743,732,73,0,0,59462,0,DKU001#
DEVICE,1646374754766,1646374736775,4,1646374736775,736,73,0,0,59462,0,DKU001#
DEVICE,1646374754798,1646374736807,4,1646374736807,742,74,0,0,59462,0,DKU001#
DEVICE,1646374754846,1646374736855,4,1646374736855,750,75,0,0,59525,0,DKU001#
DEVICE,1646374754862,1646374736871,4,1646374736871,739,73,0,0,59525,0,DKU001#
DEVICE,1646374754893,1646374736902,4,1646374736902,732,73,0,0,59525,0,DKU001#
DEVICE,1646374754925,1646374736934,4,1646374736934,742,74,0,0,59525,0,DKU001#
DEVICE,1646374754957,1646374736966,4,1646374736966,738,73,0,0,59525,0,DKU001#
DEVICE,1646374754989,1646374736998,4,1646374736998,741,74,0,0,59525,0,DKU001#
DEVICE,1646374755021,1646374737030,4,1646374737030,736,73,0,0,59525,0,DKU001#
DEVICE,1646374755054,1646374737063,4,1646374737063,740,74,0,0,59525,0,DKU001#
DEVICE,1646374755086,1646374737095,4,1646374737095,740,74,0,0,59525,0,DKU001#
DEVICE,1646374755117,1646374737126,4,1646374737126,728,72,0,0,59525,0,DKU001#
DEVICE,1646374755149,1646374737158,4,1646374737158,740,74,0,0,59525,0,DKU001#
DEVICE,1646374755181,1646374737190,4,1646374737190,740,74,0,0,59525,0,DKU001#
DEVICE,1646374755213,1646374737222,4,1646374737222,746,74,0,0,59525,0,DKU001#
DEVICE,1646374755245,1646374737254,4,1646374737254,740,74,0,0,59525,0,DKU001#
DEVICE,1646374755277,1646374737286,4,1646374737286,744,74,0,0,59525,0,DKU001#
DEVICE,1646374755309,1646374737318,4,1646374737318,740,74,0,0,59525,0,DKU001#
DEVICE,1646374755341,1646374737350,4,1646374737350,739,73,0,0,59525,0,DKU001#
DEVICE,1646374755373,1646374737382,4,1646374737382,738,73,0,0,59525,0,DKU001#
DEVICE,1646374755405,1646374737414,4,1646374737414,739,73,0,0,59525,0,DKU001#
DEVICE,1646374755437,1646374737446,4,1646374737446,728,72,0,0,59525,0,DKU001#
DEVICE,1646374755469,1646374737478,4,1646374737478,730,73,0,0,59525,0,DKU001#
DEVICE,1646374755501,1646374737510,4,1646374737510,717,71,0,0,59525,0,DKU001#
DEVICE,1646374755533,1646374737542,4,1646374737542,699,69,0,0,59525,0,DKU001#
DEVICE,1646374755565,1646374737574,4,1646374737574,699,69,5,0,59525,0,DKU001#
DEVICE,1646374755597,1646374737606,4,1646374737606,685,68,5,0,59525,0,DKU001#
DEVICE,1646374755629,1646374737638,4,1646374737638,671,67,5,0,59525,0,DKU001#
DEVICE,1646374755661,1646374737670,4,1646374737670,664,66,5,0,59525,0,DKU001#
DEVICE,1646374755693,1646374737702,4,1646374737702,652,65,5,0,59525,0,DKU001#
DEVICE,1646374755725,1646374737734,4,1646374737734,641,64,5,0,59525,0,DKU001#
DEVICE,1646374755757,1646374737766,4,1646374737766,624,62,5,0,59525,0,DKU001#
DEVICE,1646374755789,1646374737798,4,1646374737798,610,61,5,0,59525,0,DKU001#
DEVICE,1646374755821,1646374737830,4,1646374737830,584,58,5,0,59525,0,DKU001#
DEVICE,1646374755853,1646374737862,4,1646374737862,564,56,5,0,59525,0,DKU001#
DEVICE,1646374755885,1646374737894,4,1646374737894,554,55,5,0,59525,0,DKU001#
DEVICE,1646374755917,1646374737926,4,1646374737926,532,53,5,0,59525,0,DKU001#
DEVICE,1646374755949,1646374737958,4,1646374737958,513,51,5,0,59525,0,DKU001#
DEVICE,1646374755981,1646374737990,4,1646374737990,504,50,5,0,59525,0,DKU001#
DEVICE,1646374756013,1646374738022,4,1646374738022,474,47,5,1,59525,0,DKU001#
DEVICE,1646374756045,1646374738054,4,1646374738054,460,46,5,1,59525,350,DKU001#
DEVICE,1646374756077,1646374738086,4,1646374738086,438,43,5,1,59525,350,DKU001#
DEVICE,1646374756109,1646374738118,4,1646374738118,428,42,5,1,59525,350,DKU001#
DEVICE,1646374756141,1646374738150,4,1646374738150,419,41,5,1,59525,350,DKU001#
DEVICE,1646374756173,1646374738182,4,1646374738182,405,40,5,1,59525,352,DKU001#
DEVICE,1646374756205,1646374738214,4,1646374738214,394,39,5,1,59525,356,DKU001#
DEVICE,1646374756236,1646374738245,4,1646374738245,389,38,5,1,59525,362,DKU001#
DEVICE,1646374756269,1646374738278,4,1646374738278,374,37,5,1,59525,368,DKU001#
DEVICE,1646374756301,1646374738310,4,1646374738310,378,37,5,1,59525,372,DKU001#
DEVICE,1646374756333,1646374738342,4,1646374738342,375,37,5,1,59525,377,DKU001#
DEVICE,1646374756364,1646374738373,4,1646374738373,373,37,5,1,59525,381,DKU001#
DEVICE,1646374756397,1646374738406,4,1646374738406,378,37,10,1,59525,385,DKU001#
DEVICE,1646374756429,1646374738438,4,1646374738438,389,38,10,1,59525,389,DKU001#
DEVICE,1646374756461,1646374738470,4,1646374738470,396,39,10,1,59525,395,DKU001#
DEVICE,1646374756492,1646374738501,4,1646374738501,397,39,10,1,59525,404,DKU001#
DEVICE,1646374756525,1646374738534,4,1646374738534,409,40,10,1,59525,410,DKU001#
DEVICE,1646374756557,1646374738566,4,1646374738566,422,42,10,1,59525,414,DKU001#
DEVICE,1646374756588,1646374738597,4,1646374738597,431,43,10,1,59525,418,DKU001#
DEVICE,1646374756620,1646374738629,4,1646374738629,450,45,10,1,59525,422,DKU001#
DEVICE,1646374756652,1646374738661,4,1646374738661,459,45,10,1,59525,425,DKU001#
DEVICE,1646374756685,1646374738694,4,1646374738694,483,48,10,1,59525,425,DKU001#
DEVICE,1646374756717,1646374738726,4,1646374738726,497,49,10,1,59525,425,DKU001#
DEVICE,1646374756748,1646374738757,4,1646374738757,512,51,10,1,59525,425,DKU001#
DEVICE,1646374756780,1646374738789,4,1646374738789,522,52,10,1,59525,425,DKU001#
DEVICE,1646374756812,1646374738821,4,1646374738821,542,54,10,1,59525,422,DKU001#
DEVICE,1646374756844,1646374738853,4,1646374738853,571,57,10,1,59525,418,DKU001#
DEVICE,1646374756876,1646374738885,4,1646374738885,588,58,10,1,59525,414,DKU001#
DEVICE,1646374756908,1646374738917,4,1646374738917,604,60,10,1,59525,412,DKU001#
DEVICE,1646374756940,1646374738949,4,1646374738949,606,60,10,1,59525,412,DKU001#
DEVICE,1646374756972,1646374738981,4,1646374738981,618,61,10,1,59525,412,DKU001#
DEVICE,1646374757004,1646374739013,4,1646374739013,635,63,10,1,59525,412,DKU001#
DEVICE,1646374757036,1646374739045,4,1646374739045,653,65,10,1,59525,412,DKU001#
DEVICE,1646374757069,1646374739078,4,1646374739078,659,65,10,1,59525,412,DKU001#
DEVICE,1646374757100,1646374739109,4,1646374739109,676,67,10,1,59525,412,DKU001#
DEVICE,1646374757132,1646374739141,4,1646374739141,675,67,10,1,59525,412,DKU001#
DEVICE,1646374757164,1646374739173,4,1646374739173,689,68,10,1,59525,412,DKU001#
DEVICE,1646374757196,1646374739205,4,1646374739205,680,68,10,1,59525,412,DKU001#
DEVICE,1646374757228,1646374739237,4,1646374739237,693,69,10,1,59525,412,DKU001#
DEVICE,1646374757260,1646374739269,4,1646374739269,680,68,10,1,59525,412,DKU001#
DEVICE,1646374757292,1646374739301,4,1646374739301,670,67,10,1,59525,412,DKU001#
DEVICE,1646374757324,1646374739333,4,1646374739333,670,67,10,1,59525,412,DKU001#
DEVICE,1646374757356,1646374739365,4,1646374739365,661,66,10,1,59525,412,DKU001#
DEVICE,1646374757388,1646374739397,4,1646374739397,649,64,10,1,59525,412,DKU001#
DEVICE,1646374757420,1646374739429,4,1646374739429,633,63,10,1,59525,412,DKU001#
DEVICE,1646374757452,1646374739461,4,1646374739461,616,61,10,1,59525,412,DKU001#
DEVICE,1646374757484,1646374739493,4,1646374739493,602,60,10,1,59525,412,DKU001#
DEVICE,1646374757516,1646374739525,4,1646374739525,576,57,10,1,59525,412,DKU001#
DEVICE,1646374757548,1646374739557,4,1646374739557,563,56,10,1,59525,412,DKU001#
DEVICE,1646374757580,1646374739589,4,1646374739589,528,52,10,1,59525,412,DKU001#
DEVICE,1646374757612,1646374739621,4,1646374739621,508,50,10,1,59525,412,DKU001#
DEVICE,1646374757644,1646374739653,4,1646374739653,490,49,10,2,59525,412,DKU001#
DEVICE,1646374757676,1646374739685,4,1646374739685,482,48,10,2,59525,400,DKU001#
DEVICE,1646374757708,1646374739717,4,1646374739717,453,45,10,2,59525,400,DKU001#
DEVICE,1646374757740,1646374739749,4,1646374739749,434,43,10,2,59525,400,DKU001#
DEVICE,1646374757772,1646374739781,4,1646374739781,411,41,10,2,59525,400,DKU001#
DEVICE,1646374757804,1646374739813,4,1646374739813,404,40,10,2,59525,400,DKU001#
DEVICE,1646374757836,1646374739845,4,1646374739845,394,39,10,2,59525,400,DKU001#
DEVICE,1646374757869,1646374739878,4,1646374739878,381,38,10,2,59525,400,DKU001#
DEVICE,1646374757900,1646374739909,4,1646374739909,381,38,10,2,59525,402,DKU001#
DEVICE,1646374757932,1646374739941,4,1646374739941,373,37,10,2,59525,404,DKU001#
DEVICE,1646374757964,1646374739973,4,1646374739973,371,37,10,2,59525,408,DKU001#
DEVICE,1646374757995,1646374740004,4,1646374740004,367,36,10,2,59525,410,DKU001#
DEVICE,1646374758028,1646374740037,4,1646374740037,379,37,10,2,59525,412,DKU001#
DEVICE,1646374758059,1646374740068,4,1646374740068,381,38,10,2,59525,412,DKU001#
DEVICE,1646374758091,1646374740100,4,1646374740100,395,39,10,2,59525,412,DKU001#
DEVICE,1646374758124,1646374740133,4,1646374740133,404,40,10,2,59525,412,DKU001#
DEVICE,1646374758156,1646374740165,4,1646374740165,412,41,10,2,59525,412,DKU001#
DEVICE,1646374758187,1646374740196,4,1646374740196,436,43,10,2,59525,410,DKU001#
DEVICE,1646374758219,1646374740228,4,1646374740228,444,44,10,2,59525,408,DKU001#
DEVICE,1646374758252,1646374740261,4,1646374740261,467,46,10,2,59525,404,DKU001#
DEVICE,1646374758284,1646374740293,4,1646374740293,478,47,10,2,59525,400,DKU001#
DEVICE,1646374758316,1646374740325,4,1646374740325,495,49,10,2,59525,393,DKU001#
DEVICE,1646374758348,1646374740357,4,1646374740357,515,51,10,2,59525,389,DKU001#
DEVICE,1646374758380,1646374740389,4,1646374740389,530,53,10,2,59525,387,DKU001#
DEVICE,1646374758411,1646374740420,4,1646374740420,552,55,10,2,59525,387,DKU001#
DEVICE,1646374758443,1646374740452,4,1646374740452,565,56,10,2,59525,387,DKU001#
DEVICE,1646374758475,1646374740484,4,1646374740484,579,57,10,2,59525,387,DKU001#
DEVICE,1646374758507,1646374740516,4,1646374740516,602,60,10,2,59525,387,DKU001#
DEVICE,1646374758539,1646374740548,4,1646374740548,617,61,10,2,59525,387,DKU001#
DEVICE,1646374758571,1646374740580,4,1646374740580,637,63,10,2,59525,387,DKU001#
DEVICE,1646374758603,1646374740612,4,1646374740612,651,65,10,2,59525,387,DKU001#
DEVICE,1646374758636,1646374740645,4,1646374740645,654,65,10,2,59525,387,DKU001#
DEVICE,1646374758667,1646374740676,4,1646374740676,669,66,10,2,59525,387,DKU001#
DEVICE,1646374758699,1646374740708,4,1646374740708,685,68,10,2,59525,387,DKU001#
DEVICE,1646374758731,1646374740740,4,1646374740740,685,68,10,2,59525,387,DKU001#
DEVICE,1646374758747,1646374740756,4,1646374740756,686,68,10,2,59525,387,DKU001#
DEVICE,1646374758779,1646374740788,4,1646374740788,697,69,10,2,59525,387,DKU001#
DEVICE,1646374758811,1646374740820,4,1646374740820,705,70,0,2,59525,387,DKU001#
DEVICE,1646374758843,1646374740852,4,1646374740852,689,68,0,2,59525,387,DKU001#
DEVICE,1646374758875,1646374740884,4,1646374740884,699,69,5,2,59525,258,DKU001#
DEVICE,1646374758907,1646374740916,4,1646374740916,708,70,0,2,59525,129,DKU001#
DEVICE,1646374758939,1646374740948,4,1646374740948,696,69,0,2,59525,0,DKU001#
DEVICE,1646374758971,1646374740980,4,1646374740980,684,68,5,2,59525,0,DKU001#
DEVICE,1646374759003,1646374741012,4,1646374741012,665,66,5,2,59525,0,DKU001#
DEVICE,1646374759035,1646374741044,4,1646374741044,660,66,5,2,59525,0,DKU001#
DEVICE,1646374759067,1646374741076,4,1646374741076,630,63,5,2,59525,0,DKU001#
DEVICE,1646374759099,1646374741108,4,1646374741108,632,63,5,2,59525,0,DKU001#
DEVICE,1646374759131,1646374741140,4,1646374741140,614,61,5,2,59525,0,DKU001#
DEVICE,1646374759163,1646374741172,4,1646374741172,582,58,5,2,59525,0,DKU001#
DEVICE,1646374759195,1646374741204,4,1646374741204,566,56,5,2,59525,0,DKU001#
DEVICE,1646374759227,1646374741236,4,1646374741236,551,55,5,2,59525,0,DKU001#
DEVICE,1646374759259,1646374741268,4,1646374741268,532,53,5,2,59525,0,DKU001#
DEVICE,1646374759291,1646374741300,4,1646374741300,498,49,5,2,59525,0,DKU001#
DEVICE,1646374759323,1646374741332,4,1646374741332,484,48,10,3,59525,393,DKU001#
DEVICE,1646374759355,1646374741364,4,1646374741364,467,46,10,3,59525,387,DKU001#
DEVICE,1646374759387,1646374741396,4,1646374741396,447,44,10,3,59525,387,DKU001#
DEVICE,1646374759419,1646374741428,4,1646374741428,435,43,10,3,59525,387,DKU001#
DEVICE,1646374759451,1646374741460,4,1646374741460,418,41,10,3,59525,387,DKU001#
DEVICE,1646374759483,1646374741492,4,1646374741492,396,39,10,3,59525,387,DKU001#
DEVICE,1646374759515,1646374741524,4,1646374741524,392,39,10,3,59525,385,DKU001#
DEVICE,1646374759547,1646374741556,4,1646374741556,380,38,5,3,59525,381,DKU001#
DEVICE,1646374759579,1646374741588,4,1646374741588,375,37,5,3,59525,375,DKU001#
DEVICE,1646374759611,1646374741620,4,1646374741620,365,36,5,3,59525,368,DKU001#
DEVICE,1646374759643,1646374741652,4,1646374741652,362,36,5,3,59525,364,DKU001#
DEVICE,1646374759675,1646374741684,4,1646374741684,365,36,5,3,59525,362,DKU001#
DEVICE,1646374759707,1646374741716,4,1646374741716,368,36,5,3,59525,362,DKU001#
DEVICE,1646374759739,1646374741748,4,1646374741748,376,37,5,3,59525,362,DKU001#
DEVICE,1646374759771,1646374741780,4,1646374741780,385,38,5,3,59525,362,DKU001#
DEVICE,1646374759803,1646374741812,4,1646374741812,399,39,5,3,59525,364,DKU001#
DEVICE,1646374759835,1646374741844,4,1646374741844,405,40,5,3,59525,368,DKU001#
DEVICE,1646374759867,1646374741876,4,1646374741876,419,41,5,3,59525,372,DKU001#
DEVICE,1646374759899,1646374741908,4,1646374741908,433,43,5,3,59525,377,DKU001#
DEVICE,1646374759931,1646374741940,4,1646374741940,446,44,5,3,59525,381,DKU001#
DEVICE,1646374759963,1646374741972,4,1646374741972,463,46,10,3,59525,389,DKU001#
DEVICE,1646374759994,1646374742003,4,1646374742003,487,48,10,3,59525,402,DKU001#
DEVICE,1646374760026,1646374742035,4,1646374742035,493,49,10,3,59525,416,DKU001#
DEVICE,1646374760058,1646374742067,4,1646374742067,516,51,10,3,59525,429,DKU001#
DEVICE,1646374760090,1646374742099,4,1646374742099,521,52,10,3,59525,435,DKU001#
DEVICE,1646374760122,1646374742131,4,1646374742131,554,55,10,3,59525,437,DKU001#
DEVICE,1646374760154,1646374742163,4,1646374742163,566,56,10,3,59525,437,DKU001#
DEVICE,1646374760186,1646374742195,4,1646374742195,580,58,10,3,59525,437,DKU001#
DEVICE,1646374760219,1646374742228,4,1646374742228,603,60,10,3,59525,437,DKU001#
DEVICE,1646374760251,1646374742260,4,1646374742260,613,61,10,3,59525,437,DKU001#
DEVICE,1646374760283,1646374742292,4,1646374742292,631,63,10,3,59525,437,DKU001#
DEVICE,1646374760314,1646374742323,4,1646374742323,643,64,10,3,59525,437,DKU001#
DEVICE,1646374760346,1646374742355,4,1646374742355,658,65,10,3,59525,437,DKU001#
DEVICE,1646374760378,1646374742387,4,1646374742387,661,66,10,3,59525,437,DKU001#
DEVICE,1646374760410,1646374742419,4,1646374742419,684,68,10,3,59525,437,DKU001#
DEVICE,1646374760442,1646374742451,4,1646374742451,694,69,10,3,59525,437,DKU001#
DEVICE,1646374760474,1646374742483,4,1646374742483,695,69,10,3,59525,437,DKU001#
DEVICE,1646374760506,1646374742515,4,1646374742515,701,70,0,3,59525,437,DKU001#
DEVICE,1646374760538,1646374742547,4,1646374742547,695,69,0,3,59525,437,DKU001#
DEVICE,1646374760570,1646374742579,4,1646374742579,703,70,0,3,59525,291,DKU001#
DEVICE,1646374760602,1646374742611,4,1646374742611,699,69,0,3,59525,145,DKU001#
DEVICE,1646374760634,1646374742643,4,1646374742643,708,70,0,3,59525,145,DKU001#
DEVICE,1646374760666,1646374742675,4,1646374742675,686,68,0,3,59525,145,DKU001#
DEVICE,1646374760698,1646374742707,4,1646374742707,672,67,5,3,59525,145,DKU001#
DEVICE,1646374760730,1646374742739,4,1646374742739,663,66,5,3,59525,145,DKU001#
DEVICE,1646374760762,1646374742771,4,1646374742771,657,65,5,3,59525,0,DKU001#
DEVICE,1646374760794,1646374742803,4,1646374742803,636,63,5,3,59525,0,DKU001#
DEVICE,1646374760826,1646374742835,4,1646374742835,618,61,5,3,59525,0,DKU001#
DEVICE,1646374760858,1646374742867,4,1646374742867,601,60,5,3,59525,0,DKU001#
DEVICE,1646374760890,1646374742899,4,1646374742899,594,59,5,3,59525,0,DKU001#
DEVICE,1646374760922,1646374742931,4,1646374742931,558,55,5,3,59525,0,DKU001#
DEVICE,1646374760954,1646374742963,4,1646374742963,549,54,5,3,59525,0,DKU001#
DEVICE,1646374760986,1646374742995,4,1646374742995,522,52,5,3,59525,0,DKU001#
DEVICE,1646374761018,1646374743027,4,1646374743027,497,49,5,3,59525,0,DKU001#
DEVICE,1646374761050,1646374743059,4,1646374743059,481,48,5,4,59525,381,DKU001#
DEVICE,1646374761082,1646374743091,4,1646374743091,467,46,5,4,59525,381,DKU001#
DEVICE,1646374761114,1646374743123,4,1646374743123,432,43,5,4,59525,381,DKU001#
DEVICE,1646374761146,1646374743155,4,1646374743155,434,43,5,4,59525,381,DKU001#
DEVICE,1646374761178,1646374743187,4,1646374743187,416,41,5,4,59525,381,DKU001#
DEVICE,1646374761210,1646374743219,4,1646374743219,400,40,5,4,59525,381,DKU001#
DEVICE,1646374761242,1646374743251,4,1646374743251,395,39,5,4,59525,381,DKU001#
DEVICE,1646374761274,1646374743283,4,1646374743283,385,38,5,4,59525,381,DKU001#
DEVICE,1646374761306,1646374743315,4,1646374743315,386,38,5,4,59525,383,DKU001#
DEVICE,1646374761338,1646374743347,4,1646374743347,381,38,10,4,59525,387,DKU001#
DEVICE,1646374761370,1646374743379,4,1646374743379,385,38,10,4,59525,393,DKU001#
DEVICE,1646374761402,1646374743411,4,1646374743411,383,38,10,4,59525,397,DKU001#
DEVICE,1646374761434,1646374743443,4,1646374743443,390,39,10,4,59525,400,DKU001#
DEVICE,1646374761466,1646374743475,4,1646374743475,397,39,10,4,59525,400,DKU001#
DEVICE,1646374761498,1646374743507,4,1646374743507,398,39,10,4,59525,400,DKU001#
DEVICE,1646374761530,1646374743539,4,1646374743539,423,42,10,4,59525,400,DKU001#
DEVICE,1646374761562,1646374743571,4,1646374743571,426,42,10,4,59525,400,DKU001#
DEVICE,1646374761594,1646374743603,4,1646374743603,443,44,10,4,59525,400,DKU001#
DEVICE,1646374761626,1646374743635,4,1646374743635,460,46,10,4,59525,400,DKU001#
DEVICE,1646374761658,1646374743667,4,1646374743667,468,46,10,4,59525,400,DKU001#
DEVICE,1646374761690,1646374743699,4,1646374743699,487,48,10,4,59525,400,DKU001#
DEVICE,1646374761722,1646374743731,4,1646374743731,512,51,10,4,59525,400,DKU001#
DEVICE,1646374761754,1646374743763,4,1646374743763,521,52,10,4,59525,400,DKU001#
DEVICE,1646374761786,1646374743795,4,1646374743795,541,54,10,4,59525,400,DKU001#
DEVICE,1646374761818,1646374743827,4,1646374743827,561,56,10,4,59525,400,DKU001#
DEVICE,1646374761850,1646374743859,4,1646374743859,588,58,10,4,59525,400,DKU001#
DEVICE,1646374761882,1646374743891,4,1646374743891,605,60,10,4,59525,400,DKU001#
DEVICE,1646374761914,1646374743923,4,1646374743923,625,62,10,4,59525,400,DKU001#
DEVICE,1646374761946,1646374743955,4,1646374743955,648,64,10,4,59525,400,DKU001#
DEVICE,1646374761978,1646374743987,4,1646374743987,666,66,10,4,59525,400,DKU001#
DEVICE,1646374762009,1646374744018,4,1646374744018,682,68,10,4,59525,400,DKU001#
DEVICE,1646374762041,1646374744050,4,1646374744050,691,69,10,4,59525,400,DKU001#
DEVICE,1646374762073,1646374744082,4,1646374744082,711,71,0,4,59525,400,DKU001#
DEVICE,1646374762105,1646374744114,4,1646374744114,713,71,0,4,59525,400,DKU001#
DEVICE,1646374762137,1646374744146,4,1646374744146,726,72,0,4,59525,266,DKU001#
DEVICE,1646374762169,1646374744178,4,1646374744178,733,73,0,4,59525,133,DKU001#
DEVICE,1646374762201,1646374744210,4,1646374744210,738,73,0,4,59525,0,DKU001#
DEVICE,1646374762235,1646374744244,4,1646374744244,722,72,0,4,59525,0,DKU001#
DEVICE,1646374762266,1646374744275,4,1646374744275,724,72,0,4,59525,0,DKU001#
DEVICE,1646374762298,1646374744307,4,1646374744307,719,71,0,4,59525,0,DKU001#
DEVICE,1646374762330,1646374744339,4,1646374744339,709,70,0,4,59525,0,DKU001#
DEVICE,1646374762362,1646374744371,4,1646374744371,695,69,0,4,59525,0,DKU001#
DEVICE,1646374762393,1646374744402,4,1646374744402,684,68,5,4,59525,0,DKU001#
DEVICE,1646374762425,1646374744434,4,1646374744434,658,65,5,4,59525,0,DKU001#
DEVICE,1646374762457,1646374744466,4,1646374744466,653,65,5,4,59525,0,DKU001#
DEVICE,1646374762489,1646374744498,4,1646374744498,638,63,5,4,59525,0,DKU001#
DEVICE,1646374762521,1646374744530,4,1646374744530,617,61,5,4,59525,0,DKU001#
DEVICE,1646374762553,1646374744562,4,1646374744562,594,59,5,4,59525,0,DKU001#
DEVICE,1646374762585,1646374744594,4,1646374744594,570,57,5,4,59525,0,DKU001#
DEVICE,1646374762617,1646374744626,4,1646374744626,553,55,5,4,59525,0,DKU001#
DEVICE,1646374762649,1646374744658,4,1646374744658,520,52,5,4,59525,0,DKU001#
DEVICE,1646374762681,1646374744690,4,1646374744690,498,49,5,4,59525,0,DKU001#
DEVICE,1646374762713,1646374744722,4,1646374744722,481,48,10,5,59525,412,DKU001#
DEVICE,1646374762745,1646374744754,4,1646374744754,463,46,10,5,59525,412,DKU001#
DEVICE,1646374762777,1646374744786,4,1646374744786,445,44,10,5,59525,412,DKU001#
DEVICE,1646374762809,1646374744818,4,1646374744818,431,43,10,5,59525,412,DKU001#
DEVICE,1646374762841,1646374744850,4,1646374744850,415,41,10,5,59525,412,DKU001#
DEVICE,1646374762873,1646374744882,4,1646374744882,394,39,10,5,59525,412,DKU001#
DEVICE,1646374762905,1646374744914,4,1646374744914,384,38,10,5,59525,412,DKU001#
DEVICE,1646374762937,1646374744946,4,1646374744946,375,37,10,5,59525,412,DKU001#
DEVICE,1646374762969,1646374744978,4,1646374744978,376,37,10,5,59525,412,DKU001#
DEVICE,1646374763001,1646374745010,4,1646374745010,371,37,10,5,59525,412,DKU001#
DEVICE,1646374763033,1646374745042,4,1646374745042,372,37,10,5,59525,412,DKU001#
DEVICE,1646374763065,1646374745074,4,1646374745074,384,38,10,5,59525,412,DKU001#
DEVICE,1646374763097,1646374745106,4,1646374745106,388,38,10,5,59525,412,DKU001#
DEVICE,1646374763129,1646374745138,4,1646374745138,393,39,10,5,59525,412,DKU001#
DEVICE,1646374763161,1646374745170,4,1646374745170,406,40,10,5,59525,414,DKU001#
DEVICE,1646374763193,1646374745202,4,1646374745202,424,42,10,5,59525,416,DKU001#
DEVICE,1646374763225,1646374745234,4,1646374745234,435,43,10,5,59525,420,DKU001#
DEVICE,1646374763257,1646374745266,4,1646374745266,452,45,10,5,59525,425,DKU001#
DEVICE,1646374763289,1646374745298,4,1646374745298,467,46,10,5,59525,431,DKU001#
DEVICE,1646374763321,1646374745330,4,1646374745330,491,49,10,5,59525,435,DKU001#
DEVICE,1646374763353,1646374745362,4,1646374745362,503,50,10,5,59525,437,DKU001#
DEVICE,1646374763385,1646374745394,4,1646374745394,530,53,10,5,59525,439,DKU001#
DEVICE,1646374763417,1646374745426,4,1646374745426,533,53,10,5,59525,443,DKU001#
DEVICE,1646374763449,1646374745458,4,1646374745458,562,56,10,5,59525,447,DKU001#
DEVICE,1646374763481,1646374745490,4,1646374745490,588,58,10,5,59525,450,DKU001#
DEVICE,1646374763513,1646374745522,4,1646374745522,602,60,10,5,59525,450,DKU001#
DEVICE,1646374763545,1646374745554,4,1646374745554,613,61,10,5,59525,450,DKU001#
DEVICE,1646374763577,1646374745586,4,1646374745586,629,62,10,5,59525,450,DKU001#
DEVICE,1646374763609,1646374745618,4,1646374745618,652,65,10,5,59525,450,DKU001#
DEVICE,1646374763641,1646374745650,4,1646374745650,675,67,10,5,59525,450,DKU001#
DEVICE,1646374763673,1646374745682,4,1646374745682,696,69,10,5,59525,450,DKU001#
DEVICE,1646374763705,1646374745714,4,1646374745714,699,69,10,5,59525,450,DKU001#
DEVICE,1646374763737,1646374745746,4,1646374745746,703,70,0,5,59525,450,DKU001#
DEVICE,1646374763769,1646374745778,4,1646374745778,705,70,0,5,59525,450,DKU001#
DEVICE,1646374763801,1646374745810,4,1646374745810,716,71,0,5,59525,300,DKU001#
DEVICE,1646374763833,1646374745842,4,1646374745842,712,71,0,5,59525,150,DKU001#
DEVICE,1646374763865,1646374745874,4,1646374745874,723,72,0,5,59525,0,DKU001#
DEVICE,1646374763897,1646374745906,4,1646374745906,722,72,0,5,59525,0,DKU001#
DEVICE,1646374763929,1646374745938,4,1646374745938,706,70,0,5,59525,0,DKU001#
DEVICE,1646374763960,1646374745969,4,1646374745969,701,70,0,5,59525,0,DKU001#
DEVICE,1646374763993,1646374746002,4,1646374746002,685,68,0,5,59525,0,DKU001#
DEVICE,1646374764025,1646374746034,4,1646374746034,670,67,5,5,59525,0,DKU001#
DEVICE,1646374764057,1646374746066,4,1646374746066,664,66,5,5,59525,0,DKU001#
DEVICE,1646374764089,1646374746098,4,1646374746098,637,63,5,5,59525,0,DKU001#
DEVICE,1646374764120,1646374746129,4,1646374746129,615,61,5,5,59525,0,DKU001#
DEVICE,1646374764152,1646374746161,4,1646374746161,610,61,5,5,59525,0,DKU001#
DEVICE,1646374764185,1646374746194,4,1646374746194,584,58,5,5,59525,0,DKU001#
DEVICE,1646374764217,1646374746226,4,1646374746226,564,56,5,5,59525,0,DKU001#
DEVICE,1646374764249,1646374746258,4,1646374746258,542,54,5,5,59525,0,DKU001#
DEVICE,1646374764281,1646374746290,4,1646374746290,519,51,5,5,59525,0,DKU001#
DEVICE,1646374764313,1646374746322,4,1646374746322,498,49,5,5,59525,0,DKU001#
DEVICE,1646374764345,1646374746354,4,1646374746354,473,47,10,6,59525,412,DKU001#
DEVICE,1646374764377,1646374746386,4,1646374746386,457,45,10,6,59525,412,DKU001#
DEVICE,1646374764408,1646374746417,4,1646374746417,445,44,10,6,59525,412,DKU001#
DEVICE,1646374764440,1646374746449,4,1646374746449,433,43,10,6,59525,412,DKU001#
DEVICE,1646374764472,1646374746481,4,1646374746481,423,42,10,6,59525,412,DKU001#
DEVICE,1646374764504,1646374746513,4,1646374746513,407,40,10,6,59525,412,DKU001#
DEVICE,1646374764536,1646374746545,4,1646374746545,403,40,10,6,59525,412,DKU001#
DEVICE,1646374764568,1646374746577,4,1646374746577,390,39,10,6,59525,412,DKU001#
DEVICE,1646374764600,1646374746609,4,1646374746609,387,38,10,6,59525,410,DKU001#
DEVICE,1646374764632,1646374746641,4,1646374746641,380,38,10,6,59525,408,DKU001#
DEVICE,1646374764664,1646374746673,4,1646374746673,377,37,10,6,59525,406,DKU001#
DEVICE,1646374764696,1646374746705,4,1646374746705,385,38,10,6,59525,406,DKU001#
DEVICE,1646374764729,1646374746738,4,1646374746738,393,39,10,6,59525,408,DKU001#
DEVICE,1646374764760,1646374746769,4,1646374746769,399,39,10,6,59525,410,DKU001#
DEVICE,1646374764792,1646374746801,4,1646374746801,412,41,10,6,59525,412,DKU001#
DEVICE,1646374764824,1646374746833,4,1646374746833,423,42,10,6,59525,414,DKU001#
DEVICE,1646374764856,1646374746865,4,1646374746865,439,43,10,6,59525,418,DKU001#
DEVICE,1646374764888,1646374746897,4,1646374746897,456,45,10,6,59525,422,DKU001#
DEVICE,1646374764920,1646374746929,4,1646374746929,473,47,10,6,59525,425,DKU001#
DEVICE,1646374764953,1646374746962,4,1646374746962,492,49,10,6,59525,425,DKU001#
DEVICE,1646374764984,1646374746993,4,1646374746993,514,51,10,6,59525,425,DKU001#
DEVICE,1646374765016,1646374747025,4,1646374747025,525,52,10,6,59525,425,DKU001#
DEVICE,1646374765048,1646374747057,4,1646374747057,562,56,10,6,59525,425,DKU001#
DEVICE,1646374765080,1646374747089,4,1646374747089,573,57,10,6,59525,425,DKU001#
DEVICE,1646374765112,1646374747121,4,1646374747121,594,59,10,6,59525,425,DKU001#
DEVICE,1646374765144,1646374747153,4,1646374747153,620,62,10,6,59525,425,DKU001#
DEVICE,1646374765176,1646374747185,4,1646374747185,631,63,10,6,59525,425,DKU001#
DEVICE,1646374765208,1646374747217,4,1646374747217,657,65,10,6,59525,425,DKU001#
DEVICE,1646374765240,1646374747249,4,1646374747249,673,67,10,6,59525,425,DKU001#
DEVICE,1646374765272,1646374747281,4,1646374747281,683,68,10,6,59525,425,DKU001#
DEVICE,1646374765304,1646374747313,4,1646374747313,693,69,10,6,59525,425,DKU001#
DEVICE,1646374765335,1646374747344,4,1646374747344,710,71,0,6,59525,425,DKU001#
DEVICE,1646374765368,1646374747377,4,1646374747377,718,71,0,6,59525,425,DKU001#
DEVICE,1646374765400,1646374747409,4,1646374747409,730,73,0,6,59525,283,DKU001#
DEVICE,1646374765432,1646374747441,4,1646374747441,728,72,0,6,59525,141,DKU001#
DEVICE,1646374765464,1646374747473,4,1646374747473,730,73,0,6,59525,0,DKU001#
DEVICE,1646374765496,1646374747505,4,1646374747505,722,72,0,6,59525,0,DKU001#
DEVICE,1646374765528,1646374747537,4,1646374747537,724,72,0,6,59525,0,DKU001#
DEVICE,1646374765560,1646374747569,4,1646374747569,695,69,0,6,59525,0,DKU001#
DEVICE,1646374765592,1646374747601,4,1646374747601,697,69,5,6,59525,0,DKU001#
DEVICE,1646374765624,1646374747633,4,1646374747633,683,68,5,6,59525,0,DKU001#
DEVICE,1646374765656,1646374747665,4,1646374747665,663,66,5,6,59525,0,DKU001#
DEVICE,1646374765688,1646374747697,4,1646374747697,641,64,5,6,59525,0,DKU001#
DEVICE,1646374765720,1646374747729,4,1646374747729,619,61,5,6,59525,0,DKU001#
DEVICE,1646374765752,1646374747761,4,1646374747761,601,60,5,6,59525,0,DKU001#
DEVICE,1646374765784,1646374747793,4,1646374747793,577,57,5,6,59525,0,DKU001#
DEVICE,1646374765816,1646374747825,4,1646374747825,559,55,5,6,59525,0,DKU001#
DEVICE,1646374765848,1646374747857,4,1646374747857,533,53,5,6,59525,0,DKU001#
DEVICE,1646374765880,1646374747889,4,1646374747889,506,50,5,6,59525,0,DKU001#
DEVICE,1646374765912,1646374747921,4,1646374747921,491,49,5,6,59525,0,DKU001#
DEVICE,1646374765944,1646374747953,4,1646374747953,469,46,10,7,59525,387,DKU001#
DEVICE,1646374765976,1646374747985,4,1646374747985,454,45,10,7,59525,387,DKU001#
DEVICE,1646374766008,1646374748017,4,1646374748017,441,44,10,7,59525,387,DKU001#
DEVICE,1646374766024,1646374748033,4,1646374748033,426,42,10,7,59525,387,DKU001#
DEVICE,1646374766056,1646374748065,4,1646374748065,420,42,10,7,59525,387,DKU001#
DEVICE,1646374766087,1646374748096,4,1646374748096,406,40,10,7,59525,389,DKU001#
DEVICE,1646374766119,1646374748128,4,1646374748128,400,40,10,7,59525,393,DKU001#
DEVICE,1646374766151,1646374748160,4,1646374748160,399,39,10,7,59525,400,DKU001#
DEVICE,1646374766184,1646374748193,4,1646374748193,390,39,10,7,59525,406,DKU001#
DEVICE,1646374766216,1646374748225,4,1646374748225,399,39,10,7,59525,410,DKU001#
DEVICE,1646374766247,1646374748256,4,1646374748256,409,40,10,7,59525,412,DKU001#
DEVICE,1646374766279,1646374748288,4,1646374748288,417,41,10,7,59525,416,DKU001#
DEVICE,1646374766312,1646374748321,4,1646374748321,427,42,10,7,59525,427,DKU001#
DEVICE,1646374766343,1646374748352,4,1646374748352,442,44,10,7,59525,439,DKU001#
DEVICE,1646374766375,1646374748384,4,1646374748384,447,44,10,7,59525,447,DKU001#
DEVICE,1646374766407,1646374748416,4,1646374748416,468,46,10,7,59525,450,DKU001#
DEVICE,1646374766439,1646374748448,4,1646374748448,484,48,10,7,59525,450,DKU001#
DEVICE,1646374766471,1646374748480,4,1646374748480,504,50,10,7,59525,450,DKU001#
DEVICE,1646374766503,1646374748512,4,1646374748512,520,52,10,7,59525,447,DKU001#
DEVICE,1646374766535,1646374748544,4,1646374748544,541,54,10,7,59525,439,DKU001#
DEVICE,1646374766568,1646374748577,4,1646374748577,562,56,10,7,59525,427,DKU001#
DEVICE,1646374766599,1646374748608,4,1646374748608,583,58,10,7,59525,416,DKU001#
DEVICE,1646374766631,1646374748640,4,1646374748640,605,60,10,7,59525,412,DKU001#
DEVICE,1646374766663,1646374748672,4,1646374748672,611,61,10,7,59525,412,DKU001#
DEVICE,1646374766695,1646374748704,4,1646374748704,641,64,10,7,59525,412,DKU001#
DEVICE,1646374766727,1646374748736,4,1646374748736,662,66,10,7,59525,412,DKU001#
DEVICE,1646374766759,1646374748768,4,1646374748768,666,66,10,7,59525,412,DKU001#
DEVICE,1646374766791,1646374748800,4,1646374748800,682,68,10,7,59525,412,DKU001#
DEVICE,1646374766823,1646374748832,4,1646374748832,706,70,0,7,59525,412,DKU001#
DEVICE,1646374766855,1646374748864,4,1646374748864,709,70,0,7,59525,412,DKU001#
DEVICE,1646374766887,1646374748896,4,1646374748896,728,72,0,7,59525,275,DKU001#
DEVICE,1646374766920,1646374748929,4,1646374748929,723,72,0,7,59525,137,DKU001#
DEVICE,1646374766951,1646374748960,4,1646374748960,733,73,0,7,59525,0,DKU001#
DEVICE,1646374766983,1646374748992,4,1646374748992,733,73,0,7,59525,0,DKU001#
DEVICE,1646374767015,1646374749024,4,1646374749024,735,73,0,7,59525,0,DKU001#
DEVICE,1646374767047,1646374749056,4,1646374749056,726,72,0,7,59525,0,DKU001#
DEVICE,1646374767079,1646374749088,4,1646374749088,708,70,0,7,59525,0,DKU001#
DEVICE,1646374767111,1646374749120,4,1646374749120,716,71,0,7,59525,0,DKU001#
DEVICE,1646374767143,1646374749152,4,1646374749152,689,68,0,7,59525,0,DKU001#
DEVICE,1646374767175,1646374749184,4,1646374749184,687,68,5,7,59525,0,DKU001#
DEVICE,1646374767207,1646374749216,4,1646374749216,674,67,5,7,59525,0,DKU001#
DEVICE,1646374767239,1646374749248,4,1646374749248,654,65,5,7,59525,0,DKU001#
DEVICE,1646374767271,1646374749280,4,1646374749280,632,63,5,7,59525,0,DKU001#
DEVICE,1646374767303,1646374749312,4,1646374749312,620,62,5,7,59525,0,DKU001#
DEVICE,1646374767335,1646374749344,4,1646374749344,591,59,5,7,59525,0,DKU001#
DEVICE,1646374767367,1646374749376,4,1646374749376,573,57,5,7,59525,0,DKU001#
DEVICE,1646374767399,1646374749408,4,1646374749408,546,54,5,7,59525,0,DKU001#
DEVICE,1646374767431,1646374749440,4,1646374749440,532,53,5,7,59525,0,DKU001#
DEVICE,1646374767463,1646374749472,4,1646374749472,515,51,5,7,59525,0,DKU001#
DEVICE,1646374767495,1646374749504,4,1646374749504,493,49,5,7,59525,0,DKU001#
DEVICE,1646374767527,1646374749536,4,1646374749536,466,46,10,8,59525,387,DKU001#
DEVICE,1646374767559,1646374749568,4,1646374749568,458,45,10,8,59525,387,DKU001#
DEVICE,1646374767591,1646374749600,4,1646374749600,438,43,10,8,59525,387,DKU001#
DEVICE,1646374767623,1646374749632,4,1646374749632,432,43,10,8,59525,387,DKU001#
DEVICE,1646374767655,1646374749664,4,1646374749664,419,41,10,8,59525,387,DKU001#
DEVICE,1646374767687,1646374749696,4,1646374749696,409,40,10,8,59525,387,DKU001#
DEVICE,1646374767718,1646374749727,4,1646374749727,407,40,10,8,59525,387,DKU001#
DEVICE,1646374767751,1646374749760,4,1646374749760,404,40,10,8,59525,387,DKU001#
DEVICE,1646374767783,1646374749792,4,1646374749792,415,41,10,8,59525,387,DKU001#
DEVICE,1646374767815,1646374749824,4,1646374749824,405,40,10,8,59525,387,DKU001#
DEVICE,1646374767847,1646374749856,4,1646374749856,420,42,10,8,59525,387,DKU001#
DEVICE,1646374767879,1646374749888,4,1646374749888,428,42,10,8,59525,389,DKU001#
DEVICE,1646374767911,1646374749920,4,1646374749920,442,44,10,8,59525,391,DKU001#
DEVICE,1646374767943,1646374749952,4,1646374749952,445,44,10,8,59525,395,DKU001#
DEVICE,1646374767975,1646374749984,4,1646374749984,458,45,10,8,59525,397,DKU001#
DEVICE,1646374768007,1646374750016,4,1646374750016,484,48,10,8,59525,400,DKU001#
DEVICE,1646374768038,1646374750047,4,1646374750047,491,49,10,8,59525,400,DKU001#
DEVICE,1646374768070,1646374750079,4,1646374750079,516,51,10,8,59525,402,DKU001#
DEVICE,1646374768102,1646374750111,4,1646374750111,532,53,10,8,59525,408,DKU001#
DEVICE,1646374768134,1646374750143,4,1646374750143,549,54,10,8,59525,416,DKU001#
DEVICE,1646374768167,1646374750176,4,1646374750176,568,56,10,8,59525,422,DKU001#
DEVICE,1646374768199,1646374750208,4,1646374750208,592,59,10,8,59525,425,DKU001#
DEVICE,1646374768231,1646374750240,4,1646374750240,612,61,10,8,59525,425,DKU001#
DEVICE,1646374768262,1646374750271,4,1646374750271,628,62,10,8,59525,425,DKU001#
DEVICE,1646374768295,1646374750304,4,1646374750304,642,64,10,8,59525,425,DKU001#
DEVICE,1646374768326,1646374750335,4,1646374750335,669,66,10,8,59525,425,DKU001#
DEVICE,1646374768358,1646374750367,4,1646374750367,678,67,10,8,59525,425,DKU001#
DEVICE,1646374768390,1646374750399,4,1646374750399,683,68,10,8,59525,425,DKU001#
DEVICE,1646374768423,1646374750432,4,1646374750432,694,69,10,8,59525,425,DKU001#
DEVICE,1646374768454,1646374750463,4,1646374750463,710,71,0,8,59525,425,DKU001#
DEVICE,1646374768486,1646374750495,4,1646374750495,707,70,0,8,59525,425,DKU001#
DEVICE,1646374768518,1646374750527,4,1646374750527,711,71,0,8,59525,283,DKU001#
DEVICE,1646374768551,1646374750560,4,1646374750560,725,72,0,8,59525,141,DKU001#
DEVICE,1646374768582,1646374750591,4,1646374750591,724,72,0,8,59525,0,DKU001#
DEVICE,1646374768614,1646374750623,4,1646374750623,719,71,0,8,59525,0,DKU001#
DEVICE,1646374768646,1646374750655,4,1646374750655,714,71,0,8,59525,0,DKU001#
DEVICE,1646374768678,1646374750687,4,1646374750687,708,70,0,8,59525,0,DKU001#
DEVICE,1646374768710,1646374750719,4,1646374750719,694,69,0,8,59525,0,DKU001#
DEVICE,1646374768742,1646374750751,4,1646374750751,675,67,5,8,59525,0,DKU001#
DEVICE,1646374768774,1646374750783,4,1646374750783,666,66,5,8,59525,0,DKU001#
DEVICE,1646374768806,1646374750815,4,1646374750815,657,65,5,8,59525,0,DKU001#
DEVICE,1646374768838,1646374750847,4,1646374750847,632,63,5,8,59525,0,DKU001#
DEVICE,1646374768870,1646374750879,4,1646374750879,617,61,5,8,59525,0,DKU001#
DEVICE,1646374768902,1646374750911,4,1646374750911,594,59,5,8,59525,0,DKU001#
DEVICE,1646374768934,1646374750943,4,1646374750943,572,57,5,8,59525,0,DKU001#
DEVICE,1646374768966,1646374750975,4,1646374750975,543,54,5,8,59525,0,DKU001#
DEVICE,1646374768998,1646374751007,4,1646374751007,534,53,5,8,59525,0,DKU001#
DEVICE,1646374769030,1646374751039,4,1646374751039,514,51,5,8,59525,0,DKU001#
DEVICE,1646374769062,1646374751071,4,1646374751071,496,49,5,8,59525,0,DKU001#
DEVICE,1646374769094,1646374751103,4,1646374751103,480,48,10,9,59525,387,DKU001#
DEVICE,1646374769126,1646374751135,4,1646374751135,465,46,10,9,59525,387,DKU001#
DEVICE,1646374769158,1646374751167,4,1646374751167,453,45,10,9,59525,387,DKU001#
DEVICE,1646374769190,1646374751199,4,1646374751199,430,43,10,9,59525,387,DKU001#
DEVICE,1646374769222,1646374751231,4,1646374751231,421,42,10,9,59525,387,DKU001#
DEVICE,1646374769254,1646374751263,4,1646374751263,409,40,10,9,59525,387,DKU001#
DEVICE,1646374769286,1646374751295,4,1646374751295,406,40,10,9,59525,387,DKU001#
DEVICE,1646374769318,1646374751327,4,1646374751327,397,39,10,9,59525,387,DKU001#
DEVICE,1646374769350,1646374751359,4,1646374751359,402,40,10,9,59525,387,DKU001#
DEVICE,1646374769382,1646374751391,4,1646374751391,408,40,10,9,59525,387,DKU001#
DEVICE,1646374769414,1646374751423,4,1646374751423,406,40,10,9,59525,387,DKU001#
DEVICE,1646374769446,1646374751455,4,1646374751455,416,41,10,9,59525,387,DKU001#
DEVICE,1646374769478,1646374751487,4,1646374751487,419,41,10,9,59525,387,DKU001#
DEVICE,1646374769510,1646374751519,4,1646374751519,438,43,10,9,59525,387,DKU001#
DEVICE,1646374769542,1646374751551,4,1646374751551,453,45,10,9,59525,387,DKU001#
DEVICE,1646374769574,1646374751583,4,1646374751583,463,46,10,9,59525,389,DKU001#
DEVICE,1646374769606,1646374751615,4,1646374751615,484,48,10,9,59525,395,DKU001#
DEVICE,1646374769638,1646374751647,4,1646374751647,493,49,10,9,59525,408,DKU001#
DEVICE,1646374769670,1646374751679,4,1646374751679,521,52,10,9,59525,425,DKU001#
DEVICE,1646374769702,1646374751711,4,1646374751711,548,54,10,9,59525,441,DKU001#
DEVICE,1646374769734,1646374751743,4,1646374751743,557,55,10,9,59525,454,DKU001#
DEVICE,1646374769766,1646374751775,4,1646374751775,582,58,10,9,59525,460,DKU001#
DEVICE,1646374769798,1646374751807,4,1646374751807,596,59,10,9,59525,462,DKU001#
DEVICE,1646374769830,1646374751839,4,1646374751839,628,62,10,9,59525,462,DKU001#
DEVICE,1646374769862,1646374751871,4,1646374751871,639,63,10,9,59525,462,DKU001#
DEVICE,1646374769894,1646374751903,4,1646374751903,650,65,10,9,59525,462,DKU001#
DEVICE,1646374769926,1646374751935,4,1646374751935,660,66,10,9,59525,462,DKU001#
DEVICE,1646374769958,1646374751967,4,1646374751967,680,68,10,9,59525,462,DKU001#
DEVICE,1646374769990,1646374751999,4,1646374751999,693,69,10,9,59525,462,DKU001#
DEVICE,1646374770022,1646374752031,4,1646374752031,702,70,0,9,59525,462,DKU001#
DEVICE,1646374770054,1646374752063,4,1646374752063,715,71,0,9,59525,462,DKU001#
DEVICE,1646374770086,1646374752095,4,1646374752095,717,71,0,9,59525,308,DKU001#
DEVICE,1646374770118,1646374752127,4,1646374752127,719,71,0,9,59525,154,DKU001#
DEVICE,1646374770150,1646374752159,4,1646374752159,713,71,0,9,59525,0,DKU001#
DEVICE,1646374770182,1646374752191,4,1646374752191,728,72,0,9,59525,0,DKU001#
DEVICE,1646374770213,1646374752222,4,1646374752222,712,71,0,9,59525,0,DKU001#
DEVICE,1646374770245,1646374752254,4,1646374752254,716,71,0,9,59525,0,DKU001#
DEVICE,1646374770278,1646374752287,4,1646374752287,700,70,0,9,59525,0,DKU001#
DEVICE,1646374770309,1646374752318,4,1646374752318,690,69,0,9,59525,0,DKU001#
DEVICE,1646374770341,1646374752350,4,1646374752350,690,69,5,9,59525,0,DKU001#
DEVICE,1646374770373,1646374752382,4,1646374752382,675,67,5,9,59525,0,DKU001#
DEVICE,1646374770405,1646374752414,4,1646374752414,644,64,5,9,59525,0,DKU001#
DEVICE,1646374770437,1646374752446,4,1646374752446,627,62,5,9,59525,0,DKU001#
DEVICE,1646374770469,1646374752478,4,1646374752478,607,60,5,9,59525,0,DKU001#
DEVICE,1646374770501,1646374752510,4,1646374752510,585,58,5,9,59525,0,DKU001#
DEVICE,1646374770534,1646374752543,4,1646374752543,573,57,5,9,59525,0,DKU001#
DEVICE,1646374770565,1646374752574,4,1646374752574,547,54,5,9,59525,0,DKU001#
DEVICE,1646374770597,1646374752606,4,1646374752606,525,52,5,9,59525,0,DKU001#
DEVICE,1646374770629,1646374752638,4,1646374752638,509,50,5,9,59525,0,DKU001#
DEVICE,1646374770661,1646374752670,4,1646374752670,497,49,5,9,59525,0,DKU001#
DEVICE,1646374770693,1646374752702,4,1646374752702,482,48,10,10,59525,400,DKU001#
DEVICE,1646374770725,1646374752734,4,1646374752734,456,45,10,10,59525,400,DKU001#
DEVICE,1646374770757,1646374752766,4,1646374752766,435,43,10,10,59525,400,DKU001#
DEVICE,1646374770789,1646374752798,4,1646374752798,426,42,10,10,59525,400,DKU001#
DEVICE,1646374770821,1646374752830,4,1646374752830,420,42,10,10,59525,400,DKU001#
DEVICE,1646374770853,1646374752862,4,1646374752862,407,40,10,10,59525,400,DKU001#
DEVICE,1646374770885,1646374752894,4,1646374752894,400,40,10,10,59525,400,DKU001#
DEVICE,1646374770917,1646374752926,4,1646374752926,400,40,10,10,59525,400,DKU001#
DEVICE,1646374770949,1646374752958,4,1646374752958,402,40,10,10,59525,400,DKU001#
DEVICE,1646374770981,1646374752990,4,1646374752990,406,40,10,10,59525,402,DKU001#
DEVICE,1646374771013,1646374753022,4,1646374753022,408,40,10,10,59525,406,DKU001#
DEVICE,1646374771045,1646374753054,4,1646374753054,425,42,10,10,59525,410,DKU001#
DEVICE,1646374771077,1646374753086,4,1646374753086,445,44,10,10,59525,412,DKU001#
DEVICE,1646374771109,1646374753118,4,1646374753118,449,44,10,10,59525,414,DKU001#
DEVICE,1646374771141,1646374753150,4,1646374753150,473,47,10,10,59525,418,DKU001#
DEVICE,1646374771173,1646374753182,4,1646374753182,488,48,10,10,59525,422,DKU001#
DEVICE,1646374771205,1646374753214,4,1646374753214,504,50,10,10,59525,427,DKU001#
DEVICE,1646374771237,1646374753246,4,1646374753246,534,53,10,10,59525,431,DKU001#
DEVICE,1646374771269,1646374753278,4,1646374753278,560,56,10,10,59525,435,DKU001#
DEVICE,1646374771301,1646374753310,4,1646374753310,579,57,10,10,59525,437,DKU001#
DEVICE,1646374771333,1646374753342,4,1646374753342,593,59,10,10,59525,437,DKU001#
DEVICE,1646374771365,1646374753374,4,1646374753374,616,61,10,10,59525,437,DKU001#
DEVICE,1646374771397,1646374753406,4,1646374753406,622,62,10,10,59525,437,DKU001#
DEVICE,1646374771429,1646374753438,4,1646374753438,651,65,10,10,59525,437,DKU001#
DEVICE,1646374771461,1646374753470,4,1646374753470,663,66,10,10,59525,437,DKU001#
DEVICE,1646374771493,1646374753502,4,1646374753502,683,68,10,10,59525,437,DKU001#
DEVICE,1646374771525,1646374753534,4,1646374753534,692,69,10,10,59525,437,DKU001#
DEVICE,1646374771557,1646374753566,4,1646374753566,698,69,10,10,59525,437,DKU001#
DEVICE,1646374771589,1646374753598,4,1646374753598,708,70,0,10,59525,437,DKU001#
DEVICE,1646374771621,1646374753630,4,1646374753630,705,70,0,10,59525,437,DKU001#
DEVICE,1646374771653,1646374753662,4,1646374753662,719,71,0,10,59525,291,DKU001#
DEVICE,1646374771685,1646374753694,4,1646374753694,722,72,0,10,59525,145,DKU001#
DEVICE,1646374771717,1646374753726,4,1646374753726,714,71,0,10,59525,0,DKU001#
DEVICE,1646374771749,1646374753758,4,1646374753758,711,71,0,10,59525,0,DKU001#
DEVICE,1646374771781,1646374753790,4,1646374753790,716,71,0,10,59525,0,DKU001#
DEVICE,1646374771812,1646374753821,4,1646374753821,713,71,0,10,59525,0,DKU001#
DEVICE,1646374771845,1646374753854,4,1646374753854,698,69,0,10,59525,0,DKU001#
DEVICE,1646374771876,1646374753885,4,1646374753885,682,68,5,10,59525,0,DKU001#
DEVICE,1646374771908,1646374753917,4,1646374753917,671,67,5,10,59525,0,DKU001#
DEVICE,1646374771940,1646374753949,4,1646374753949,655,65,5,10,59525,0,DKU001#
DEVICE,1646374771972,1646374753981,4,1646374753981,633,63,5,10,59525,0,DKU001#
DEVICE,1646374772004,1646374754013,4,1646374754013,620,62,5,10,59525,0,DKU001#
DEVICE,1646374772036,1646374754045,4,1646374754045,598,59,5,10,59525,0,DKU001#
DEVICE,1646374772069,1646374754078,4,1646374754078,575,57,5,10,59525,0,DKU001#
DEVICE,1646374772101,1646374754110,4,1646374754110,553,55,5,10,59525,0,DKU001#
DEVICE,1646374772132,1646374754141,4,1646374754141,528,52,5,10,59525,0,DKU001#
DEVICE,1646374772164,1646374754173,4,1646374754173,514,51,5,10,59525,0,DKU001#
DEVICE,1646374772196,1646374754205,4,1646374754205,491,49,5,10,59525,0,DKU001#
DEVICE,1646374772229,1646374754238,4,1646374754238,478,47,5,11,59525,375,DKU001#
DEVICE,1646374772260,1646374754269,4,1646374754269,454,45,10,11,59525,387,DKU001#
DEVICE,1646374772292,1646374754301,4,1646374754301,435,43,10,11,59525,387,DKU001#
DEVICE,1646374772324,1646374754333,4,1646374754333,422,42,10,11,59525,387,DKU001#
DEVICE,1646374772356,1646374754365,4,1646374754365,409,40,10,11,59525,387,DKU001#
DEVICE,1646374772388,1646374754397,4,1646374754397,400,40,10,11,59525,395,DKU001#
DEVICE,1646374772420,1646374754429,4,1646374754429,393,39,10,11,59525,410,DKU001#
DEVICE,1646374772452,1646374754461,4,1646374754461,387,38,10,11,59525,429,DKU001#
DEVICE,1646374772484,1646374754493,4,1646374754493,388,38,10,11,59525,443,DKU001#
DEVICE,1646374772517,1646374754526,4,1646374754526,395,39,10,11,59525,456,DKU001#
DEVICE,1646374772548,1646374754557,4,1646374754557,401,40,10,11,59525,468,DKU001#
DEVICE,1646374772580,1646374754589,4,1646374754589,408,40,10,11,59525,479,DKU001#
DEVICE,1646374772612,1646374754621,4,1646374754621,423,42,10,11,59525,485,DKU001#
DEVICE,1646374772644,1646374754653,4,1646374754653,426,42,10,11,59525,489,DKU001#
DEVICE,1646374772676,1646374754685,4,1646374754685,451,45,10,11,59525,493,DKU001#
DEVICE,1646374772708,1646374754717,4,1646374754717,467,46,10,11,59525,497,DKU001#
DEVICE,1646374772740,1646374754749,4,1646374754749,479,47,10,11,59525,500,DKU001#
DEVICE,1646374772772,1646374754781,4,1646374754781,503,50,10,11,59525,500,DKU001#
DEVICE,1646374772804,1646374754813,4,1646374754813,524,52,10,11,59525,500,DKU001#
DEVICE,1646374772836,1646374754845,4,1646374754845,547,54,10,11,59525,497,DKU001#
DEVICE,1646374772868,1646374754877,4,1646374754877,568,56,10,11,59525,493,DKU001#
DEVICE,1646374772900,1646374754909,4,1646374754909,584,58,10,11,59525,489,DKU001#
DEVICE,1646374772932,1646374754941,4,1646374754941,606,60,10,11,59525,487,DKU001#
DEVICE,1646374772964,1646374754973,4,1646374754973,619,61,10,11,59525,487,DKU001#
DEVICE,1646374772996,1646374755005,4,1646374755005,642,64,10,11,59525,487,DKU001#
DEVICE,1646374773028,1646374755037,4,1646374755037,668,66,10,11,59525,487,DKU001#
DEVICE,1646374773060,1646374755069,4,1646374755069,680,68,10,11,59525,487,DKU001#
DEVICE,1646374773092,1646374755101,4,1646374755101,696,69,10,11,59525,487,DKU001#
DEVICE,1646374773124,1646374755133,4,1646374755133,694,69,10,11,59525,487,DKU001#
DEVICE,1646374773156,1646374755165,4,1646374755165,710,71,0,11,59525,487,DKU001#
DEVICE,1646374773188,1646374755197,4,1646374755197,719,71,0,11,59525,487,DKU001#
DEVICE,1646374773220,1646374755229,4,1646374755229,718,71,0,11,59525,325,DKU001#
DEVICE,1646374773252,1646374755261,4,1646374755261,715,71,0,11,59525,162,DKU001#
DEVICE,1646374773284,1646374755293,4,1646374755293,709,70,0,11,59525,0,DKU001#
DEVICE,1646374773316,1646374755325,4,1646374755325,717,71,0,11,59525,0,DKU001#
DEVICE,1646374773348,1646374755357,4,1646374755357,718,71,0,11,59525,0,DKU001#
DEVICE,1646374773380,1646374755389,4,1646374755389,719,71,0,11,59525,0,DKU001#
DEVICE,1646374773412,1646374755421,4,1646374755421,691,69,0,11,59525,0,DKU001#
DEVICE,1646374773444,1646374755453,4,1646374755453,679,67,5,11,59525,0,DKU001#
DEVICE,1646374773476,1646374755485,4,1646374755485,669,66,5,11,59525,0,DKU001#
DEVICE,1646374773508,1646374755517,4,1646374755517,644,64,5,11,59525,0,DKU001#
DEVICE,1646374773540,1646374755549,4,1646374755549,629,62,5,11,59525,0,DKU001#
DEVICE,1646374773572,1646374755581,4,1646374755581,599,59,5,11,59525,0,DKU001#
DEVICE,1646374773603,1646374755612,4,1646374755612,583,58,5,11,59525,0,DKU001#
DEVICE,1646374773635,1646374755644,4,1646374755644,564,56,5,11,59525,0,DKU001#
DEVICE,1646374773668,1646374755677,4,1646374755677,539,53,5,11,59525,0,DKU001#
DEVICE,1646374773700,1646374755709,4,1646374755709,515,51,5,11,59525,0,DKU001#
DEVICE,1646374773715,1646374755724,4,1646374755724,494,49,5,11,59525,0,DKU001#
DEVICE,1646374773763,1646374755772,4,1646374755772,473,47,10,12,59525,437,DKU001#
DEVICE,1646374773796,1646374755805,4,1646374755805,453,45,10,12,59525,437,DKU001#
DEVICE,1646374773828,1646374755837,4,1646374755837,436,43,10,12,59525,437,DKU001#
DEVICE,1646374773843,1646374755852,4,1646374755852,424,42,10,12,59525,437,DKU001#
DEVICE,1646374773875,1646374755884,4,1646374755884,406,40,10,12,59525,437,DKU001#
DEVICE,1646374773907,1646374755916,4,1646374755916,395,39,10,12,59525,437,DKU001#
DEVICE,1646374773939,1646374755948,4,1646374755948,388,38,10,12,59525,437,DKU001#
DEVICE,1646374773971,1646374755980,4,1646374755980,382,38,10,12,59525,439,DKU001#
DEVICE,1646374774003,1646374756012,4,1646374756012,377,37,10,12,59525,443,DKU001#
DEVICE,1646374774035,1646374756044,4,1646374756044,378,37,10,12,59525,447,DKU001#
DEVICE,1646374774068,1646374756077,4,1646374756077,381,38,10,12,59525,450,DKU001#
DEVICE,1646374774099,1646374756108,4,1646374756108,388,38,10,12,59525,450,DKU001#
DEVICE,1646374774132,1646374756141,4,1646374756141,401,40,10,12,59525,450,DKU001#
DEVICE,1646374774163,1646374756172,4,1646374756172,415,41,10,12,59525,450,DKU001#
DEVICE,1646374774195,1646374756204,4,1646374756204,432,43,10,12,59525,450,DKU001#
DEVICE,1646374774227,1646374756236,4,1646374756236,449,44,10,12,59525,450,DKU001#
DEVICE,1646374774259,1646374756268,4,1646374756268,470,47,10,12,59525,450,DKU001#
DEVICE,1646374774291,1646374756300,4,1646374756300,491,49,10,12,59525,450,DKU001#
DEVICE,1646374774323,1646374756332,4,1646374756332,515,51,10,12,59525,450,DKU001#
DEVICE,1646374774355,1646374756364,4,1646374756364,536,53,10,12,59525,450,DKU001#
DEVICE,1646374774387,1646374756396,4,1646374756396,561,56,10,12,59525,450,DKU001#
DEVICE,1646374774419,1646374756428,4,1646374756428,583,58,10,12,59525,450,DKU001#
DEVICE,1646374774451,1646374756460,4,1646374756460,602,60,10,12,59525,450,DKU001#
DEVICE,1646374774484,1646374756493,4,1646374756493,612,61,10,12,59525,450,DKU001#
DEVICE,1646374774515,1646374756524,4,1646374756524,637,63,10,12,59525,450,DKU001#
DEVICE,1646374774547,1646374756556,4,1646374756556,650,65,10,12,59525,450,DKU001#
DEVICE,1646374774579,1646374756588,4,1646374756588,655,65,10,12,59525,450,DKU001#
DEVICE,1646374774611,1646374756620,4,1646374756620,686,68,10,12,59525,450,DKU001#
DEVICE,1646374774643,1646374756652,4,1646374756652,691,69,10,12,59525,450,DKU001#
DEVICE,1646374774675,1646374756684,4,1646374756684,696,69,10,12,59525,450,DKU001#
DEVICE,1646374774707,1646374756716,4,1646374756716,699,69,10,12,59525,450,DKU001#
DEVICE,1646374774740,1646374756749,4,1646374756749,713,71,0,12,59525,450,DKU001#
DEVICE,1646374774771,1646374756780,4,1646374756780,738,73,0,12,59525,450,DKU001#
DEVICE,1646374774803,1646374756812,4,1646374756812,723,72,0,12,59525,300,DKU001#
DEVICE,1646374774835,1646374756844,4,1646374756844,726,72,0,12,59525,150,DKU001#
DEVICE,1646374774867,1646374756876,4,1646374756876,710,71,0,12,59525,0,DKU001#
DEVICE,1646374774899,1646374756908,4,1646374756908,713,71,0,12,59525,0,DKU001#
DEVICE,1646374774931,1646374756940,4,1646374756940,709,70,0,12,59525,0,DKU001#
DEVICE,1646374774963,1646374756972,4,1646374756972,696,69,0,12,59525,0,DKU001#
DEVICE,1646374774995,1646374757004,4,1646374757004,678,67,5,12,59525,0,DKU001#
DEVICE,1646374775027,1646374757036,4,1646374757036,666,66,5,12,59525,0,DKU001#
DEVICE,1646374775059,1646374757068,4,1646374757068,634,63,5,12,59525,0,DKU001#
DEVICE,1646374775091,1646374757100,4,1646374757100,628,62,5,12,59525,0,DKU001#
DEVICE,1646374775123,1646374757132,4,1646374757132,601,60,5,12,59525,0,DKU001#
DEVICE,1646374775155,1646374757164,4,1646374757164,581,58,5,12,59525,0,DKU001#
DEVICE,1646374775187,1646374757196,4,1646374757196,553,55,5,12,59525,0,DKU001#
DEVICE,1646374775219,1646374757228,4,1646374757228,521,52,5,12,59525,0,DKU001#
DEVICE,1646374775251,1646374757260,4,1646374757260,510,51,5,12,59525,0,DKU001#
DEVICE,1646374775283,1646374757292,4,1646374757292,482,48,5,12,59525,0,DKU001#
DEVICE,1646374775315,1646374757324,4,1646374757324,473,47,10,13,59525,418,DKU001#
DEVICE,1646374775347,1646374757356,4,1646374757356,446,44,10,13,59525,418,DKU001#
DEVICE,1646374775379,1646374757388,4,1646374757388,433,43,10,13,59525,418,DKU001#
DEVICE,1646374775411,1646374757420,4,1646374757420,421,42,10,13,59525,418,DKU001#
DEVICE,1646374775443,1646374757452,4,1646374757452,411,41,10,13,59525,418,DKU001#
DEVICE,1646374775475,1646374757484,4,1646374757484,394,39,10,13,59525,418,DKU001#
DEVICE,1646374775507,1646374757516,4,1646374757516,390,39,10,13,59525,416,DKU001#
DEVICE,1646374775539,1646374757548,4,1646374757548,390,39,10,13,59525,414,DKU001#
DEVICE,1646374775570,1646374757579,4,1646374757579,382,38,10,13,59525,410,DKU001#
DEVICE,1646374775602,1646374757611,4,1646374757611,391,39,10,13,59525,406,DKU001#
DEVICE,1646374775634,1646374757643,4,1646374757643,394,39,10,13,59525,402,DKU001#
DEVICE,1646374775667,1646374757676,4,1646374757676,395,39,10,13,59525,400,DKU001#
DEVICE,1646374775699,1646374757708,4,1646374757708,412,41,10,13,59525,400,DKU001#
DEVICE,1646374775731,1646374757740,4,1646374757740,426,42,10,13,59525,400,DKU001#
DEVICE,1646374775763,1646374757772,4,1646374757772,443,44,10,13,59525,400,DKU001#
DEVICE,1646374775795,1646374757804,4,1646374757804,467,46,10,13,59525,400,DKU001#
DEVICE,1646374775826,1646374757835,4,1646374757835,476,47,10,13,59525,402,DKU001#
DEVICE,1646374775858,1646374757867,4,1646374757867,500,50,10,13,59525,408,DKU001#
DEVICE,1646374775890,1646374757899,4,1646374757899,529,52,10,13,59525,416,DKU001#
DEVICE,1646374775922,1646374757931,4,1646374757931,551,55,10,13,59525,422,DKU001#
DEVICE,1646374775954,1646374757963,4,1646374757963,567,56,10,13,59525,425,DKU001#
DEVICE,1646374775986,1646374757995,4,1646374757995,588,58,10,13,59525,425,DKU001#
DEVICE,1646374776018,1646374758027,4,1646374758027,618,61,10,13,59525,425,DKU001#
DEVICE,1646374776050,1646374758059,4,1646374758059,630,63,10,13,59525,425,DKU001#
DEVICE,1646374776082,1646374758091,4,1646374758091,650,65,10,13,59525,425,DKU001#
DEVICE,1646374776114,1646374758123,4,1646374758123,660,66,10,13,59525,425,DKU001#
DEVICE,1646374776146,1646374758155,4,1646374758155,675,67,10,13,59525,425,DKU001#
DEVICE,1646374776178,1646374758187,4,1646374758187,698,69,10,13,59525,425,DKU001#
DEVICE,1646374776210,1646374758219,4,1646374758219,708,70,0,13,59525,425,DKU001#
DEVICE,1646374776243,1646374758252,4,1646374758252,712,71,0,13,59525,425,DKU001#
DEVICE,1646374776274,1646374758283,4,1646374758283,723,72,0,13,59525,283,DKU001#
DEVICE,1646374776306,1646374758315,4,1646374758315,734,73,0,13,59525,141,DKU001#
DEVICE,1646374776338,1646374758347,4,1646374758347,731,73,0,13,59525,0,DKU001#
DEVICE,1646374776370,1646374758379,4,1646374758379,733,73,0,13,59525,0,DKU001#
DEVICE,1646374776402,1646374758411,4,1646374758411,735,73,0,13,59525,0,DKU001#
DEVICE,1646374776434,1646374758443,4,1646374758443,738,73,0,13,59525,0,DKU001#
DEVICE,1646374776466,1646374758475,4,1646374758475,716,71,0,13,59525,0,DKU001#
DEVICE,1646374776498,1646374758507,4,1646374758507,719,71,0,13,59525,0,DKU001#
DEVICE,1646374776530,1646374758539,4,1646374758539,715,71,0,13,59525,0,DKU001#
DEVICE,1646374776562,1646374758571,4,1646374758571,692,69,0,13,59525,0,DKU001#
DEVICE,1646374776594,1646374758603,4,1646374758603,674,67,5,13,59525,0,DKU001#
DEVICE,1646374776626,1646374758635,4,1646374758635,659,65,5,13,59525,0,DKU001#
DEVICE,1646374776658,1646374758667,4,1646374758667,635,63,5,13,59525,0,DKU001#
DEVICE,1646374776690,1646374758699,4,1646374758699,617,61,5,13,59525,0,DKU001#
DEVICE,1646374776722,1646374758731,4,1646374758731,600,60,5,13,59525,0,DKU001#
DEVICE,1646374776754,1646374758763,4,1646374758763,573,57,5,13,59525,0,DKU001#
DEVICE,1646374776786,1646374758795,4,1646374758795,563,56,5,13,59525,0,DKU001#
DEVICE,1646374776818,1646374758827,4,1646374758827,529,52,5,13,59525,0,DKU001#
DEVICE,1646374776850,1646374758859,4,1646374758859,509,50,5,13,59525,0,DKU001#
DEVICE,1646374776882,1646374758891,4,1646374758891,488,48,5,13,59525,0,DKU001#
DEVICE,1646374776914,1646374758923,4,1646374758923,468,46,10,14,59525,412,DKU001#
DEVICE,1646374776946,1646374758955,4,1646374758955,455,45,10,14,59525,412,DKU001#
DEVICE,1646374776978,1646374758987,4,1646374758987,436,43,10,14,59525,412,DKU001#
DEVICE,1646374777010,1646374759019,4,1646374759019,424,42,10,14,59525,412,DKU001#
DEVICE,1646374777042,1646374759051,4,1646374759051,409,40,10,14,59525,412,DKU001#
DEVICE,1646374777074,1646374759083,4,1646374759083,390,39,10,14,59525,414,DKU001#
DEVICE,1646374777106,1646374759115,4,1646374759115,387,38,10,14,59525,420,DKU001#
DEVICE,1646374777138,1646374759147,4,1646374759147,385,38,10,14,59525,429,DKU001#
DEVICE,1646374777170,1646374759179,4,1646374759179,378,37,10,14,59525,435,DKU001#
DEVICE,1646374777202,1646374759211,4,1646374759211,392,39,10,14,59525,437,DKU001#
DEVICE,1646374777234,1646374759243,4,1646374759243,396,39,10,14,59525,439,DKU001#
DEVICE,1646374777266,1646374759275,4,1646374759275,403,40,10,14,59525,441,DKU001#
DEVICE,1646374777298,1646374759307,4,1646374759307,416,41,10,14,59525,443,DKU001#
DEVICE,1646374777330,1646374759339,4,1646374759339,436,43,10,14,59525,443,DKU001#
DEVICE,1646374777362,1646374759371,4,1646374759371,457,45,10,14,59525,443,DKU001#
DEVICE,1646374777394,1646374759403,4,1646374759403,463,46,10,14,59525,443,DKU001#
DEVICE,1646374777426,1646374759435,4,1646374759435,484,48,10,14,59525,439,DKU001#
DEVICE,1646374777458,1646374759467,4,1646374759467,514,51,10,14,59525,433,DKU001#
DEVICE,1646374777490,1646374759499,4,1646374759499,524,52,10,14,59525,427,DKU001#
DEVICE,1646374777522,1646374759531,4,1646374759531,555,55,10,14,59525,422,DKU001#
DEVICE,1646374777554,1646374759563,4,1646374759563,578,57,10,14,59525,420,DKU001#
DEVICE,1646374777586,1646374759595,4,1646374759595,594,59,10,14,59525,418,DKU001#
DEVICE,1646374777617,1646374759626,4,1646374759626,606,60,10,14,59525,418,DKU001#
DEVICE,1646374777650,1646374759659,4,1646374759659,636,63,10,14,59525,418,DKU001#
DEVICE,1646374777682,1646374759691,4,1646374759691,652,65,10,14,59525,418,DKU001#
DEVICE,1646374777714,1646374759723,4,1646374759723,661,66,10,14,59525,418,DKU001#
DEVICE,1646374777745,1646374759754,4,1646374759754,685,68,10,14,59525,418,DKU001#
DEVICE,1646374777777,1646374759786,4,1646374759786,694,69,10,14,59525,418,DKU001#
DEVICE,1646374777810,1646374759819,4,1646374759819,711,71,0,14,59525,418,DKU001#
DEVICE,1646374777841,1646374759850,4,1646374759850,708,70,0,14,59525,418,DKU001#
DEVICE,1646374777873,1646374759882,4,1646374759882,722,72,0,14,59525,279,DKU001#
DEVICE,1646374777905,1646374759914,4,1646374759914,729,72,0,14,59525,139,DKU001#
DEVICE,1646374777937,1646374759946,4,1646374759946,728,72,0,14,59525,0,DKU001#
DEVICE,1646374777969,1646374759978,4,1646374759978,733,73,0,14,59525,0,DKU001#
DEVICE,1646374778001,1646374760010,4,1646374760010,708,70,0,14,59525,0,DKU001#
DEVICE,1646374778033,1646374760042,4,1646374760042,716,71,0,14,59525,0,DKU001#
DEVICE,1646374778065,1646374760074,4,1646374760074,702,70,0,14,59525,0,DKU001#
DEVICE,1646374778097,1646374760106,4,1646374760106,698,69,0,14,59525,0,DKU001#
DEVICE,1646374778129,1646374760138,4,1646374760138,681,68,5,14,59525,0,DKU001#
DEVICE,1646374778161,1646374760170,4,1646374760170,675,67,5,14,59525,0,DKU001#
DEVICE,1646374778193,1646374760202,4,1646374760202,649,64,5,14,59525,0,DKU001#
DEVICE,1646374778225,1646374760234,4,1646374760234,639,63,5,14,59525,0,DKU001#
DEVICE,1646374778257,1646374760266,4,1646374760266,608,60,5,14,59525,0,DKU001#
DEVICE,1646374778289,1646374760298,4,1646374760298,604,60,5,14,59525,0,DKU001#
DEVICE,1646374778321,1646374760330,4,1646374760330,573,57,5,14,59525,0,DKU001#
DEVICE,1646374778353,1646374760362,4,1646374760362,552,55,5,14,59525,0,DKU001#
DEVICE,1646374778385,1646374760394,4,1646374760394,537,53,5,14,59525,0,DKU001#
DEVICE,1646374778417,1646374760426,4,1646374760426,514,51,5,14,59525,0,DKU001#
DEVICE,1646374778449,1646374760458,4,1646374760458,494,49,5,14,59525,0,DKU001#
DEVICE,1646374778481,1646374760490,4,1646374760490,483,48,10,15,59525,425,DKU001#
DEVICE,1646374778513,1646374760522,4,1646374760522,461,46,10,15,59525,425,DKU001#
DEVICE,1646374778545,1646374760554,4,1646374760554,442,44,10,15,59525,425,DKU001#
DEVICE,1646374778577,1646374760586,4,1646374760586,426,42,10,15,59525,425,DKU001#
DEVICE,1646374778609,1646374760618,4,1646374760618,415,41,10,15,59525,425,DKU001#
DEVICE,1646374778641,1646374760650,4,1646374760650,406,40,10,15,59525,425,DKU001#
DEVICE,1646374778673,1646374760682,4,1646374760682,401,40,10,15,59525,422,DKU001#
DEVICE,1646374778705,1646374760714,4,1646374760714,399,39,10,15,59525,418,DKU001#
DEVICE,1646374778737,1646374760746,4,1646374760746,387,38,10,15,59525,414,DKU001#
DEVICE,1646374778769,1646374760778,4,1646374760778,392,39,10,15,59525,412,DKU001#
DEVICE,1646374778801,1646374760810,4,1646374760810,397,39,10,15,59525,412,DKU001#
DEVICE,1646374778833,1646374760842,4,1646374760842,415,41,10,15,59525,412,DKU001#
DEVICE,1646374778865,1646374760874,4,1646374760874,419,41,10,15,59525,414,DKU001#
DEVICE,1646374778897,1646374760906,4,1646374760906,442,44,10,15,59525,420,DKU001#
DEVICE,1646374778929,1646374760938,4,1646374760938,444,44,10,15,59525,433,DKU001#
DEVICE,1646374778961,1646374760970,4,1646374760970,463,46,10,15,59525,447,DKU001#
DEVICE,1646374778993,1646374761002,4,1646374761002,491,49,10,15,59525,462,DKU001#
DEVICE,1646374779025,1646374761034,4,1646374761034,509,50,10,15,59525,477,DKU001#
DEVICE,1646374779057,1646374761066,4,1646374761066,527,52,10,15,59525,487,DKU001#
DEVICE,1646374779089,1646374761098,4,1646374761098,542,54,10,15,59525,493,DKU001#
DEVICE,1646374779121,1646374761130,4,1646374761130,569,56,10,15,59525,493,DKU001#
DEVICE,1646374779153,1646374761162,4,1646374761162,588,58,10,15,59525,493,DKU001#
DEVICE,1646374779185,1646374761194,4,1646374761194,603,60,10,15,59525,493,DKU001#
DEVICE,1646374779217,1646374761226,4,1646374761226,626,62,10,15,59525,493,DKU001#
DEVICE,1646374779249,1646374761258,4,1646374761258,639,63,10,15,59525,493,DKU001#
DEVICE,1646374779281,1646374761290,4,1646374761290,660,66,10,15,59525,493,DKU001#
DEVICE,1646374779313,1646374761322,4,1646374761322,676,67,10,15,59525,493,DKU001#
DEVICE,1646374779345,1646374761354,4,1646374761354,693,69,10,15,59525,493,DKU001#
DEVICE,1646374779377,1646374761386,4,1646374761386,697,69,10,15,59525,493,DKU001#
DEVICE,1646374779409,1646374761418,4,1646374761418,723,72,0,15,59525,493,DKU001#
DEVICE,1646374779441,1646374761450,4,1646374761450,706,70,0,15,59525,493,DKU001#
DEVICE,1646374779473,1646374761482,4,1646374761482,729,72,0,15,59525,329,DKU001#
DEVICE,1646374779505,1646374761514,4,1646374761514,722,72,0,15,59525,164,DKU001#
DEVICE,1646374779536,1646374761545,4,1646374761545,739,73,0,15,59525,0,DKU001#
DEVICE,1646374779569,1646374761578,4,1646374761578,737,73,0,15,59525,0,DKU001#
DEVICE,1646374779600,1646374761609,4,1646374761609,711,71,0,15,59525,0,DKU001#
DEVICE,1646374779633,1646374761642,4,1646374761642,714,71,0,15,59525,0,DKU001#
DEVICE,1646374779665,1646374761674,4,1646374761674,703,70,0,15,59525,0,DKU001#
DEVICE,1646374779697,1646374761706,4,1646374761706,675,67,0,15,59525,0,DKU001#
DEVICE,1646374779728,1646374761737,4,1646374761737,660,66,5,15,59525,0,DKU001#
DEVICE,1646374779761,1646374761770,4,1646374761770,648,64,5,15,59525,0,DKU001#
DEVICE,1646374779793,1646374761802,4,1646374761802,621,62,5,15,59525,0,DKU001#
DEVICE,1646374779824,1646374761833,4,1646374761833,594,59,5,15,59525,0,DKU001#
DEVICE,1646374779856,1646374761865,4,1646374761865,569,56,5,15,59525,0,DKU001#
DEVICE,1646374779888,1646374761897,4,1646374761897,552,55,5,15,59525,0,DKU001#
DEVICE,1646374779920,1646374761929,4,1646374761929,521,52,5,15,59525,0,DKU001#
DEVICE,1646374779952,1646374761961,4,1646374761961,508,50,5,15,59525,0,DKU001#
DEVICE,1646374779984,1646374761993,4,1646374761993,481,48,5,15,59525,0,DKU001#
DEVICE,1646374780016,1646374762025,4,1646374762025,463,46,10,16,59525,431,DKU001#
DEVICE,1646374780048,1646374762057,4,1646374762057,439,43,10,16,59525,431,DKU001#
DEVICE,1646374780081,1646374762090,4,1646374762090,434,43,10,16,59525,431,DKU001#
DEVICE,1646374780112,1646374762121,4,1646374762121,410,41,10,16,59525,431,DKU001#
DEVICE,1646374780144,1646374762153,4,1646374762153,402,40,10,16,59525,431,DKU001#
DEVICE,1646374780176,1646374762185,4,1646374762185,396,39,10,16,59525,433,DKU001#
DEVICE,1646374780208,1646374762217,4,1646374762217,390,39,10,16,59525,435,DKU001#
DEVICE,1646374780240,1646374762249,4,1646374762249,393,39,10,16,59525,437,DKU001#
DEVICE,1646374780272,1646374762281,4,1646374762281,398,39,10,16,59525,437,DKU001#
DEVICE,1646374780304,1646374762313,4,1646374762313,403,40,10,16,59525,437,DKU001#
DEVICE,1646374780336,1646374762345,4,1646374762345,414,41,10,16,59525,435,DKU001#
DEVICE,1646374780368,1646374762377,4,1646374762377,430,43,10,16,59525,431,DKU001#
DEVICE,1646374780400,1646374762409,4,1646374762409,443,44,10,16,59525,427,DKU001#
DEVICE,1646374780433,1646374762442,4,1646374762442,458,45,10,16,59525,425,DKU001#
DEVICE,1646374780464,1646374762473,4,1646374762473,486,48,10,16,59525,425,DKU001#
DEVICE,1646374780496,1646374762505,4,1646374762505,502,50,10,16,59525,425,DKU001#
DEVICE,1646374780528,1646374762537,4,1646374762537,522,52,10,16,59525,427,DKU001#
DEVICE,1646374780561,1646374762570,4,1646374762570,548,54,10,16,59525,433,DKU001#
DEVICE,1646374780592,1646374762601,4,1646374762601,567,56,10,16,59525,441,DKU001#
DEVICE,1646374780624,1646374762633,4,1646374762633,596,59,10,16,59525,447,DKU001#
DEVICE,1646374780656,1646374762665,4,1646374762665,619,61,10,16,59525,450,DKU001#
DEVICE,1646374780688,1646374762697,4,1646374762697,633,63,10,16,59525,450,DKU001#
DEVICE,1646374780720,1646374762729,4,1646374762729,656,65,10,16,59525,450,DKU001#
DEVICE,1646374780752,1646374762761,4,1646374762761,680,68,10,16,59525,450,DKU001#
DEVICE,1646374780784,1646374762793,4,1646374762793,695,69,10,16,59525,450,DKU001#
DEVICE,1646374780816,1646374762825,4,1646374762825,700,70,0,16,59525,450,DKU001#
DEVICE,1646374780848,1646374762857,4,1646374762857,718,71,0,16,59525,450,DKU001#
DEVICE,1646374780880,1646374762889,4,1646374762889,736,73,0,16,59525,300,DKU001#
DEVICE,1646374780912,1646374762921,4,1646374762921,718,71,0,16,59525,150,DKU001#
DEVICE,1646374780944,1646374762953,4,1646374762953,740,74,0,16,59525,0,DKU001#
DEVICE,1646374780976,1646374762985,4,1646374762985,734,73,0,16,59525,0,DKU001#
DEVICE,1646374781008,1646374763017,4,1646374763017,726,72,0,16,59525,0,DKU001#
DEVICE,1646374781040,1646374763049,4,1646374763049,710,71,0,16,59525,0,DKU001#
DEVICE,1646374781072,1646374763081,4,1646374763081,710,71,0,16,59525,0,DKU001#
DEVICE,1646374781104,1646374763113,4,1646374763113,694,69,0,16,59525,0,DKU001#
DEVICE,1646374781136,1646374763145,4,1646374763145,682,68,5,16,59525,0,DKU001#
DEVICE,1646374781151,1646374763160,4,1646374763160,653,65,5,16,59525,0,DKU001#
DEVICE,1646374781200,1646374763209,4,1646374763209,633,63,5,16,59525,0,DKU001#
DEVICE,1646374781232,1646374763241,4,1646374763241,618,61,5,16,59525,0,DKU001#
DEVICE,1646374781248,1646374763257,4,1646374763257,602,60,5,16,59525,0,DKU001#
DEVICE,1646374781280,1646374763289,4,1646374763289,573,57,5,16,59525,0,DKU001#
DEVICE,1646374781312,1646374763321,4,1646374763321,555,55,5,16,59525,0,DKU001#
DEVICE,1646374781344,1646374763353,4,1646374763353,527,52,5,16,59525,0,DKU001#
DEVICE,1646374781376,1646374763385,4,1646374763385,517,51,5,16,59525,0,DKU001#
DEVICE,1646374781408,1646374763417,4,1646374763417,493,49,5,16,59525,0,DKU001#
DEVICE,1646374781440,1646374763449,4,1646374763449,468,46,10,17,59525,425,DKU001#
DEVICE,1646374781472,1646374763481,4,1646374763481,460,46,10,17,59525,425,DKU001#
DEVICE,1646374781504,1646374763513,4,1646374763513,445,44,10,17,59525,425,DKU001#
DEVICE,1646374781536,1646374763545,4,1646374763545,425,42,10,17,59525,425,DKU001#
DEVICE,1646374781568,1646374763577,4,1646374763577,410,41,10,17,59525,425,DKU001#
DEVICE,1646374781600,1646374763609,4,1646374763609,407,40,10,17,59525,425,DKU001#
DEVICE,1646374781632,1646374763641,4,1646374763641,406,40,10,17,59525,425,DKU001#
DEVICE,1646374781664,1646374763673,4,1646374763673,409,40,10,17,59525,425,DKU001#
DEVICE,1646374781695,1646374763704,4,1646374763704,406,40,10,17,59525,425,DKU001#
DEVICE,1646374781728,1646374763737,4,1646374763737,410,41,10,17,59525,425,DKU001#
DEVICE,1646374781760,1646374763769,4,1646374763769,423,42,10,17,59525,425,DKU001#
DEVICE,1646374781791,1646374763800,4,1646374763800,433,43,10,17,59525,425,DKU001#
DEVICE,1646374781823,1646374763832,4,1646374763832,454,45,10,17,59525,427,DKU001#
DEVICE,1646374781855,1646374763864,4,1646374763864,465,46,10,17,59525,429,DKU001#
DEVICE,1646374781888,1646374763897,4,1646374763897,477,47,10,17,59525,433,DKU001#
DEVICE,1646374781919,1646374763928,4,1646374763928,506,50,10,17,59525,435,DKU001#
DEVICE,1646374781951,1646374763960,4,1646374763960,525,52,10,17,59525,437,DKU001#
DEVICE,1646374781983,1646374763992,4,1646374763992,544,54,10,17,59525,439,DKU001#
DEVICE,1646374782016,1646374764025,4,1646374764025,565,56,10,17,59525,443,DKU001#
DEVICE,1646374782048,1646374764057,4,1646374764057,602,60,10,17,59525,447,DKU001#
DEVICE,1646374782080,1646374764089,4,1646374764089,604,60,10,17,59525,450,DKU001#
DEVICE,1646374782111,1646374764120,4,1646374764120,623,62,10,17,59525,450,DKU001#
DEVICE,1646374782144,1646374764153,4,1646374764153,632,63,10,17,59525,450,DKU001#
DEVICE,1646374782175,1646374764184,4,1646374764184,659,65,10,17,59525,450,DKU001#
DEVICE,1646374782207,1646374764216,4,1646374764216,678,67,10,17,59525,450,DKU001#
DEVICE,1646374782239,1646374764248,4,1646374764248,689,68,10,17,59525,450,DKU001#
DEVICE,1646374782271,1646374764280,4,1646374764280,707,70,0,17,59525,450,DKU001#
DEVICE,1646374782303,1646374764312,4,1646374764312,712,71,0,17,59525,450,DKU001#
DEVICE,1646374782335,1646374764344,4,1646374764344,715,71,0,17,59525,300,DKU001#
DEVICE,1646374782367,1646374764376,4,1646374764376,727,72,0,17,59525,150,DKU001#
DEVICE,1646374782400,1646374764409,4,1646374764409,734,73,0,17,59525,0,DKU001#
DEVICE,1646374782431,1646374764440,4,1646374764440,723,72,0,17,59525,0,DKU001#
DEVICE,1646374782463,1646374764472,4,1646374764472,719,71,0,17,59525,0,DKU001#
DEVICE,1646374782495,1646374764504,4,1646374764504,710,71,0,17,59525,0,DKU001#
DEVICE,1646374782527,1646374764536,4,1646374764536,706,70,0,17,59525,0,DKU001#
DEVICE,1646374782559,1646374764568,4,1646374764568,690,69,0,17,59525,0,DKU001#
DEVICE,1646374782591,1646374764600,4,1646374764600,676,67,5,17,59525,0,DKU001#
DEVICE,1646374782623,1646374764632,4,1646374764632,671,67,5,17,59525,0,DKU001#
DEVICE,1646374782655,1646374764664,4,1646374764664,656,65,5,17,59525,0,DKU001#
DEVICE,1646374782687,1646374764696,4,1646374764696,630,63,5,17,59525,0,DKU001#
DEVICE,1646374782719,1646374764728,4,1646374764728,615,61,5,17,59525,0,DKU001#
DEVICE,1646374782751,1646374764760,4,1646374764760,587,58,5,17,59525,0,DKU001#
DEVICE,1646374782783,1646374764792,4,1646374764792,573,57,5,17,59525,0,DKU001#
DEVICE,1646374782815,1646374764824,4,1646374764824,542,54,5,17,59525,0,DKU001#
DEVICE,1646374782847,1646374764856,4,1646374764856,515,51,5,17,59525,0,DKU001#
DEVICE,1646374782879,1646374764888,4,1646374764888,498,49,5,17,59525,0,DKU001#
DEVICE,1646374782911,1646374764920,4,1646374764920,474,47,10,18,59525,387,DKU001#
DEVICE,1646374782943,1646374764952,4,1646374764952,455,45,10,18,59525,387,DKU001#
DEVICE,1646374782975,1646374764984,4,1646374764984,439,43,10,18,59525,387,DKU001#
DEVICE,1646374783007,1646374765016,4,1646374765016,430,43,10,18,59525,387,DKU001#
DEVICE,1646374783039,1646374765048,4,1646374765048,418,41,10,18,59525,387,DKU001#
DEVICE,1646374783070,1646374765079,4,1646374765079,408,40,10,18,59525,387,DKU001#
DEVICE,1646374783103,1646374765112,4,1646374765112,406,40,10,18,59525,387,DKU001#
DEVICE,1646374783135,1646374765144,4,1646374765144,404,40,10,18,59525,389,DKU001#
DEVICE,1646374783167,1646374765176,4,1646374765176,409,40,10,18,59525,393,DKU001#
DEVICE,1646374783199,1646374765208,4,1646374765208,416,41,10,18,59525,397,DKU001#
DEVICE,1646374783231,1646374765240,4,1646374765240,416,41,10,18,59525,400,DKU001#
DEVICE,1646374783263,1646374765272,4,1646374765272,435,43,10,18,59525,402,DKU001#
DEVICE,1646374783295,1646374765304,4,1646374765304,452,45,10,18,59525,406,DKU001#
DEVICE,1646374783327,1646374765336,4,1646374765336,472,47,10,18,59525,410,DKU001#
DEVICE,1646374783359,1646374765368,4,1646374765368,489,48,10,18,59525,414,DKU001#
DEVICE,1646374783391,1646374765400,4,1646374765400,510,51,10,18,59525,418,DKU001#
DEVICE,1646374783423,1646374765432,4,1646374765432,531,53,10,18,59525,425,DKU001#
DEVICE,1646374783455,1646374765464,4,1646374765464,552,55,10,18,59525,431,DKU001#
DEVICE,1646374783487,1646374765496,4,1646374765496,563,56,10,18,59525,435,DKU001#
DEVICE,1646374783518,1646374765527,4,1646374765527,595,59,10,18,59525,437,DKU001#
DEVICE,1646374783551,1646374765560,4,1646374765560,621,62,10,18,59525,437,DKU001#
DEVICE,1646374783583,1646374765592,4,1646374765592,636,63,10,18,59525,437,DKU001#
DEVICE,1646374783615,1646374765624,4,1646374765624,664,66,10,18,59525,437,DKU001#
DEVICE,1646374783647,1646374765656,4,1646374765656,675,67,10,18,59525,437,DKU001#
DEVICE,1646374783679,1646374765688,4,1646374765688,694,69,10,18,59525,437,DKU001#
DEVICE,1646374783711,1646374765720,4,1646374765720,697,69,10,18,59525,437,DKU001#
DEVICE,1646374783742,1646374765751,4,1646374765751,718,71,0,18,59525,437,DKU001#
DEVICE,1646374783774,1646374765783,4,1646374765783,735,73,0,18,59525,437,DKU001#
DEVICE,1646374783807,1646374765816,4,1646374765816,744,74,0,18,59525,291,DKU001#
DEVICE,1646374783839,1646374765848,4,1646374765848,738,73,0,18,59525,145,DKU001#
DEVICE,1646374783870,1646374765879,4,1646374765879,757,75,0,18,59525,0,DKU001#
DEVICE,1646374783902,1646374765911,4,1646374765911,733,73,0,18,59525,0,DKU001#
DEVICE,1646374783934,1646374765943,4,1646374765943,718,71,0,18,59525,0,DKU001#
DEVICE,1646374783967,1646374765976,4,1646374765976,719,71,0,18,59525,0,DKU001#
DEVICE,1646374783999,1646374766008,4,1646374766008,718,71,0,18,59525,0,DKU001#
DEVICE,1646374784030,1646374766039,4,1646374766039,704,70,0,18,59525,0,DKU001#
DEVICE,1646374784062,1646374766071,4,1646374766071,694,69,0,18,59525,0,DKU001#
DEVICE,1646374784094,1646374766103,4,1646374766103,672,67,5,18,59525,0,DKU001#
DEVICE,1646374784126,1646374766135,4,1646374766135,644,64,5,18,59525,0,DKU001#
DEVICE,1646374784158,1646374766167,4,1646374766167,628,62,5,18,59525,0,DKU001#
DEVICE,1646374784190,1646374766199,4,1646374766199,611,61,5,18,59525,0,DKU001#
DEVICE,1646374784222,1646374766231,4,1646374766231,586,58,5,18,59525,0,DKU001#
DEVICE,1646374784254,1646374766263,4,1646374766263,571,57,5,18,59525,0,DKU001#
DEVICE,1646374784286,1646374766295,4,1646374766295,542,54,5,18,59525,0,DKU001#
DEVICE,1646374784318,1646374766327,4,1646374766327,508,50,5,18,59525,0,DKU001#
DEVICE,1646374784350,1646374766359,4,1646374766359,492,49,5,18,59525,0,DKU001#
DEVICE,1646374784382,1646374766391,4,1646374766391,473,47,10,19,59525,543,DKU001#
DEVICE,1646374784414,1646374766423,4,1646374766423,454,45,10,19,59525,543,DKU001#
DEVICE,1646374784446,1646374766455,4,1646374766455,435,43,10,19,59525,543,DKU001#
DEVICE,1646374784478,1646374766487,4,1646374766487,425,42,10,19,59525,543,DKU001#
DEVICE,1646374784510,1646374766519,4,1646374766519,407,40,10,19,59525,543,DKU001#
DEVICE,1646374784542,1646374766551,4,1646374766551,400,40,10,19,59525,541,DKU001#
DEVICE,1646374784574,1646374766583,4,1646374766583,392,39,10,19,59525,539,DKU001#
DEVICE,1646374784606,1646374766615,4,1646374766615,390,39,10,19,59525,537,DKU001#
DEVICE,1646374784638,1646374766647,4,1646374766647,392,39,10,19,59525,537,DKU001#
DEVICE,1646374784670,1646374766679,4,1646374766679,396,39,10,19,59525,537,DKU001#
DEVICE,1646374784702,1646374766711,4,1646374766711,403,40,10,19,59525,535,DKU001#
DEVICE,1646374784734,1646374766743,4,1646374766743,411,41,10,19,59525,531,DKU001#
DEVICE,1646374784766,1646374766775,4,1646374766775,425,42,10,19,59525,527,DKU001#
DEVICE,1646374784798,1646374766807,4,1646374766807,443,44,10,19,59525,525,DKU001#
DEVICE,1646374784830,1646374766839,4,1646374766839,458,45,10,19,59525,525,DKU001#
DEVICE,1646374784862,1646374766871,4,1646374766871,488,48,10,19,59525,527,DKU001#
DEVICE,1646374784894,1646374766903,4,1646374766903,501,50,10,19,59525,531,DKU001#
DEVICE,1646374784926,1646374766935,4,1646374766935,514,51,10,19,59525,535,DKU001#
DEVICE,1646374784958,1646374766967,4,1646374766967,547,54,10,19,59525,539,DKU001#
DEVICE,1646374784990,1646374766999,4,1646374766999,574,57,10,19,59525,543,DKU001#
DEVICE,1646374785022,1646374767031,4,1646374767031,587,58,10,19,59525,547,DKU001#
DEVICE,1646374785054,1646374767063,4,1646374767063,597,59,10,19,59525,550,DKU001#
DEVICE,1646374785086,1646374767095,4,1646374767095,629,62,10,19,59525,550,DKU001#
DEVICE,1646374785118,1646374767127,4,1646374767127,636,63,10,19,59525,550,DKU001#
DEVICE,1646374785150,1646374767159,4,1646374767159,657,65,10,19,59525,550,DKU001#
DEVICE,1646374785182,1646374767191,4,1646374767191,655,65,10,19,59525,550,DKU001#
DEVICE,1646374785214,1646374767223,4,1646374767223,685,68,10,19,59525,550,DKU001#
DEVICE,1646374785246,1646374767255,4,1646374767255,695,69,10,19,59525,550,DKU001#
DEVICE,1646374785278,1646374767287,4,1646374767287,713,71,0,19,59525,550,DKU001#
DEVICE,1646374785310,1646374767319,4,1646374767319,711,71,0,19,59525,550,DKU001#
DEVICE,1646374785342,1646374767351,4,1646374767351,719,71,0,19,59525,366,DKU001#
DEVICE,1646374785373,1646374767382,4,1646374767382,721,72,0,19,59525,183,DKU001#
DEVICE,1646374785405,1646374767414,4,1646374767414,716,71,0,19,59525,0,DKU001#
DEVICE,1646374785437,1646374767446,4,1646374767446,728,72,0,19,59525,0,DKU001#
DEVICE,1646374785469,1646374767478,4,1646374767478,723,72,0,19,59525,0,DKU001#
DEVICE,1646374785501,1646374767510,4,1646374767510,726,72,0,19,59525,0,DKU001#
DEVICE,1646374785533,1646374767542,4,1646374767542,705,70,0,19,59525,0,DKU001#
DEVICE,1646374785565,1646374767574,4,1646374767574,697,69,0,19,59525,0,DKU001#
DEVICE,1646374785598,1646374767607,4,1646374767607,675,67,5,19,59525,0,DKU001#
DEVICE,1646374785630,1646374767639,4,1646374767639,662,66,5,19,59525,0,DKU001#
DEVICE,1646374785662,1646374767671,4,1646374767671,649,64,5,19,59525,0,DKU001#
DEVICE,1646374785694,1646374767703,4,1646374767703,632,63,5,19,59525,0,DKU001#
DEVICE,1646374785726,1646374767735,4,1646374767735,609,60,5,19,59525,0,DKU001#
DEVICE,1646374785757,1646374767766,4,1646374767766,594,59,5,19,59525,0,DKU001#
DEVICE,1646374785789,1646374767798,4,1646374767798,566,56,5,19,59525,0,DKU001#
DEVICE,1646374785821,1646374767830,4,1646374767830,551,55,5,19,59525,0,DKU001#
DEVICE,1646374785853,1646374767862,4,1646374767862,522,52,5,19,59525,0,DKU001#
DEVICE,1646374785885,1646374767894,4,1646374767894,506,50,5,19,59525,0,DKU001#
DEVICE,1646374785917,1646374767926,4,1646374767926,492,49,5,19,59525,0,DKU001#
DEVICE,1646374785949,1646374767958,4,1646374767958,470,47,10,20,59525,512,DKU001#
DEVICE,1646374785981,1646374767990,4,1646374767990,454,45,10,20,59525,512,DKU001#
DEVICE,1646374786013,1646374768022,4,1646374768022,437,43,10,20,59525,512,DKU001#
DEVICE,1646374786045,1646374768054,4,1646374768054,424,42,10,20,59525,512,DKU001#
DEVICE,1646374786077,1646374768086,4,1646374768086,413,41,10,20,59525,512,DKU001#
DEVICE,1646374786109,1646374768118,4,1646374768118,409,40,10,20,59525,512,DKU001#
DEVICE,1646374786142,1646374768151,4,1646374768151,413,41,10,20,59525,512,DKU001#
DEVICE,1646374786173,1646374768182,4,1646374768182,410,41,10,20,59525,512,DKU001#
DEVICE,1646374786205,1646374768214,4,1646374768214,412,41,10,20,59525,510,DKU001#
DEVICE,1646374786237,1646374768246,4,1646374768246,421,42,10,20,59525,508,DKU001#
DEVICE,1646374786269,1646374768278,4,1646374768278,432,43,10,20,59525,506,DKU001#
DEVICE,1646374786301,1646374768310,4,1646374768310,435,43,10,20,59525,506,DKU001#
DEVICE,1646374786333,1646374768342,4,1646374768342,447,44,10,20,59525,506,DKU001#
DEVICE,1646374786365,1646374768374,4,1646374768374,465,46,10,20,59525,506,DKU001#
DEVICE,1646374786397,1646374768406,4,1646374768406,474,47,10,20,59525,506,DKU001#
DEVICE,1646374786429,1646374768438,4,1646374768438,498,49,10,20,59525,510,DKU001#
DEVICE,1646374786461,1646374768470,4,1646374768470,511,51,10,20,59525,516,DKU001#
DEVICE,1646374786493,1646374768502,4,1646374768502,524,52,10,20,59525,522,DKU001#
DEVICE,1646374786525,1646374768534,4,1646374768534,549,54,10,20,59525,525,DKU001#
DEVICE,1646374786557,1646374768566,4,1646374768566,569,56,10,20,59525,525,DKU001#
DEVICE,1646374786589,1646374768598,4,1646374768598,589,58,10,20,59525,525,DKU001#
DEVICE,1646374786621,1646374768630,4,1646374768630,599,59,10,20,59525,525,DKU001#
DEVICE,1646374786653,1646374768662,4,1646374768662,618,61,10,20,59525,525,DKU001#
DEVICE,1646374786685,1646374768694,4,1646374768694,625,62,10,20,59525,525,DKU001#
DEVICE,1646374786717,1646374768726,4,1646374768726,652,65,10,20,59525,525,DKU001#
DEVICE,1646374786749,1646374768758,4,1646374768758,660,66,10,20,59525,525,DKU001#
DEVICE,1646374786781,1646374768790,4,1646374768790,676,67,10,20,59525,525,DKU001#
DEVICE,1646374786813,1646374768822,4,1646374768822,673,67,10,20,59525,525,DKU001#
DEVICE,1646374786845,1646374768854,4,1646374768854,682,68,10,20,59525,525,DKU001#
DEVICE,1646374786877,1646374768886,4,1646374768886,694,69,10,20,59525,525,DKU001#
DEVICE,1646374786909,1646374768918,4,1646374768918,696,69,10,20,59525,525,DKU001#
DEVICE,1646374786941,1646374768950,4,1646374768950,705,70,0,20,59525,525,DKU001#
DEVICE,1646374786973,1646374768982,4,1646374768982,697,69,0,20,59525,525,DKU001#
DEVICE,1646374787005,1646374769014,4,1646374769014,709,70,0,20,59525,350,DKU001#
DEVICE,1646374787037,1646374769046,4,1646374769046,723,72,0,20,59525,175,DKU001#
DEVICE,1646374787069,1646374769078,4,1646374769078,709,70,0,20,59525,0,DKU001#
DEVICE,1646374787101,1646374769110,4,1646374769110,719,71,0,20,59525,0,DKU001#
DEVICE,1646374787133,1646374769142,4,1646374769142,729,72,0,20,59525,0,DKU001#
DEVICE,1646374787166,1646374769175,4,1646374769175,717,71,0,20,59525,0,DKU001#
DEVICE,1646374787197,1646374769206,4,1646374769206,729,72,0,20,59525,0,DKU001#
DEVICE,1646374787229,1646374769238,4,1646374769238,714,71,0,20,59525,0,DKU001#
DEVICE,1646374787261,1646374769270,4,1646374769270,728,72,0,20,59525,0,DKU001#
DEVICE,1646374787293,1646374769302,4,1646374769302,731,73,0,20,59525,0,DKU001#
DEVICE,1646374787325,1646374769334,4,1646374769334,741,74,0,20,59525,0,DKU001#
DEVICE,1646374787357,1646374769366,4,1646374769366,727,72,0,20,59525,0,DKU001#
DEVICE,1646374787389,1646374769398,4,1646374769398,741,74,0,20,59525,0,DKU001#
DEVICE,1646374787420,1646374769429,4,1646374769429,737,73,0,20,59525,0,DKU001#
DEVICE,1646374787452,1646374769461,4,1646374769461,739,73,0,20,59525,0,DKU001#
DEVICE,1646374787484,1646374769493,4,1646374769493,750,75,0,20,59525,0,DKU001#
DEVICE,1646374787516,1646374769525,4,1646374769525,733,73,0,20,59525,0,DKU001#
DEVICE,1646374787549,1646374769558,4,1646374769558,726,72,0,20,59525,0,DKU001#
DEVICE,1646374787581,1646374769590,4,1646374769590,737,73,0,20,59525,0,DKU001#
DEVICE,1646374787613,1646374769622,4,1646374769622,746,74,0,20,59525,0,DKU001#
DEVICE,1646374787645,1646374769654,4,1646374769654,748,74,0,20,59525,0,DKU001#
DEVICE,1646374787677,1646374769686,4,1646374769686,748,74,0,20,59525,0,DKU001#
DEVICE,1646374787709,1646374769718,4,1646374769718,734,73,0,20,59525,0,DKU001#
DEVICE,1646374787740,1646374769749,4,1646374769749,745,74,0,20,59525,0,DKU001#
DEVICE,1646374787772,1646374769781,4,1646374769781,737,73,0,20,59525,0,DKU001#
DEVICE,1646374787804,1646374769813,4,1646374769813,738,73,0,20,59525,0,DKU001#
DEVICE,1646374787836,1646374769845,4,1646374769845,745,74,0,20,59525,0,DKU001#
DEVICE,1646374787868,1646374769877,4,1646374769877,746,74,0,20,59525,0,DKU001#
DEVICE,1646374787900,1646374769909,4,1646374769909,750,75,0,20,59525,0,DKU001#
DEVICE,1646374787932,1646374769941,4,1646374769941,751,75,0,20,59281,0,DKU001#
DEVICE,1646374787964,1646374769973,4,1646374769973,738,73,0,20,59281,0,DKU001#
DEVICE,1646374787996,1646374770005,4,1646374770005,731,73,0,20,59281,0,DKU001#
DEVICE,1646374788028,1646374770037,4,1646374770037,733,73,0,20,59281,0,DKU001#
DEVICE,1646374788060,1646374770069,4,1646374770069,742,74,0,20,59281,0,DKU001#
DEVICE,1646374788092,1646374770101,4,1646374770101,737,73,0,20,59281,0,DKU001#
DEVICE,1646374788124,1646374770133,4,1646374770133,739,73,0,20,59281,0,DKU001#
DEVICE,1646374788156,1646374770165,4,1646374770165,734,73,0,20,59281,0,DKU001#
DEVICE,1646374788188,1646374770197,4,1646374770197,747,74,0,20,59281,0,DKU001#
DEVICE,1646374788220,1646374770229,4,1646374770229,735,73,0,20,59281,0,DKU001#
DEVICE,1646374788252,1646374770261,4,1646374770261,744,74,0,20,59281,0,DKU001#
DEVICE,1646374788283,1646374770292,4,1646374770292,744,74,0,20,59281,0,DKU001#
DEVICE,1646374788316,1646374770325,4,1646374770325,726,72,0,20,59281,0,DKU001#
DEVICE,1646374788348,1646374770357,4,1646374770357,729,72,0,20,59281,0,DKU001#
DEVICE,1646374788380,1646374770389,4,1646374770389,738,73,0,20,59281,0,DKU001#
DEVICE,1646374788412,1646374770421,4,1646374770421,753,75,0,20,59281,0,DKU001#
DEVICE,1646374788444,1646374770453,4,1646374770453,741,74,0,20,59281,0,DKU001#
DEVICE,1646374788476,1646374770485,4,1646374770485,737,73,0,20,59281,0,DKU001#
DEVICE,1646374788508,1646374770517,4,1646374770517,753,75,0,20,59281,0,DKU001#
DEVICE,1646374788540,1646374770549,4,1646374770549,733,73,0,20,59281,0,DKU001#
DEVICE,1646374788572,1646374770581,4,1646374770581,728,72,0,20,59281,0,DKU001#
DEVICE,1646374788604,1646374770613,4,1646374770613,725,72,0,20,59281,0,DKU001#
DEVICE,1646374788636,1646374770645,4,1646374770645,737,73,0,20,59281,0,DKU001#
DEVICE,1646374788668,1646374770677,4,1646374770677,745,74,0,20,59281,0,DKU001#
DEVICE,1646374788699,1646374770708,4,1646374770708,730,73,0,20,59281,0,DKU001#
DEVICE,1646374788732,1646374770741,4,1646374770741,750,75,0,20,59281,0,DKU001#
DEVICE,1646374788764,1646374770773,4,1646374770773,756,75,0,20,59281,0,DKU001#
DEVICE,1646374788796,1646374770805,4,1646374770805,736,73,0,20,59281,0,DKU001#
DEVICE,1646374788828,1646374770837,4,1646374770837,728,72,0,20,59281,0,DKU001#
DEVICE,1646374788860,1646374770869,4,1646374770869,740,74,0,20,59281,0,DKU001#
DEVICE,1646374788892,1646374770901,4,1646374770901,741,74,0,20,59281,0,DKU001#
DEVICE,1646374788923,1646374770932,4,1646374770932,743,74,0,20,59375,0,DKU001#
DEVICE,1646374788956,1646374770965,4,1646374770965,743,74,0,20,59375,0,DKU001#
DEVICE,1646374788988,1646374770997,4,1646374770997,736,73,0,20,59375,0,DKU001#
DEVICE,1646374789020,1646374771029,4,1646374771029,746,74,0,20,59375,0,DKU001#
DEVICE,1646374789052,1646374771061,4,1646374771061,734,73,0,20,59375,0,DKU001#
DEVICE,1646374789083,1646374771092,4,1646374771092,736,73,0,20,59375,0,DKU001#
DEVICE,1646374789116,1646374771125,4,1646374771125,744,74,0,20,59375,0,DKU001#
DEVICE,1646374789148,1646374771157,4,1646374771157,733,73,0,20,59375,0,DKU001#
DEVICE,1646374789180,1646374771189,4,1646374771189,748,74,0,20,59375,0,DKU001#
DEVICE,1646374789211,1646374771220,4,1646374771220,749,74,0,20,59375,0,DKU001#
DEVICE,1646374789244,1646374771253,4,1646374771253,736,73,0,20,59375,0,DKU001#
DEVICE,1646374789276,1646374771285,4,1646374771285,737,73,0,20,59375,0,DKU001#
DEVICE,1646374789307,1646374771316,4,1646374771316,745,74,0,20,59375,0,DKU001#
DEVICE,1646374789339,1646374771348,4,1646374771348,733,73,0,20,59375,0,DKU001#
DEVICE,1646374789355,1646374771364,4,1646374771364,748,74,0,20,59375,0,DKU001#
DEVICE,1646374789387,1646374771396,4,1646374771396,738,73,0,20,59375,0,DKU001#
DEVICE,1646374789436,1646374771445,4,1646374771445,739,73,0,20,59375,0,DKU001#
DEVICE,1646374789451,1646374771460,4,1646374771460,743,74,0,20,59375,0,DKU001#
DEVICE,1646374789483,1646374771492,4,1646374771492,750,75,0,20,59375,0,DKU001#
DEVICE,1646374789531,1646374771540,4,1646374771540,734,73,0,20,59375,0,DKU001#
DEVICE,1646374789548,1646374771557,4,1646374771557,736,73,0,20,59375,0,DKU001#
DEVICE,1646374789579,1646374771588,4,1646374771588,744,74,0,20,59375,0,DKU001#
DEVICE,1646374789611,1646374771620,4,1646374771620,737,73,0,20,59375,0,DKU001#
DEVICE,1646374789644,1646374771653,4,1646374771653,748,74,0,20,59375,0,DKU001#
DEVICE,1646374789676,1646374771685,4,1646374771685,741,74,0,20,59375,0,DKU001#
