DeviceName,PTPTime,UnixTime,protocool,CurrentDeviceTime,DistanceMM,DistanceCM,Weight,Count,DistanceADC,WeightADC,DeviceName(Current)
DEVICE,1645769598095,1645769599029,4,1645769599029,51,5,10,0,0,0,ELT003#
DEVICE,1645769601491,1645769602425,4,1645769602425,50,5,10,0,0,0,ELT003#
DEVICE,1645769601522,1645769602456,4,1645769602456,50,5,10,0,0,0,ELT003#
DEVICE,1645769601554,1645769602488,4,1645769602488,49,4,10,0,0,0,ELT003#
DEVICE,1645769601586,1645769602520,4,1645769602520,50,5,10,0,0,0,ELT003#
DEVICE,1645769601618,1645769602552,4,1645769602552,51,5,10,0,0,0,ELT003#
DEVICE,1645769601650,1645769602584,4,1645769602584,52,5,10,0,0,0,ELT003#
DEVICE,1645769601682,1645769602616,4,1645769602616,51,5,10,0,0,0,ELT003#
DEVICE,1645769601713,1645769602647,4,1645769602647,50,5,10,0,0,0,ELT003#
DEVICE,1645769601746,1645769602680,4,1645769602680,50,5,10,0,0,0,ELT003#
DEVICE,1645769601778,1645769602712,4,1645769602712,52,5,10,0,0,0,ELT003#
DEVICE,1645769601810,1645769602744,4,1645769602744,50,5,10,0,0,0,ELT003#
DEVICE,1645769601841,1645769602775,4,1645769602775,51,5,10,0,0,0,ELT003#
DEVICE,1645769601857,1645769602791,4,1645769602791,50,5,10,0,0,0,ELT003#
DEVICE,1645769601889,1645769602823,4,1645769602823,50,5,10,0,0,0,ELT003#
DEVICE,1645769601921,1645769602855,4,1645769602855,50,5,10,0,0,0,ELT003#
DEVICE,1645769601954,1645769602888,4,1645769602888,50,5,10,0,0,0,ELT003#
DEVICE,1645769601985,1645769602919,4,1645769602919,51,5,10,0,0,0,ELT003#
DEVICE,1645769602017,1645769602951,4,1645769602951,51,5,10,0,0,0,ELT003#
DEVICE,1645769602049,1645769602983,4,1645769602983,49,4,10,0,0,0,ELT003#
DEVICE,1645769602081,1645769603015,4,1645769603015,52,5,10,0,0,0,ELT003#
DEVICE,1645769602113,1645769603047,4,1645769603047,51,5,10,0,0,0,ELT003#
DEVICE,1645769602145,1645769603079,4,1645769603079,49,4,10,0,0,0,ELT003#
DEVICE,1645769602177,1645769603111,4,1645769603111,49,4,10,0,0,0,ELT003#
DEVICE,1645769602209,1645769603143,4,1645769603143,50,5,10,0,0,0,ELT003#
DEVICE,1645769602241,1645769603175,4,1645769603175,52,5,10,0,0,0,ELT003#
DEVICE,1645769602274,1645769603208,4,1645769603208,49,4,10,0,0,0,ELT003#
DEVICE,1645769602305,1645769603239,4,1645769603239,50,5,10,0,0,0,ELT003#
DEVICE,1645769602337,1645769603271,4,1645769603271,48,4,10,0,0,0,ELT003#
DEVICE,1645769602369,1645769603303,4,1645769603303,48,4,10,0,0,0,ELT003#
DEVICE,1645769602401,1645769603335,4,1645769603335,49,4,10,0,0,0,ELT003#
DEVICE,1645769602433,1645769603367,4,1645769603367,52,5,10,0,0,0,ELT003#
DEVICE,1645769602465,1645769603399,4,1645769603399,50,5,10,0,0,0,ELT003#
DEVICE,1645769602497,1645769603431,4,1645769603431,49,4,10,0,0,0,ELT003#
DEVICE,1645769602530,1645769603464,4,1645769603464,50,5,10,0,0,0,ELT003#
DEVICE,1645769602561,1645769603495,4,1645769603495,50,5,10,0,0,0,ELT003#
DEVICE,1645769602593,1645769603527,4,1645769603527,49,4,10,0,0,0,ELT003#
DEVICE,1645769602625,1645769603559,4,1645769603559,49,4,10,0,0,0,ELT003#
DEVICE,1645769602657,1645769603591,4,1645769603591,51,5,10,0,0,0,ELT003#
DEVICE,1645769602689,1645769603623,4,1645769603623,52,5,10,0,0,0,ELT003#
DEVICE,1645769602721,1645769603655,4,1645769603655,51,5,10,0,0,0,ELT003#
DEVICE,1645769602753,1645769603687,4,1645769603687,51,5,10,0,0,0,ELT003#
DEVICE,1645769602785,1645769603719,4,1645769603719,49,4,10,0,0,0,ELT003#
DEVICE,1645769602817,1645769603751,4,1645769603751,49,4,10,0,0,0,ELT003#
DEVICE,1645769602849,1645769603783,4,1645769603783,48,4,10,0,0,0,ELT003#
DEVICE,1645769602881,1645769603815,4,1645769603815,50,5,10,0,0,0,ELT003#
DEVICE,1645769602913,1645769603847,4,1645769603847,51,5,10,0,0,0,ELT003#
DEVICE,1645769602945,1645769603879,4,1645769603879,50,5,10,0,0,0,ELT003#
DEVICE,1645769602977,1645769603911,4,1645769603911,48,4,10,0,0,0,ELT003#
DEVICE,1645769603009,1645769603943,4,1645769603943,51,5,10,0,0,0,ELT003#
DEVICE,1645769603041,1645769603975,4,1645769603975,50,5,10,0,0,0,ELT003#
DEVICE,1645769603073,1645769604007,4,1645769604007,52,5,10,0,0,0,ELT003#
DEVICE,1645769603105,1645769604039,4,1645769604039,51,5,10,0,0,0,ELT003#
DEVICE,1645769603137,1645769604071,4,1645769604071,51,5,10,0,0,0,ELT003#
DEVICE,1645769603169,1645769604103,4,1645769604103,51,5,10,0,0,0,ELT003#
DEVICE,1645769603201,1645769604135,4,1645769604135,50,5,10,0,0,0,ELT003#
DEVICE,1645769603233,1645769604167,4,1645769604167,53,5,10,0,0,0,ELT003#
DEVICE,1645769603265,1645769604199,4,1645769604199,50,5,10,0,0,0,ELT003#
DEVICE,1645769603297,1645769604231,4,1645769604231,51,5,10,0,0,0,ELT003#
DEVICE,1645769603329,1645769604263,4,1645769604263,49,4,10,0,0,0,ELT003#
DEVICE,1645769603361,1645769604295,4,1645769604295,52,5,10,0,0,0,ELT003#
DEVICE,1645769603393,1645769604327,4,1645769604327,49,4,10,0,0,0,ELT003#
DEVICE,1645769603425,1645769604359,4,1645769604359,51,5,10,0,0,0,ELT003#
DEVICE,1645769603457,1645769604391,4,1645769604391,54,5,10,0,0,0,ELT003#
DEVICE,1645769603489,1645769604423,4,1645769604423,50,5,10,0,0,0,ELT003#
DEVICE,1645769603521,1645769604455,4,1645769604455,50,5,10,0,0,0,ELT003#
DEVICE,1645769603553,1645769604487,4,1645769604487,50,5,10,0,0,0,ELT003#
DEVICE,1645769603585,1645769604519,4,1645769604519,50,5,10,0,0,0,ELT003#
DEVICE,1645769603617,1645769604551,4,1645769604551,48,4,10,0,0,0,ELT003#
DEVICE,1645769603649,1645769604583,4,1645769604583,50,5,10,0,0,0,ELT003#
