DeviceName,PTPTime,UnixTime,protocool,CurrentDeviceTime,DistanceMM,DistanceCM,Weight,Count,DistanceADC,WeightADC,DeviceName(Current)
DEVICE,1643265305917,1643265304623,4,1643265304623,48,4,10,0,0,0,ELT003#
DEVICE,1643265305950,1643265304656,4,1643265304656,48,4,10,0,0,0,ELT003#
DEVICE,1643265305981,1643265304687,4,1643265304687,47,4,10,0,0,0,ELT003#
DEVICE,1643265306013,1643265304719,4,1643265304719,46,4,10,0,0,0,ELT003#
DEVICE,1643265306045,1643265304751,4,1643265304751,47,4,10,0,0,0,ELT003#
DEVICE,1643265306077,1643265304783,4,1643265304783,46,4,10,0,0,0,ELT003#
DEVICE,1643265306109,1643265304815,4,1643265304815,49,4,10,0,0,0,ELT003#
DEVICE,1643265306141,1643265304847,4,1643265304847,46,4,10,0,0,0,ELT003#
DEVICE,1643265306173,1643265304879,4,1643265304879,45,4,10,0,0,0,ELT003#
DEVICE,1643265306205,1643265304911,4,1643265304911,47,4,10,0,0,0,ELT003#
DEVICE,1643265306237,1643265304943,4,1643265304943,46,4,10,0,0,0,ELT003#
DEVICE,1643265306253,1643265304959,4,1643265304959,46,4,10,0,0,0,ELT003#
DEVICE,1643265306285,1643265304991,4,1643265304991,47,4,10,0,0,0,ELT003#
DEVICE,1643265306317,1643265305023,4,1643265305023,46,4,10,0,0,0,ELT003#
DEVICE,1643265306349,1643265305055,4,1643265305055,45,4,10,0,0,0,ELT003#
DEVICE,1643265306381,1643265305087,4,1643265305087,48,4,10,0,0,0,ELT003#
DEVICE,1643265306413,1643265305119,4,1643265305119,47,4,10,0,0,0,ELT003#
DEVICE,1643265306445,1643265305151,4,1643265305151,48,4,10,0,0,0,ELT003#
DEVICE,1643265306477,1643265305183,4,1643265305183,47,4,10,0,0,0,ELT003#
DEVICE,1643265306509,1643265305215,4,1643265305215,46,4,10,0,0,0,ELT003#
DEVICE,1643265306541,1643265305247,4,1643265305247,46,4,10,0,0,0,ELT003#
DEVICE,1643265306573,1643265305279,4,1643265305279,48,4,10,0,0,0,ELT003#
DEVICE,1643265306605,1643265305311,4,1643265305311,47,4,10,0,0,0,ELT003#
DEVICE,1643265306637,1643265305343,4,1643265305343,45,4,10,0,0,0,ELT003#
DEVICE,1643265306669,1643265305375,4,1643265305375,46,4,10,0,0,0,ELT003#
DEVICE,1643265306701,1643265305407,4,1643265305407,44,4,10,0,0,0,ELT003#
DEVICE,1643265306732,1643265305438,4,1643265305438,45,4,10,0,0,0,ELT003#
DEVICE,1643265306765,1643265305471,4,1643265305471,47,4,10,0,0,0,ELT003#
DEVICE,1643265306796,1643265305502,4,1643265305502,46,4,10,0,0,0,ELT003#
DEVICE,1643265306829,1643265305535,4,1643265305535,46,4,10,0,0,0,ELT003#
DEVICE,1643265306860,1643265305566,4,1643265305566,48,4,10,0,0,0,ELT003#
DEVICE,1643265306893,1643265305599,4,1643265305599,46,4,10,0,0,0,ELT003#
DEVICE,1643265306925,1643265305631,4,1643265305631,46,4,10,0,0,0,ELT003#
DEVICE,1643265306957,1643265305663,4,1643265305663,48,4,10,0,0,0,ELT003#
DEVICE,1643265306989,1643265305695,4,1643265305695,46,4,10,0,0,0,ELT003#
DEVICE,1643265307021,1643265305727,4,1643265305727,48,4,10,0,0,0,ELT003#
DEVICE,1643265307053,1643265305759,4,1643265305759,47,4,10,0,0,0,ELT003#
DEVICE,1643265307085,1643265305791,4,1643265305791,46,4,10,0,0,0,ELT003#
DEVICE,1643265307117,1643265305823,4,1643265305823,47,4,10,0,0,0,ELT003#
DEVICE,1643265307149,1643265305855,4,1643265305855,48,4,10,0,0,0,ELT003#
DEVICE,1643265307180,1643265305886,4,1643265305886,46,4,10,0,0,0,ELT003#
DEVICE,1643265307213,1643265305919,4,1643265305919,49,4,10,0,0,0,ELT003#
DEVICE,1643265307245,1643265305951,4,1643265305951,47,4,10,0,0,0,ELT003#
DEVICE,1643265307277,1643265305983,4,1643265305983,44,4,10,0,0,0,ELT003#
DEVICE,1643265307308,1643265306014,4,1643265306014,48,4,10,0,0,0,ELT003#
DEVICE,1643265307341,1643265306047,4,1643265306047,44,4,10,0,0,0,ELT003#
DEVICE,1643265307373,1643265306079,4,1643265306079,45,4,10,0,0,0,ELT003#
DEVICE,1643265307405,1643265306111,4,1643265306111,46,4,10,0,0,0,ELT003#
DEVICE,1643265307436,1643265306142,4,1643265306142,46,4,10,0,0,0,ELT003#
DEVICE,1643265307468,1643265306174,4,1643265306174,47,4,10,0,0,0,ELT003#
DEVICE,1643265307500,1643265306206,4,1643265306206,47,4,10,0,0,0,ELT003#
DEVICE,1643265307532,1643265306238,4,1643265306238,47,4,10,0,0,0,ELT003#
DEVICE,1643265307565,1643265306271,4,1643265306271,46,4,10,0,0,0,ELT003#
DEVICE,1643265307597,1643265306303,4,1643265306303,48,4,10,0,0,0,ELT003#
DEVICE,1643265307629,1643265306335,4,1643265306335,45,4,10,0,0,0,ELT003#
DEVICE,1643265307661,1643265306367,4,1643265306367,46,4,10,0,0,0,ELT003#
DEVICE,1643265307692,1643265306398,4,1643265306398,45,4,10,0,0,0,ELT003#
DEVICE,1643265307724,1643265306430,4,1643265306430,48,4,10,0,0,0,ELT003#
DEVICE,1643265307756,1643265306462,4,1643265306462,45,4,10,0,0,0,ELT003#
DEVICE,1643265307788,1643265306494,4,1643265306494,45,4,10,0,0,0,ELT003#
DEVICE,1643265307820,1643265306526,4,1643265306526,44,4,10,0,0,0,ELT003#
DEVICE,1643265307852,1643265306558,4,1643265306558,48,4,10,0,0,0,ELT003#
DEVICE,1643265307884,1643265306590,4,1643265306590,49,4,10,0,0,0,ELT003#
DEVICE,1643265307916,1643265306622,4,1643265306622,46,4,10,0,0,0,ELT003#
DEVICE,1643265307932,1643265306638,4,1643265306638,49,4,10,0,0,0,ELT003#
DEVICE,1643265307965,1643265306671,4,1643265306671,47,4,10,0,0,0,ELT003#
DEVICE,1643265307996,1643265306702,4,1643265306702,45,4,10,0,0,0,ELT003#
DEVICE,1643265308028,1643265306734,4,1643265306734,48,4,10,0,0,0,ELT003#
DEVICE,1643265308060,1643265306766,4,1643265306766,48,4,10,0,0,0,ELT003#
DEVICE,1643265308092,1643265306798,4,1643265306798,49,4,10,0,0,0,ELT003#
DEVICE,1643265308124,1643265306830,4,1643265306830,45,4,10,0,0,0,ELT003#
DEVICE,1643265308156,1643265306862,4,1643265306862,45,4,10,0,0,0,ELT003#
DEVICE,1643265308188,1643265306894,4,1643265306894,46,4,10,0,0,0,ELT003#
DEVICE,1643265308220,1643265306926,4,1643265306926,46,4,10,0,0,0,ELT003#
DEVICE,1643265308252,1643265306958,4,1643265306958,46,4,10,0,0,0,ELT003#
DEVICE,1643265308284,1643265306990,4,1643265306990,48,4,10,0,0,0,ELT003#
DEVICE,1643265308316,1643265307022,4,1643265307022,44,4,10,0,0,0,ELT003#
DEVICE,1643265308348,1643265307054,4,1643265307054,46,4,10,0,0,0,ELT003#
DEVICE,1643265308380,1643265307086,4,1643265307086,45,4,10,0,0,0,ELT003#
DEVICE,1643265308412,1643265307118,4,1643265307118,45,4,10,0,0,0,ELT003#
DEVICE,1643265308444,1643265307150,4,1643265307150,47,4,10,0,0,0,ELT003#
DEVICE,1643265308476,1643265307182,4,1643265307182,45,4,10,0,0,0,ELT003#
DEVICE,1643265308508,1643265307214,4,1643265307214,46,4,10,0,0,0,ELT003#
DEVICE,1643265308540,1643265307246,4,1643265307246,45,4,10,0,0,0,ELT003#
DEVICE,1643265308572,1643265307278,4,1643265307278,48,4,10,0,0,0,ELT003#
DEVICE,1643265308604,1643265307310,4,1643265307310,46,4,10,0,0,0,ELT003#
DEVICE,1643265308636,1643265307342,4,1643265307342,49,4,10,0,0,0,ELT003#
DEVICE,1643265308668,1643265307374,4,1643265307374,48,4,10,0,0,0,ELT003#
DEVICE,1643265308700,1643265307406,4,1643265307406,45,4,10,0,0,0,ELT003#
DEVICE,1643265308732,1643265307438,4,1643265307438,48,4,10,0,0,0,ELT003#
DEVICE,1643265308764,1643265307470,4,1643265307470,47,4,10,0,0,0,ELT003#
DEVICE,1643265308796,1643265307502,4,1643265307502,46,4,10,0,0,0,ELT003#
DEVICE,1643265308828,1643265307534,4,1643265307534,47,4,10,0,0,0,ELT003#
DEVICE,1643265308860,1643265307566,4,1643265307566,45,4,10,0,0,0,ELT003#
DEVICE,1643265308892,1643265307598,4,1643265307598,46,4,10,0,0,0,ELT003#
DEVICE,1643265308924,1643265307630,4,1643265307630,47,4,10,0,0,0,ELT003#
DEVICE,1643265308956,1643265307662,4,1643265307662,46,4,10,0,0,0,ELT003#
DEVICE,1643265308988,1643265307694,4,1643265307694,47,4,10,0,0,0,ELT003#
DEVICE,1643265309019,1643265307725,4,1643265307725,46,4,10,0,0,0,ELT003#
DEVICE,1643265309051,1643265307757,4,1643265307757,49,4,10,0,0,0,ELT003#
DEVICE,1643265309084,1643265307790,4,1643265307790,46,4,10,0,0,0,ELT003#
DEVICE,1643265309115,1643265307821,4,1643265307821,46,4,10,0,0,0,ELT003#
DEVICE,1643265309148,1643265307854,4,1643265307854,45,4,10,0,0,0,ELT003#
DEVICE,1643265309180,1643265307886,4,1643265307886,48,4,10,0,0,0,ELT003#
DEVICE,1643265309212,1643265307918,4,1643265307918,48,4,10,0,0,0,ELT003#
DEVICE,1643265309243,1643265307949,4,1643265307949,46,4,10,0,0,0,ELT003#
DEVICE,1643265309276,1643265307982,4,1643265307982,44,4,10,0,0,0,ELT003#
DEVICE,1643265309307,1643265308013,4,1643265308013,47,4,10,0,0,0,ELT003#
DEVICE,1643265309339,1643265308045,4,1643265308045,45,4,10,0,0,0,ELT003#
DEVICE,1643265309371,1643265308077,4,1643265308077,48,4,10,0,0,0,ELT003#
DEVICE,1643265309403,1643265308109,4,1643265308109,49,4,10,0,0,0,ELT003#
DEVICE,1643265309435,1643265308141,4,1643265308141,46,4,10,0,0,0,ELT003#
DEVICE,1643265309467,1643265308173,4,1643265308173,48,4,10,0,0,0,ELT003#
DEVICE,1643265309499,1643265308205,4,1643265308205,48,4,10,0,0,0,ELT003#
DEVICE,1643265309531,1643265308237,4,1643265308237,46,4,10,0,0,0,ELT003#
DEVICE,1643265309563,1643265308269,4,1643265308269,46,4,10,0,0,0,ELT003#
DEVICE,1643265309595,1643265308301,4,1643265308301,46,4,10,0,0,0,ELT003#
DEVICE,1643265309611,1643265308317,4,1643265308317,46,4,10,0,0,0,ELT003#
DEVICE,1643265309643,1643265308349,4,1643265308349,45,4,10,0,0,0,ELT003#
DEVICE,1643265309675,1643265308381,4,1643265308381,45,4,10,0,0,0,ELT003#
DEVICE,1643265309707,1643265308413,4,1643265308413,47,4,10,0,0,0,ELT003#
DEVICE,1643265309739,1643265308445,4,1643265308445,44,4,10,0,0,0,ELT003#
DEVICE,1643265309771,1643265308477,4,1643265308477,46,4,10,0,0,0,ELT003#
DEVICE,1643265309803,1643265308509,4,1643265308509,46,4,10,0,0,0,ELT003#
DEVICE,1643265309835,1643265308541,4,1643265308541,47,4,10,0,0,0,ELT003#
DEVICE,1643265309867,1643265308573,4,1643265308573,46,4,10,0,0,0,ELT003#
DEVICE,1643265309899,1643265308605,4,1643265308605,48,4,10,0,0,0,ELT003#
DEVICE,1643265309931,1643265308637,4,1643265308637,47,4,10,0,0,0,ELT003#
DEVICE,1643265309963,1643265308669,4,1643265308669,46,4,10,0,0,0,ELT003#
DEVICE,1643265309995,1643265308701,4,1643265308701,45,4,10,0,0,0,ELT003#
DEVICE,1643265310027,1643265308733,4,1643265308733,45,4,10,0,0,0,ELT003#
DEVICE,1643265310059,1643265308765,4,1643265308765,44,4,10,0,0,0,ELT003#
DEVICE,1643265310091,1643265308797,4,1643265308797,45,4,10,0,0,0,ELT003#
DEVICE,1643265310123,1643265308829,4,1643265308829,47,4,10,0,0,0,ELT003#
DEVICE,1643265310155,1643265308861,4,1643265308861,48,4,10,0,0,0,ELT003#
DEVICE,1643265310187,1643265308893,4,1643265308893,47,4,10,0,0,0,ELT003#
DEVICE,1643265310219,1643265308925,4,1643265308925,45,4,10,0,0,0,ELT003#
DEVICE,1643265310251,1643265308957,4,1643265308957,48,4,10,0,0,0,ELT003#
DEVICE,1643265310283,1643265308989,4,1643265308989,46,4,10,0,0,0,ELT003#
DEVICE,1643265310315,1643265309021,4,1643265309021,46,4,10,0,0,0,ELT003#
DEVICE,1643265310347,1643265309053,4,1643265309053,46,4,10,0,0,0,ELT003#
DEVICE,1643265310379,1643265309085,4,1643265309085,45,4,10,0,0,0,ELT003#
DEVICE,1643265310411,1643265309117,4,1643265309117,49,4,10,0,0,0,ELT003#
DEVICE,1643265310443,1643265309149,4,1643265309149,48,4,10,0,0,0,ELT003#
DEVICE,1643265310475,1643265309181,4,1643265309181,44,4,10,0,0,0,ELT003#
DEVICE,1643265310506,1643265309212,4,1643265309212,47,4,10,0,0,0,ELT003#
DEVICE,1643265310538,1643265309244,4,1643265309244,46,4,10,0,0,0,ELT003#
DEVICE,1643265310570,1643265309276,4,1643265309276,47,4,10,0,0,0,ELT003#
DEVICE,1643265310602,1643265309308,4,1643265309308,48,4,10,0,0,0,ELT003#
DEVICE,1643265310634,1643265309340,4,1643265309340,47,4,10,0,0,0,ELT003#
DEVICE,1643265310666,1643265309372,4,1643265309372,47,4,10,0,0,0,ELT003#
DEVICE,1643265310698,1643265309404,4,1643265309404,47,4,10,0,0,0,ELT003#
DEVICE,1643265310730,1643265309436,4,1643265309436,47,4,10,0,0,0,ELT003#
DEVICE,1643265310762,1643265309468,4,1643265309468,45,4,10,0,0,0,ELT003#
DEVICE,1643265310794,1643265309500,4,1643265309500,46,4,10,0,0,0,ELT003#
DEVICE,1643265310826,1643265309532,4,1643265309532,48,4,10,0,0,0,ELT003#
DEVICE,1643265310858,1643265309564,4,1643265309564,47,4,10,0,0,0,ELT003#
DEVICE,1643265310890,1643265309596,4,1643265309596,47,4,10,0,0,0,ELT003#
DEVICE,1643265310922,1643265309628,4,1643265309628,44,4,10,0,0,0,ELT003#
DEVICE,1643265310954,1643265309660,4,1643265309660,46,4,10,0,0,0,ELT003#
DEVICE,1643265310986,1643265309692,4,1643265309692,46,4,10,0,0,0,ELT003#
DEVICE,1643265311018,1643265309724,4,1643265309724,48,4,10,0,0,0,ELT003#
DEVICE,1643265311050,1643265309756,4,1643265309756,46,4,10,0,0,0,ELT003#
DEVICE,1643265311082,1643265309788,4,1643265309788,46,4,10,0,0,0,ELT003#
DEVICE,1643265311114,1643265309820,4,1643265309820,47,4,10,0,0,0,ELT003#
DEVICE,1643265311146,1643265309852,4,1643265309852,48,4,10,0,0,0,ELT003#
DEVICE,1643265311178,1643265309884,4,1643265309884,46,4,10,0,0,0,ELT003#
DEVICE,1643265311210,1643265309916,4,1643265309916,48,4,10,0,0,0,ELT003#
DEVICE,1643265311242,1643265309948,4,1643265309948,46,4,10,0,0,0,ELT003#
DEVICE,1643265311274,1643265309980,4,1643265309980,47,4,10,0,0,0,ELT003#
DEVICE,1643265311290,1643265309996,4,1643265309996,46,4,10,0,0,0,ELT003#
DEVICE,1643265311322,1643265310028,4,1643265310028,45,4,10,0,0,0,ELT003#
DEVICE,1643265311354,1643265310060,4,1643265310060,47,4,10,0,0,0,ELT003#
DEVICE,1643265311386,1643265310092,4,1643265310092,45,4,10,0,0,0,ELT003#
DEVICE,1643265311418,1643265310124,4,1643265310124,45,4,10,0,0,0,ELT003#
DEVICE,1643265311450,1643265310156,4,1643265310156,45,4,10,0,0,0,ELT003#
DEVICE,1643265311482,1643265310188,4,1643265310188,44,4,10,0,0,0,ELT003#
DEVICE,1643265311514,1643265310220,4,1643265310220,46,4,10,0,0,0,ELT003#
DEVICE,1643265311546,1643265310252,4,1643265310252,48,4,10,0,0,0,ELT003#
DEVICE,1643265311578,1643265310284,4,1643265310284,46,4,10,0,0,0,ELT003#
DEVICE,1643265311610,1643265310316,4,1643265310316,48,4,10,0,0,0,ELT003#
DEVICE,1643265311642,1643265310348,4,1643265310348,45,4,10,0,0,0,ELT003#
DEVICE,1643265311674,1643265310380,4,1643265310380,46,4,10,0,0,0,ELT003#
DEVICE,1643265311706,1643265310412,4,1643265310412,47,4,10,0,0,0,ELT003#
DEVICE,1643265311738,1643265310444,4,1643265310444,45,4,10,0,0,0,ELT003#
DEVICE,1643265311770,1643265310476,4,1643265310476,47,4,10,0,0,0,ELT003#
DEVICE,1643265311802,1643265310508,4,1643265310508,45,4,10,0,0,0,ELT003#
DEVICE,1643265311834,1643265310540,4,1643265310540,48,4,10,0,0,0,ELT003#
DEVICE,1643265311866,1643265310572,4,1643265310572,47,4,10,0,0,0,ELT003#
DEVICE,1643265311898,1643265310604,4,1643265310604,46,4,10,0,0,0,ELT003#
DEVICE,1643265311930,1643265310636,4,1643265310636,46,4,10,0,0,0,ELT003#
DEVICE,1643265311962,1643265310668,4,1643265310668,49,4,10,0,0,0,ELT003#
DEVICE,1643265311994,1643265310700,4,1643265310700,46,4,10,0,0,0,ELT003#
DEVICE,1643265312026,1643265310732,4,1643265310732,46,4,10,0,0,0,ELT003#
DEVICE,1643265312058,1643265310764,4,1643265310764,48,4,10,0,0,0,ELT003#
DEVICE,1643265312089,1643265310795,4,1643265310795,46,4,10,0,0,0,ELT003#
DEVICE,1643265312121,1643265310827,4,1643265310827,46,4,10,0,0,0,ELT003#
DEVICE,1643265312153,1643265310859,4,1643265310859,48,4,10,0,0,0,ELT003#
DEVICE,1643265312185,1643265310891,4,1643265310891,45,4,10,0,0,0,ELT003#
DEVICE,1643265312217,1643265310923,4,1643265310923,47,4,10,0,0,0,ELT003#
DEVICE,1643265312249,1643265310955,4,1643265310955,46,4,10,0,0,0,ELT003#
DEVICE,1643265312281,1643265310987,4,1643265310987,45,4,10,0,0,0,ELT003#
DEVICE,1643265312313,1643265311019,4,1643265311019,46,4,10,0,0,0,ELT003#
DEVICE,1643265312345,1643265311051,4,1643265311051,47,4,10,0,0,0,ELT003#
DEVICE,1643265312377,1643265311083,4,1643265311083,47,4,10,0,0,0,ELT003#
DEVICE,1643265312409,1643265311115,4,1643265311115,48,4,10,0,0,0,ELT003#
DEVICE,1643265312441,1643265311147,4,1643265311147,49,4,10,0,0,0,ELT003#
DEVICE,1643265312473,1643265311179,4,1643265311179,46,4,10,0,0,0,ELT003#
DEVICE,1643265312505,1643265311211,4,1643265311211,47,4,10,0,0,0,ELT003#
DEVICE,1643265312537,1643265311243,4,1643265311243,46,4,10,0,0,0,ELT003#
DEVICE,1643265312569,1643265311275,4,1643265311275,46,4,10,0,0,0,ELT003#
DEVICE,1643265312601,1643265311307,4,1643265311307,44,4,10,0,0,0,ELT003#
DEVICE,1643265312633,1643265311339,4,1643265311339,44,4,10,0,0,0,ELT003#
DEVICE,1643265312665,1643265311371,4,1643265311371,47,4,10,0,0,0,ELT003#
DEVICE,1643265312697,1643265311403,4,1643265311403,47,4,10,0,0,0,ELT003#
DEVICE,1643265312729,1643265311435,4,1643265311435,48,4,10,0,0,0,ELT003#
DEVICE,1643265312761,1643265311467,4,1643265311467,47,4,10,0,0,0,ELT003#
DEVICE,1643265312793,1643265311499,4,1643265311499,45,4,10,0,0,0,ELT003#
DEVICE,1643265312825,1643265311531,4,1643265311531,49,4,10,0,0,0,ELT003#
DEVICE,1643265312857,1643265311563,4,1643265311563,45,4,10,0,0,0,ELT003#
DEVICE,1643265312889,1643265311595,4,1643265311595,45,4,10,0,0,0,ELT003#
DEVICE,1643265312921,1643265311627,4,1643265311627,47,4,10,0,0,0,ELT003#
DEVICE,1643265312953,1643265311659,4,1643265311659,46,4,10,0,0,0,ELT003#
DEVICE,1643265312969,1643265311675,4,1643265311675,45,4,10,0,0,0,ELT003#
DEVICE,1643265313001,1643265311707,4,1643265311707,49,4,10,0,0,0,ELT003#
DEVICE,1643265313033,1643265311739,4,1643265311739,47,4,10,0,0,0,ELT003#
DEVICE,1643265313065,1643265311771,4,1643265311771,48,4,10,0,0,0,ELT003#
DEVICE,1643265313097,1643265311803,4,1643265311803,47,4,10,0,0,0,ELT003#
DEVICE,1643265313129,1643265311835,4,1643265311835,46,4,10,0,0,0,ELT003#
DEVICE,1643265313161,1643265311867,4,1643265311867,46,4,10,0,0,0,ELT003#
DEVICE,1643265313193,1643265311899,4,1643265311899,46,4,10,0,0,0,ELT003#
DEVICE,1643265313225,1643265311931,4,1643265311931,47,4,10,0,0,0,ELT003#
DEVICE,1643265313257,1643265311963,4,1643265311963,46,4,10,0,0,0,ELT003#
DEVICE,1643265313289,1643265311995,4,1643265311995,47,4,10,0,0,0,ELT003#
DEVICE,1643265313321,1643265312027,4,1643265312027,49,4,10,0,0,0,ELT003#
DEVICE,1643265313353,1643265312059,4,1643265312059,48,4,10,0,0,0,ELT003#
DEVICE,1643265313385,1643265312091,4,1643265312091,48,4,10,0,0,0,ELT003#
DEVICE,1643265313417,1643265312123,4,1643265312123,46,4,10,0,0,0,ELT003#
DEVICE,1643265313448,1643265312154,4,1643265312154,47,4,10,0,0,0,ELT003#
DEVICE,1643265313481,1643265312187,4,1643265312187,46,4,10,0,0,0,ELT003#
DEVICE,1643265313513,1643265312219,4,1643265312219,45,4,10,0,0,0,ELT003#
DEVICE,1643265313545,1643265312251,4,1643265312251,47,4,10,0,0,0,ELT003#
DEVICE,1643265313577,1643265312283,4,1643265312283,46,4,10,0,0,0,ELT003#
DEVICE,1643265313609,1643265312315,4,1643265312315,45,4,10,0,0,0,ELT003#
DEVICE,1643265313641,1643265312347,4,1643265312347,46,4,10,0,0,0,ELT003#
DEVICE,1643265313673,1643265312379,4,1643265312379,47,4,10,0,0,0,ELT003#
DEVICE,1643265313704,1643265312410,4,1643265312410,46,4,10,0,0,0,ELT003#
DEVICE,1643265313737,1643265312443,4,1643265312443,47,4,10,0,0,0,ELT003#
DEVICE,1643265313769,1643265312475,4,1643265312475,46,4,10,0,0,0,ELT003#
DEVICE,1643265313801,1643265312507,4,1643265312507,45,4,10,0,0,0,ELT003#
DEVICE,1643265313832,1643265312538,4,1643265312538,48,4,10,0,0,0,ELT003#
DEVICE,1643265313865,1643265312571,4,1643265312571,44,4,10,0,0,0,ELT003#
DEVICE,1643265313897,1643265312603,4,1643265312603,49,4,10,0,0,0,ELT003#
DEVICE,1643265313929,1643265312635,4,1643265312635,46,4,10,0,0,0,ELT003#
DEVICE,1643265313960,1643265312666,4,1643265312666,46,4,10,0,0,0,ELT003#
DEVICE,1643265313993,1643265312699,4,1643265312699,47,4,10,0,0,0,ELT003#
DEVICE,1643265314025,1643265312731,4,1643265312731,47,4,10,0,0,0,ELT003#
DEVICE,1643265314056,1643265312762,4,1643265312762,47,4,10,0,0,0,ELT003#
DEVICE,1643265314088,1643265312794,4,1643265312794,47,4,10,0,0,0,ELT003#
DEVICE,1643265314120,1643265312826,4,1643265312826,45,4,10,0,0,0,ELT003#
DEVICE,1643265314152,1643265312858,4,1643265312858,49,4,10,0,0,0,ELT003#
DEVICE,1643265314184,1643265312890,4,1643265312890,47,4,10,0,0,0,ELT003#
DEVICE,1643265314216,1643265312922,4,1643265312922,45,4,10,0,0,0,ELT003#
DEVICE,1643265314248,1643265312954,4,1643265312954,45,4,10,0,0,0,ELT003#
DEVICE,1643265314281,1643265312987,4,1643265312987,45,4,10,0,0,0,ELT003#
DEVICE,1643265314312,1643265313018,4,1643265313018,48,4,10,0,0,0,ELT003#
DEVICE,1643265314344,1643265313050,4,1643265313050,47,4,10,0,0,0,ELT003#
DEVICE,1643265314376,1643265313082,4,1643265313082,45,4,10,0,0,0,ELT003#
DEVICE,1643265314408,1643265313114,4,1643265313114,48,4,10,0,0,0,ELT003#
DEVICE,1643265314440,1643265313146,4,1643265313146,46,4,10,0,0,0,ELT003#
DEVICE,1643265314472,1643265313178,4,1643265313178,49,4,10,0,0,0,ELT003#
DEVICE,1643265314504,1643265313210,4,1643265313210,47,4,10,0,0,0,ELT003#
DEVICE,1643265314536,1643265313242,4,1643265313242,48,4,10,0,0,0,ELT003#
DEVICE,1643265314568,1643265313274,4,1643265313274,48,4,10,0,0,0,ELT003#
DEVICE,1643265314600,1643265313306,4,1643265313306,46,4,10,0,0,0,ELT003#
DEVICE,1643265314616,1643265313322,4,1643265313322,45,4,10,0,0,0,ELT003#
DEVICE,1643265314648,1643265313354,4,1643265313354,46,4,10,0,0,0,ELT003#
DEVICE,1643265314680,1643265313386,4,1643265313386,46,4,10,0,0,0,ELT003#
DEVICE,1643265314712,1643265313418,4,1643265313418,47,4,10,0,0,0,ELT003#
DEVICE,1643265314744,1643265313450,4,1643265313450,48,4,10,0,0,0,ELT003#
DEVICE,1643265314776,1643265313482,4,1643265313482,45,4,10,0,0,0,ELT003#
DEVICE,1643265314808,1643265313514,4,1643265313514,46,4,10,0,0,0,ELT003#
DEVICE,1643265314840,1643265313546,4,1643265313546,46,4,10,0,0,0,ELT003#
DEVICE,1643265314872,1643265313578,4,1643265313578,45,4,10,0,0,0,ELT003#
DEVICE,1643265314904,1643265313610,4,1643265313610,47,4,10,0,0,0,ELT003#
DEVICE,1643265314936,1643265313642,4,1643265313642,46,4,10,0,0,0,ELT003#
DEVICE,1643265314968,1643265313674,4,1643265313674,44,4,10,0,0,0,ELT003#
DEVICE,1643265315000,1643265313706,4,1643265313706,47,4,10,0,0,0,ELT003#
DEVICE,1643265315032,1643265313738,4,1643265313738,48,4,10,0,0,0,ELT003#
DEVICE,1643265315064,1643265313770,4,1643265313770,46,4,10,0,0,0,ELT003#
DEVICE,1643265315096,1643265313802,4,1643265313802,48,4,10,0,0,0,ELT003#
DEVICE,1643265315128,1643265313834,4,1643265313834,47,4,10,0,0,0,ELT003#
DEVICE,1643265315160,1643265313866,4,1643265313866,46,4,10,0,0,0,ELT003#
DEVICE,1643265315192,1643265313898,4,1643265313898,48,4,10,0,0,0,ELT003#
DEVICE,1643265315224,1643265313930,4,1643265313930,47,4,10,0,0,0,ELT003#
DEVICE,1643265315256,1643265313962,4,1643265313962,47,4,10,0,0,0,ELT003#
DEVICE,1643265315288,1643265313994,4,1643265313994,47,4,10,0,0,0,ELT003#
DEVICE,1643265315320,1643265314026,4,1643265314026,48,4,10,0,0,0,ELT003#
DEVICE,1643265315352,1643265314058,4,1643265314058,48,4,10,0,0,0,ELT003#
DEVICE,1643265315384,1643265314090,4,1643265314090,48,4,10,0,0,0,ELT003#
DEVICE,1643265315416,1643265314122,4,1643265314122,50,5,10,0,0,0,ELT003#
DEVICE,1643265315448,1643265314154,4,1643265314154,49,4,10,0,0,0,ELT003#
DEVICE,1643265315480,1643265314186,4,1643265314186,45,4,10,0,0,0,ELT003#
DEVICE,1643265315512,1643265314218,4,1643265314218,47,4,10,0,0,0,ELT003#
DEVICE,1643265315544,1643265314250,4,1643265314250,46,4,10,0,0,0,ELT003#
DEVICE,1643265315576,1643265314282,4,1643265314282,47,4,10,0,0,0,ELT003#
DEVICE,1643265315608,1643265314314,4,1643265314314,47,4,10,0,0,0,ELT003#
DEVICE,1643265315640,1643265314346,4,1643265314346,48,4,10,0,0,0,ELT003#
DEVICE,1643265315672,1643265314378,4,1643265314378,46,4,10,0,0,0,ELT003#
DEVICE,1643265315704,1643265314410,4,1643265314410,46,4,10,0,0,0,ELT003#
DEVICE,1643265315736,1643265314442,4,1643265314442,47,4,10,0,0,0,ELT003#
DEVICE,1643265315767,1643265314473,4,1643265314473,46,4,10,0,0,0,ELT003#
DEVICE,1643265315799,1643265314505,4,1643265314505,45,4,10,0,0,0,ELT003#
DEVICE,1643265315831,1643265314537,4,1643265314537,47,4,10,0,0,0,ELT003#
DEVICE,1643265315864,1643265314570,4,1643265314570,46,4,10,0,0,0,ELT003#
DEVICE,1643265315896,1643265314602,4,1643265314602,46,4,10,0,0,0,ELT003#
DEVICE,1643265315928,1643265314634,4,1643265314634,48,4,10,0,0,0,ELT003#
DEVICE,1643265315960,1643265314666,4,1643265314666,48,4,10,0,0,0,ELT003#
DEVICE,1643265315991,1643265314697,4,1643265314697,47,4,10,0,0,0,ELT003#
DEVICE,1643265316023,1643265314729,4,1643265314729,46,4,10,0,0,0,ELT003#
DEVICE,1643265316055,1643265314761,4,1643265314761,44,4,10,0,0,0,ELT003#
DEVICE,1643265316087,1643265314793,4,1643265314793,46,4,10,0,0,0,ELT003#
DEVICE,1643265316119,1643265314825,4,1643265314825,48,4,10,0,0,0,ELT003#
DEVICE,1643265316151,1643265314857,4,1643265314857,47,4,10,0,0,0,ELT003#
DEVICE,1643265316183,1643265314889,4,1643265314889,46,4,10,0,0,0,ELT003#
DEVICE,1643265316215,1643265314921,4,1643265314921,44,4,10,0,0,0,ELT003#
DEVICE,1643265316247,1643265314953,4,1643265314953,48,4,10,0,0,0,ELT003#
DEVICE,1643265316279,1643265314985,4,1643265314985,45,4,10,0,0,0,ELT003#
DEVICE,1643265316295,1643265315001,4,1643265315001,48,4,10,0,0,0,ELT003#
DEVICE,1643265316327,1643265315033,4,1643265315033,46,4,10,0,0,0,ELT003#
DEVICE,1643265316359,1643265315065,4,1643265315065,48,4,10,0,0,0,ELT003#
DEVICE,1643265316391,1643265315097,4,1643265315097,46,4,10,0,0,0,ELT003#
DEVICE,1643265316423,1643265315129,4,1643265315129,48,4,10,0,0,0,ELT003#
DEVICE,1643265316455,1643265315161,4,1643265315161,47,4,10,0,0,0,ELT003#
DEVICE,1643265316487,1643265315193,4,1643265315193,46,4,10,0,0,0,ELT003#
DEVICE,1643265316519,1643265315225,4,1643265315225,47,4,10,0,0,0,ELT003#
DEVICE,1643265316551,1643265315257,4,1643265315257,47,4,10,0,0,0,ELT003#
DEVICE,1643265316583,1643265315289,4,1643265315289,45,4,10,0,0,0,ELT003#
DEVICE,1643265316615,1643265315321,4,1643265315321,48,4,10,0,0,0,ELT003#
DEVICE,1643265316647,1643265315353,4,1643265315353,46,4,10,0,0,0,ELT003#
DEVICE,1643265316679,1643265315385,4,1643265315385,46,4,10,0,0,0,ELT003#
DEVICE,1643265316711,1643265315417,4,1643265315417,48,4,10,0,0,0,ELT003#
DEVICE,1643265316743,1643265315449,4,1643265315449,48,4,10,0,0,0,ELT003#
DEVICE,1643265316775,1643265315481,4,1643265315481,47,4,10,0,0,0,ELT003#
DEVICE,1643265316807,1643265315513,4,1643265315513,45,4,10,0,0,0,ELT003#
DEVICE,1643265316839,1643265315545,4,1643265315545,47,4,10,0,0,0,ELT003#
DEVICE,1643265316871,1643265315577,4,1643265315577,48,4,10,0,0,0,ELT003#
DEVICE,1643265316903,1643265315609,4,1643265315609,48,4,10,0,0,0,ELT003#
DEVICE,1643265316935,1643265315641,4,1643265315641,44,4,10,0,0,0,ELT003#
DEVICE,1643265316967,1643265315673,4,1643265315673,47,4,10,0,0,0,ELT003#
DEVICE,1643265316999,1643265315705,4,1643265315705,47,4,10,0,0,0,ELT003#
DEVICE,1643265317031,1643265315737,4,1643265315737,49,4,10,0,0,0,ELT003#
DEVICE,1643265317063,1643265315769,4,1643265315769,46,4,10,0,0,0,ELT003#
DEVICE,1643265317095,1643265315801,4,1643265315801,48,4,10,0,0,0,ELT003#
DEVICE,1643265317127,1643265315833,4,1643265315833,49,4,10,0,0,0,ELT003#
DEVICE,1643265317159,1643265315865,4,1643265315865,46,4,10,0,0,0,ELT003#
DEVICE,1643265317191,1643265315897,4,1643265315897,46,4,10,0,0,0,ELT003#
DEVICE,1643265317223,1643265315929,4,1643265315929,47,4,10,0,0,0,ELT003#
DEVICE,1643265317255,1643265315961,4,1643265315961,49,4,10,0,0,0,ELT003#
DEVICE,1643265317287,1643265315993,4,1643265315993,47,4,10,0,0,0,ELT003#
DEVICE,1643265317319,1643265316025,4,1643265316025,47,4,10,0,0,0,ELT003#
DEVICE,1643265317351,1643265316057,4,1643265316057,49,4,10,0,0,0,ELT003#
DEVICE,1643265317383,1643265316089,4,1643265316089,45,4,10,0,0,0,ELT003#
DEVICE,1643265317415,1643265316121,4,1643265316121,46,4,10,0,0,0,ELT003#
DEVICE,1643265317447,1643265316153,4,1643265316153,48,4,10,0,0,0,ELT003#
DEVICE,1643265317479,1643265316185,4,1643265316185,46,4,10,0,0,0,ELT003#
DEVICE,1643265317511,1643265316217,4,1643265316217,47,4,10,0,0,0,ELT003#
DEVICE,1643265317543,1643265316249,4,1643265316249,47,4,10,0,0,0,ELT003#
DEVICE,1643265317575,1643265316281,4,1643265316281,47,4,10,0,0,0,ELT003#
DEVICE,1643265317607,1643265316313,4,1643265316313,45,4,10,0,0,0,ELT003#
DEVICE,1643265317639,1643265316345,4,1643265316345,47,4,10,0,0,0,ELT003#
DEVICE,1643265317671,1643265316377,4,1643265316377,47,4,10,0,0,0,ELT003#
DEVICE,1643265317703,1643265316409,4,1643265316409,49,4,10,0,0,0,ELT003#
DEVICE,1643265317735,1643265316441,4,1643265316441,46,4,10,0,0,0,ELT003#
DEVICE,1643265317766,1643265316472,4,1643265316472,45,4,10,0,0,0,ELT003#
DEVICE,1643265317799,1643265316505,4,1643265316505,47,4,10,0,0,0,ELT003#
DEVICE,1643265317831,1643265316537,4,1643265316537,46,4,10,0,0,0,ELT003#
DEVICE,1643265317863,1643265316569,4,1643265316569,46,4,10,0,0,0,ELT003#
DEVICE,1643265317895,1643265316601,4,1643265316601,46,4,10,0,0,0,ELT003#
DEVICE,1643265317926,1643265316632,4,1643265316632,49,4,10,0,0,0,ELT003#
DEVICE,1643265317943,1643265316649,4,1643265316649,46,4,10,0,0,0,ELT003#
DEVICE,1643265317975,1643265316681,4,1643265316681,48,4,10,0,0,0,ELT003#
DEVICE,1643265318006,1643265316712,4,1643265316712,47,4,10,0,0,0,ELT003#
DEVICE,1643265318038,1643265316744,4,1643265316744,45,4,10,0,0,0,ELT003#
DEVICE,1643265318070,1643265316776,4,1643265316776,44,4,10,0,0,0,ELT003#
DEVICE,1643265318102,1643265316808,4,1643265316808,48,4,10,0,0,0,ELT003#
DEVICE,1643265318134,1643265316840,4,1643265316840,45,4,10,0,0,0,ELT003#
DEVICE,1643265318166,1643265316872,4,1643265316872,44,4,10,0,0,0,ELT003#
DEVICE,1643265318198,1643265316904,4,1643265316904,46,4,10,0,0,0,ELT003#
DEVICE,1643265318231,1643265316937,4,1643265316937,45,4,10,0,0,0,ELT003#
DEVICE,1643265318263,1643265316969,4,1643265316969,46,4,10,0,0,0,ELT003#
DEVICE,1643265318294,1643265317000,4,1643265317000,46,4,10,0,0,0,ELT003#
DEVICE,1643265318326,1643265317032,4,1643265317032,46,4,10,0,0,0,ELT003#
DEVICE,1643265318358,1643265317064,4,1643265317064,47,4,10,0,0,0,ELT003#
DEVICE,1643265318390,1643265317096,4,1643265317096,47,4,10,0,0,0,ELT003#
DEVICE,1643265318422,1643265317128,4,1643265317128,45,4,10,0,0,0,ELT003#
DEVICE,1643265318454,1643265317160,4,1643265317160,44,4,10,0,0,0,ELT003#
DEVICE,1643265318486,1643265317192,4,1643265317192,48,4,10,0,0,0,ELT003#
DEVICE,1643265318518,1643265317224,4,1643265317224,47,4,10,0,0,0,ELT003#
DEVICE,1643265318550,1643265317256,4,1643265317256,48,4,10,0,0,0,ELT003#
DEVICE,1643265318583,1643265317289,4,1643265317289,45,4,10,0,0,0,ELT003#
DEVICE,1643265318614,1643265317320,4,1643265317320,46,4,10,0,0,0,ELT003#
DEVICE,1643265318646,1643265317352,4,1643265317352,47,4,10,0,0,0,ELT003#
DEVICE,1643265318678,1643265317384,4,1643265317384,47,4,10,0,0,0,ELT003#
DEVICE,1643265318710,1643265317416,4,1643265317416,43,4,10,0,0,0,ELT003#
DEVICE,1643265318742,1643265317448,4,1643265317448,47,4,10,0,0,0,ELT003#
DEVICE,1643265318774,1643265317480,4,1643265317480,47,4,10,0,0,0,ELT003#
DEVICE,1643265318806,1643265317512,4,1643265317512,45,4,10,0,0,0,ELT003#
DEVICE,1643265318838,1643265317544,4,1643265317544,46,4,10,0,0,0,ELT003#
DEVICE,1643265318870,1643265317576,4,1643265317576,45,4,10,0,0,0,ELT003#
DEVICE,1643265318902,1643265317608,4,1643265317608,45,4,10,0,0,0,ELT003#
DEVICE,1643265318934,1643265317640,4,1643265317640,46,4,10,0,0,0,ELT003#
DEVICE,1643265318966,1643265317672,4,1643265317672,46,4,10,0,0,0,ELT003#
DEVICE,1643265318998,1643265317704,4,1643265317704,47,4,10,0,0,0,ELT003#
DEVICE,1643265319030,1643265317736,4,1643265317736,46,4,10,0,0,0,ELT003#
DEVICE,1643265319062,1643265317768,4,1643265317768,47,4,10,0,0,0,ELT003#
DEVICE,1643265319094,1643265317800,4,1643265317800,47,4,10,0,0,0,ELT003#
DEVICE,1643265319126,1643265317832,4,1643265317832,48,4,10,0,0,0,ELT003#
DEVICE,1643265319158,1643265317864,4,1643265317864,46,4,10,0,0,0,ELT003#
DEVICE,1643265319190,1643265317896,4,1643265317896,46,4,10,0,0,0,ELT003#
DEVICE,1643265319222,1643265317928,4,1643265317928,47,4,10,0,0,0,ELT003#
DEVICE,1643265319254,1643265317960,4,1643265317960,48,4,10,0,0,0,ELT003#
DEVICE,1643265319286,1643265317992,4,1643265317992,48,4,10,0,0,0,ELT003#
DEVICE,1643265319318,1643265318024,4,1643265318024,46,4,10,0,0,0,ELT003#
DEVICE,1643265319350,1643265318056,4,1643265318056,46,4,10,0,0,0,ELT003#
DEVICE,1643265319382,1643265318088,4,1643265318088,47,4,10,0,0,0,ELT003#
DEVICE,1643265319414,1643265318120,4,1643265318120,48,4,10,0,0,0,ELT003#
DEVICE,1643265319446,1643265318152,4,1643265318152,47,4,10,0,0,0,ELT003#
DEVICE,1643265319478,1643265318184,4,1643265318184,47,4,10,0,0,0,ELT003#
DEVICE,1643265319510,1643265318216,4,1643265318216,48,4,10,0,0,0,ELT003#
DEVICE,1643265319542,1643265318248,4,1643265318248,47,4,10,0,0,0,ELT003#
DEVICE,1643265319574,1643265318280,4,1643265318280,48,4,10,0,0,0,ELT003#
DEVICE,1643265319590,1643265318296,4,1643265318296,49,4,10,0,0,0,ELT003#
DEVICE,1643265319622,1643265318328,4,1643265318328,47,4,10,0,0,0,ELT003#
DEVICE,1643265319654,1643265318360,4,1643265318360,48,4,10,0,0,0,ELT003#
DEVICE,1643265319686,1643265318392,4,1643265318392,48,4,10,0,0,0,ELT003#
DEVICE,1643265319718,1643265318424,4,1643265318424,47,4,10,0,0,0,ELT003#
DEVICE,1643265319750,1643265318456,4,1643265318456,44,4,10,0,0,0,ELT003#
DEVICE,1643265319782,1643265318488,4,1643265318488,47,4,10,0,0,0,ELT003#
DEVICE,1643265319813,1643265318519,4,1643265318519,48,4,10,0,0,0,ELT003#
DEVICE,1643265319846,1643265318552,4,1643265318552,47,4,10,0,0,0,ELT003#
DEVICE,1643265319878,1643265318584,4,1643265318584,46,4,10,0,0,0,ELT003#
DEVICE,1643265319910,1643265318616,4,1643265318616,45,4,10,0,0,0,ELT003#
DEVICE,1643265319942,1643265318648,4,1643265318648,48,4,10,0,0,0,ELT003#
DEVICE,1643265319973,1643265318679,4,1643265318679,45,4,10,0,0,0,ELT003#
DEVICE,1643265320005,1643265318711,4,1643265318711,49,4,10,0,0,0,ELT003#
DEVICE,1643265320038,1643265318744,4,1643265318744,47,4,10,0,0,0,ELT003#
DEVICE,1643265320069,1643265318775,4,1643265318775,47,4,10,0,0,0,ELT003#
DEVICE,1643265320101,1643265318807,4,1643265318807,46,4,10,0,0,0,ELT003#
DEVICE,1643265320133,1643265318839,4,1643265318839,49,4,10,0,0,0,ELT003#
DEVICE,1643265320165,1643265318871,4,1643265318871,47,4,10,0,0,0,ELT003#
DEVICE,1643265320197,1643265318903,4,1643265318903,46,4,10,0,0,0,ELT003#
DEVICE,1643265320230,1643265318936,4,1643265318936,45,4,10,0,0,0,ELT003#
DEVICE,1643265320262,1643265318968,4,1643265318968,49,4,10,0,0,0,ELT003#
DEVICE,1643265320293,1643265318999,4,1643265318999,47,4,10,0,0,0,ELT003#
DEVICE,1643265320325,1643265319031,4,1643265319031,46,4,10,0,0,0,ELT003#
DEVICE,1643265320357,1643265319063,4,1643265319063,47,4,10,0,0,0,ELT003#
DEVICE,1643265320389,1643265319095,4,1643265319095,45,4,10,0,0,0,ELT003#
DEVICE,1643265320421,1643265319127,4,1643265319127,47,4,10,0,0,0,ELT003#
DEVICE,1643265320453,1643265319159,4,1643265319159,47,4,10,0,0,0,ELT003#
DEVICE,1643265320485,1643265319191,4,1643265319191,46,4,10,0,0,0,ELT003#
DEVICE,1643265320517,1643265319223,4,1643265319223,46,4,10,0,0,0,ELT003#
DEVICE,1643265320549,1643265319255,4,1643265319255,45,4,10,0,0,0,ELT003#
DEVICE,1643265320581,1643265319287,4,1643265319287,46,4,10,0,0,0,ELT003#
DEVICE,1643265320614,1643265319320,4,1643265319320,46,4,10,0,0,0,ELT003#
DEVICE,1643265320645,1643265319351,4,1643265319351,43,4,10,0,0,0,ELT003#
DEVICE,1643265320677,1643265319383,4,1643265319383,46,4,10,0,0,0,ELT003#
DEVICE,1643265320709,1643265319415,4,1643265319415,46,4,10,0,0,0,ELT003#
DEVICE,1643265320741,1643265319447,4,1643265319447,47,4,10,0,0,0,ELT003#
DEVICE,1643265320773,1643265319479,4,1643265319479,46,4,10,0,0,0,ELT003#
DEVICE,1643265320805,1643265319511,4,1643265319511,46,4,10,0,0,0,ELT003#
DEVICE,1643265320837,1643265319543,4,1643265319543,47,4,10,0,0,0,ELT003#
DEVICE,1643265320869,1643265319575,4,1643265319575,47,4,10,0,0,0,ELT003#
DEVICE,1643265320901,1643265319607,4,1643265319607,47,4,10,0,0,0,ELT003#
DEVICE,1643265320933,1643265319639,4,1643265319639,46,4,10,0,0,0,ELT003#
DEVICE,1643265320965,1643265319671,4,1643265319671,47,4,10,0,0,0,ELT003#
DEVICE,1643265320997,1643265319703,4,1643265319703,47,4,10,0,0,0,ELT003#
DEVICE,1643265321029,1643265319735,4,1643265319735,48,4,10,0,0,0,ELT003#
DEVICE,1643265321061,1643265319767,4,1643265319767,47,4,10,0,0,0,ELT003#
DEVICE,1643265321093,1643265319799,4,1643265319799,46,4,10,0,0,0,ELT003#
DEVICE,1643265321125,1643265319831,4,1643265319831,46,4,10,0,0,0,ELT003#
DEVICE,1643265321157,1643265319863,4,1643265319863,47,4,10,0,0,0,ELT003#
DEVICE,1643265321189,1643265319895,4,1643265319895,46,4,10,0,0,0,ELT003#
DEVICE,1643265321221,1643265319927,4,1643265319927,47,4,10,0,0,0,ELT003#
DEVICE,1643265321237,1643265319943,4,1643265319943,46,4,10,0,0,0,ELT003#
DEVICE,1643265321269,1643265319975,4,1643265319975,46,4,10,0,0,0,ELT003#
DEVICE,1643265321301,1643265320007,4,1643265320007,46,4,10,0,0,0,ELT003#
DEVICE,1643265321333,1643265320039,4,1643265320039,43,4,10,0,0,0,ELT003#
DEVICE,1643265321365,1643265320071,4,1643265320071,45,4,10,0,0,0,ELT003#
DEVICE,1643265321397,1643265320103,4,1643265320103,49,4,10,0,0,0,ELT003#
DEVICE,1643265321429,1643265320135,4,1643265320135,47,4,10,0,0,0,ELT003#
DEVICE,1643265321461,1643265320167,4,1643265320167,46,4,10,0,0,0,ELT003#
DEVICE,1643265321493,1643265320199,4,1643265320199,48,4,10,0,0,0,ELT003#
DEVICE,1643265321525,1643265320231,4,1643265320231,48,4,10,0,0,0,ELT003#
DEVICE,1643265321557,1643265320263,4,1643265320263,48,4,10,0,0,0,ELT003#
DEVICE,1643265321588,1643265320294,4,1643265320294,45,4,10,0,0,0,ELT003#
DEVICE,1643265321621,1643265320327,4,1643265320327,45,4,10,0,0,0,ELT003#
DEVICE,1643265321653,1643265320359,4,1643265320359,46,4,10,0,0,0,ELT003#
DEVICE,1643265321684,1643265320390,4,1643265320390,46,4,10,0,0,0,ELT003#
DEVICE,1643265321717,1643265320423,4,1643265320423,47,4,10,0,0,0,ELT003#
DEVICE,1643265321748,1643265320454,4,1643265320454,46,4,10,0,0,0,ELT003#
DEVICE,1643265321781,1643265320487,4,1643265320487,49,4,10,0,0,0,ELT003#
DEVICE,1643265321813,1643265320519,4,1643265320519,48,4,10,0,0,0,ELT003#
DEVICE,1643265321845,1643265320551,4,1643265320551,48,4,10,0,0,0,ELT003#
DEVICE,1643265321877,1643265320583,4,1643265320583,45,4,10,0,0,0,ELT003#
DEVICE,1643265321909,1643265320615,4,1643265320615,46,4,10,0,0,0,ELT003#
DEVICE,1643265321941,1643265320647,4,1643265320647,44,4,10,0,0,0,ELT003#
DEVICE,1643265321972,1643265320678,4,1643265320678,46,4,10,0,0,0,ELT003#
DEVICE,1643265322004,1643265320710,4,1643265320710,48,4,10,0,0,0,ELT003#
DEVICE,1643265322036,1643265320742,4,1643265320742,47,4,10,0,0,0,ELT003#
DEVICE,1643265322068,1643265320774,4,1643265320774,45,4,10,0,0,0,ELT003#
DEVICE,1643265322100,1643265320806,4,1643265320806,48,4,10,0,0,0,ELT003#
DEVICE,1643265322132,1643265320838,4,1643265320838,47,4,10,0,0,0,ELT003#
DEVICE,1643265322164,1643265320870,4,1643265320870,47,4,10,0,0,0,ELT003#
DEVICE,1643265322197,1643265320903,4,1643265320903,47,4,10,0,0,0,ELT003#
DEVICE,1643265322228,1643265320934,4,1643265320934,47,4,10,0,0,0,ELT003#
DEVICE,1643265322260,1643265320966,4,1643265320966,49,4,10,0,0,0,ELT003#
DEVICE,1643265322292,1643265320998,4,1643265320998,44,4,10,0,0,0,ELT003#
DEVICE,1643265322324,1643265321030,4,1643265321030,47,4,10,0,0,0,ELT003#
DEVICE,1643265322356,1643265321062,4,1643265321062,45,4,10,0,0,0,ELT003#
DEVICE,1643265322388,1643265321094,4,1643265321094,48,4,10,0,0,0,ELT003#
DEVICE,1643265322420,1643265321126,4,1643265321126,46,4,10,0,0,0,ELT003#
DEVICE,1643265322453,1643265321159,4,1643265321159,44,4,10,0,0,0,ELT003#
DEVICE,1643265322484,1643265321190,4,1643265321190,46,4,10,0,0,0,ELT003#
DEVICE,1643265322516,1643265321222,4,1643265321222,45,4,10,0,0,0,ELT003#
DEVICE,1643265322548,1643265321254,4,1643265321254,48,4,10,0,0,0,ELT003#
DEVICE,1643265322580,1643265321286,4,1643265321286,48,4,10,0,0,0,ELT003#
DEVICE,1643265322612,1643265321318,4,1643265321318,45,4,10,0,0,0,ELT003#
DEVICE,1643265322644,1643265321350,4,1643265321350,47,4,10,0,0,0,ELT003#
DEVICE,1643265322676,1643265321382,4,1643265321382,46,4,10,0,0,0,ELT003#
DEVICE,1643265322708,1643265321414,4,1643265321414,48,4,10,0,0,0,ELT003#
DEVICE,1643265322740,1643265321446,4,1643265321446,48,4,10,0,0,0,ELT003#
DEVICE,1643265322772,1643265321478,4,1643265321478,48,4,10,0,0,0,ELT003#
DEVICE,1643265322804,1643265321510,4,1643265321510,44,4,10,0,0,0,ELT003#
DEVICE,1643265322836,1643265321542,4,1643265321542,47,4,10,0,0,0,ELT003#
DEVICE,1643265322868,1643265321574,4,1643265321574,47,4,10,0,0,0,ELT003#
DEVICE,1643265322900,1643265321606,4,1643265321606,45,4,10,0,0,0,ELT003#
DEVICE,1643265322916,1643265321622,4,1643265321622,47,4,10,0,0,0,ELT003#
DEVICE,1643265322948,1643265321654,4,1643265321654,48,4,10,0,0,0,ELT003#
DEVICE,1643265322980,1643265321686,4,1643265321686,49,4,10,0,0,0,ELT003#
DEVICE,1643265323012,1643265321718,4,1643265321718,47,4,10,0,0,0,ELT003#
DEVICE,1643265323044,1643265321750,4,1643265321750,48,4,10,0,0,0,ELT003#
DEVICE,1643265323076,1643265321782,4,1643265321782,47,4,10,0,0,0,ELT003#
DEVICE,1643265323107,1643265321813,4,1643265321813,47,4,10,0,0,0,ELT003#
DEVICE,1643265323140,1643265321846,4,1643265321846,50,5,10,0,0,0,ELT003#
DEVICE,1643265323172,1643265321878,4,1643265321878,46,4,10,0,0,0,ELT003#
DEVICE,1643265323203,1643265321909,4,1643265321909,50,5,10,0,0,0,ELT003#
DEVICE,1643265323235,1643265321941,4,1643265321941,46,4,10,0,0,0,ELT003#
DEVICE,1643265323267,1643265321973,4,1643265321973,47,4,10,0,0,0,ELT003#
DEVICE,1643265323299,1643265322005,4,1643265322005,45,4,10,0,0,0,ELT003#
DEVICE,1643265323331,1643265322037,4,1643265322037,47,4,10,0,0,0,ELT003#
DEVICE,1643265323363,1643265322069,4,1643265322069,47,4,10,0,0,0,ELT003#
DEVICE,1643265323396,1643265322102,4,1643265322102,46,4,10,0,0,0,ELT003#
DEVICE,1643265323428,1643265322134,4,1643265322134,46,4,10,0,0,0,ELT003#
DEVICE,1643265323460,1643265322166,4,1643265322166,47,4,10,0,0,0,ELT003#
DEVICE,1643265323491,1643265322197,4,1643265322197,48,4,10,0,0,0,ELT003#
DEVICE,1643265323523,1643265322229,4,1643265322229,45,4,10,0,0,0,ELT003#
DEVICE,1643265323555,1643265322261,4,1643265322261,48,4,10,0,0,0,ELT003#
DEVICE,1643265323587,1643265322293,4,1643265322293,49,4,10,0,0,0,ELT003#
DEVICE,1643265323619,1643265322325,4,1643265322325,45,4,10,0,0,0,ELT003#
DEVICE,1643265323651,1643265322357,4,1643265322357,45,4,10,0,0,0,ELT003#
DEVICE,1643265323683,1643265322389,4,1643265322389,47,4,10,0,0,0,ELT003#
DEVICE,1643265323715,1643265322421,4,1643265322421,47,4,10,0,0,0,ELT003#
DEVICE,1643265323747,1643265322453,4,1643265322453,46,4,10,0,0,0,ELT003#
DEVICE,1643265323779,1643265322485,4,1643265322485,47,4,10,0,0,0,ELT003#
DEVICE,1643265323811,1643265322517,4,1643265322517,46,4,10,0,0,0,ELT003#
DEVICE,1643265323843,1643265322549,4,1643265322549,47,4,10,0,0,0,ELT003#
DEVICE,1643265323875,1643265322581,4,1643265322581,48,4,10,0,0,0,ELT003#
DEVICE,1643265323907,1643265322613,4,1643265322613,48,4,10,0,0,0,ELT003#
DEVICE,1643265323939,1643265322645,4,1643265322645,46,4,10,0,0,0,ELT003#
DEVICE,1643265323971,1643265322677,4,1643265322677,46,4,10,0,0,0,ELT003#
DEVICE,1643265324003,1643265322709,4,1643265322709,45,4,10,0,0,0,ELT003#
DEVICE,1643265324035,1643265322741,4,1643265322741,45,4,10,0,0,0,ELT003#
DEVICE,1643265324067,1643265322773,4,1643265322773,47,4,10,0,0,0,ELT003#
DEVICE,1643265324099,1643265322805,4,1643265322805,47,4,10,0,0,0,ELT003#
DEVICE,1643265324131,1643265322837,4,1643265322837,47,4,10,0,0,0,ELT003#
DEVICE,1643265324163,1643265322869,4,1643265322869,46,4,10,0,0,0,ELT003#
DEVICE,1643265324195,1643265322901,4,1643265322901,48,4,10,0,0,0,ELT003#
DEVICE,1643265324227,1643265322933,4,1643265322933,47,4,10,0,0,0,ELT003#
DEVICE,1643265324259,1643265322965,4,1643265322965,45,4,10,0,0,0,ELT003#
DEVICE,1643265324291,1643265322997,4,1643265322997,46,4,10,0,0,0,ELT003#
DEVICE,1643265324323,1643265323029,4,1643265323029,48,4,10,0,0,0,ELT003#
DEVICE,1643265324355,1643265323061,4,1643265323061,47,4,10,0,0,0,ELT003#
DEVICE,1643265324387,1643265323093,4,1643265323093,47,4,10,0,0,0,ELT003#
DEVICE,1643265324419,1643265323125,4,1643265323125,49,4,10,0,0,0,ELT003#
DEVICE,1643265324451,1643265323157,4,1643265323157,44,4,10,0,0,0,ELT003#
DEVICE,1643265324483,1643265323189,4,1643265323189,48,4,10,0,0,0,ELT003#
DEVICE,1643265324515,1643265323221,4,1643265323221,46,4,10,0,0,0,ELT003#
DEVICE,1643265324547,1643265323253,4,1643265323253,48,4,10,0,0,0,ELT003#
DEVICE,1643265324579,1643265323285,4,1643265323285,47,4,10,0,0,0,ELT003#
DEVICE,1643265324610,1643265323316,4,1643265323316,47,4,10,0,0,0,ELT003#
DEVICE,1643265324627,1643265323333,4,1643265323333,48,4,10,0,0,0,ELT003#
DEVICE,1643265324659,1643265323365,4,1643265323365,46,4,10,0,0,0,ELT003#
DEVICE,1643265324690,1643265323396,4,1643265323396,45,4,10,0,0,0,ELT003#
DEVICE,1643265324723,1643265323429,4,1643265323429,48,4,10,0,0,0,ELT003#
DEVICE,1643265324754,1643265323460,4,1643265323460,46,4,10,0,0,0,ELT003#
DEVICE,1643265324787,1643265323493,4,1643265323493,46,4,10,0,0,0,ELT003#
DEVICE,1643265324818,1643265323524,4,1643265323524,48,4,10,0,0,0,ELT003#
DEVICE,1643265324850,1643265323556,4,1643265323556,44,4,10,0,0,0,ELT003#
DEVICE,1643265324882,1643265323588,4,1643265323588,45,4,10,0,0,0,ELT003#
DEVICE,1643265324914,1643265323620,4,1643265323620,46,4,10,0,0,0,ELT003#
DEVICE,1643265324946,1643265323652,4,1643265323652,47,4,10,0,0,0,ELT003#
DEVICE,1643265324979,1643265323685,4,1643265323685,47,4,10,0,0,0,ELT003#
DEVICE,1643265325011,1643265323717,4,1643265323717,48,4,10,0,0,0,ELT003#
DEVICE,1643265325042,1643265323748,4,1643265323748,49,4,10,0,0,0,ELT003#
DEVICE,1643265325074,1643265323780,4,1643265323780,45,4,10,0,0,0,ELT003#
DEVICE,1643265325106,1643265323812,4,1643265323812,43,4,10,0,0,0,ELT003#
DEVICE,1643265325138,1643265323844,4,1643265323844,47,4,10,0,0,0,ELT003#
DEVICE,1643265325170,1643265323876,4,1643265323876,47,4,10,0,0,0,ELT003#
DEVICE,1643265325202,1643265323908,4,1643265323908,47,4,10,0,0,0,ELT003#
DEVICE,1643265325234,1643265323940,4,1643265323940,45,4,10,0,0,0,ELT003#
DEVICE,1643265325266,1643265323972,4,1643265323972,45,4,10,0,0,0,ELT003#
DEVICE,1643265325298,1643265324004,4,1643265324004,46,4,10,0,0,0,ELT003#
DEVICE,1643265325330,1643265324036,4,1643265324036,48,4,10,0,0,0,ELT003#
DEVICE,1643265325363,1643265324069,4,1643265324069,48,4,10,0,0,0,ELT003#
DEVICE,1643265325394,1643265324100,4,1643265324100,46,4,10,0,0,0,ELT003#
DEVICE,1643265325426,1643265324132,4,1643265324132,47,4,10,0,0,0,ELT003#
DEVICE,1643265325458,1643265324164,4,1643265324164,46,4,10,0,0,0,ELT003#
DEVICE,1643265325490,1643265324196,4,1643265324196,46,4,10,0,0,0,ELT003#
DEVICE,1643265325522,1643265324228,4,1643265324228,47,4,10,0,0,0,ELT003#
DEVICE,1643265325554,1643265324260,4,1643265324260,47,4,10,0,0,0,ELT003#
DEVICE,1643265325586,1643265324292,4,1643265324292,45,4,10,0,0,0,ELT003#
DEVICE,1643265325618,1643265324324,4,1643265324324,45,4,10,0,0,0,ELT003#
DEVICE,1643265325650,1643265324356,4,1643265324356,48,4,10,0,0,0,ELT003#
DEVICE,1643265325682,1643265324388,4,1643265324388,46,4,10,0,0,0,ELT003#
DEVICE,1643265325714,1643265324420,4,1643265324420,47,4,10,0,0,0,ELT003#
DEVICE,1643265325746,1643265324452,4,1643265324452,48,4,10,0,0,0,ELT003#
DEVICE,1643265325778,1643265324484,4,1643265324484,46,4,10,0,0,0,ELT003#
DEVICE,1643265325810,1643265324516,4,1643265324516,44,4,10,0,0,0,ELT003#
DEVICE,1643265325842,1643265324548,4,1643265324548,46,4,10,0,0,0,ELT003#
DEVICE,1643265325874,1643265324580,4,1643265324580,47,4,10,0,0,0,ELT003#
DEVICE,1643265325906,1643265324612,4,1643265324612,46,4,10,0,0,0,ELT003#
DEVICE,1643265325938,1643265324644,4,1643265324644,48,4,10,0,0,0,ELT003#
DEVICE,1643265325970,1643265324676,4,1643265324676,47,4,10,0,0,0,ELT003#
DEVICE,1643265326002,1643265324708,4,1643265324708,46,4,10,0,0,0,ELT003#
DEVICE,1643265326034,1643265324740,4,1643265324740,48,4,10,0,0,0,ELT003#
DEVICE,1643265326066,1643265324772,4,1643265324772,48,4,10,0,0,0,ELT003#
DEVICE,1643265326098,1643265324804,4,1643265324804,49,4,10,0,0,0,ELT003#
DEVICE,1643265326130,1643265324836,4,1643265324836,48,4,10,0,0,0,ELT003#
DEVICE,1643265326162,1643265324868,4,1643265324868,48,4,10,0,0,0,ELT003#
DEVICE,1643265326194,1643265324900,4,1643265324900,48,4,10,0,0,0,ELT003#
DEVICE,1643265326226,1643265324932,4,1643265324932,45,4,10,0,0,0,ELT003#
DEVICE,1643265326258,1643265324964,4,1643265324964,45,4,10,0,0,0,ELT003#
DEVICE,1643265326274,1643265324980,4,1643265324980,45,4,10,0,0,0,ELT003#
DEVICE,1643265326306,1643265325012,4,1643265325012,46,4,10,0,0,0,ELT003#
DEVICE,1643265326338,1643265325044,4,1643265325044,44,4,10,0,0,0,ELT003#
DEVICE,1643265326370,1643265325076,4,1643265325076,47,4,10,0,0,0,ELT003#
DEVICE,1643265326402,1643265325108,4,1643265325108,48,4,10,0,0,0,ELT003#
DEVICE,1643265326434,1643265325140,4,1643265325140,46,4,10,0,0,0,ELT003#
DEVICE,1643265326465,1643265325171,4,1643265325171,47,4,10,0,0,0,ELT003#
DEVICE,1643265326498,1643265325204,4,1643265325204,46,4,10,0,0,0,ELT003#
DEVICE,1643265326529,1643265325235,4,1643265325235,45,4,10,0,0,0,ELT003#
DEVICE,1643265326562,1643265325268,4,1643265325268,47,4,10,0,0,0,ELT003#
DEVICE,1643265326594,1643265325300,4,1643265325300,48,4,10,0,0,0,ELT003#
DEVICE,1643265326626,1643265325332,4,1643265325332,47,4,10,0,0,0,ELT003#
DEVICE,1643265326658,1643265325364,4,1643265325364,45,4,10,0,0,0,ELT003#
DEVICE,1643265326690,1643265325396,4,1643265325396,50,5,10,0,0,0,ELT003#
DEVICE,1643265326721,1643265325427,4,1643265325427,47,4,10,0,0,0,ELT003#
DEVICE,1643265326753,1643265325459,4,1643265325459,47,4,10,0,0,0,ELT003#
DEVICE,1643265326785,1643265325491,4,1643265325491,49,4,10,0,0,0,ELT003#
DEVICE,1643265326817,1643265325523,4,1643265325523,48,4,10,0,0,0,ELT003#
DEVICE,1643265326850,1643265325556,4,1643265325556,47,4,10,0,0,0,ELT003#
DEVICE,1643265326881,1643265325587,4,1643265325587,48,4,10,0,0,0,ELT003#
DEVICE,1643265326914,1643265325620,4,1643265325620,48,4,10,0,0,0,ELT003#
DEVICE,1643265326945,1643265325651,4,1643265325651,47,4,10,0,0,0,ELT003#
DEVICE,1643265326977,1643265325683,4,1643265325683,48,4,10,0,0,0,ELT003#
DEVICE,1643265327009,1643265325715,4,1643265325715,48,4,10,0,0,0,ELT003#
DEVICE,1643265327041,1643265325747,4,1643265325747,47,4,10,0,0,0,ELT003#
DEVICE,1643265327073,1643265325779,4,1643265325779,47,4,10,0,0,0,ELT003#
DEVICE,1643265327105,1643265325811,4,1643265325811,48,4,10,0,0,0,ELT003#
DEVICE,1643265327137,1643265325843,4,1643265325843,46,4,10,0,0,0,ELT003#
DEVICE,1643265327169,1643265325875,4,1643265325875,46,4,10,0,0,0,ELT003#
DEVICE,1643265327201,1643265325907,4,1643265325907,49,4,10,0,0,0,ELT003#
DEVICE,1643265327233,1643265325939,4,1643265325939,48,4,10,0,0,0,ELT003#
DEVICE,1643265327265,1643265325971,4,1643265325971,47,4,10,0,0,0,ELT003#
DEVICE,1643265327297,1643265326003,4,1643265326003,44,4,10,0,0,0,ELT003#
DEVICE,1643265327330,1643265326036,4,1643265326036,46,4,10,0,0,0,ELT003#
DEVICE,1643265327361,1643265326067,4,1643265326067,47,4,10,0,0,0,ELT003#
DEVICE,1643265327393,1643265326099,4,1643265326099,45,4,10,0,0,0,ELT003#
DEVICE,1643265327425,1643265326131,4,1643265326131,48,4,10,0,0,0,ELT003#
DEVICE,1643265327457,1643265326163,4,1643265326163,50,5,10,0,0,0,ELT003#
DEVICE,1643265327489,1643265326195,4,1643265326195,44,4,10,0,0,0,ELT003#
DEVICE,1643265327521,1643265326227,4,1643265326227,46,4,10,0,0,0,ELT003#
DEVICE,1643265327553,1643265326259,4,1643265326259,47,4,10,0,0,0,ELT003#
DEVICE,1643265327585,1643265326291,4,1643265326291,47,4,10,0,0,0,ELT003#
DEVICE,1643265327617,1643265326323,4,1643265326323,46,4,10,0,0,0,ELT003#
DEVICE,1643265327649,1643265326355,4,1643265326355,44,4,10,0,0,0,ELT003#
DEVICE,1643265327681,1643265326387,4,1643265326387,46,4,10,0,0,0,ELT003#
DEVICE,1643265327713,1643265326419,4,1643265326419,48,4,10,0,0,0,ELT003#
DEVICE,1643265327745,1643265326451,4,1643265326451,45,4,10,0,0,0,ELT003#
DEVICE,1643265327777,1643265326483,4,1643265326483,46,4,10,0,0,0,ELT003#
DEVICE,1643265327809,1643265326515,4,1643265326515,48,4,10,0,0,0,ELT003#
DEVICE,1643265327841,1643265326547,4,1643265326547,49,4,10,0,0,0,ELT003#
DEVICE,1643265327873,1643265326579,4,1643265326579,45,4,10,0,0,0,ELT003#
DEVICE,1643265327905,1643265326611,4,1643265326611,48,4,10,0,0,0,ELT003#
DEVICE,1643265327921,1643265326627,4,1643265326627,48,4,10,0,0,0,ELT003#
DEVICE,1643265327953,1643265326659,4,1643265326659,45,4,10,0,0,0,ELT003#
DEVICE,1643265327985,1643265326691,4,1643265326691,46,4,10,0,0,0,ELT003#
DEVICE,1643265328017,1643265326723,4,1643265326723,46,4,10,0,0,0,ELT003#
DEVICE,1643265328049,1643265326755,4,1643265326755,49,4,10,0,0,0,ELT003#
DEVICE,1643265328081,1643265326787,4,1643265326787,47,4,10,0,0,0,ELT003#
DEVICE,1643265328113,1643265326819,4,1643265326819,47,4,10,0,0,0,ELT003#
DEVICE,1643265328145,1643265326851,4,1643265326851,45,4,10,0,0,0,ELT003#
DEVICE,1643265328177,1643265326883,4,1643265326883,44,4,10,0,0,0,ELT003#
DEVICE,1643265328209,1643265326915,4,1643265326915,48,4,10,0,0,0,ELT003#
DEVICE,1643265328241,1643265326947,4,1643265326947,46,4,10,0,0,0,ELT003#
DEVICE,1643265328273,1643265326979,4,1643265326979,46,4,10,0,0,0,ELT003#
DEVICE,1643265328305,1643265327011,4,1643265327011,49,4,10,0,0,0,ELT003#
DEVICE,1643265328337,1643265327043,4,1643265327043,46,4,10,0,0,0,ELT003#
DEVICE,1643265328369,1643265327075,4,1643265327075,46,4,10,0,0,0,ELT003#
DEVICE,1643265328401,1643265327107,4,1643265327107,47,4,10,0,0,0,ELT003#
DEVICE,1643265328433,1643265327139,4,1643265327139,46,4,10,0,0,0,ELT003#
DEVICE,1643265328465,1643265327171,4,1643265327171,46,4,10,0,0,0,ELT003#
DEVICE,1643265328496,1643265327202,4,1643265327202,45,4,10,0,0,0,ELT003#
DEVICE,1643265328529,1643265327235,4,1643265327235,49,4,10,0,0,0,ELT003#
DEVICE,1643265328561,1643265327267,4,1643265327267,45,4,10,0,0,0,ELT003#
DEVICE,1643265328593,1643265327299,4,1643265327299,48,4,10,0,0,0,ELT003#
DEVICE,1643265328625,1643265327331,4,1643265327331,48,4,10,0,0,0,ELT003#
DEVICE,1643265328656,1643265327362,4,1643265327362,48,4,10,0,0,0,ELT003#
DEVICE,1643265328688,1643265327394,4,1643265327394,47,4,10,0,0,0,ELT003#
DEVICE,1643265328720,1643265327426,4,1643265327426,48,4,10,0,0,0,ELT003#
DEVICE,1643265328752,1643265327458,4,1643265327458,48,4,10,0,0,0,ELT003#
DEVICE,1643265328784,1643265327490,4,1643265327490,47,4,10,0,0,0,ELT003#
DEVICE,1643265328817,1643265327523,4,1643265327523,48,4,10,0,0,0,ELT003#
DEVICE,1643265328848,1643265327554,4,1643265327554,49,4,10,0,0,0,ELT003#
DEVICE,1643265328880,1643265327586,4,1643265327586,46,4,10,0,0,0,ELT003#
DEVICE,1643265328912,1643265327618,4,1643265327618,49,4,10,0,0,0,ELT003#
DEVICE,1643265328944,1643265327650,4,1643265327650,46,4,10,0,0,0,ELT003#
DEVICE,1643265328976,1643265327682,4,1643265327682,47,4,10,0,0,0,ELT003#
DEVICE,1643265329008,1643265327714,4,1643265327714,45,4,10,0,0,0,ELT003#
DEVICE,1643265329040,1643265327746,4,1643265327746,47,4,10,0,0,0,ELT003#
DEVICE,1643265329072,1643265327778,4,1643265327778,46,4,10,0,0,0,ELT003#
DEVICE,1643265329104,1643265327810,4,1643265327810,48,4,10,0,0,0,ELT003#
DEVICE,1643265329136,1643265327842,4,1643265327842,45,4,10,0,0,0,ELT003#
DEVICE,1643265329168,1643265327874,4,1643265327874,46,4,10,0,0,0,ELT003#
DEVICE,1643265329200,1643265327906,4,1643265327906,44,4,10,0,0,0,ELT003#
DEVICE,1643265329232,1643265327938,4,1643265327938,48,4,10,0,0,0,ELT003#
DEVICE,1643265329264,1643265327970,4,1643265327970,44,4,10,0,0,0,ELT003#
DEVICE,1643265329296,1643265328002,4,1643265328002,47,4,10,0,0,0,ELT003#
DEVICE,1643265329328,1643265328034,4,1643265328034,46,4,10,0,0,0,ELT003#
DEVICE,1643265329360,1643265328066,4,1643265328066,48,4,10,0,0,0,ELT003#
DEVICE,1643265329392,1643265328098,4,1643265328098,47,4,10,0,0,0,ELT003#
DEVICE,1643265329424,1643265328130,4,1643265328130,47,4,10,0,0,0,ELT003#
DEVICE,1643265329456,1643265328162,4,1643265328162,48,4,10,0,0,0,ELT003#
