Device,PTPTime,UnixTime,Protocool,CurrentDeviceTime,AccX,AccY,AccZ,GyroX,GyroY,GyroZ,HeartRate
WATCH,1642673654964,1642673655328,4,1642673655212,-0.004,0.001,0.001,-0.003,-0.003,-0.005,0
WATCH,1642673654964,1642673655328,4,1642673655222,0.004,-0.001,0.001,-0.003,-0.002,-0.001,0
WATCH,1642673654964,1642673655328,4,1642673655233,0.003,-0.000,-0.001,-0.002,-0.003,-0.004,0
WATCH,1642673654964,1642673655328,4,1642673655242,-0.000,-0.000,0.001,-0.002,-0.002,-0.003,0
WATCH,1642673654969,1642673655333,4,1642673655252,0.001,0.003,0.002,-0.003,-0.002,-0.001,0
WATCH,1642673654969,1642673655333,4,1642673655262,0.001,0.002,-0.000,-0.004,-0.003,-0.003,0
WATCH,1642673654969,1642673655333,4,1642673655272,0.001,0.001,0.002,-0.003,-0.001,-0.004,0
WATCH,1642673654969,1642673655333,4,1642673655283,-0.001,0.003,0.002,-0.003,-0.002,-0.000,0
WATCH,1642673654970,1642673655334,4,1642673655292,0.001,0.001,-0.001,-0.003,-0.003,-0.002,0
WATCH,1642673655018,1642673655382,4,1642673655302,0.000,0.004,-0.000,-0.002,-0.002,-0.002,0
WATCH,1642673655018,1642673655382,4,1642673655312,0.001,-0.001,0.002,-0.002,-0.000,-0.002,0
WATCH,1642673655018,1642673655382,4,1642673655323,-0.000,-0.005,-0.000,-0.003,-0.001,-0.001,0
WATCH,1642673655018,1642673655382,4,1642673655332,0.003,-0.003,-0.003,-0.001,-0.002,-0.004,0
WATCH,1642673655018,1642673655382,4,1642673655342,-0.003,-0.001,-0.001,-0.003,-0.002,-0.003,0
WATCH,1642673655068,1642673655432,4,1642673655352,-0.000,-0.002,-0.001,-0.002,-0.001,-0.004,0
WATCH,1642673655069,1642673655433,4,1642673655362,0.002,0.002,0.002,-0.002,-0.002,-0.002,0
WATCH,1642673655069,1642673655433,4,1642673655372,0.001,0.001,-0.001,-0.003,-0.001,-0.004,0
WATCH,1642673655069,1642673655433,4,1642673655382,0.001,-0.001,0.001,-0.001,-0.000,-0.001,0
WATCH,1642673655069,1642673655433,4,1642673655391,0.002,-0.002,-0.001,-0.004,-0.002,-0.003,0
WATCH,1642673655132,1642673655496,4,1642673655401,0.000,0.001,-0.002,-0.003,-0.002,-0.001,0
WATCH,1642673655132,1642673655496,4,1642673655411,-0.000,0.000,0.001,-0.003,-0.003,-0.003,0
WATCH,1642673655132,1642673655496,4,1642673655421,0.000,-0.003,0.000,-0.003,-0.003,-0.003,0
WATCH,1642673655132,1642673655496,4,1642673655431,0.003,-0.003,0.000,-0.002,-0.003,-0.003,0
WATCH,1642673655132,1642673655496,4,1642673655441,-0.001,0.005,-0.001,-0.004,-0.001,-0.003,0
WATCH,1642673655179,1642673655543,4,1642673655451,-0.004,0.001,0.005,-0.001,-0.001,-0.002,0
WATCH,1642673655179,1642673655543,4,1642673655461,0.001,0.002,0.000,-0.004,-0.004,-0.002,0
WATCH,1642673655179,1642673655543,4,1642673655471,-0.002,0.003,0.001,-0.003,-0.002,-0.001,0
WATCH,1642673655180,1642673655544,4,1642673655481,-0.002,0.000,0.001,-0.002,-0.000,-0.002,0
WATCH,1642673655180,1642673655544,4,1642673655491,0.001,0.002,0.002,-0.001,-0.002,-0.003,0
WATCH,1642673655222,1642673655586,4,1642673655501,-0.002,-0.001,-0.002,-0.003,-0.003,-0.003,0
WATCH,1642673655223,1642673655587,4,1642673655511,-0.002,0.000,0.001,-0.001,-0.003,-0.002,0
WATCH,1642673655223,1642673655587,4,1642673655523,0.002,-0.003,-0.001,-0.003,-0.001,-0.001,0
WATCH,1642673655223,1642673655587,4,1642673655531,-0.000,-0.001,-0.001,-0.004,-0.002,-0.001,0
WATCH,1642673655223,1642673655587,4,1642673655541,-0.005,0.000,0.001,-0.002,-0.002,-0.003,0
WATCH,1642673655266,1642673655630,4,1642673655551,-0.003,-0.002,0.001,-0.003,-0.002,-0.002,0
WATCH,1642673655266,1642673655630,4,1642673655561,-0.004,-0.002,0.000,-0.003,-0.001,-0.004,0
WATCH,1642673655266,1642673655630,4,1642673655571,-0.000,0.003,-0.004,-0.003,-0.003,-0.001,0
WATCH,1642673655266,1642673655630,4,1642673655580,-0.002,0.000,-0.000,-0.004,-0.003,-0.003,0
WATCH,1642673655266,1642673655630,4,1642673655591,-0.004,-0.004,0.000,-0.003,-0.001,-0.001,0
WATCH,1642673655321,1642673655685,4,1642673655600,0.001,0.001,0.000,-0.003,-0.002,-0.002,0
WATCH,1642673655321,1642673655685,4,1642673655610,-0.006,0.000,-0.003,-0.003,-0.001,-0.002,0
WATCH,1642673655322,1642673655686,4,1642673655620,0.001,-0.003,-0.003,-0.002,-0.002,-0.002,0
WATCH,1642673655322,1642673655686,4,1642673655630,0.001,-0.002,-0.003,-0.002,-0.002,-0.002,0
WATCH,1642673655322,1642673655686,4,1642673655640,-0.000,-0.003,-0.001,-0.003,-0.002,-0.002,0
WATCH,1642673655369,1642673655733,4,1642673655651,-0.002,-0.003,-0.002,-0.002,-0.001,-0.002,0
WATCH,1642673655369,1642673655733,4,1642673655660,0.001,-0.002,-0.001,-0.002,-0.002,-0.003,0
WATCH,1642673655369,1642673655733,4,1642673655670,-0.001,0.001,0.003,-0.003,-0.002,-0.001,0
WATCH,1642673655369,1642673655733,4,1642673655680,-0.001,0.001,-0.002,-0.002,-0.002,-0.003,0
WATCH,1642673655369,1642673655733,4,1642673655690,0.003,-0.002,-0.006,-0.001,-0.002,-0.003,0
WATCH,1642673655411,1642673655775,4,1642673655701,0.000,-0.002,-0.002,-0.002,-0.003,-0.002,0
WATCH,1642673655412,1642673655776,4,1642673655710,0.004,-0.000,0.003,-0.003,-0.002,-0.002,0
WATCH,1642673655412,1642673655776,4,1642673655720,-0.000,0.000,-0.001,-0.002,-0.002,-0.002,0
WATCH,1642673655412,1642673655776,4,1642673655730,0.003,-0.000,-0.003,-0.003,-0.002,-0.001,0
WATCH,1642673655412,1642673655776,4,1642673655740,-0.001,0.002,-0.001,-0.004,-0.003,-0.002,0
WATCH,1642673655456,1642673655820,4,1642673655750,-0.001,0.003,0.001,-0.002,-0.001,-0.001,0
WATCH,1642673655456,1642673655820,4,1642673655760,-0.001,0.003,-0.001,-0.004,-0.003,-0.003,0
WATCH,1642673655456,1642673655820,4,1642673655770,0.002,-0.006,-0.002,-0.002,-0.002,-0.002,0
WATCH,1642673655456,1642673655820,4,1642673655779,0.002,-0.004,0.001,-0.002,-0.002,-0.002,0
WATCH,1642673655457,1642673655821,4,1642673655790,-0.003,-0.003,-0.005,-0.003,0.000,-0.002,0
WATCH,1642673655531,1642673655895,4,1642673655799,-0.002,0.005,0.002,-0.003,-0.002,-0.003,0
WATCH,1642673655531,1642673655895,4,1642673655809,0.003,-0.001,-0.004,-0.003,-0.002,-0.002,0
WATCH,1642673655532,1642673655896,4,1642673655820,-0.000,-0.000,-0.000,-0.000,-0.002,-0.002,0
WATCH,1642673655532,1642673655896,4,1642673655829,-0.003,0.005,-0.001,-0.002,-0.002,-0.002,0
WATCH,1642673655532,1642673655896,4,1642673655839,0.000,-0.000,-0.002,-0.002,-0.003,-0.003,0
WATCH,1642673655574,1642673655938,4,1642673655849,0.002,0.000,-0.001,-0.004,-0.003,-0.003,0
WATCH,1642673655575,1642673655939,4,1642673655859,-0.001,0.004,-0.001,-0.001,-0.001,-0.003,0
WATCH,1642673655575,1642673655939,4,1642673655869,0.002,0.002,-0.001,-0.002,-0.002,-0.003,0
WATCH,1642673655575,1642673655939,4,1642673655879,0.002,-0.005,0.002,-0.002,-0.002,-0.001,0
WATCH,1642673655575,1642673655939,4,1642673655889,-0.001,0.004,0.002,-0.002,-0.001,-0.002,0
WATCH,1642673655615,1642673655979,4,1642673655899,-0.001,0.002,-0.001,-0.004,-0.002,0.000,0
WATCH,1642673655615,1642673655979,4,1642673655909,0.001,-0.001,0.001,-0.002,-0.003,-0.001,0
WATCH,1642673655615,1642673655979,4,1642673655919,0.003,-0.003,0.002,-0.004,-0.001,-0.003,0
WATCH,1642673655615,1642673655979,4,1642673655929,0.001,0.002,-0.001,-0.001,-0.003,-0.003,0
WATCH,1642673655615,1642673655979,4,1642673655939,-0.000,0.002,-0.000,-0.004,-0.002,-0.003,0
WATCH,1642673655664,1642673656028,4,1642673655949,-0.004,-0.001,0.002,-0.002,-0.002,-0.004,0
WATCH,1642673655664,1642673656028,4,1642673655959,-0.000,-0.002,-0.000,-0.004,-0.002,-0.001,0
WATCH,1642673655664,1642673656028,4,1642673655968,-0.001,-0.005,-0.001,-0.003,-0.002,-0.001,0
WATCH,1642673655665,1642673656029,4,1642673655978,0.000,0.004,-0.000,-0.003,-0.003,-0.002,0
WATCH,1642673655665,1642673656029,4,1642673655988,-0.001,-0.003,0.002,-0.004,-0.002,-0.002,0
WATCH,1642673655738,1642673656102,4,1642673655998,0.001,-0.003,-0.000,-0.001,-0.001,-0.002,0
WATCH,1642673655739,1642673656103,4,1642673656008,0.003,0.001,0.002,-0.003,-0.001,-0.001,0
WATCH,1642673655739,1642673656103,4,1642673656018,0.002,0.002,0.000,-0.003,-0.003,-0.004,0
WATCH,1642673655739,1642673656103,4,1642673656028,-0.001,0.006,-0.001,-0.002,-0.002,-0.003,0
WATCH,1642673655739,1642673656103,4,1642673656038,0.001,-0.003,-0.000,-0.002,-0.002,-0.002,0
WATCH,1642673655752,1642673656116,4,1642673656048,0.002,0.001,0.001,-0.002,-0.003,-0.002,0
WATCH,1642673655753,1642673656117,4,1642673656058,0.002,0.003,0.000,-0.003,-0.001,-0.001,0
WATCH,1642673655753,1642673656117,4,1642673656068,-0.000,-0.004,-0.001,-0.002,-0.002,-0.002,0
WATCH,1642673655753,1642673656117,4,1642673656078,-0.000,0.000,0.001,-0.003,-0.002,-0.003,0
WATCH,1642673655753,1642673656117,4,1642673656088,-0.001,0.000,0.003,-0.002,-0.002,-0.002,0
WATCH,1642673655822,1642673656186,4,1642673656098,-0.001,-0.001,0.001,-0.002,-0.001,-0.004,0
WATCH,1642673655822,1642673656186,4,1642673656108,-0.001,0.002,0.001,-0.003,-0.002,-0.003,0
WATCH,1642673655822,1642673656186,4,1642673656117,0.002,-0.005,-0.002,-0.003,-0.003,-0.001,0
WATCH,1642673655822,1642673656186,4,1642673656128,-0.000,-0.002,0.001,-0.002,-0.001,-0.002,0
WATCH,1642673655822,1642673656186,4,1642673656138,0.000,-0.000,-0.003,-0.003,-0.002,-0.001,0
WATCH,1642673655874,1642673656238,4,1642673656147,0.001,0.002,0.001,-0.002,-0.004,-0.002,0
WATCH,1642673655874,1642673656238,4,1642673656157,-0.002,-0.001,0.001,-0.001,-0.002,-0.003,0
WATCH,1642673655874,1642673656238,4,1642673656168,0.001,-0.002,-0.001,-0.002,-0.002,-0.001,0
WATCH,1642673655874,1642673656238,4,1642673656177,-0.000,0.004,-0.000,-0.001,-0.004,-0.002,0
WATCH,1642673655874,1642673656238,4,1642673656187,0.000,0.002,-0.001,-0.002,-0.002,-0.001,0
WATCH,1642673655914,1642673656278,4,1642673656198,-0.002,-0.004,-0.003,-0.002,-0.001,-0.002,0
WATCH,1642673655914,1642673656278,4,1642673656207,-0.000,-0.003,-0.000,-0.003,-0.002,-0.003,0
WATCH,1642673655914,1642673656278,4,1642673656217,0.004,0.003,0.001,-0.004,-0.002,-0.003,0
WATCH,1642673655914,1642673656278,4,1642673656228,0.001,-0.002,0.002,-0.002,-0.001,-0.001,0
WATCH,1642673655914,1642673656278,4,1642673656237,-0.000,-0.004,-0.002,-0.004,-0.001,-0.001,0
WATCH,1642673655953,1642673656317,4,1642673656247,0.004,0.005,0.001,-0.002,-0.003,-0.002,0
WATCH,1642673655953,1642673656317,4,1642673656257,0.003,-0.001,0.004,-0.001,-0.002,-0.001,0
WATCH,1642673655953,1642673656317,4,1642673656267,0.002,0.001,0.004,-0.003,-0.002,-0.001,0
WATCH,1642673655954,1642673656318,4,1642673656277,0.003,-0.001,-0.001,-0.002,-0.000,-0.001,0
WATCH,1642673655954,1642673656318,4,1642673656287,0.001,-0.003,-0.001,-0.002,-0.003,-0.002,0
WATCH,1642673656017,1642673656381,4,1642673656297,-0.001,0.002,-0.003,-0.002,-0.002,-0.002,0
WATCH,1642673656017,1642673656381,4,1642673656307,0.000,-0.001,-0.002,-0.004,-0.002,-0.004,0
WATCH,1642673656017,1642673656381,4,1642673656317,0.001,0.000,-0.000,-0.002,-0.003,-0.002,0
WATCH,1642673656017,1642673656381,4,1642673656327,0.001,0.001,-0.002,-0.003,-0.002,-0.002,0
WATCH,1642673656017,1642673656381,4,1642673656337,0.001,-0.000,0.003,-0.003,-0.001,-0.001,0
WATCH,1642673656071,1642673656435,4,1642673656347,0.001,-0.001,0.002,-0.004,-0.002,-0.002,0
WATCH,1642673656071,1642673656435,4,1642673656356,0.001,0.004,0.001,-0.002,-0.003,-0.002,0
WATCH,1642673656071,1642673656435,4,1642673656366,-0.002,-0.000,0.001,-0.002,-0.001,-0.002,0
WATCH,1642673656071,1642673656435,4,1642673656377,0.001,-0.002,0.001,-0.003,-0.003,-0.002,0
WATCH,1642673656071,1642673656435,4,1642673656386,-0.000,-0.002,-0.000,-0.002,-0.003,-0.002,0
WATCH,1642673656120,1642673656484,4,1642673656396,0.002,0.003,0.002,-0.004,-0.001,-0.002,0
WATCH,1642673656120,1642673656484,4,1642673656406,-0.004,0.003,-0.000,-0.002,-0.002,-0.003,0
WATCH,1642673656120,1642673656484,4,1642673656416,-0.005,-0.005,-0.005,-0.003,-0.003,-0.002,0
WATCH,1642673656120,1642673656484,4,1642673656426,0.001,0.003,-0.000,-0.002,-0.002,-0.002,0
WATCH,1642673656120,1642673656484,4,1642673656436,-0.002,0.002,-0.001,-0.002,-0.001,-0.003,0
WATCH,1642673656207,1642673656571,4,1642673656446,-0.000,-0.004,0.001,-0.001,-0.003,-0.003,0
WATCH,1642673656207,1642673656571,4,1642673656456,-0.003,-0.004,0.000,-0.002,-0.002,-0.002,0
WATCH,1642673656207,1642673656571,4,1642673656466,-0.004,-0.001,0.003,-0.003,-0.003,-0.001,0
WATCH,1642673656207,1642673656571,4,1642673656476,-0.003,0.002,-0.002,-0.003,-0.002,-0.002,0
WATCH,1642673656207,1642673656571,4,1642673656486,0.004,-0.000,0.003,-0.003,-0.003,-0.001,0
WATCH,1642673656219,1642673656583,4,1642673656495,-0.002,0.001,-0.001,-0.002,-0.002,-0.002,0
WATCH,1642673656219,1642673656583,4,1642673656505,0.003,0.001,-0.001,-0.004,-0.002,-0.002,0
WATCH,1642673656219,1642673656583,4,1642673656516,0.000,0.001,0.001,-0.004,-0.001,-0.003,0
WATCH,1642673656219,1642673656583,4,1642673656525,-0.001,0.004,-0.000,-0.003,-0.003,-0.003,0
WATCH,1642673656219,1642673656583,4,1642673656535,-0.002,0.004,0.004,-0.003,-0.002,-0.001,0
WATCH,1642673656286,1642673656650,4,1642673656545,0.001,0.000,-0.001,-0.000,-0.002,-0.002,0
WATCH,1642673656286,1642673656650,4,1642673656555,-0.002,0.002,-0.001,-0.001,-0.003,-0.003,0
WATCH,1642673656286,1642673656650,4,1642673656565,0.000,-0.004,0.004,-0.004,-0.004,-0.002,0
WATCH,1642673656286,1642673656650,4,1642673656576,0.002,0.002,-0.003,-0.002,-0.002,-0.001,0
WATCH,1642673656286,1642673656650,4,1642673656585,-0.004,-0.003,-0.002,-0.003,-0.002,-0.004,0
WATCH,1642673656304,1642673656668,4,1642673656595,0.001,0.001,0.004,-0.002,-0.002,-0.003,0
WATCH,1642673656305,1642673656669,4,1642673656605,0.003,0.002,0.005,-0.003,-0.002,-0.002,0
WATCH,1642673656305,1642673656669,4,1642673656615,-0.001,-0.000,0.000,-0.001,-0.003,-0.001,0
WATCH,1642673656305,1642673656669,4,1642673656625,0.000,0.004,0.003,-0.002,-0.003,-0.001,0
WATCH,1642673656305,1642673656669,4,1642673656635,-0.004,0.003,-0.002,-0.003,-0.002,-0.001,0
WATCH,1642673656358,1642673656722,4,1642673656645,-0.000,0.003,0.002,-0.003,-0.001,-0.002,0
WATCH,1642673656359,1642673656723,4,1642673656655,0.002,0.004,-0.001,-0.003,-0.002,-0.001,0
WATCH,1642673656359,1642673656723,4,1642673656665,0.001,0.001,-0.001,-0.001,-0.003,-0.001,0
WATCH,1642673656359,1642673656723,4,1642673656675,-0.001,0.000,-0.002,-0.003,-0.002,-0.002,0
WATCH,1642673656359,1642673656723,4,1642673656685,0.002,0.004,-0.002,-0.001,-0.002,-0.002,0
WATCH,1642673656428,1642673656792,4,1642673656695,0.001,0.000,0.002,-0.003,-0.003,-0.001,0
WATCH,1642673656428,1642673656792,4,1642673656704,0.001,0.001,0.000,-0.002,-0.003,-0.003,0
WATCH,1642673656428,1642673656792,4,1642673656714,0.002,-0.003,0.001,-0.003,-0.001,-0.002,0
WATCH,1642673656428,1642673656792,4,1642673656725,-0.001,0.003,-0.001,-0.002,-0.001,-0.003,0
WATCH,1642673656428,1642673656792,4,1642673656734,0.002,-0.002,-0.000,-0.003,-0.003,-0.002,0
WATCH,1642673656487,1642673656851,4,1642673656744,-0.002,0.001,-0.001,-0.003,-0.002,-0.000,0
WATCH,1642673656487,1642673656851,4,1642673656755,0.001,0.003,-0.000,-0.001,-0.001,-0.002,0
WATCH,1642673656487,1642673656851,4,1642673656764,-0.000,0.003,-0.002,-0.005,-0.002,-0.002,0
WATCH,1642673656487,1642673656851,4,1642673656774,-0.000,0.002,0.001,-0.002,-0.002,-0.002,0
WATCH,1642673656487,1642673656851,4,1642673656784,0.001,0.001,0.001,-0.004,-0.002,-0.002,0
WATCH,1642673656502,1642673656866,4,1642673656794,-0.003,0.004,-0.001,-0.002,-0.003,-0.003,0
WATCH,1642673656503,1642673656867,4,1642673656804,-0.001,0.002,-0.001,-0.001,-0.003,-0.003,0
WATCH,1642673656503,1642673656867,4,1642673656814,-0.001,0.002,-0.002,-0.003,-0.003,-0.002,0
WATCH,1642673656503,1642673656867,4,1642673656824,-0.002,-0.000,0.002,-0.003,-0.002,-0.003,0
WATCH,1642673656503,1642673656867,4,1642673656834,-0.001,0.002,-0.001,-0.003,-0.003,-0.002,0
WATCH,1642673656554,1642673656918,4,1642673656844,0.001,0.001,-0.002,-0.002,-0.003,-0.001,0
WATCH,1642673656554,1642673656918,4,1642673656854,0.002,0.007,0.001,-0.002,-0.002,-0.001,0
WATCH,1642673656554,1642673656918,4,1642673656864,0.001,-0.001,-0.002,-0.002,-0.002,-0.002,0
WATCH,1642673656554,1642673656918,4,1642673656874,0.001,-0.002,0.001,-0.002,-0.003,-0.002,0
WATCH,1642673656554,1642673656918,4,1642673656884,0.004,0.000,-0.003,-0.002,-0.001,-0.001,0
WATCH,1642673656603,1642673656967,4,1642673656894,-0.004,0.000,0.003,-0.002,-0.002,-0.003,0
WATCH,1642673656604,1642673656968,4,1642673656903,-0.002,-0.002,-0.001,-0.003,-0.002,-0.003,0
WATCH,1642673656604,1642673656968,4,1642673656913,0.002,0.004,0.001,-0.002,-0.003,-0.004,0
WATCH,1642673656604,1642673656968,4,1642673656923,0.001,-0.003,0.001,-0.003,-0.001,-0.002,0
WATCH,1642673656604,1642673656968,4,1642673656934,0.001,0.001,0.001,-0.001,-0.002,-0.002,0
WATCH,1642673656659,1642673657023,4,1642673656943,-0.002,0.003,-0.002,-0.003,-0.001,-0.002,0
WATCH,1642673656659,1642673657023,4,1642673656953,0.001,0.004,-0.001,-0.003,-0.000,-0.002,0
WATCH,1642673656660,1642673657024,4,1642673656963,-0.001,-0.003,0.000,-0.003,-0.003,-0.003,0
WATCH,1642673656660,1642673657024,4,1642673656973,0.001,0.002,0.000,-0.003,-0.004,-0.003,0
WATCH,1642673656660,1642673657024,4,1642673656984,0.000,-0.002,-0.001,-0.001,-0.002,-0.003,0
WATCH,1642673656728,1642673657092,4,1642673656993,-0.000,0.000,-0.001,-0.002,-0.001,-0.003,0
WATCH,1642673656728,1642673657092,4,1642673657003,-0.003,0.000,0.002,-0.002,-0.003,-0.003,0
WATCH,1642673656728,1642673657092,4,1642673657013,-0.001,-0.004,0.002,-0.003,-0.003,-0.001,0
WATCH,1642673656728,1642673657092,4,1642673657023,0.004,0.002,-0.001,-0.001,-0.003,-0.002,0
WATCH,1642673656728,1642673657092,4,1642673657033,0.002,-0.002,-0.001,-0.004,-0.002,-0.002,0
WATCH,1642673656775,1642673657139,4,1642673657043,0.001,0.004,-0.001,-0.003,-0.003,-0.002,0
WATCH,1642673656775,1642673657139,4,1642673657053,0.005,-0.004,0.000,-0.003,-0.002,-0.002,0
WATCH,1642673656775,1642673657139,4,1642673657063,-0.005,-0.001,0.002,-0.002,-0.002,-0.002,0
WATCH,1642673656775,1642673657139,4,1642673657073,-0.005,-0.001,-0.001,-0.002,-0.002,-0.001,0
WATCH,1642673656776,1642673657140,4,1642673657082,0.003,-0.001,-0.000,-0.001,-0.003,-0.001,0
WATCH,1642673656797,1642673657161,4,1642673657092,-0.005,0.004,0.002,-0.003,-0.001,-0.004,0
WATCH,1642673656798,1642673657162,4,1642673657103,0.004,-0.003,-0.001,-0.003,-0.002,-0.000,0
WATCH,1642673656798,1642673657162,4,1642673657112,-0.003,0.003,0.005,-0.002,-0.001,-0.004,0
WATCH,1642673656798,1642673657162,4,1642673657122,-0.001,0.002,-0.000,-0.001,-0.002,-0.004,0
WATCH,1642673656798,1642673657162,4,1642673657132,-0.002,0.001,-0.002,-0.003,-0.001,-0.002,0
WATCH,1642673656843,1642673657207,4,1642673657142,-0.001,-0.000,0.001,-0.001,-0.003,-0.003,0
WATCH,1642673656844,1642673657208,4,1642673657152,-0.003,0.001,0.002,-0.003,-0.002,-0.002,0
WATCH,1642673656844,1642673657208,4,1642673657162,0.002,-0.000,-0.000,-0.002,-0.001,-0.002,0
WATCH,1642673656844,1642673657208,4,1642673657172,-0.000,0.001,-0.003,-0.002,-0.002,-0.002,0
WATCH,1642673656844,1642673657208,4,1642673657182,-0.001,0.001,0.003,-0.002,-0.002,-0.002,0
WATCH,1642673656912,1642673657276,4,1642673657192,-0.004,0.001,-0.000,-0.001,-0.002,-0.003,0
WATCH,1642673656913,1642673657277,4,1642673657202,-0.003,0.000,-0.002,-0.004,-0.001,-0.003,0
WATCH,1642673656913,1642673657277,4,1642673657212,-0.000,-0.002,0.004,-0.001,-0.003,-0.003,0
WATCH,1642673656913,1642673657277,4,1642673657222,0.002,0.001,0.003,-0.002,-0.003,-0.004,0
WATCH,1642673656913,1642673657277,4,1642673657232,0.002,0.001,0.001,-0.003,-0.001,-0.002,0
WATCH,1642673656958,1642673657322,4,1642673657242,0.002,-0.001,0.002,-0.002,-0.000,-0.003,0
WATCH,1642673656958,1642673657322,4,1642673657252,0.002,0.000,0.002,-0.001,-0.001,-0.004,0
WATCH,1642673656958,1642673657322,4,1642673657262,-0.002,-0.003,-0.001,-0.002,-0.001,-0.003,0
WATCH,1642673656958,1642673657322,4,1642673657272,0.001,0.000,-0.002,-0.003,-0.001,-0.002,0
WATCH,1642673656958,1642673657322,4,1642673657281,-0.002,0.001,0.000,-0.002,-0.002,-0.002,0
WATCH,1642673657024,1642673657388,4,1642673657291,-0.001,-0.001,-0.002,-0.002,-0.002,-0.002,0
WATCH,1642673657024,1642673657388,4,1642673657302,0.002,0.003,-0.002,-0.002,-0.000,-0.002,0
WATCH,1642673657024,1642673657388,4,1642673657312,0.002,-0.003,0.000,-0.003,-0.002,-0.004,0
WATCH,1642673657024,1642673657388,4,1642673657321,-0.002,0.001,-0.000,-0.003,-0.003,-0.001,0
WATCH,1642673657024,1642673657388,4,1642673657331,-0.002,-0.002,-0.000,-0.002,-0.001,-0.002,0
WATCH,1642673657068,1642673657432,4,1642673657341,-0.003,-0.004,0.002,-0.003,-0.003,-0.003,0
WATCH,1642673657068,1642673657432,4,1642673657351,0.002,0.000,0.000,-0.003,-0.002,-0.003,0
WATCH,1642673657068,1642673657432,4,1642673657361,0.002,0.003,-0.003,-0.003,-0.002,-0.003,0
WATCH,1642673657068,1642673657432,4,1642673657372,-0.001,-0.000,-0.000,-0.003,-0.001,-0.002,0
WATCH,1642673657068,1642673657432,4,1642673657381,0.004,-0.001,-0.001,-0.003,-0.003,-0.002,0
WATCH,1642673657112,1642673657476,4,1642673657391,-0.000,0.002,0.002,-0.001,-0.002,-0.003,0
WATCH,1642673657112,1642673657476,4,1642673657401,0.002,0.001,0.004,-0.003,-0.002,-0.001,0
WATCH,1642673657112,1642673657476,4,1642673657411,0.000,0.001,0.000,-0.002,-0.003,-0.002,0
WATCH,1642673657112,1642673657476,4,1642673657421,-0.000,-0.003,0.000,-0.002,-0.002,-0.003,0
WATCH,1642673657112,1642673657476,4,1642673657431,-0.001,0.002,-0.002,-0.002,-0.001,-0.002,0
WATCH,1642673657155,1642673657519,4,1642673657441,-0.000,0.001,0.002,-0.002,-0.002,-0.002,0
WATCH,1642673657156,1642673657520,4,1642673657451,-0.000,0.001,0.001,-0.003,-0.004,-0.002,0
WATCH,1642673657156,1642673657520,4,1642673657461,0.005,0.002,-0.004,-0.002,-0.003,-0.002,0
WATCH,1642673657156,1642673657520,4,1642673657471,0.000,0.003,-0.002,-0.003,-0.001,-0.003,0
WATCH,1642673657156,1642673657520,4,1642673657480,-0.002,0.001,0.003,-0.003,-0.002,-0.003,0
WATCH,1642673657227,1642673657591,4,1642673657491,-0.005,-0.001,-0.000,-0.003,-0.002,-0.001,0
WATCH,1642673657227,1642673657591,4,1642673657500,0.000,0.001,-0.000,-0.002,-0.002,-0.002,0
WATCH,1642673657227,1642673657591,4,1642673657510,-0.004,-0.006,0.002,-0.002,-0.003,-0.002,0
WATCH,1642673657227,1642673657591,4,1642673657520,0.002,-0.002,0.001,-0.003,-0.002,-0.000,0
WATCH,1642673657227,1642673657591,4,1642673657530,0.001,0.006,-0.000,-0.002,-0.003,-0.003,0
WATCH,1642673657257,1642673657621,4,1642673657540,-0.000,-0.000,0.003,-0.002,-0.003,-0.001,0
WATCH,1642673657257,1642673657621,4,1642673657550,-0.002,0.005,0.005,-0.002,-0.003,-0.002,0
WATCH,1642673657257,1642673657621,4,1642673657560,-0.002,0.005,0.001,-0.004,-0.002,-0.001,0
WATCH,1642673657257,1642673657621,4,1642673657570,0.001,-0.002,-0.001,-0.003,-0.002,-0.002,0
WATCH,1642673657257,1642673657621,4,1642673657580,-0.002,0.002,0.000,-0.003,-0.001,-0.002,0
WATCH,1642673657325,1642673657689,4,1642673657590,-0.001,-0.003,0.001,-0.002,-0.002,-0.004,0
WATCH,1642673657325,1642673657689,4,1642673657600,-0.001,0.003,0.001,-0.003,-0.002,-0.002,0
WATCH,1642673657325,1642673657689,4,1642673657610,0.003,-0.002,-0.000,-0.004,-0.002,-0.002,0
WATCH,1642673657325,1642673657689,4,1642673657620,-0.006,0.004,0.001,-0.002,-0.002,-0.003,0
WATCH,1642673657325,1642673657689,4,1642673657630,-0.003,0.001,0.000,-0.004,-0.001,-0.004,0
WATCH,1642673657345,1642673657709,4,1642673657640,0.004,-0.004,-0.003,-0.001,-0.003,-0.002,0
WATCH,1642673657345,1642673657709,4,1642673657649,0.004,-0.002,0.003,-0.005,-0.003,-0.005,0
WATCH,1642673657345,1642673657709,4,1642673657659,-0.001,0.001,-0.000,-0.003,-0.002,-0.002,0
WATCH,1642673657345,1642673657709,4,1642673657669,-0.003,-0.002,0.000,-0.003,-0.003,-0.003,0
WATCH,1642673657345,1642673657709,4,1642673657679,-0.003,0.003,0.000,-0.003,-0.002,-0.003,0
WATCH,1642673657406,1642673657770,4,1642673657689,-0.001,0.003,0.001,-0.002,-0.002,-0.001,0
WATCH,1642673657406,1642673657770,4,1642673657699,0.001,0.004,-0.002,-0.002,-0.003,-0.002,0
WATCH,1642673657406,1642673657770,4,1642673657709,0.000,0.003,0.003,-0.003,-0.002,-0.003,0
WATCH,1642673657406,1642673657770,4,1642673657719,-0.001,-0.001,-0.002,-0.002,-0.002,-0.003,0
WATCH,1642673657406,1642673657770,4,1642673657729,0.003,0.001,0.001,-0.001,-0.001,-0.003,0
WATCH,1642673657481,1642673657845,4,1642673657739,0.000,0.002,0.000,-0.003,-0.002,-0.003,0
WATCH,1642673657481,1642673657845,4,1642673657749,-0.000,0.001,0.001,-0.003,-0.001,-0.002,0
WATCH,1642673657481,1642673657845,4,1642673657759,-0.002,0.002,-0.001,-0.002,-0.003,-0.002,0
WATCH,1642673657482,1642673657846,4,1642673657769,-0.002,-0.003,-0.001,-0.002,-0.002,-0.002,0
WATCH,1642673657482,1642673657846,4,1642673657779,-0.000,0.004,0.003,-0.003,-0.003,-0.001,0
WATCH,1642673657491,1642673657855,4,1642673657789,0.001,0.001,-0.001,-0.003,-0.002,-0.001,0
WATCH,1642673657492,1642673657856,4,1642673657798,0.000,0.002,0.000,-0.002,-0.002,-0.003,0
WATCH,1642673657492,1642673657856,4,1642673657809,0.002,0.002,0.002,-0.003,-0.001,-0.001,0
WATCH,1642673657492,1642673657856,4,1642673657819,-0.002,0.004,0.000,-0.002,0.000,-0.003,0
WATCH,1642673657492,1642673657856,4,1642673657829,-0.002,0.001,0.001,-0.003,-0.001,-0.001,0
WATCH,1642673657565,1642673657929,4,1642673657839,-0.001,0.001,-0.002,-0.002,-0.000,-0.001,0
WATCH,1642673657565,1642673657929,4,1642673657848,0.001,-0.003,-0.001,-0.004,-0.002,-0.002,0
WATCH,1642673657566,1642673657930,4,1642673657858,0.004,-0.003,-0.002,-0.003,-0.002,-0.002,0
WATCH,1642673657566,1642673657930,4,1642673657869,0.002,-0.000,0.002,-0.002,-0.001,-0.002,0
WATCH,1642673657566,1642673657930,4,1642673657878,-0.004,0.003,0.001,-0.004,-0.003,-0.002,0
WATCH,1642673657617,1642673657981,4,1642673657888,0.002,0.006,0.001,-0.002,-0.002,-0.002,0
WATCH,1642673657620,1642673657984,4,1642673657898,0.000,-0.002,0.002,-0.003,-0.001,-0.002,0
WATCH,1642673657620,1642673657984,4,1642673657908,-0.000,-0.001,0.001,-0.002,-0.000,-0.002,0
WATCH,1642673657620,1642673657984,4,1642673657918,-0.002,0.005,0.001,-0.003,-0.002,-0.004,0
WATCH,1642673657620,1642673657984,4,1642673657928,0.005,-0.002,-0.000,-0.002,-0.002,-0.003,0
WATCH,1642673657665,1642673658029,4,1642673657938,-0.002,0.002,0.002,-0.002,-0.002,-0.004,0
WATCH,1642673657665,1642673658029,4,1642673657948,0.002,0.006,0.002,-0.002,-0.001,-0.002,0
WATCH,1642673657666,1642673658030,4,1642673657958,-0.001,-0.000,0.003,-0.002,-0.001,-0.002,0
WATCH,1642673657666,1642673658030,4,1642673657968,-0.002,0.000,-0.002,-0.002,-0.003,-0.002,0
WATCH,1642673657666,1642673658030,4,1642673657978,-0.001,-0.005,-0.001,-0.002,-0.001,-0.002,0
WATCH,1642673657693,1642673658057,4,1642673657988,-0.000,0.005,-0.002,-0.004,-0.002,-0.001,0
WATCH,1642673657693,1642673658057,4,1642673657998,-0.000,-0.000,0.002,-0.004,-0.001,-0.003,0
WATCH,1642673657694,1642673658058,4,1642673658008,0.005,-0.003,-0.001,-0.002,-0.002,-0.002,0
WATCH,1642673657694,1642673658058,4,1642673658018,0.003,0.001,-0.001,-0.002,-0.003,-0.002,0
WATCH,1642673657694,1642673658058,4,1642673658028,-0.000,-0.001,0.000,-0.002,-0.003,-0.002,0
WATCH,1642673657817,1642673658181,4,1642673658038,0.002,0.002,-0.001,-0.002,-0.003,-0.002,0
WATCH,1642673657817,1642673658181,4,1642673658047,0.001,0.005,0.001,-0.003,-0.002,-0.003,0
WATCH,1642673657818,1642673658182,4,1642673658058,0.001,-0.002,0.001,-0.004,-0.002,-0.003,0
WATCH,1642673657818,1642673658182,4,1642673658067,0.001,0.001,0.001,-0.002,-0.002,-0.001,0
WATCH,1642673657818,1642673658182,4,1642673658077,0.003,0.003,0.001,-0.002,-0.002,-0.002,0
WATCH,1642673657864,1642673658228,4,1642673658087,0.002,0.001,0.000,-0.002,-0.001,-0.003,0
WATCH,1642673657864,1642673658228,4,1642673658097,-0.003,-0.003,-0.002,-0.003,-0.002,-0.002,0
WATCH,1642673657865,1642673658229,4,1642673658107,-0.002,0.003,0.001,-0.003,-0.003,-0.002,0
WATCH,1642673657865,1642673658229,4,1642673658117,0.003,-0.000,-0.002,-0.002,-0.000,-0.003,0
WATCH,1642673657865,1642673658229,4,1642673658127,0.001,-0.000,0.000,-0.004,-0.002,-0.003,0
WATCH,1642673657865,1642673658229,4,1642673658137,-0.003,0.005,-0.002,-0.001,-0.002,-0.004,0
WATCH,1642673657865,1642673658229,4,1642673658147,0.003,-0.002,-0.002,-0.003,-0.002,-0.001,0
WATCH,1642673657865,1642673658229,4,1642673658157,0.001,-0.000,-0.001,-0.004,-0.002,-0.003,0
WATCH,1642673657865,1642673658229,4,1642673658167,-0.001,-0.002,0.002,-0.003,-0.002,-0.003,0
WATCH,1642673657865,1642673658229,4,1642673658177,0.005,0.000,-0.002,-0.003,-0.002,-0.003,0
WATCH,1642673657972,1642673658336,4,1642673658187,0.001,-0.000,-0.001,-0.003,-0.001,-0.001,0
WATCH,1642673657973,1642673658337,4,1642673658197,-0.000,-0.000,-0.000,-0.004,-0.003,-0.003,0
WATCH,1642673657974,1642673658338,4,1642673658207,0.002,-0.004,-0.002,-0.003,-0.003,-0.001,0
WATCH,1642673657974,1642673658338,4,1642673658217,0.000,-0.000,0.000,-0.002,-0.001,-0.001,0
WATCH,1642673657974,1642673658338,4,1642673658227,0.003,0.003,-0.004,-0.002,-0.002,-0.003,0
WATCH,1642673657974,1642673658338,4,1642673658237,-0.003,-0.002,0.002,-0.003,-0.003,-0.002,0
WATCH,1642673657974,1642673658338,4,1642673658247,0.000,-0.001,-0.001,-0.002,-0.002,-0.002,0
WATCH,1642673657974,1642673658338,4,1642673658256,0.002,-0.001,0.001,-0.002,-0.000,-0.002,0
WATCH,1642673657974,1642673658338,4,1642673658266,0.003,0.001,0.001,-0.002,-0.003,-0.001,0
WATCH,1642673657974,1642673658338,4,1642673658277,0.002,-0.005,-0.000,-0.001,-0.001,-0.002,0
WATCH,1642673658101,1642673658465,4,1642673658286,-0.001,0.002,0.000,-0.002,-0.002,-0.002,0
WATCH,1642673658101,1642673658465,4,1642673658296,-0.000,-0.002,0.000,-0.001,-0.001,-0.001,0
WATCH,1642673658101,1642673658465,4,1642673658307,0.004,-0.004,0.000,-0.003,-0.002,-0.001,0
WATCH,1642673658101,1642673658465,4,1642673658316,-0.001,0.001,-0.001,-0.004,-0.001,-0.002,0
WATCH,1642673658101,1642673658465,4,1642673658326,-0.001,-0.003,-0.002,-0.003,-0.002,-0.002,0
WATCH,1642673658101,1642673658465,4,1642673658336,0.001,0.000,0.003,-0.003,-0.001,-0.003,0
WATCH,1642673658101,1642673658465,4,1642673658346,0.002,-0.002,-0.002,-0.001,-0.003,-0.002,0
WATCH,1642673658101,1642673658465,4,1642673658356,-0.000,0.001,0.000,-0.002,-0.001,-0.001,0
WATCH,1642673658101,1642673658465,4,1642673658366,-0.004,-0.001,0.001,-0.003,-0.003,-0.001,0
WATCH,1642673658101,1642673658465,4,1642673658376,-0.004,-0.002,0.001,-0.003,-0.002,-0.002,0
WATCH,1642673658191,1642673658555,4,1642673658386,-0.004,-0.000,0.000,-0.002,-0.002,-0.003,0
WATCH,1642673658191,1642673658555,4,1642673658395,-0.004,0.005,0.001,-0.003,-0.001,-0.002,0
WATCH,1642673658191,1642673658555,4,1642673658406,0.000,-0.001,0.001,-0.001,-0.001,-0.001,0
WATCH,1642673658191,1642673658555,4,1642673658415,0.001,-0.005,0.001,-0.002,-0.002,-0.002,0
WATCH,1642673658191,1642673658555,4,1642673658425,-0.000,-0.001,0.003,-0.003,-0.002,-0.001,0
WATCH,1642673658520,1642673658884,4,1642673658445,0.003,-0.001,-0.001,-0.002,-0.002,-0.002,0
WATCH,1642673658520,1642673658884,4,1642673658456,0.002,0.001,0.001,-0.003,-0.002,-0.003,0
WATCH,1642673658523,1642673658887,4,1642673658465,0.001,0.000,0.004,-0.004,-0.002,-0.003,0
WATCH,1642673658523,1642673658887,4,1642673658475,-0.003,0.003,0.000,-0.001,-0.002,-0.003,0
WATCH,1642673658524,1642673658888,4,1642673658485,-0.004,0.001,-0.001,-0.002,-0.003,-0.001,0
WATCH,1642673658527,1642673658891,4,1642673658495,0.002,-0.000,-0.001,-0.003,-0.001,-0.003,0
WATCH,1642673658527,1642673658891,4,1642673658505,-0.002,-0.001,0.002,-0.002,-0.002,-0.003,0
WATCH,1642673658527,1642673658891,4,1642673658515,-0.001,0.000,-0.002,-0.003,-0.001,-0.001,0
WATCH,1642673658531,1642673658895,4,1642673658525,-0.001,-0.002,-0.000,-0.003,-0.001,-0.002,0
WATCH,1642673658532,1642673658896,4,1642673658535,-0.001,0.001,0.001,-0.001,-0.002,-0.002,0
WATCH,1642673658532,1642673658896,4,1642673658545,-0.003,-0.002,-0.000,-0.002,-0.003,-0.003,0
WATCH,1642673658532,1642673658896,4,1642673658565,-0.001,0.003,-0.002,-0.003,-0.001,-0.002,0
WATCH,1642673658532,1642673658896,4,1642673658575,-0.002,-0.004,0.000,-0.004,-0.002,-0.003,0
WATCH,1642673658532,1642673658896,4,1642673658584,-0.001,-0.001,0.001,-0.001,-0.002,-0.003,0
WATCH,1642673658532,1642673658896,4,1642673658595,0.002,-0.001,0.003,-0.003,-0.001,-0.002,0
WATCH,1642673658532,1642673658896,4,1642673658604,0.002,-0.002,-0.002,-0.004,-0.001,-0.003,0
WATCH,1642673658532,1642673658896,4,1642673658615,0.002,0.000,0.002,-0.001,-0.001,-0.003,0
WATCH,1642673658532,1642673658896,4,1642673658625,-0.003,-0.001,-0.000,-0.003,-0.001,-0.000,0
WATCH,1642673658532,1642673658896,4,1642673658634,-0.000,-0.001,0.002,-0.002,0.000,-0.002,0
WATCH,1642673658532,1642673658896,4,1642673658645,-0.001,-0.007,0.001,-0.003,-0.002,-0.003,0
WATCH,1642673658532,1642673658896,4,1642673658655,-0.006,0.000,0.001,-0.001,-0.002,-0.003,0
WATCH,1642673658535,1642673658899,4,1642673658664,-0.005,-0.001,-0.000,-0.001,-0.001,-0.002,0
WATCH,1642673658535,1642673658899,4,1642673658674,-0.001,0.002,0.000,-0.001,-0.003,-0.003,0
WATCH,1642673658535,1642673658899,4,1642673658684,-0.002,-0.004,-0.002,-0.003,-0.002,-0.002,0
WATCH,1642673658535,1642673658899,4,1642673658694,-0.001,0.001,-0.000,-0.003,-0.003,-0.003,0
WATCH,1642673658535,1642673658899,4,1642673658704,0.003,-0.002,0.003,-0.004,-0.000,-0.001,0
WATCH,1642673658535,1642673658899,4,1642673658714,-0.003,-0.002,0.003,-0.002,-0.003,-0.002,0
WATCH,1642673658535,1642673658899,4,1642673658724,-0.001,-0.000,-0.001,-0.001,-0.002,-0.002,0
WATCH,1642673658571,1642673658935,4,1642673658734,0.002,-0.001,-0.001,-0.003,-0.001,-0.001,0
WATCH,1642673658571,1642673658935,4,1642673658744,-0.001,0.003,-0.003,-0.002,-0.003,-0.001,0
WATCH,1642673658571,1642673658935,4,1642673658754,0.001,-0.003,-0.002,-0.002,-0.001,-0.001,0
WATCH,1642673658571,1642673658935,4,1642673658763,0.003,0.001,0.002,-0.003,-0.001,-0.002,0
WATCH,1642673658571,1642673658935,4,1642673658774,-0.001,0.002,-0.001,-0.001,-0.002,-0.003,0
WATCH,1642673658631,1642673658995,4,1642673658784,-0.001,0.005,-0.000,-0.001,-0.003,-0.003,0
WATCH,1642673658632,1642673658996,4,1642673658793,0.002,0.003,0.000,-0.002,-0.001,-0.004,0
WATCH,1642673658632,1642673658996,4,1642673658803,0.003,0.001,0.000,-0.002,-0.002,-0.002,0
WATCH,1642673658632,1642673658996,4,1642673658813,0.002,-0.000,-0.002,-0.001,-0.003,-0.002,0
WATCH,1642673658632,1642673658996,4,1642673658823,-0.000,-0.003,-0.001,-0.003,-0.002,-0.004,0
WATCH,1642673658632,1642673658996,4,1642673658833,-0.003,-0.000,-0.000,-0.003,-0.002,-0.002,0
WATCH,1642673658632,1642673658996,4,1642673658843,0.005,0.002,0.001,-0.003,-0.001,-0.003,0
WATCH,1642673658632,1642673658996,4,1642673658853,0.001,0.004,0.001,-0.002,-0.003,-0.002,0
WATCH,1642673658632,1642673658996,4,1642673658863,-0.004,0.005,-0.000,-0.002,-0.002,-0.002,0
WATCH,1642673658633,1642673658997,4,1642673658873,-0.003,-0.003,0.002,-0.003,-0.001,-0.002,0
WATCH,1642673658659,1642673659023,4,1642673658883,-0.002,-0.002,0.002,-0.003,-0.002,-0.003,0
WATCH,1642673658660,1642673659024,4,1642673658893,-0.001,0.001,-0.000,-0.002,-0.001,-0.002,0
WATCH,1642673658660,1642673659024,4,1642673658903,0.004,0.003,-0.002,-0.002,-0.003,-0.000,0
WATCH,1642673658660,1642673659024,4,1642673658913,0.001,0.005,0.001,-0.002,-0.002,-0.003,0
WATCH,1642673658660,1642673659024,4,1642673658923,0.001,0.003,0.002,-0.002,-0.002,-0.003,0
WATCH,1642673658694,1642673659058,4,1642673658933,0.002,-0.003,0.000,-0.002,-0.001,-0.001,0
WATCH,1642673658694,1642673659058,4,1642673658942,-0.006,-0.002,-0.003,-0.003,-0.001,-0.002,0
WATCH,1642673658694,1642673659058,4,1642673658953,-0.001,0.003,0.004,-0.002,-0.002,-0.004,0
WATCH,1642673658694,1642673659058,4,1642673658962,-0.002,0.002,-0.001,-0.002,-0.002,-0.002,0
WATCH,1642673658694,1642673659058,4,1642673658973,0.001,0.002,-0.002,-0.000,-0.000,-0.000,0
WATCH,1642673658759,1642673659123,4,1642673658982,-0.004,0.002,-0.002,-0.002,-0.002,-0.002,0
WATCH,1642673658759,1642673659123,4,1642673658992,0.001,0.001,0.000,-0.001,-0.004,-0.002,0
WATCH,1642673658759,1642673659123,4,1642673659002,0.004,-0.004,-0.002,-0.003,-0.001,-0.002,0
WATCH,1642673658759,1642673659123,4,1642673659012,-0.003,-0.003,0.001,-0.003,-0.001,-0.002,0
WATCH,1642673658759,1642673659123,4,1642673659022,-0.006,-0.004,0.000,-0.002,-0.002,-0.003,0
WATCH,1642673658861,1642673659225,4,1642673659032,0.002,0.002,-0.000,-0.003,-0.003,-0.001,0
WATCH,1642673658862,1642673659226,4,1642673659042,-0.004,-0.002,-0.002,-0.002,-0.001,-0.000,0
WATCH,1642673658862,1642673659226,4,1642673659052,-0.000,-0.003,0.000,-0.003,-0.001,-0.001,0
WATCH,1642673658862,1642673659226,4,1642673659062,-0.001,-0.001,0.001,-0.002,-0.004,-0.001,0
WATCH,1642673658862,1642673659226,4,1642673659072,0.000,0.004,-0.001,-0.003,-0.002,-0.002,0
WATCH,1642673658862,1642673659226,4,1642673659082,-0.004,0.002,-0.002,-0.002,-0.000,-0.002,0
WATCH,1642673658863,1642673659227,4,1642673659092,-0.001,-0.000,-0.001,-0.002,-0.003,-0.002,0
WATCH,1642673658863,1642673659227,4,1642673659102,0.000,-0.002,0.001,-0.003,-0.003,-0.001,0
WATCH,1642673658863,1642673659227,4,1642673659112,-0.002,0.000,-0.001,-0.003,0.001,-0.003,0
WATCH,1642673658863,1642673659227,4,1642673659122,-0.005,0.004,0.001,-0.002,-0.003,-0.003,0
WATCH,1642673658899,1642673659263,4,1642673659132,0.002,-0.001,-0.001,-0.003,-0.001,-0.001,0
WATCH,1642673658899,1642673659263,4,1642673659141,0.002,0.002,-0.004,-0.002,-0.001,-0.003,0
WATCH,1642673658899,1642673659263,4,1642673659152,0.001,0.001,-0.001,-0.001,-0.001,-0.003,0
WATCH,1642673658899,1642673659263,4,1642673659162,0.001,0.001,0.000,-0.002,-0.002,-0.003,0
WATCH,1642673658899,1642673659263,4,1642673659171,-0.003,0.003,0.000,-0.002,-0.002,-0.001,0
WATCH,1642673658967,1642673659331,4,1642673659182,0.000,-0.000,0.001,-0.002,-0.002,-0.003,0
WATCH,1642673658967,1642673659331,4,1642673659191,0.001,-0.001,0.001,-0.002,-0.003,-0.003,0
WATCH,1642673658967,1642673659331,4,1642673659201,0.000,0.003,0.000,-0.002,-0.002,-0.002,0
WATCH,1642673658967,1642673659331,4,1642673659211,-0.002,0.000,-0.002,-0.002,-0.002,-0.004,0
WATCH,1642673658968,1642673659332,4,1642673659221,-0.002,0.002,-0.003,-0.001,-0.002,-0.003,0
WATCH,1642673659027,1642673659391,4,1642673659231,0.001,-0.001,-0.001,-0.002,-0.004,-0.003,0
WATCH,1642673659027,1642673659391,4,1642673659241,-0.000,0.001,-0.000,-0.003,-0.002,-0.004,0
WATCH,1642673659027,1642673659391,4,1642673659251,-0.003,-0.000,-0.000,-0.003,-0.002,-0.002,0
WATCH,1642673659027,1642673659391,4,1642673659261,0.003,-0.001,-0.002,-0.002,-0.003,-0.002,0
WATCH,1642673659027,1642673659391,4,1642673659271,-0.002,0.003,-0.003,-0.002,-0.001,-0.002,0
WATCH,1642673659028,1642673659392,4,1642673659281,-0.001,-0.000,-0.001,-0.003,0.001,-0.002,0
WATCH,1642673659028,1642673659392,4,1642673659291,-0.005,-0.004,-0.000,-0.003,-0.004,-0.002,0
WATCH,1642673659028,1642673659392,4,1642673659301,0.003,0.001,-0.003,-0.002,-0.004,-0.002,0
WATCH,1642673659028,1642673659392,4,1642673659311,-0.005,0.001,0.001,-0.001,-0.002,-0.001,0
WATCH,1642673659028,1642673659392,4,1642673659321,-0.001,0.003,0.000,-0.002,-0.001,-0.001,0
WATCH,1642673659146,1642673659510,4,1642673659331,-0.000,-0.001,0.002,-0.001,-0.002,-0.001,0
WATCH,1642673659146,1642673659510,4,1642673659341,0.000,-0.001,0.000,-0.002,-0.002,-0.004,0
WATCH,1642673659146,1642673659510,4,1642673659350,-0.003,0.002,0.003,-0.002,-0.002,-0.001,0
WATCH,1642673659146,1642673659510,4,1642673659360,-0.003,-0.000,0.001,-0.002,-0.001,-0.001,0
WATCH,1642673659146,1642673659510,4,1642673659370,-0.003,-0.000,-0.001,-0.002,-0.003,-0.001,0
WATCH,1642673659221,1642673659585,4,1642673659380,0.002,0.001,-0.001,-0.002,-0.002,-0.003,0
WATCH,1642673659222,1642673659586,4,1642673659390,0.000,0.005,-0.000,-0.004,-0.000,-0.002,0
WATCH,1642673659222,1642673659586,4,1642673659400,-0.002,0.003,-0.001,-0.002,-0.002,-0.001,0
WATCH,1642673659222,1642673659586,4,1642673659411,-0.000,-0.001,0.002,-0.004,-0.002,-0.002,0
WATCH,1642673659222,1642673659586,4,1642673659420,-0.002,-0.000,0.002,-0.002,-0.002,-0.004,0
WATCH,1642673659222,1642673659586,4,1642673659430,-0.001,-0.000,0.003,-0.001,-0.001,-0.002,0
WATCH,1642673659222,1642673659586,4,1642673659441,0.001,-0.000,-0.002,-0.002,-0.003,-0.003,0
WATCH,1642673659222,1642673659586,4,1642673659450,-0.001,-0.001,0.001,-0.002,-0.001,-0.003,0
WATCH,1642673659222,1642673659586,4,1642673659460,0.001,-0.001,0.001,-0.002,-0.001,-0.003,0
WATCH,1642673659222,1642673659586,4,1642673659470,0.001,0.001,0.000,-0.002,-0.002,-0.004,0
WATCH,1642673659266,1642673659630,4,1642673659480,-0.002,-0.005,0.002,-0.002,-0.001,-0.002,0
WATCH,1642673659267,1642673659631,4,1642673659490,-0.000,0.001,0.000,-0.002,-0.002,-0.002,0
WATCH,1642673659267,1642673659631,4,1642673659500,-0.002,-0.003,-0.002,-0.003,-0.003,-0.001,0
WATCH,1642673659267,1642673659631,4,1642673659510,-0.002,0.001,0.002,-0.003,-0.002,-0.002,0
WATCH,1642673659267,1642673659631,4,1642673659520,0.001,0.000,0.000,-0.003,-0.001,-0.003,0
WATCH,1642673659267,1642673659631,4,1642673659530,-0.003,0.004,0.000,-0.001,-0.002,-0.003,0
WATCH,1642673659267,1642673659631,4,1642673659540,-0.007,-0.000,-0.002,-0.004,-0.002,-0.003,0
WATCH,1642673659267,1642673659631,4,1642673659549,0.003,0.001,-0.001,-0.002,-0.003,-0.002,0
WATCH,1642673659267,1642673659631,4,1642673659559,-0.002,-0.000,0.000,-0.002,-0.002,-0.002,0
WATCH,1642673659267,1642673659631,4,1642673659569,-0.000,0.000,0.001,-0.003,-0.002,-0.003,0
WATCH,1642673659327,1642673659691,4,1642673659579,0.003,0.001,0.002,-0.003,-0.001,-0.001,0
WATCH,1642673659327,1642673659691,4,1642673659589,-0.001,-0.001,-0.001,-0.004,-0.003,-0.002,0
WATCH,1642673659327,1642673659691,4,1642673659599,-0.002,0.002,-0.001,-0.003,-0.003,-0.003,0
WATCH,1642673659327,1642673659691,4,1642673659609,-0.004,-0.001,-0.002,-0.002,-0.002,-0.002,0
WATCH,1642673659327,1642673659691,4,1642673659620,-0.002,0.002,0.002,-0.003,-0.002,-0.004,0
WATCH,1642673659387,1642673659751,4,1642673659629,0.004,-0.004,-0.002,-0.002,-0.000,-0.003,0
WATCH,1642673659387,1642673659751,4,1642673659639,0.001,0.003,0.002,-0.002,-0.002,-0.002,0
WATCH,1642673659387,1642673659751,4,1642673659649,0.003,0.004,0.000,-0.001,-0.003,-0.002,0
WATCH,1642673659387,1642673659751,4,1642673659659,0.001,-0.004,0.003,-0.002,-0.002,-0.003,0
WATCH,1642673659387,1642673659751,4,1642673659669,0.003,0.002,-0.001,-0.003,-0.001,-0.002,0
WATCH,1642673659449,1642673659813,4,1642673659679,0.001,0.000,-0.000,-0.002,-0.003,-0.003,0
WATCH,1642673659449,1642673659813,4,1642673659689,0.002,-0.002,0.001,-0.003,-0.002,-0.002,0
WATCH,1642673659449,1642673659813,4,1642673659698,0.001,-0.005,0.000,-0.003,-0.002,-0.002,0
WATCH,1642673659449,1642673659813,4,1642673659708,0.001,-0.003,-0.001,-0.003,-0.003,-0.002,0
WATCH,1642673659449,1642673659813,4,1642673659719,0.001,0.002,-0.002,-0.003,-0.002,-0.001,0
WATCH,1642673659503,1642673659867,4,1642673659728,-0.001,-0.003,0.000,-0.002,-0.001,-0.003,0
WATCH,1642673659503,1642673659867,4,1642673659738,0.002,0.003,-0.001,-0.002,-0.003,-0.002,0
WATCH,1642673659503,1642673659867,4,1642673659748,-0.005,0.001,0.000,-0.002,-0.003,-0.003,0
WATCH,1642673659503,1642673659867,4,1642673659758,-0.000,0.002,0.001,-0.002,-0.002,-0.003,0
WATCH,1642673659503,1642673659867,4,1642673659768,-0.000,-0.003,-0.001,-0.001,-0.001,-0.003,0
WATCH,1642673659569,1642673659933,4,1642673659778,0.000,0.002,0.001,-0.001,-0.002,-0.003,0
WATCH,1642673659569,1642673659933,4,1642673659788,-0.003,0.004,0.002,-0.001,-0.002,-0.002,0
WATCH,1642673659569,1642673659933,4,1642673659798,0.000,-0.001,-0.001,-0.003,-0.001,-0.001,0
WATCH,1642673659570,1642673659934,4,1642673659808,-0.000,-0.002,0.003,-0.001,-0.003,-0.001,0
WATCH,1642673659571,1642673659935,4,1642673659818,0.006,-0.006,-0.000,-0.002,-0.002,-0.002,0
WATCH,1642673659571,1642673659935,4,1642673659828,0.001,0.003,0.000,-0.001,-0.001,-0.002,0
WATCH,1642673659571,1642673659935,4,1642673659838,-0.000,0.003,-0.001,-0.002,-0.002,-0.001,0
WATCH,1642673659571,1642673659935,4,1642673659848,0.001,-0.000,-0.004,-0.001,-0.001,-0.002,0
WATCH,1642673659571,1642673659935,4,1642673659858,0.001,-0.000,0.001,-0.002,-0.002,-0.003,0
WATCH,1642673659571,1642673659935,4,1642673659868,0.002,0.003,0.002,-0.003,-0.001,-0.002,0
WATCH,1642673659624,1642673659988,4,1642673659878,0.000,0.001,0.002,-0.002,-0.002,-0.002,0
WATCH,1642673659624,1642673659988,4,1642673659888,-0.001,0.002,-0.003,-0.005,-0.003,-0.002,0
WATCH,1642673659624,1642673659988,4,1642673659898,-0.001,-0.003,-0.001,-0.002,-0.001,-0.003,0
WATCH,1642673659624,1642673659988,4,1642673659908,0.005,0.003,0.002,-0.002,-0.001,-0.002,0
WATCH,1642673659624,1642673659988,4,1642673659918,-0.001,-0.005,0.000,-0.002,-0.003,-0.002,0
WATCH,1642673659685,1642673660049,4,1642673659927,-0.001,0.001,-0.002,-0.002,-0.003,-0.003,0
WATCH,1642673659685,1642673660049,4,1642673659937,0.001,0.002,0.000,-0.002,-0.002,-0.003,0
WATCH,1642673659685,1642673660049,4,1642673659947,0.003,0.002,0.000,-0.002,-0.003,-0.004,0
WATCH,1642673659685,1642673660049,4,1642673659958,0.000,-0.001,0.000,-0.003,-0.002,-0.002,0
WATCH,1642673659685,1642673660049,4,1642673659967,0.002,0.006,0.001,-0.003,-0.001,-0.002,0
WATCH,1642673659780,1642673660144,4,1642673659977,-0.002,-0.004,0.000,-0.002,-0.001,-0.002,0
WATCH,1642673659780,1642673660144,4,1642673659987,0.002,-0.001,0.000,-0.003,-0.002,-0.003,0
WATCH,1642673659781,1642673660145,4,1642673659997,0.003,0.001,-0.004,-0.003,-0.002,-0.003,0
WATCH,1642673659781,1642673660145,4,1642673660007,-0.001,0.001,0.001,-0.001,-0.001,-0.002,0
WATCH,1642673659781,1642673660145,4,1642673660017,-0.000,0.007,0.001,-0.002,-0.003,-0.003,0
WATCH,1642673659781,1642673660145,4,1642673660027,0.001,0.004,0.002,-0.002,-0.003,-0.003,0
WATCH,1642673659781,1642673660145,4,1642673660037,-0.001,-0.001,-0.002,-0.003,-0.001,-0.004,0
WATCH,1642673659782,1642673660146,4,1642673660047,-0.003,-0.000,0.002,-0.003,-0.001,-0.002,0
WATCH,1642673659782,1642673660146,4,1642673660057,0.000,0.001,-0.001,-0.003,-0.003,-0.002,0
WATCH,1642673659782,1642673660146,4,1642673660067,-0.004,-0.001,-0.002,-0.001,-0.002,-0.003,0
WATCH,1642673659836,1642673660200,4,1642673660077,-0.005,0.001,0.003,-0.001,-0.001,-0.003,0
WATCH,1642673659836,1642673660200,4,1642673660087,0.000,0.003,0.002,-0.003,-0.001,-0.003,0
WATCH,1642673659836,1642673660200,4,1642673660097,-0.003,0.001,0.001,-0.001,-0.002,-0.003,0
WATCH,1642673659836,1642673660200,4,1642673660107,0.002,-0.001,0.000,-0.002,-0.002,-0.002,0
WATCH,1642673659836,1642673660200,4,1642673660117,-0.001,-0.001,0.001,-0.002,-0.001,-0.003,0
WATCH,1642673659897,1642673660261,4,1642673660127,-0.004,0.002,0.003,-0.003,-0.002,-0.002,0
WATCH,1642673659897,1642673660261,4,1642673660136,-0.003,0.003,-0.002,-0.003,-0.000,-0.003,0
WATCH,1642673659898,1642673660262,4,1642673660147,-0.001,0.000,0.001,-0.003,-0.001,-0.003,0
WATCH,1642673659898,1642673660262,4,1642673660156,-0.002,0.005,-0.002,-0.003,-0.002,-0.002,0
WATCH,1642673659898,1642673660262,4,1642673660166,0.002,0.001,0.002,-0.002,-0.002,-0.001,0
WATCH,1642673659956,1642673660320,4,1642673660177,-0.000,0.002,-0.001,-0.002,-0.000,-0.002,0
WATCH,1642673659956,1642673660320,4,1642673660186,0.001,0.005,0.001,-0.001,-0.002,-0.002,0
WATCH,1642673659956,1642673660320,4,1642673660196,0.003,0.001,-0.000,-0.004,-0.001,-0.003,0
WATCH,1642673659956,1642673660320,4,1642673660206,0.004,0.003,-0.002,-0.001,-0.003,-0.002,0
WATCH,1642673659956,1642673660320,4,1642673660216,-0.001,-0.000,0.004,-0.001,-0.001,-0.002,0
WATCH,1642673660022,1642673660386,4,1642673660226,0.002,-0.005,0.002,-0.004,-0.002,-0.003,0
WATCH,1642673660023,1642673660387,4,1642673660236,-0.001,0.004,-0.003,-0.002,-0.001,-0.002,0
WATCH,1642673660023,1642673660387,4,1642673660246,-0.002,0.004,0.001,-0.002,-0.002,-0.003,0
WATCH,1642673660023,1642673660387,4,1642673660256,-0.002,0.004,-0.000,-0.002,-0.002,-0.003,0
WATCH,1642673660023,1642673660387,4,1642673660266,0.000,0.001,0.000,-0.002,-0.003,-0.001,0
WATCH,1642673660023,1642673660387,4,1642673660275,-0.001,0.003,0.000,-0.002,-0.001,-0.003,0
WATCH,1642673660023,1642673660387,4,1642673660285,-0.001,0.004,-0.000,-0.002,-0.003,-0.002,0
WATCH,1642673660023,1642673660387,4,1642673660296,-0.003,0.001,-0.000,-0.002,-0.002,-0.003,0
WATCH,1642673660023,1642673660387,4,1642673660306,0.002,-0.002,0.004,-0.003,-0.001,-0.003,0
WATCH,1642673660023,1642673660387,4,1642673660315,0.000,0.001,0.002,-0.003,-0.003,-0.002,0
WATCH,1642673660069,1642673660433,4,1642673660326,-0.006,-0.003,0.001,-0.002,-0.002,-0.003,0
WATCH,1642673660069,1642673660433,4,1642673660335,0.001,0.004,-0.001,-0.004,-0.004,-0.003,0
WATCH,1642673660069,1642673660433,4,1642673660345,0.002,-0.000,0.001,-0.002,-0.002,-0.002,0
WATCH,1642673660070,1642673660434,4,1642673660356,-0.001,-0.000,-0.001,-0.003,-0.001,-0.002,0
WATCH,1642673660070,1642673660434,4,1642673660365,0.002,-0.002,0.001,-0.002,-0.002,-0.001,0
WATCH,1642673660139,1642673660503,4,1642673660375,-0.001,0.000,-0.000,-0.003,-0.001,-0.002,0
WATCH,1642673660139,1642673660503,4,1642673660385,0.005,0.002,-0.000,-0.003,-0.002,-0.001,0
WATCH,1642673660140,1642673660504,4,1642673660395,-0.003,-0.003,-0.002,-0.003,-0.002,-0.001,0
WATCH,1642673660140,1642673660504,4,1642673660405,0.004,-0.002,0.000,-0.004,-0.002,-0.002,0
WATCH,1642673660140,1642673660504,4,1642673660415,-0.000,-0.002,-0.000,-0.001,-0.002,-0.002,0
WATCH,1642673660200,1642673660564,4,1642673660425,0.002,-0.002,-0.000,-0.003,-0.002,-0.003,0
WATCH,1642673660200,1642673660564,4,1642673660435,0.002,-0.000,-0.002,-0.002,-0.004,-0.001,0
WATCH,1642673660200,1642673660564,4,1642673660445,0.001,0.001,0.001,-0.004,-0.002,-0.002,0
WATCH,1642673660201,1642673660565,4,1642673660455,0.002,-0.002,0.001,-0.002,-0.002,-0.001,0
WATCH,1642673660201,1642673660565,4,1642673660465,0.001,0.001,0.001,-0.003,-0.001,-0.002,0
WATCH,1642673660258,1642673660622,4,1642673660475,-0.001,-0.003,-0.003,-0.002,-0.003,-0.001,0
WATCH,1642673660258,1642673660622,4,1642673660484,0.002,-0.002,-0.001,-0.002,-0.001,-0.002,0
WATCH,1642673660258,1642673660622,4,1642673660495,-0.002,0.004,-0.001,-0.002,-0.001,-0.003,0
WATCH,1642673660258,1642673660622,4,1642673660505,0.000,-0.002,0.001,-0.003,-0.003,-0.001,0
WATCH,1642673660258,1642673660622,4,1642673660514,-0.001,-0.000,0.002,-0.003,-0.002,-0.001,0
WATCH,1642673660349,1642673660713,4,1642673660524,0.005,-0.002,-0.002,-0.002,-0.000,-0.001,0
WATCH,1642673660350,1642673660714,4,1642673660534,-0.005,0.005,0.001,-0.003,-0.001,-0.003,0
WATCH,1642673660350,1642673660714,4,1642673660544,0.001,0.000,-0.001,-0.001,-0.002,-0.002,0
WATCH,1642673660350,1642673660714,4,1642673660554,0.002,-0.000,0.001,-0.002,0.001,-0.003,0
WATCH,1642673660350,1642673660714,4,1642673660565,0.001,-0.000,0.001,-0.002,-0.002,-0.001,0
WATCH,1642673660350,1642673660714,4,1642673660574,0.002,-0.004,-0.005,-0.003,-0.003,-0.003,0
WATCH,1642673660350,1642673660714,4,1642673660584,0.000,0.003,0.001,-0.004,-0.001,-0.003,0
WATCH,1642673660350,1642673660714,4,1642673660594,-0.001,0.002,0.001,-0.001,-0.001,-0.002,0
WATCH,1642673660350,1642673660714,4,1642673660604,-0.002,-0.004,0.001,-0.002,-0.002,-0.002,0
WATCH,1642673660350,1642673660714,4,1642673660614,0.002,0.003,-0.002,-0.003,-0.003,-0.003,0
WATCH,1642673660405,1642673660769,4,1642673660624,-0.003,-0.001,0.001,-0.003,-0.001,-0.003,0
WATCH,1642673660405,1642673660769,4,1642673660634,-0.000,0.002,-0.006,-0.003,-0.003,-0.002,0
WATCH,1642673660405,1642673660769,4,1642673660644,0.002,-0.000,-0.000,-0.004,-0.003,-0.003,0
WATCH,1642673660405,1642673660769,4,1642673660654,0.002,0.001,0.002,-0.003,-0.001,-0.001,0
WATCH,1642673660405,1642673660769,4,1642673660664,-0.003,0.001,-0.002,-0.003,-0.002,-0.002,0
WATCH,1642673660465,1642673660829,4,1642673660674,0.002,0.001,0.000,-0.003,-0.002,-0.002,0
WATCH,1642673660465,1642673660829,4,1642673660683,0.002,-0.004,-0.001,-0.003,-0.003,-0.002,0
WATCH,1642673660465,1642673660829,4,1642673660693,-0.001,-0.005,0.001,-0.002,-0.000,-0.004,0
WATCH,1642673660465,1642673660829,4,1642673660703,-0.000,0.003,0.001,-0.001,-0.001,-0.003,0
WATCH,1642673660466,1642673660830,4,1642673660713,0.002,0.003,-0.001,-0.003,-0.002,-0.001,0
WATCH,1642673660466,1642673660830,4,1642673660723,0.002,-0.004,0.001,-0.002,-0.000,-0.001,0
WATCH,1642673660466,1642673660830,4,1642673660733,-0.002,-0.004,-0.000,-0.001,0.000,-0.003,0
WATCH,1642673660466,1642673660830,4,1642673660743,0.002,0.004,0.001,-0.001,-0.002,-0.003,0
WATCH,1642673660466,1642673660830,4,1642673660753,-0.005,-0.002,0.001,-0.001,-0.002,-0.003,0
WATCH,1642673660466,1642673660830,4,1642673660763,0.000,0.001,-0.001,-0.003,-0.003,-0.002,0
WATCH,1642673660524,1642673660888,4,1642673660773,-0.003,0.000,-0.001,-0.003,-0.001,-0.002,0
WATCH,1642673660524,1642673660888,4,1642673660783,-0.001,-0.001,-0.005,-0.002,-0.002,-0.003,0
WATCH,1642673660524,1642673660888,4,1642673660793,0.001,-0.001,-0.003,-0.003,-0.001,-0.002,0
WATCH,1642673660524,1642673660888,4,1642673660803,-0.003,-0.000,-0.001,-0.002,-0.001,-0.003,0
WATCH,1642673660524,1642673660888,4,1642673660813,0.008,0.001,0.002,-0.004,-0.002,-0.002,0
WATCH,1642673660586,1642673660950,4,1642673660823,0.001,-0.006,-0.003,-0.002,-0.001,-0.003,0
WATCH,1642673660589,1642673660953,4,1642673660833,-0.000,-0.002,-0.000,-0.001,-0.002,-0.003,0
WATCH,1642673660589,1642673660953,4,1642673660843,0.002,-0.002,0.001,-0.001,-0.002,-0.001,0
WATCH,1642673660589,1642673660953,4,1642673660852,-0.003,-0.000,-0.001,-0.004,-0.002,-0.002,0
WATCH,1642673660589,1642673660953,4,1642673660863,-0.001,0.002,0.002,-0.002,-0.001,-0.003,0
WATCH,1642673660649,1642673661013,4,1642673660872,-0.001,-0.001,-0.001,-0.004,-0.001,-0.003,0
WATCH,1642673660650,1642673661014,4,1642673660883,0.000,-0.000,0.001,-0.003,-0.001,-0.003,0
WATCH,1642673660650,1642673661014,4,1642673660892,0.004,-0.002,-0.004,-0.000,-0.002,-0.002,0
WATCH,1642673660650,1642673661014,4,1642673660902,-0.001,0.002,0.001,-0.002,-0.002,-0.003,0
WATCH,1642673660650,1642673661014,4,1642673660912,-0.000,0.002,-0.001,-0.001,-0.001,-0.003,0
WATCH,1642673660705,1642673661069,4,1642673660922,-0.003,-0.004,-0.002,-0.003,-0.001,-0.001,0
WATCH,1642673660705,1642673661069,4,1642673660932,0.002,-0.003,0.000,-0.001,-0.002,-0.002,0
WATCH,1642673660705,1642673661069,4,1642673660942,0.001,-0.000,0.002,-0.002,-0.002,-0.004,0
WATCH,1642673660705,1642673661069,4,1642673660952,0.000,-0.002,0.003,-0.002,-0.002,-0.002,0
WATCH,1642673660705,1642673661069,4,1642673660962,-0.002,0.004,0.000,-0.003,-0.002,-0.004,0
WATCH,1642673660775,1642673661139,4,1642673660972,0.000,-0.001,-0.002,-0.002,-0.003,-0.004,0
WATCH,1642673660775,1642673661139,4,1642673660982,-0.005,-0.002,0.002,-0.002,-0.002,-0.003,0
WATCH,1642673660775,1642673661139,4,1642673660992,-0.002,-0.001,0.002,-0.001,-0.001,-0.003,0
WATCH,1642673660775,1642673661139,4,1642673661002,0.000,-0.006,-0.000,-0.003,-0.002,-0.003,0
WATCH,1642673660775,1642673661139,4,1642673661012,-0.003,0.003,-0.001,-0.002,-0.002,-0.004,0
WATCH,1642673660775,1642673661139,4,1642673661022,-0.000,0.004,0.000,0.000,-0.002,-0.003,0
WATCH,1642673660775,1642673661139,4,1642673661032,-0.002,-0.000,-0.001,-0.002,-0.001,-0.001,0
WATCH,1642673660775,1642673661139,4,1642673661041,-0.001,0.002,-0.001,-0.001,-0.002,-0.002,0
WATCH,1642673660775,1642673661139,4,1642673661051,0.003,-0.003,-0.000,-0.001,-0.002,-0.003,0
WATCH,1642673660775,1642673661139,4,1642673661062,-0.000,0.001,-0.001,-0.002,-0.002,-0.003,0
WATCH,1642673660824,1642673661188,4,1642673661071,-0.002,-0.001,0.000,-0.001,-0.000,-0.002,0
WATCH,1642673660975,1642673661339,4,1642673661181,-0.004,-0.004,-0.000,-0.001,-0.003,-0.003,0
WATCH,1642673660975,1642673661339,4,1642673661191,-0.003,0.003,0.002,-0.002,-0.002,-0.001,0
WATCH,1642673660975,1642673661339,4,1642673661201,-0.003,-0.002,-0.002,-0.002,-0.001,-0.003,0
WATCH,1642673660975,1642673661339,4,1642673661210,-0.004,-0.003,-0.001,-0.002,-0.001,-0.002,0
WATCH,1642673660824,1642673661188,4,1642673661091,0.005,0.000,0.001,-0.003,-0.002,-0.002,0
WATCH,1642673660825,1642673661189,4,1642673661101,0.005,0.004,0.001,-0.002,-0.001,-0.003,0
WATCH,1642673660825,1642673661189,4,1642673661111,0.000,-0.002,-0.001,-0.002,-0.002,-0.001,0
WATCH,1642673660894,1642673661258,4,1642673661121,-0.004,0.003,0.000,-0.004,-0.003,-0.004,0
WATCH,1642673660894,1642673661258,4,1642673661131,0.002,0.003,-0.002,-0.002,-0.001,-0.003,0
WATCH,1642673660894,1642673661258,4,1642673661141,-0.002,0.002,-0.004,-0.003,-0.001,-0.003,0
WATCH,1642673660895,1642673661259,4,1642673661151,-0.002,0.005,0.001,-0.002,-0.002,-0.002,0
WATCH,1642673660895,1642673661259,4,1642673661161,0.001,0.004,0.001,-0.002,-0.001,-0.003,0
WATCH,1642673661034,1642673661398,4,1642673661231,0.001,0.003,-0.001,-0.002,-0.003,-0.002,0
WATCH,1642673661034,1642673661398,4,1642673661241,0.001,0.001,-0.000,-0.003,-0.002,-0.004,0
WATCH,1642673661034,1642673661398,4,1642673661250,-0.000,0.002,0.002,-0.001,-0.001,-0.002,0
WATCH,1642673661034,1642673661398,4,1642673661260,-0.000,0.002,-0.000,-0.004,-0.004,-0.002,0
WATCH,1642673661034,1642673661398,4,1642673661270,0.001,-0.001,-0.000,-0.001,-0.003,-0.003,0
WATCH,1642673661034,1642673661398,4,1642673661280,0.000,0.000,0.001,-0.002,-0.002,-0.003,0
WATCH,1642673661035,1642673661399,4,1642673661290,-0.001,-0.001,-0.002,-0.002,-0.002,-0.003,0
WATCH,1642673661035,1642673661399,4,1642673661300,0.001,-0.002,0.003,-0.003,-0.002,-0.003,0
WATCH,1642673661035,1642673661399,4,1642673661310,-0.001,-0.001,-0.000,-0.003,-0.001,-0.002,0
WATCH,1642673661128,1642673661492,4,1642673661320,-0.001,0.001,0.003,-0.001,-0.002,-0.003,0
WATCH,1642673661128,1642673661492,4,1642673661331,-0.000,0.006,-0.003,-0.003,-0.002,-0.003,0
WATCH,1642673661128,1642673661492,4,1642673661340,0.002,0.005,0.000,-0.002,-0.002,-0.002,0
WATCH,1642673661128,1642673661492,4,1642673661350,-0.002,0.002,-0.002,-0.001,-0.000,-0.003,0
WATCH,1642673661128,1642673661492,4,1642673661360,0.003,0.001,-0.002,-0.001,-0.001,-0.002,0
WATCH,1642673661186,1642673661550,4,1642673661370,-0.002,0.004,0.000,-0.002,-0.001,-0.004,0
WATCH,1642673661186,1642673661550,4,1642673661380,0.001,-0.000,-0.002,-0.002,-0.001,-0.001,0
WATCH,1642673661186,1642673661550,4,1642673661390,-0.001,0.000,0.000,-0.002,-0.001,-0.003,0
WATCH,1642673661186,1642673661550,4,1642673661400,-0.003,0.000,0.001,-0.001,-0.003,-0.000,0
WATCH,1642673661186,1642673661550,4,1642673661410,0.000,-0.002,-0.001,-0.002,-0.001,-0.003,0
WATCH,1642673661186,1642673661550,4,1642673661419,0.001,0.003,0.001,-0.002,-0.002,-0.003,0
WATCH,1642673661186,1642673661550,4,1642673661430,0.001,0.002,0.001,-0.001,-0.002,-0.003,0
WATCH,1642673661186,1642673661550,4,1642673661440,0.001,0.002,0.002,-0.004,0.000,-0.003,0
WATCH,1642673661186,1642673661550,4,1642673661449,0.001,0.003,0.001,-0.001,-0.001,-0.003,0
WATCH,1642673661187,1642673661551,4,1642673661459,0.002,-0.001,-0.003,-0.002,-0.003,-0.002,0
WATCH,1642673661244,1642673661608,4,1642673661469,0.003,-0.001,0.002,-0.002,-0.002,-0.002,0
WATCH,1642673661244,1642673661608,4,1642673661479,-0.001,0.001,0.001,-0.003,-0.001,-0.003,0
WATCH,1642673661244,1642673661608,4,1642673661489,0.001,-0.000,-0.000,-0.004,-0.001,-0.003,0
WATCH,1642673661244,1642673661608,4,1642673661499,0.001,-0.001,0.003,-0.003,-0.003,-0.002,0
WATCH,1642673661244,1642673661608,4,1642673661509,-0.001,0.003,-0.001,-0.003,-0.001,-0.002,0
WATCH,1642673661336,1642673661700,4,1642673661519,0.003,-0.001,-0.002,-0.002,-0.000,-0.004,0
WATCH,1642673661336,1642673661700,4,1642673661529,-0.001,0.003,0.002,-0.003,-0.001,-0.002,0
WATCH,1642673661336,1642673661700,4,1642673661539,0.001,0.002,0.001,-0.001,-0.001,-0.001,0
WATCH,1642673661336,1642673661700,4,1642673661549,0.001,-0.000,0.002,-0.003,-0.001,-0.003,0
WATCH,1642673661336,1642673661700,4,1642673661559,0.000,-0.002,-0.002,-0.003,-0.003,-0.003,0
WATCH,1642673661336,1642673661700,4,1642673661569,0.002,0.000,0.002,-0.002,-0.002,-0.003,0
WATCH,1642673661336,1642673661700,4,1642673661579,-0.002,0.002,0.002,-0.002,-0.001,-0.003,0
WATCH,1642673661336,1642673661700,4,1642673661589,-0.002,-0.002,0.001,-0.003,-0.002,-0.002,0
WATCH,1642673661336,1642673661700,4,1642673661599,0.003,0.001,0.003,-0.002,-0.002,-0.001,0
WATCH,1642673661336,1642673661700,4,1642673661608,0.003,0.001,-0.003,-0.002,-0.002,-0.003,0
WATCH,1642673661394,1642673661758,4,1642673661618,-0.002,-0.000,0.000,-0.004,-0.001,-0.002,0
WATCH,1642673661394,1642673661758,4,1642673661629,0.001,-0.000,-0.001,-0.002,-0.002,-0.002,0
WATCH,1642673661394,1642673661758,4,1642673661639,-0.004,0.001,-0.002,-0.001,-0.003,-0.002,0
WATCH,1642673661394,1642673661758,4,1642673661648,0.002,-0.001,-0.000,-0.003,-0.003,-0.003,0
WATCH,1642673661394,1642673661758,4,1642673661658,0.002,-0.003,-0.001,-0.003,-0.001,-0.002,0
WATCH,1642673661487,1642673661851,4,1642673661668,-0.001,0.000,0.000,-0.002,-0.002,-0.002,0
WATCH,1642673661488,1642673661852,4,1642673661678,0.001,0.002,0.003,-0.002,-0.002,-0.002,0
WATCH,1642673661488,1642673661852,4,1642673661688,0.002,0.006,0.003,-0.003,-0.001,-0.002,0
WATCH,1642673661488,1642673661852,4,1642673661698,0.003,-0.004,0.001,-0.002,-0.002,-0.002,0
WATCH,1642673661488,1642673661852,4,1642673661708,0.003,-0.004,0.001,-0.002,-0.000,-0.002,0
WATCH,1642673661489,1642673661853,4,1642673661718,0.003,-0.000,-0.002,-0.002,-0.001,-0.003,0
WATCH,1642673661490,1642673661854,4,1642673661728,-0.001,0.003,0.001,-0.002,-0.002,-0.002,0
WATCH,1642673661490,1642673661854,4,1642673661738,-0.002,-0.002,-0.001,-0.002,-0.002,-0.003,0
WATCH,1642673661490,1642673661854,4,1642673661748,0.002,-0.001,0.001,-0.004,-0.001,-0.003,0
WATCH,1642673661490,1642673661854,4,1642673661758,-0.000,0.002,0.001,-0.002,-0.001,-0.002,0
WATCH,1642673661544,1642673661908,4,1642673661768,-0.004,-0.000,0.002,-0.002,-0.003,-0.003,0
WATCH,1642673661544,1642673661908,4,1642673661778,0.001,0.002,0.004,-0.003,-0.000,-0.001,0
WATCH,1642673661544,1642673661908,4,1642673661788,0.001,0.005,-0.004,-0.001,-0.001,-0.003,0
WATCH,1642673661544,1642673661908,4,1642673661798,0.000,0.001,0.000,-0.002,-0.002,-0.002,0
WATCH,1642673661544,1642673661908,4,1642673661808,0.003,0.003,0.000,-0.002,-0.002,-0.000,0
WATCH,1642673661670,1642673662034,4,1642673661817,0.001,-0.003,-0.001,-0.002,-0.000,-0.002,0
WATCH,1642673661670,1642673662034,4,1642673661828,0.003,-0.001,0.001,-0.001,-0.001,-0.002,0
WATCH,1642673661670,1642673662034,4,1642673661837,0.003,-0.004,0.004,-0.003,-0.002,-0.002,0
WATCH,1642673661670,1642673662034,4,1642673661847,-0.004,0.003,0.001,-0.002,-0.001,-0.001,0
WATCH,1642673661671,1642673662035,4,1642673661858,-0.002,-0.000,0.001,-0.003,-0.002,-0.003,0
WATCH,1642673661729,1642673662093,4,1642673661867,0.000,0.005,0.004,-0.003,-0.002,-0.002,0
WATCH,1642673661729,1642673662093,4,1642673661877,-0.001,0.001,0.004,-0.002,-0.001,-0.002,0
WATCH,1642673661729,1642673662093,4,1642673661888,0.003,0.000,0.001,-0.002,-0.002,-0.002,0
WATCH,1642673661729,1642673662093,4,1642673661897,-0.000,0.004,-0.001,-0.000,-0.002,-0.001,0
WATCH,1642673661729,1642673662093,4,1642673661907,0.002,0.000,0.001,-0.002,-0.001,-0.001,0
