Device,PTPTime,UnixTime,Protocool,CurrentDeviceTime,GyroX,GyroY,GyroZ,AccX,AccY,AccZ,
AIRPOT,1644547127998,1644547127637,4,1644547127637,0.414,-0.093,-0.905,-0.014,-0.221,0.119
AIRPOT,1644547128022,1644547127661,4,1644547127661,0.390,-0.107,-0.914,-0.021,-0.164,0.105
AIRPOT,1644547128022,1644547127661,4,1644547127661,0.356,-0.115,-0.928,-0.060,-0.137,0.054
AIRPOT,1644547128265,1644547127904,4,1644547127904,0.244,-0.142,-0.959,-0.016,0.088,-0.078
AIRPOT,1644547128265,1644547127904,4,1644547127904,0.223,-0.149,-0.963,-0.029,0.109,-0.114
AIRPOT,1644547128402,1644547128041,4,1644547128041,0.211,-0.163,-0.964,0.004,0.074,-0.015
AIRPOT,1644547128442,1644547128081,4,1644547128081,0.214,-0.158,-0.964,0.008,0.046,0.004
AIRPOT,1644547128509,1644547128148,4,1644547128148,0.206,-0.101,-0.973,0.038,-0.013,-0.045
AIRPOT,1644547128509,1644547128148,4,1644547128148,0.214,-0.098,-0.972,0.015,0.011,-0.008
AIRPOT,1644547128576,1644547128215,4,1644547128215,0.239,-0.095,-0.966,0.014,0.011,0.026
AIRPOT,1644547128576,1644547128215,4,1644547128215,0.245,-0.099,-0.964,0.038,0.018,0.005
AIRPOT,1644547128627,1644547128266,4,1644547128266,0.255,-0.104,-0.961,0.015,0.042,0.023
AIRPOT,1644547128687,1644547128326,4,1644547128326,0.259,-0.106,-0.960,0.018,-0.007,0.002
AIRPOT,1644547128738,1644547128377,4,1644547128377,0.266,-0.112,-0.957,-0.009,-0.082,0.019
AIRPOT,1644547128810,1644547128449,4,1644547128449,0.271,-0.150,-0.951,0.015,0.008,-0.010
AIRPOT,1644547128910,1644547128549,4,1644547128549,0.275,-0.160,-0.948,0.003,0.002,0.019
AIRPOT,1644547128911,1644547128550,4,1644547128550,0.259,-0.165,-0.952,0.026,-0.056,0.080
AIRPOT,1644547129106,1644547128745,4,1644547128745,0.248,-0.184,-0.951,0.088,-0.018,0.002
AIRPOT,1644547129106,1644547128745,4,1644547128745,0.237,-0.209,-0.949,0.034,-0.006,-0.015
AIRPOT,1644547129197,1644547128836,4,1644547128836,0.210,-0.232,-0.950,0.044,-0.054,-0.007
AIRPOT,1644547129198,1644547128837,4,1644547128837,0.201,-0.233,-0.951,0.021,-0.001,0.005
AIRPOT,1644547129265,1644547128904,4,1644547128904,0.223,-0.189,-0.956,0.010,0.017,0.004
AIRPOT,1644547129265,1644547128904,4,1644547128904,0.211,-0.130,-0.969,0.044,0.001,0.007
AIRPOT,1644547129331,1644547128970,4,1644547128970,0.180,-0.066,-0.981,0.081,-0.033,0.067
AIRPOT,1644547129334,1644547128973,4,1644547128973,0.189,-0.130,-0.973,-0.194,0.105,0.008
AIRPOT,1644547129401,1644547129040,4,1644547129040,0.250,-0.176,-0.952,0.034,0.075,-0.055
AIRPOT,1644547129402,1644547129041,4,1644547129041,0.262,-0.183,-0.947,0.006,-0.002,0.035
AIRPOT,1644547129524,1644547129163,4,1644547129163,0.270,-0.187,-0.944,0.022,0.016,0.063
AIRPOT,1644547129524,1644547129163,4,1644547129163,0.272,-0.186,-0.944,0.009,-0.003,0.042
AIRPOT,1644547129589,1644547129228,4,1644547129228,0.272,-0.183,-0.945,0.000,-0.017,-0.016
AIRPOT,1644547129637,1644547129276,4,1644547129276,0.274,-0.182,-0.944,-0.006,-0.012,-0.029
AIRPOT,1644547129765,1644547129404,4,1644547129404,0.279,-0.182,-0.943,-0.007,-0.023,-0.036
AIRPOT,1644547129765,1644547129404,4,1644547129404,0.286,-0.183,-0.941,-0.000,0.031,-0.016
AIRPOT,1644547129955,1644547129594,4,1644547129594,0.295,-0.183,-0.938,-0.002,-0.002,0.001
AIRPOT,1644547129957,1644547129596,4,1644547129596,0.303,-0.180,-0.936,0.004,-0.012,0.016
AIRPOT,1644547130026,1644547129665,4,1644547129665,0.320,-0.176,-0.931,0.029,0.017,0.025
AIRPOT,1644547130031,1644547129670,4,1644547129670,0.330,-0.171,-0.928,0.023,0.023,0.031
AIRPOT,1644547130097,1644547129736,4,1644547129736,0.338,-0.157,-0.928,-0.020,0.009,0.059
AIRPOT,1644547130097,1644547129736,4,1644547129736,0.331,-0.155,-0.931,0.032,-0.003,-0.036
AIRPOT,1644547130157,1644547129796,4,1644547129796,0.322,-0.145,-0.936,0.027,0.045,-0.054
AIRPOT,1644547130203,1644547129842,4,1644547129842,0.326,-0.139,-0.935,0.024,0.006,-0.051
AIRPOT,1644547130252,1644547129891,4,1644547129891,0.348,-0.119,-0.930,-0.042,0.005,0.003
AIRPOT,1644547130366,1644547130005,4,1644547130005,0.378,-0.101,-0.920,-0.013,-0.036,0.008
AIRPOT,1644547130486,1644547130125,4,1644547130125,0.419,-0.088,-0.904,0.003,-0.037,-0.048
AIRPOT,1644547130486,1644547130125,4,1644547130125,0.450,-0.085,-0.889,0.004,0.005,-0.014
AIRPOT,1644547130548,1644547130187,4,1644547130187,0.484,-0.069,-0.872,-0.024,0.038,0.011
AIRPOT,1644547130615,1644547130254,4,1644547130254,0.513,-0.053,-0.857,-0.009,-0.071,0.062
AIRPOT,1644547130701,1644547130340,4,1644547130340,0.566,-0.025,-0.824,-0.015,0.151,0.012
AIRPOT,1644547130701,1644547130340,4,1644547130340,0.576,-0.010,-0.817,-0.002,0.114,0.011
AIRPOT,1644547130769,1644547130408,4,1644547130408,0.592,0.026,-0.806,-0.057,0.008,0.015
AIRPOT,1644547130769,1644547130408,4,1644547130408,0.595,0.043,-0.803,-0.044,-0.041,0.000
AIRPOT,1644547130840,1644547130479,4,1644547130479,0.601,0.066,-0.796,0.008,-0.089,0.016
AIRPOT,1644547130840,1644547130479,4,1644547130479,0.603,0.076,-0.794,0.031,-0.094,0.002
AIRPOT,1644547130958,1644547130597,4,1644547130597,0.606,0.087,-0.791,-0.009,-0.044,0.034
AIRPOT,1644547130958,1644547130597,4,1644547130597,0.604,0.097,-0.791,0.006,0.012,0.028
AIRPOT,1644547131025,1644547130664,4,1644547130664,0.601,0.109,-0.792,0.010,-0.083,-0.008
AIRPOT,1644547131025,1644547130664,4,1644547130664,0.601,0.120,-0.790,-0.012,-0.068,-0.010
AIRPOT,1644547131088,1644547130727,4,1644547130727,0.602,0.132,-0.787,-0.017,-0.072,-0.019
AIRPOT,1644547131089,1644547130728,4,1644547130728,0.605,0.148,-0.782,0.010,-0.064,-0.030
AIRPOT,1644547131157,1644547130796,4,1644547130795,0.616,0.175,-0.768,0.011,-0.023,0.013
AIRPOT,1644547131157,1644547130796,4,1644547130796,0.619,0.188,-0.762,0.009,-0.044,0.012
AIRPOT,1644547131208,1644547130847,4,1644547130847,0.621,0.203,-0.757,0.014,-0.046,0.005
AIRPOT,1644547131273,1644547130912,4,1644547130912,0.623,0.219,-0.751,0.008,-0.017,0.010
AIRPOT,1644547131376,1644547131015,4,1644547131015,0.623,0.234,-0.746,-0.003,-0.010,0.011
AIRPOT,1644547131376,1644547131015,4,1644547131015,0.622,0.246,-0.743,0.007,-0.012,0.003
AIRPOT,1644547131418,1644547131057,4,1644547131057,0.621,0.255,-0.741,0.019,-0.012,-0.001
AIRPOT,1644547131469,1644547131108,4,1644547131108,0.620,0.263,-0.739,0.010,-0.013,0.003
AIRPOT,1644547131537,1644547131176,4,1644547131176,0.619,0.271,-0.737,0.013,0.003,0.003
AIRPOT,1644547131538,1644547131177,4,1644547131177,0.618,0.279,-0.735,0.003,0.002,0.020
AIRPOT,1644547131776,1644547131415,4,1644547131415,0.617,0.286,-0.733,-0.000,-0.029,0.024
AIRPOT,1644547131776,1644547131415,4,1644547131415,0.615,0.291,-0.732,0.014,-0.004,-0.001
AIRPOT,1644547131845,1644547131484,4,1644547131484,0.611,0.301,-0.732,0.013,-0.016,-0.004
AIRPOT,1644547131845,1644547131484,4,1644547131484,0.609,0.304,-0.732,-0.007,-0.017,0.007
AIRPOT,1644547131915,1644547131554,4,1644547131554,0.602,0.307,-0.737,-0.003,-0.017,0.003
AIRPOT,1644547131969,1644547131608,4,1644547131608,0.598,0.309,-0.739,-0.007,0.017,0.004
AIRPOT,1644547132026,1644547131665,4,1644547131665,0.586,0.315,-0.747,-0.002,0.059,-0.014
AIRPOT,1644547132066,1644547131705,4,1644547131705,0.582,0.313,-0.751,-0.008,0.059,-0.003
AIRPOT,1644547132305,1644547131944,4,1644547131944,0.578,0.309,-0.756,-0.003,0.045,-0.008
AIRPOT,1644547132305,1644547131944,4,1644547131944,0.575,0.302,-0.760,-0.004,0.038,0.007
AIRPOT,1644547132314,1644547131953,4,1644547131953,0.570,0.293,-0.768,-0.003,0.045,0.021
AIRPOT,1644547132317,1644547131956,4,1644547131956,0.568,0.291,-0.770,0.009,0.033,0.021
AIRPOT,1644547132481,1644547132120,4,1644547132120,0.568,0.315,-0.760,0.004,0.060,-0.004
AIRPOT,1644547132482,1644547132121,4,1644547132121,0.570,0.321,-0.756,-0.005,0.022,0.020
AIRPOT,1644547132616,1644547132255,4,1644547132255,0.570,0.328,-0.753,-0.000,-0.001,0.008
AIRPOT,1644547132617,1644547132256,4,1644547132256,0.570,0.330,-0.753,0.006,-0.004,-0.000
AIRPOT,1644547132657,1644547132296,4,1644547132296,0.570,0.333,-0.751,0.004,0.011,0.001
AIRPOT,1644547132706,1644547132345,4,1644547132345,0.570,0.334,-0.751,-0.002,0.014,0.005
AIRPOT,1644547132763,1644547132402,4,1644547132402,0.571,0.336,-0.749,0.007,-0.005,-0.004
AIRPOT,1644547132813,1644547132452,4,1644547132452,0.571,0.336,-0.749,0.005,-0.005,0.000
AIRPOT,1644547132865,1644547132504,4,1644547132504,0.572,0.337,-0.748,0.005,-0.011,0.001
AIRPOT,1644547132925,1644547132564,4,1644547132564,0.573,0.337,-0.747,0.000,-0.023,0.003
AIRPOT,1644547132959,1644547132598,4,1644547132598,0.573,0.336,-0.747,0.004,-0.032,-0.001
AIRPOT,1644547132959,1644547132598,4,1644547132598,0.572,0.336,-0.748,0.005,-0.019,-0.007
AIRPOT,1644547133183,1644547132822,4,1644547132822,0.572,0.337,-0.748,0.005,-0.007,0.007
AIRPOT,1644547133183,1644547132822,4,1644547132822,0.572,0.338,-0.748,0.005,0.004,0.010
AIRPOT,1644547133275,1644547132914,4,1644547132914,0.571,0.340,-0.747,0.003,0.001,0.001
AIRPOT,1644547133275,1644547132914,4,1644547132914,0.570,0.341,-0.748,0.001,0.000,-0.005
AIRPOT,1644547133426,1644547133065,4,1644547133065,0.569,0.342,-0.748,-0.002,-0.010,-0.004
AIRPOT,1644547133426,1644547133065,4,1644547133065,0.567,0.343,-0.749,0.001,-0.013,-0.008
AIRPOT,1644547133493,1644547133132,4,1644547133132,0.562,0.348,-0.750,0.002,-0.002,0.005
AIRPOT,1644547133493,1644547133132,4,1644547133132,0.561,0.349,-0.750,0.001,-0.003,0.006
AIRPOT,1644547133559,1644547133198,4,1644547133198,0.557,0.355,-0.751,0.001,0.007,-0.000
AIRPOT,1644547133559,1644547133198,4,1644547133198,0.556,0.357,-0.751,0.000,0.016,0.001
AIRPOT,1644547133616,1644547133255,4,1644547133255,0.554,0.362,-0.750,0.001,0.002,-0.002
AIRPOT,1644547133694,1644547133333,4,1644547133333,0.554,0.363,-0.749,-0.003,-0.005,0.002
AIRPOT,1644547133736,1644547133375,4,1644547133375,0.553,0.364,-0.749,0.002,-0.002,-0.001
AIRPOT,1644547133827,1644547133466,4,1644547133466,0.553,0.365,-0.749,-0.003,-0.001,0.002
AIRPOT,1644547133884,1644547133523,4,1644547133523,0.552,0.366,-0.749,0.003,0.000,0.007
AIRPOT,1644547133926,1644547133565,4,1644547133565,0.551,0.368,-0.749,0.002,0.009,0.009
AIRPOT,1644547134096,1644547133735,4,1644547133735,0.550,0.370,-0.749,-0.001,0.020,0.008
AIRPOT,1644547134097,1644547133736,4,1644547133736,0.548,0.372,-0.749,-0.003,0.002,0.000
AIRPOT,1644547134211,1644547133850,4,1644547133850,0.545,0.372,-0.751,-0.004,-0.013,0.002
AIRPOT,1644547134211,1644547133850,4,1644547133850,0.543,0.373,-0.752,0.004,0.001,-0.009
AIRPOT,1644547134250,1644547133889,4,1644547133889,0.541,0.376,-0.752,-0.009,-0.001,-0.001
AIRPOT,1644547134369,1644547134008,4,1644547134008,0.540,0.377,-0.753,-0.002,-0.004,-0.006
AIRPOT,1644547134499,1644547134138,4,1644547134138,0.537,0.377,-0.754,-0.001,-0.020,0.005
AIRPOT,1644547134612,1644547134251,4,1644547134251,0.536,0.376,-0.756,-0.003,-0.024,0.009
AIRPOT,1644547134613,1644547134252,4,1644547134252,0.534,0.376,-0.757,0.010,-0.019,-0.009
AIRPOT,1644547134618,1644547134257,4,1644547134257,0.528,0.382,-0.759,-0.001,-0.006,-0.001
AIRPOT,1644547134663,1644547134302,4,1644547134302,0.527,0.382,-0.760,-0.003,-0.003,-0.004
AIRPOT,1644547134813,1644547134452,4,1644547134452,0.521,0.383,-0.763,-0.011,0.039,-0.010
AIRPOT,1644547134858,1644547134497,4,1644547134497,0.522,0.383,-0.762,-0.005,-0.001,0.005
AIRPOT,1644547134982,1644547134621,4,1644547134621,0.522,0.381,-0.763,0.004,0.013,0.014
AIRPOT,1644547134983,1644547134622,4,1644547134622,0.522,0.381,-0.763,0.007,0.005,0.029
AIRPOT,1644547135048,1644547134687,4,1644547134687,0.522,0.381,-0.763,0.009,0.009,0.034
AIRPOT,1644547135048,1644547134687,4,1644547134687,0.521,0.382,-0.763,0.006,0.036,0.010
AIRPOT,1644547135114,1644547134753,4,1644547134753,0.521,0.384,-0.763,-0.008,-0.000,0.000
AIRPOT,1644547135157,1644547134796,4,1644547134796,0.520,0.382,-0.764,-0.002,-0.008,-0.003
AIRPOT,1644547135326,1644547134965,4,1644547134964,0.519,0.377,-0.768,0.001,-0.015,-0.005
AIRPOT,1644547135326,1644547134965,4,1644547134965,0.519,0.375,-0.768,-0.002,0.002,-0.007
AIRPOT,1644547135383,1644547135022,4,1644547135022,0.519,0.375,-0.768,-0.008,-0.013,-0.003
AIRPOT,1644547135504,1644547135143,4,1644547135143,0.518,0.374,-0.769,-0.016,-0.012,-0.000
AIRPOT,1644547135629,1644547135268,4,1644547135268,0.512,0.372,-0.774,-0.006,0.008,-0.010
AIRPOT,1644547135629,1644547135268,4,1644547135268,0.511,0.374,-0.774,-0.015,0.003,-0.009
AIRPOT,1644547135678,1644547135317,4,1644547135317,0.511,0.374,-0.774,-0.013,-0.006,-0.020
AIRPOT,1644547135683,1644547135322,4,1644547135322,0.512,0.374,-0.774,0.005,0.014,-0.018
AIRPOT,1644547135771,1644547135410,4,1644547135410,0.519,0.374,-0.769,-0.004,0.007,0.008
AIRPOT,1644547135771,1644547135410,4,1644547135410,0.521,0.372,-0.768,0.001,-0.011,0.003
AIRPOT,1644547135935,1644547135574,4,1644547135574,0.524,0.370,-0.768,0.013,-0.012,-0.004
AIRPOT,1644547136003,1644547135642,4,1644547135642,0.524,0.370,-0.767,-0.005,-0.020,0.007
AIRPOT,1644547136157,1644547135796,4,1644547135796,0.525,0.370,-0.767,0.000,-0.026,-0.011
AIRPOT,1644547136157,1644547135796,4,1644547135796,0.526,0.371,-0.765,-0.001,-0.008,-0.004
AIRPOT,1644547136222,1644547135861,4,1644547135861,0.529,0.375,-0.762,-0.022,0.018,-0.004
AIRPOT,1644547136223,1644547135862,4,1644547135862,0.530,0.377,-0.759,0.002,0.007,-0.029
AIRPOT,1644547136294,1644547135933,4,1644547135933,0.543,0.382,-0.748,0.001,-0.010,0.010
AIRPOT,1644547136340,1644547135979,4,1644547135979,0.547,0.383,-0.744,0.004,0.002,0.024
AIRPOT,1644547136405,1644547136044,4,1644547136044,0.554,0.390,-0.735,0.013,0.007,0.014
AIRPOT,1644547136453,1644547136092,4,1644547136092,0.556,0.392,-0.733,0.006,0.008,0.012
AIRPOT,1644547136545,1644547136184,4,1644547136184,0.557,0.394,-0.731,0.011,0.003,0.001
AIRPOT,1644547136546,1644547136185,4,1644547136185,0.559,0.395,-0.729,0.009,0.000,0.017
AIRPOT,1644547136597,1644547136236,4,1644547136236,0.561,0.397,-0.727,0.021,0.006,0.006
AIRPOT,1644547136660,1644547136299,4,1644547136299,0.562,0.400,-0.724,0.011,0.017,0.011
AIRPOT,1644547136725,1644547136364,4,1644547136364,0.563,0.401,-0.722,-0.004,0.004,0.008
AIRPOT,1644547136725,1644547136364,4,1644547136364,0.564,0.399,-0.723,0.002,-0.017,0.004
AIRPOT,1644547136769,1644547136408,4,1644547136408,0.564,0.398,-0.724,0.008,0.002,0.007
AIRPOT,1644547136837,1644547136476,4,1644547136476,0.564,0.397,-0.724,0.012,-0.011,0.010
AIRPOT,1644547136943,1644547136582,4,1644547136582,0.564,0.397,-0.724,0.014,-0.000,0.015
AIRPOT,1644547136943,1644547136582,4,1644547136582,0.562,0.399,-0.724,0.005,0.004,0.006
AIRPOT,1644547137046,1644547136685,4,1644547136685,0.560,0.400,-0.726,-0.002,0.006,-0.001
AIRPOT,1644547137046,1644547136685,4,1644547136685,0.558,0.399,-0.727,-0.001,-0.002,-0.004
AIRPOT,1644547137164,1644547136803,4,1644547136802,0.557,0.398,-0.729,-0.006,-0.012,-0.001
AIRPOT,1644547137164,1644547136803,4,1644547136803,0.555,0.398,-0.730,-0.002,-0.013,-0.012
AIRPOT,1644547137223,1644547136862,4,1644547136861,0.552,0.395,-0.734,0.001,-0.005,0.004
AIRPOT,1644547137223,1644547136862,4,1644547136862,0.550,0.394,-0.736,0.005,0.001,0.009
AIRPOT,1644547137280,1644547136919,4,1644547136919,0.543,0.398,-0.740,-0.009,0.031,-0.019
AIRPOT,1644547137281,1644547136920,4,1644547136920,0.542,0.398,-0.740,-0.013,0.015,-0.017
AIRPOT,1644547137405,1644547137044,4,1644547137044,0.543,0.395,-0.741,-0.009,0.007,-0.026
AIRPOT,1644547137405,1644547137044,4,1644547137044,0.545,0.391,-0.742,-0.016,-0.016,-0.021
AIRPOT,1644547137455,1644547137094,4,1644547137094,0.548,0.384,-0.743,-0.006,-0.033,-0.029
AIRPOT,1644547137522,1644547137161,4,1644547137161,0.551,0.377,-0.744,-0.017,-0.056,-0.073
AIRPOT,1644547137597,1644547137236,4,1644547137236,0.556,0.370,-0.744,-0.050,-0.083,-0.078
AIRPOT,1644547137598,1644547137237,4,1644547137237,0.562,0.361,-0.745,-0.121,-0.093,-0.082
AIRPOT,1644547137664,1644547137303,4,1644547137303,0.567,0.342,-0.749,-0.131,-0.042,-0.129
AIRPOT,1644547137664,1644547137303,4,1644547137303,0.577,0.315,-0.753,-0.183,-0.019,-0.100
AIRPOT,1644547137708,1644547137347,4,1644547137347,0.584,0.278,-0.763,-0.149,-0.034,-0.099
AIRPOT,1644547137760,1644547137399,4,1644547137399,0.589,0.238,-0.772,-0.091,-0.051,-0.101
AIRPOT,1644547137825,1644547137464,4,1644547137464,0.590,0.198,-0.783,0.005,0.014,-0.128
AIRPOT,1644547137826,1644547137465,4,1644547137465,0.589,0.164,-0.792,0.133,-0.002,-0.157
AIRPOT,1644547137899,1644547137538,4,1644547137538,0.587,0.130,-0.799,0.084,0.116,-0.013
AIRPOT,1644547137899,1644547137538,4,1644547137538,0.579,0.096,-0.809,0.161,0.045,-0.008
AIRPOT,1644547137959,1644547137598,4,1644547137598,0.572,0.062,-0.818,0.169,0.117,0.063
AIRPOT,1644547137959,1644547137598,4,1644547137598,0.567,0.033,-0.823,0.166,0.127,0.088
AIRPOT,1644547138043,1644547137682,4,1644547137682,0.563,0.010,-0.827,0.128,0.110,0.133
AIRPOT,1644547138043,1644547137682,4,1644547137682,0.558,-0.008,-0.830,0.100,0.091,0.150
AIRPOT,1644547138152,1644547137791,4,1644547137791,0.556,-0.021,-0.831,0.072,0.042,0.175
AIRPOT,1644547138152,1644547137791,4,1644547137791,0.554,-0.034,-0.832,-0.020,0.078,0.262
AIRPOT,1644547138390,1644547138029,4,1644547138029,0.543,-0.052,-0.838,-0.056,0.062,0.236
AIRPOT,1644547138391,1644547138030,4,1644547138030,0.530,-0.073,-0.845,-0.049,0.042,0.247
AIRPOT,1644547138441,1644547138080,4,1644547138080,0.515,-0.094,-0.852,0.012,0.048,0.162
AIRPOT,1644547138610,1644547138249,4,1644547138249,0.503,-0.112,-0.857,0.066,0.080,0.124
AIRPOT,1644547138743,1644547138382,4,1644547138382,0.471,-0.146,-0.870,0.144,0.037,-0.059
AIRPOT,1644547138743,1644547138382,4,1644547138382,0.465,-0.149,-0.872,0.069,0.051,-0.059
AIRPOT,1644547138855,1644547138494,4,1644547138494,0.456,-0.150,-0.877,0.077,-0.024,-0.060
AIRPOT,1644547138856,1644547138495,4,1644547138495,0.462,-0.147,-0.875,0.000,0.056,0.029
AIRPOT,1644547138904,1644547138543,4,1644547138543,0.455,-0.113,-0.884,-0.034,-0.098,-0.063
AIRPOT,1644547138947,1644547138586,4,1644547138586,0.457,-0.111,-0.883,-0.079,-0.072,-0.001
AIRPOT,1644547139072,1644547138711,4,1644547138711,0.461,-0.106,-0.881,-0.106,-0.133,0.095
AIRPOT,1644547139072,1644547138711,4,1644547138711,0.458,-0.114,-0.881,-0.018,-0.156,0.028
AIRPOT,1644547139167,1644547138806,4,1644547138806,0.453,-0.141,-0.880,0.005,-0.091,0.033
AIRPOT,1644547139257,1644547138896,4,1644547138896,0.451,-0.151,-0.880,0.021,-0.089,0.021
AIRPOT,1644547139377,1644547139016,4,1644547139016,0.455,-0.163,-0.875,0.031,-0.029,0.001
AIRPOT,1644547139378,1644547139017,4,1644547139017,0.462,-0.165,-0.871,-0.016,0.002,0.051
AIRPOT,1644547139429,1644547139068,4,1644547139068,0.468,-0.162,-0.869,0.001,0.016,0.019
AIRPOT,1644547139521,1644547139160,4,1644547139160,0.470,-0.152,-0.869,-0.013,0.031,0.009
AIRPOT,1644547139641,1644547139280,4,1644547139280,0.447,-0.102,-0.889,-0.008,-0.054,-0.018
AIRPOT,1644547139642,1644547139281,4,1644547139281,0.443,-0.085,-0.893,-0.007,-0.030,-0.023
AIRPOT,1644547139707,1644547139346,4,1644547139346,0.442,-0.054,-0.895,0.008,0.042,-0.019
AIRPOT,1644547139707,1644547139346,4,1644547139346,0.445,-0.040,-0.895,0.000,0.100,0.004
AIRPOT,1644547139965,1644547139604,4,1644547139604,0.448,-0.014,-0.894,0.004,0.035,0.020
AIRPOT,1644547139965,1644547139604,4,1644547139604,0.445,-0.015,-0.895,-0.006,0.044,0.023
AIRPOT,1644547140118,1644547139757,4,1644547139757,0.439,-0.018,-0.898,0.023,0.052,0.019
AIRPOT,1644547140118,1644547139757,4,1644547139757,0.433,-0.020,-0.901,0.015,0.058,0.026
AIRPOT,1644547140183,1644547139822,4,1644547139822,0.425,-0.022,-0.905,0.013,0.020,0.022
AIRPOT,1644547140243,1644547139882,4,1644547139882,0.416,-0.025,-0.909,-0.034,0.073,0.038
AIRPOT,1644547140411,1644547140050,4,1644547140050,0.340,-0.085,-0.937,-0.019,-0.010,0.010
AIRPOT,1644547140418,1644547140057,4,1644547140057,0.330,-0.092,-0.939,-0.000,-0.043,0.003
AIRPOT,1644547140481,1644547140120,4,1644547140120,0.310,-0.100,-0.945,-0.006,-0.018,-0.008
AIRPOT,1644547140481,1644547140120,4,1644547140120,0.301,-0.104,-0.948,-0.017,-0.001,0.013
AIRPOT,1644547140537,1644547140176,4,1644547140176,0.271,-0.109,-0.956,0.041,0.010,-0.015
AIRPOT,1644547140592,1644547140231,4,1644547140231,0.264,-0.107,-0.958,0.005,-0.021,0.023
AIRPOT,1644547140656,1644547140295,4,1644547140295,0.245,-0.104,-0.964,0.001,-0.016,0.002
AIRPOT,1644547140656,1644547140295,4,1644547140295,0.235,-0.105,-0.966,-0.014,-0.003,-0.023
AIRPOT,1644547140717,1644547140356,4,1644547140356,0.229,-0.107,-0.968,-0.013,-0.028,-0.029
AIRPOT,1644547140717,1644547140356,4,1644547140356,0.224,-0.109,-0.968,-0.018,-0.003,-0.012
AIRPOT,1644547140816,1644547140455,4,1644547140455,0.220,-0.111,-0.969,-0.000,-0.003,-0.015
AIRPOT,1644547140817,1644547140456,4,1644547140456,0.218,-0.111,-0.970,0.005,0.018,0.003
AIRPOT,1644547141068,1644547140707,4,1644547140707,0.217,-0.108,-0.970,0.018,0.007,0.002
AIRPOT,1644547141068,1644547140707,4,1644547140707,0.217,-0.104,-0.971,0.020,-0.006,-0.000
AIRPOT,1644547141175,1644547140814,4,1644547140814,0.218,-0.101,-0.971,0.013,-0.010,0.015
AIRPOT,1644547141175,1644547140814,4,1644547140814,0.216,-0.099,-0.971,0.016,-0.009,0.008
AIRPOT,1644547141243,1644547140882,4,1644547140882,0.207,-0.090,-0.974,-0.016,-0.000,-0.009
AIRPOT,1644547141326,1644547140965,4,1644547140965,0.204,-0.086,-0.975,-0.015,0.000,-0.014
AIRPOT,1644547141439,1644547141078,4,1644547141078,0.202,-0.082,-0.976,-0.003,0.013,-0.012
AIRPOT,1644547141439,1644547141078,4,1644547141078,0.202,-0.080,-0.976,-0.001,0.013,-0.006
AIRPOT,1644547141507,1644547141146,4,1644547141146,0.205,-0.080,-0.976,-0.000,0.000,0.001
AIRPOT,1644547141508,1644547141147,4,1644547141147,0.205,-0.080,-0.975,0.005,-0.004,0.000
AIRPOT,1644547141557,1644547141196,4,1644547141196,0.209,-0.079,-0.975,0.006,0.004,0.001
AIRPOT,1644547141721,1644547141360,4,1644547141360,0.210,-0.078,-0.975,0.008,-0.002,0.002
AIRPOT,1644547141978,1644547141617,4,1644547141617,0.212,-0.080,-0.974,-0.001,-0.001,0.001
AIRPOT,1644547142087,1644547141726,4,1644547141726,0.213,-0.081,-0.974,-0.001,-0.003,-0.004
AIRPOT,1644547142155,1644547141794,4,1644547141794,0.215,-0.083,-0.973,0.000,-0.002,-0.005
AIRPOT,1644547142155,1644547141794,4,1644547141794,0.218,-0.084,-0.972,0.000,-0.002,0.002
AIRPOT,1644547142289,1644547141928,4,1644547141928,0.267,-0.106,-0.958,-0.073,-0.025,-0.027
AIRPOT,1644547142289,1644547141928,4,1644547141928,0.288,-0.120,-0.950,-0.068,0.056,-0.029
AIRPOT,1644547142383,1644547142022,4,1644547142022,0.438,-0.155,-0.885,-0.020,0.036,0.023
AIRPOT,1644547142429,1644547142068,4,1644547142068,0.453,-0.158,-0.877,0.007,0.030,0.016
AIRPOT,1644547142499,1644547142138,4,1644547142138,0.466,-0.165,-0.869,0.004,0.040,0.020
AIRPOT,1644547142499,1644547142138,4,1644547142138,0.477,-0.171,-0.862,-0.000,0.029,0.027
AIRPOT,1644547142564,1644547142203,4,1644547142203,0.490,-0.174,-0.854,-0.014,0.039,0.009
AIRPOT,1644547142566,1644547142205,4,1644547142205,0.491,-0.179,-0.853,-0.006,0.045,0.006
AIRPOT,1644547142577,1644547142216,4,1644547142216,0.496,-0.177,-0.850,-0.008,-0.019,0.005
AIRPOT,1644547142579,1644547142218,4,1644547142218,0.501,-0.167,-0.849,-0.029,-0.030,0.019
AIRPOT,1644547142775,1644547142414,4,1644547142414,0.502,-0.146,-0.852,-0.005,0.001,-0.004
AIRPOT,1644547142775,1644547142414,4,1644547142414,0.502,-0.139,-0.854,0.001,0.043,-0.010
AIRPOT,1644547142848,1644547142487,4,1644547142487,0.501,-0.135,-0.855,0.004,0.039,-0.001
AIRPOT,1644547142849,1644547142488,4,1644547142488,0.499,-0.131,-0.856,0.002,0.050,0.002
AIRPOT,1644547142908,1644547142547,4,1644547142547,0.498,-0.126,-0.858,0.010,0.028,0.005
AIRPOT,1644547142960,1644547142599,4,1644547142599,0.497,-0.120,-0.860,0.010,0.013,0.002
AIRPOT,1644547143014,1644547142653,4,1644547142653,0.496,-0.117,-0.860,0.013,-0.001,0.003
AIRPOT,1644547143087,1644547142726,4,1644547142726,0.496,-0.117,-0.860,0.003,0.013,0.009
AIRPOT,1644547143274,1644547142913,4,1644547142913,0.496,-0.117,-0.861,0.008,0.017,0.005
AIRPOT,1644547143276,1644547142915,4,1644547142915,0.495,-0.115,-0.861,0.004,0.010,0.010
AIRPOT,1644547143314,1644547142953,4,1644547142953,0.490,-0.110,-0.865,-0.005,0.008,0.004
AIRPOT,1644547143526,1644547143165,4,1644547143165,0.486,-0.108,-0.867,-0.016,0.022,-0.008
AIRPOT,1644547143577,1644547143216,4,1644547143216,0.476,-0.100,-0.874,-0.013,-0.011,-0.013
AIRPOT,1644547143577,1644547143216,4,1644547143216,0.473,-0.094,-0.876,-0.018,-0.036,-0.008
AIRPOT,1644547143642,1644547143281,4,1644547143281,0.464,-0.087,-0.881,-0.002,0.021,-0.014
AIRPOT,1644547143643,1644547143282,4,1644547143282,0.465,-0.084,-0.881,-0.006,0.040,-0.004
AIRPOT,1644547143679,1644547143318,4,1644547143318,0.474,-0.069,-0.878,0.035,-0.009,0.009
AIRPOT,1644547143679,1644547143318,4,1644547143318,0.477,-0.066,-0.877,0.014,-0.006,0.016
AIRPOT,1644547143743,1644547143382,4,1644547143382,0.478,-0.066,-0.876,0.008,-0.003,0.015
AIRPOT,1644547143743,1644547143382,4,1644547143382,0.478,-0.067,-0.876,0.009,-0.000,0.008
AIRPOT,1644547143794,1644547143433,4,1644547143433,0.477,-0.069,-0.876,0.009,0.005,-0.001
AIRPOT,1644547143794,1644547143433,4,1644547143433,0.477,-0.070,-0.876,0.001,0.011,0.006
AIRPOT,1644547143802,1644547143441,4,1644547143440,0.476,-0.070,-0.877,-0.006,0.012,0.003
AIRPOT,1644547143802,1644547143441,4,1644547143441,0.475,-0.068,-0.877,-0.007,0.002,-0.003
AIRPOT,1644547143966,1644547143605,4,1644547143605,0.474,-0.065,-0.878,-0.022,0.007,0.009
AIRPOT,1644547144131,1644547143770,4,1644547143770,0.471,-0.065,-0.880,-0.016,0.015,0.002
AIRPOT,1644547144245,1644547143884,4,1644547143884,0.467,-0.066,-0.882,0.009,0.006,-0.014
AIRPOT,1644547144295,1644547143934,4,1644547143934,0.465,-0.066,-0.883,-0.008,-0.003,-0.007
AIRPOT,1644547144346,1644547143985,4,1644547143985,0.464,-0.064,-0.883,-0.009,-0.012,0.010
AIRPOT,1644547144347,1644547143986,4,1644547143986,0.464,-0.061,-0.884,0.006,-0.020,-0.015
AIRPOT,1644547144432,1644547144071,4,1644547144071,0.463,-0.059,-0.885,-0.007,0.017,-0.002
AIRPOT,1644547144434,1644547144073,4,1644547144073,0.462,-0.059,-0.885,-0.004,0.007,-0.015
AIRPOT,1644547144564,1644547144203,4,1644547144203,0.466,-0.060,-0.883,0.003,-0.017,0.004
AIRPOT,1644547144632,1644547144271,4,1644547144271,0.469,-0.057,-0.882,-0.002,-0.013,0.008
AIRPOT,1644547144753,1644547144392,4,1644547144392,0.470,-0.054,-0.881,-0.017,-0.006,0.019
AIRPOT,1644547144754,1644547144393,4,1644547144393,0.469,-0.052,-0.882,0.001,0.000,-0.005
AIRPOT,1644547144765,1644547144404,4,1644547144404,0.470,-0.045,-0.882,-0.011,0.020,0.013
AIRPOT,1644547144765,1644547144404,4,1644547144404,0.469,-0.042,-0.882,-0.013,0.017,0.015
AIRPOT,1644547144840,1644547144479,4,1644547144479,0.465,-0.040,-0.884,-0.006,-0.010,0.011
AIRPOT,1644547144848,1644547144487,4,1644547144487,0.463,-0.036,-0.885,0.006,-0.001,0.002
AIRPOT,1644547144939,1644547144578,4,1644547144578,0.463,-0.032,-0.886,-0.005,0.008,-0.001
AIRPOT,1644547144940,1644547144579,4,1644547144579,0.463,-0.030,-0.886,0.006,-0.007,-0.011
AIRPOT,1644547145007,1644547144646,4,1644547144646,0.463,-0.029,-0.886,-0.005,0.007,0.005
AIRPOT,1644547145007,1644547144646,4,1644547144646,0.462,-0.030,-0.887,-0.008,0.005,0.009
AIRPOT,1644547145052,1644547144691,4,1644547144691,0.460,-0.030,-0.887,0.019,0.005,-0.018
AIRPOT,1644547145059,1644547144698,4,1644547144698,0.463,-0.032,-0.886,-0.009,0.025,0.004
AIRPOT,1644547145138,1644547144777,4,1644547144777,0.464,-0.032,-0.885,0.021,-0.007,0.001
AIRPOT,1644547145268,1644547144907,4,1644547144907,0.467,-0.032,-0.884,-0.007,-0.006,0.016
AIRPOT,1644547145324,1644547144963,4,1644547144963,0.466,-0.031,-0.884,0.011,-0.009,-0.017
AIRPOT,1644547145333,1644547144972,4,1644547144972,0.468,-0.030,-0.883,-0.005,-0.006,0.004
AIRPOT,1644547145382,1644547145021,4,1644547145021,0.471,-0.029,-0.882,-0.016,0.018,0.012
AIRPOT,1644547145383,1644547145022,4,1644547145022,0.471,-0.026,-0.882,0.025,-0.015,-0.020
AIRPOT,1644547145449,1644547145088,4,1644547145088,0.476,-0.015,-0.879,-0.026,0.006,0.029
AIRPOT,1644547145449,1644547145088,4,1644547145088,0.474,-0.010,-0.880,0.025,-0.097,-0.001
AIRPOT,1644547145505,1644547145144,4,1644547145144,0.475,-0.008,-0.880,-0.012,-0.006,0.014
AIRPOT,1644547145505,1644547145144,4,1644547145144,0.472,-0.008,-0.882,0.016,0.001,-0.013
AIRPOT,1644547145516,1644547145155,4,1644547145155,0.473,-0.004,-0.881,-0.021,-0.023,0.004
AIRPOT,1644547145516,1644547145155,4,1644547145155,0.472,0.001,-0.882,-0.002,0.011,-0.019
AIRPOT,1644547145572,1644547145211,4,1644547145211,0.475,0.008,-0.880,-0.015,0.020,0.002
AIRPOT,1644547145573,1644547145212,4,1644547145212,0.476,0.020,-0.879,-0.013,0.007,-0.008
AIRPOT,1644547145617,1644547145256,4,1644547145256,0.480,0.038,-0.877,0.012,-0.008,-0.009
AIRPOT,1644547145757,1644547145396,4,1644547145396,0.483,0.053,-0.874,-0.035,0.027,0.029
AIRPOT,1644547145823,1644547145462,4,1644547145462,0.483,0.068,-0.873,0.017,0.020,-0.006
AIRPOT,1644547145823,1644547145462,4,1644547145462,0.485,0.084,-0.871,-0.005,0.016,0.019
AIRPOT,1644547145850,1644547145489,4,1644547145489,0.483,0.100,-0.870,-0.008,-0.022,0.002
AIRPOT,1644547145851,1644547145490,4,1644547145490,0.481,0.114,-0.869,-0.003,-0.012,0.025
AIRPOT,1644547145876,1644547145515,4,1644547145515,0.479,0.126,-0.869,0.003,-0.005,-0.010
AIRPOT,1644547145876,1644547145515,4,1644547145515,0.477,0.137,-0.868,-0.014,0.012,0.013
AIRPOT,1644547145932,1644547145571,4,1644547145571,0.472,0.150,-0.869,0.025,0.016,-0.016
AIRPOT,1644547145984,1644547145623,4,1644547145623,0.471,0.163,-0.867,-0.013,0.052,0.001
AIRPOT,1644547146084,1644547145723,4,1644547145723,0.470,0.175,-0.865,-0.011,0.025,-0.005
AIRPOT,1644547146084,1644547145723,4,1644547145723,0.470,0.183,-0.864,0.034,0.031,-0.000
AIRPOT,1644547146103,1644547145742,4,1644547145742,0.471,0.190,-0.861,-0.019,0.039,0.018
AIRPOT,1644547146129,1644547145768,4,1644547145768,0.471,0.195,-0.860,-0.012,0.011,0.024
AIRPOT,1644547146203,1644547145842,4,1644547145842,0.470,0.197,-0.861,0.006,0.020,-0.024
AIRPOT,1644547146204,1644547145843,4,1644547145843,0.470,0.202,-0.859,0.001,-0.007,-0.006
AIRPOT,1644547146271,1644547145910,4,1644547145910,0.470,0.204,-0.858,0.014,0.010,-0.011
AIRPOT,1644547146271,1644547145910,4,1644547145910,0.473,0.206,-0.857,-0.005,0.004,0.023
AIRPOT,1644547146392,1644547146031,4,1644547146031,0.475,0.206,-0.856,-0.017,0.052,0.031
AIRPOT,1644547146487,1644547146126,4,1644547146126,0.470,0.208,-0.858,0.056,-0.016,-0.009
AIRPOT,1644547146537,1644547146176,4,1644547146176,0.469,0.205,-0.859,-0.025,0.030,0.000
AIRPOT,1644547146537,1644547146176,4,1644547146176,0.465,0.203,-0.862,0.024,-0.007,-0.020
AIRPOT,1644547146541,1644547146180,4,1644547146180,0.463,0.198,-0.864,-0.039,0.023,0.005
AIRPOT,1644547146541,1644547146180,4,1644547146180,0.461,0.197,-0.865,0.004,-0.017,-0.010
AIRPOT,1644547146546,1644547146185,4,1644547146185,0.459,0.197,-0.866,0.009,-0.016,-0.023
AIRPOT,1644547146652,1644547146291,4,1644547146291,0.463,0.196,-0.864,-0.010,-0.021,0.010
AIRPOT,1644547146653,1644547146292,4,1644547146292,0.463,0.193,-0.865,-0.012,0.032,-0.006
AIRPOT,1644547146720,1644547146359,4,1644547146359,0.467,0.194,-0.863,-0.027,0.016,-0.013
AIRPOT,1644547146720,1644547146359,4,1644547146359,0.468,0.191,-0.863,0.008,0.018,0.005
AIRPOT,1644547146770,1644547146409,4,1644547146409,0.473,0.193,-0.860,-0.040,0.010,0.028
AIRPOT,1644547146897,1644547146536,4,1644547146536,0.473,0.195,-0.859,0.042,-0.028,-0.017
AIRPOT,1644547147023,1644547146662,4,1644547146662,0.477,0.196,-0.857,-0.019,0.021,0.044
AIRPOT,1644547147023,1644547146662,4,1644547146662,0.474,0.197,-0.858,0.006,0.023,-0.007
AIRPOT,1644547147045,1644547146684,4,1644547146683,0.475,0.199,-0.857,0.008,0.016,-0.017
AIRPOT,1644547147045,1644547146684,4,1644547146684,0.477,0.199,-0.856,-0.023,0.015,0.019
AIRPOT,1644547147159,1644547146798,4,1644547146798,0.480,0.197,-0.855,0.037,-0.005,-0.023
AIRPOT,1644547147159,1644547146798,4,1644547146798,0.483,0.195,-0.854,-0.018,0.020,0.029
AIRPOT,1644547147188,1644547146827,4,1644547146827,0.484,0.193,-0.854,-0.039,0.030,0.002
AIRPOT,1644547147377,1644547147016,4,1644547147016,0.481,0.191,-0.856,0.019,-0.005,-0.018
AIRPOT,1644547147431,1644547147070,4,1644547147070,0.486,0.190,-0.853,0.005,-0.019,-0.013
AIRPOT,1644547147431,1644547147070,4,1644547147070,0.488,0.186,-0.853,0.015,0.015,0.016
AIRPOT,1644547147440,1644547147079,4,1644547147079,0.491,0.181,-0.852,0.008,0.011,0.031
AIRPOT,1644547147492,1644547147131,4,1644547147131,0.489,0.175,-0.855,0.040,0.030,0.018
AIRPOT,1644547147572,1644547147211,4,1644547147211,0.485,0.158,-0.860,-0.005,0.008,-0.010
AIRPOT,1644547147572,1644547147211,4,1644547147211,0.481,0.154,-0.863,-0.026,-0.002,0.031
AIRPOT,1644547147618,1644547147257,4,1644547147257,0.476,0.154,-0.866,0.003,-0.000,-0.024
AIRPOT,1644547147623,1644547147262,4,1644547147262,0.473,0.154,-0.867,-0.014,0.005,0.020
AIRPOT,1644547147777,1644547147416,4,1644547147416,0.471,0.151,-0.869,0.018,-0.006,-0.022
AIRPOT,1644547147777,1644547147416,4,1644547147416,0.468,0.148,-0.871,-0.022,0.000,0.033
AIRPOT,1644547147792,1644547147431,4,1644547147431,0.464,0.144,-0.874,0.007,0.008,-0.009
AIRPOT,1644547147871,1644547147510,4,1644547147510,0.461,0.144,-0.876,0.011,-0.007,0.003
AIRPOT,1644547147978,1644547147617,4,1644547147617,0.460,0.144,-0.876,-0.021,-0.002,0.016
AIRPOT,1644547147978,1644547147617,4,1644547147617,0.457,0.143,-0.878,0.014,0.005,-0.020
AIRPOT,1644547147991,1644547147630,4,1644547147630,0.456,0.142,-0.879,0.000,0.009,0.010
AIRPOT,1644547147991,1644547147630,4,1644547147630,0.457,0.141,-0.878,0.008,0.004,-0.014
AIRPOT,1644547148051,1644547147690,4,1644547147690,0.458,0.142,-0.878,-0.023,0.004,0.001
AIRPOT,1644547148075,1644547147714,4,1644547147714,0.458,0.143,-0.878,0.001,-0.013,0.011
AIRPOT,1644547148224,1644547147863,4,1644547147863,0.459,0.147,-0.876,-0.002,-0.004,0.006
AIRPOT,1644547148224,1644547147863,4,1644547147863,0.460,0.148,-0.875,0.022,-0.004,0.007
AIRPOT,1644547148230,1644547147869,4,1644547147869,0.462,0.147,-0.875,-0.024,0.027,0.022
AIRPOT,1644547148230,1644547147869,4,1644547147869,0.458,0.149,-0.876,0.003,-0.004,-0.001
AIRPOT,1644547148326,1644547147965,4,1644547147965,0.457,0.150,-0.877,-0.008,0.006,-0.026
AIRPOT,1644547148328,1644547147967,4,1644547147967,0.457,0.149,-0.877,-0.013,0.011,-0.010
AIRPOT,1644547148342,1644547147981,4,1644547147981,0.458,0.149,-0.876,-0.000,0.012,-0.006
AIRPOT,1644547148392,1644547148031,4,1644547148031,0.461,0.149,-0.875,0.001,0.008,0.008
AIRPOT,1644547148517,1644547148156,4,1644547148156,0.463,0.149,-0.874,-0.004,-0.002,0.015
AIRPOT,1644547148576,1644547148215,4,1644547148215,0.464,0.147,-0.874,0.001,0.002,0.002
AIRPOT,1644547148635,1644547148274,4,1644547148274,0.465,0.144,-0.873,0.006,0.002,0.004
AIRPOT,1644547148635,1644547148274,4,1644547148274,0.467,0.141,-0.873,0.006,0.012,-0.013
AIRPOT,1644547148644,1644547148283,4,1644547148283,0.471,0.137,-0.871,-0.002,0.005,0.006
AIRPOT,1644547148644,1644547148283,4,1644547148283,0.475,0.134,-0.870,-0.001,-0.001,-0.004
AIRPOT,1644547148826,1644547148465,4,1644547148465,0.480,0.128,-0.868,0.001,0.003,-0.004
AIRPOT,1644547148834,1644547148473,4,1644547148473,0.483,0.126,-0.867,-0.004,0.004,-0.004
AIRPOT,1644547148993,1644547148632,4,1644547148632,0.487,0.124,-0.865,-0.011,0.058,0.001
AIRPOT,1644547148994,1644547148633,4,1644547148633,0.493,0.120,-0.862,0.007,0.027,-0.015
AIRPOT,1644547149002,1644547148641,4,1644547148641,0.501,0.118,-0.858,0.005,-0.028,0.006
AIRPOT,1644547149002,1644547148641,4,1644547148641,0.508,0.116,-0.854,-0.006,-0.037,0.009
AIRPOT,1644547149051,1644547148690,4,1644547148690,0.517,0.110,-0.849,-0.001,-0.012,0.011
AIRPOT,1644547149051,1644547148690,4,1644547148690,0.520,0.109,-0.847,-0.002,-0.007,0.008
AIRPOT,1644547149062,1644547148701,4,1644547148701,0.524,0.109,-0.845,-0.006,-0.018,0.006
AIRPOT,1644547149062,1644547148701,4,1644547148701,0.524,0.110,-0.845,0.004,-0.009,0.002
AIRPOT,1644547149128,1644547148767,4,1644547148767,0.524,0.111,-0.844,-0.010,-0.000,0.003
AIRPOT,1644547149128,1644547148767,4,1644547148767,0.524,0.111,-0.844,-0.005,0.005,-0.005
AIRPOT,1644547149237,1644547148876,4,1644547148876,0.525,0.110,-0.844,0.002,-0.002,-0.011
AIRPOT,1644547149237,1644547148876,4,1644547148876,0.527,0.108,-0.843,-0.002,0.002,0.004
AIRPOT,1644547149300,1644547148939,4,1644547148939,0.530,0.107,-0.841,0.018,-0.006,-0.005
AIRPOT,1644547149300,1644547148939,4,1644547148939,0.534,0.106,-0.839,-0.001,-0.011,0.012
AIRPOT,1644547149307,1644547148946,4,1644547148946,0.537,0.105,-0.837,-0.004,-0.011,0.009
AIRPOT,1644547149363,1644547149002,4,1644547149002,0.539,0.105,-0.836,-0.004,-0.004,0.004
AIRPOT,1644547149429,1644547149068,4,1644547149068,0.541,0.105,-0.834,0.001,-0.002,-0.005
AIRPOT,1644547149429,1644547149068,4,1644547149068,0.543,0.107,-0.833,0.002,-0.015,0.006
AIRPOT,1644547149478,1644547149117,4,1644547149117,0.545,0.109,-0.831,-0.001,0.001,0.009
AIRPOT,1644547149553,1644547149192,4,1644547149192,0.547,0.111,-0.830,0.003,-0.009,0.016
AIRPOT,1644547149648,1644547149287,4,1644547149287,0.548,0.114,-0.829,0.007,-0.017,0.005
AIRPOT,1644547149649,1644547149288,4,1644547149288,0.549,0.116,-0.828,-0.002,0.007,-0.005
AIRPOT,1644547149656,1644547149295,4,1644547149295,0.548,0.117,-0.828,-0.019,0.009,-0.002
AIRPOT,1644547149657,1644547149296,4,1644547149296,0.548,0.117,-0.829,-0.005,0.006,-0.016
AIRPOT,1644547149745,1644547149384,4,1644547149384,0.548,0.117,-0.828,-0.008,0.006,-0.005
AIRPOT,1644547149746,1644547149385,4,1644547149385,0.549,0.116,-0.828,-0.004,0.006,-0.000
AIRPOT,1644547149780,1644547149419,4,1644547149419,0.550,0.114,-0.828,0.005,0.018,0.006
AIRPOT,1644547149831,1644547149470,4,1644547149470,0.551,0.110,-0.827,0.017,0.009,0.006
AIRPOT,1644547149985,1644547149624,4,1644547149624,0.553,0.105,-0.827,0.012,0.000,0.017
AIRPOT,1644547149986,1644547149625,4,1644547149625,0.555,0.102,-0.826,0.014,0.002,0.022
AIRPOT,1644547150104,1644547149743,4,1644547149743,0.555,0.100,-0.826,0.022,-0.007,0.013
AIRPOT,1644547150106,1644547149745,4,1644547149745,0.556,0.097,-0.825,0.011,-0.002,0.019
AIRPOT,1644547150166,1644547149805,4,1644547149805,0.556,0.096,-0.826,0.011,0.004,0.012
AIRPOT,1644547150166,1644547149805,4,1644547149805,0.555,0.095,-0.826,0.001,-0.001,0.006
AIRPOT,1644547150332,1644547149971,4,1644547149970,0.554,0.094,-0.827,-0.005,0.005,0.005
AIRPOT,1644547150332,1644547149971,4,1644547149971,0.553,0.093,-0.828,0.001,0.021,-0.003
AIRPOT,1644547150383,1644547150022,4,1644547150022,0.552,0.093,-0.828,0.003,0.008,-0.006
AIRPOT,1644547150492,1644547150131,4,1644547150131,0.553,0.093,-0.828,-0.011,0.001,-0.002
AIRPOT,1644547150618,1644547150257,4,1644547150257,0.554,0.090,-0.828,-0.016,0.013,0.005
AIRPOT,1644547150619,1644547150258,4,1644547150258,0.553,0.087,-0.829,-0.005,0.016,-0.000
AIRPOT,1644547150632,1644547150271,4,1644547150271,0.552,0.083,-0.830,-0.002,0.010,0.004
AIRPOT,1644547150683,1644547150322,4,1644547150322,0.551,0.079,-0.831,-0.003,0.032,0.013
AIRPOT,1644547150833,1644547150472,4,1644547150472,0.547,0.066,-0.835,-0.004,0.039,0.041
AIRPOT,1644547150833,1644547150472,4,1644547150472,0.542,0.058,-0.839,0.013,0.040,0.032
AIRPOT,1644547150842,1644547150481,4,1644547150481,0.511,0.025,-0.859,0.022,0.059,0.011
AIRPOT,1644547150921,1644547150560,4,1644547150560,0.491,0.006,-0.871,-0.009,0.093,0.043
AIRPOT,1644547151051,1644547150690,4,1644547150690,0.467,-0.008,-0.884,0.021,-0.059,-0.024
AIRPOT,1644547151051,1644547150690,4,1644547150690,0.448,-0.016,-0.894,-0.027,-0.081,0.022
AIRPOT,1644547151220,1644547150859,4,1644547150859,0.402,-0.032,-0.915,-0.035,-0.056,0.021
AIRPOT,1644547151273,1644547150912,4,1644547150912,0.374,-0.039,-0.927,-0.002,-0.059,-0.032
AIRPOT,1644547151389,1644547151028,4,1644547151028,0.309,-0.056,-0.949,-0.022,-0.009,-0.013
AIRPOT,1644547151389,1644547151028,4,1644547151028,0.291,-0.060,-0.955,-0.017,-0.007,-0.013
AIRPOT,1644547151401,1644547151040,4,1644547151040,0.260,-0.071,-0.963,-0.006,0.003,-0.019
AIRPOT,1644547151401,1644547151040,4,1644547151040,0.248,-0.075,-0.966,-0.011,-0.012,-0.019
AIRPOT,1644547151585,1644547151224,4,1644547151224,0.206,-0.089,-0.975,-0.019,-0.012,-0.000
AIRPOT,1644547151585,1644547151224,4,1644547151224,0.199,-0.091,-0.976,-0.014,-0.022,-0.017
AIRPOT,1644547151695,1644547151334,4,1644547151334,0.195,-0.093,-0.976,-0.016,-0.005,-0.001
AIRPOT,1644547151759,1644547151398,4,1644547151398,0.191,-0.094,-0.977,-0.012,-0.021,-0.019
AIRPOT,1644547151764,1644547151403,4,1644547151403,0.189,-0.093,-0.977,-0.016,0.003,-0.003
AIRPOT,1644547151940,1644547151579,4,1644547151579,0.187,-0.093,-0.978,-0.002,-0.025,-0.018
AIRPOT,1644547151995,1644547151634,4,1644547151634,0.187,-0.092,-0.978,-0.019,0.019,0.009
AIRPOT,1644547152054,1644547151693,4,1644547151693,0.186,-0.092,-0.978,0.003,-0.014,-0.012
AIRPOT,1644547152238,1644547151877,4,1644547151877,0.187,-0.092,-0.978,0.003,-0.003,0.003
AIRPOT,1644547152239,1644547151878,4,1644547151878,0.188,-0.092,-0.978,-0.003,-0.006,-0.002
AIRPOT,1644547152256,1644547151895,4,1644547151895,0.190,-0.092,-0.978,-0.007,0.001,0.003
AIRPOT,1644547152256,1644547151895,4,1644547151895,0.190,-0.092,-0.977,-0.006,-0.002,0.001
AIRPOT,1644547152427,1644547152066,4,1644547152066,0.192,-0.092,-0.977,0.002,-0.004,0.003
AIRPOT,1644547152429,1644547152068,4,1644547152068,0.192,-0.092,-0.977,-0.004,0.000,0.010
AIRPOT,1644547152498,1644547152137,4,1644547152137,0.192,-0.093,-0.977,-0.003,-0.005,0.001
AIRPOT,1644547152499,1644547152138,4,1644547152138,0.192,-0.094,-0.977,-0.005,-0.001,0.001
AIRPOT,1644547152613,1644547152252,4,1644547152252,0.192,-0.094,-0.977,-0.002,-0.002,0.003
AIRPOT,1644547152614,1644547152253,4,1644547152253,0.192,-0.095,-0.977,-0.001,-0.000,0.005
AIRPOT,1644547152623,1644547152262,4,1644547152262,0.192,-0.096,-0.977,0.002,-0.004,0.003
AIRPOT,1644547152623,1644547152262,4,1644547152262,0.192,-0.097,-0.977,-0.004,0.003,0.001
AIRPOT,1644547152831,1644547152470,4,1644547152470,0.192,-0.098,-0.977,0.001,-0.002,0.003
AIRPOT,1644547152831,1644547152470,4,1644547152470,0.191,-0.100,-0.976,0.003,0.002,-0.001
AIRPOT,1644547152984,1644547152623,4,1644547152623,0.190,-0.102,-0.976,0.001,-0.008,-0.003
AIRPOT,1644547152984,1644547152623,4,1644547152623,0.190,-0.102,-0.976,-0.002,0.001,0.000
AIRPOT,1644547153034,1644547152673,4,1644547152673,0.190,-0.102,-0.977,-0.000,-0.005,0.005
AIRPOT,1644547153034,1644547152673,4,1644547152673,0.189,-0.102,-0.977,-0.003,0.001,-0.000
AIRPOT,1644547153183,1644547152822,4,1644547152822,0.188,-0.103,-0.977,-0.002,-0.000,0.005
AIRPOT,1644547153197,1644547152836,4,1644547152836,0.187,-0.103,-0.977,-0.003,0.004,0.005
AIRPOT,1644547153290,1644547152929,4,1644547152929,0.183,-0.100,-0.978,0.002,0.004,0.007
AIRPOT,1644547153296,1644547152935,4,1644547152935,0.181,-0.099,-0.978,-0.000,0.000,0.003
AIRPOT,1644547153345,1644547152984,4,1644547152984,0.178,-0.099,-0.979,0.001,0.005,0.010
AIRPOT,1644547153345,1644547152984,4,1644547152984,0.175,-0.099,-0.980,0.008,-0.005,0.002
AIRPOT,1644547153418,1644547153057,4,1644547153057,0.166,-0.099,-0.981,0.003,0.001,0.001
AIRPOT,1644547153462,1644547153101,4,1644547153101,0.161,-0.098,-0.982,-0.005,-0.003,-0.001
AIRPOT,1644547153514,1644547153153,4,1644547153153,0.152,-0.098,-0.983,-0.007,-0.001,-0.004
AIRPOT,1644547153570,1644547153209,4,1644547153209,0.149,-0.099,-0.984,-0.012,0.002,0.002
AIRPOT,1644547153626,1644547153265,4,1644547153265,0.145,-0.099,-0.984,-0.006,0.001,-0.000
AIRPOT,1644547153627,1644547153266,4,1644547153266,0.141,-0.099,-0.985,-0.007,-0.004,-0.007
AIRPOT,1644547153635,1644547153274,4,1644547153273,0.139,-0.100,-0.985,-0.015,-0.003,0.003
AIRPOT,1644547153635,1644547153274,4,1644547153274,0.136,-0.100,-0.986,-0.009,-0.008,-0.009
AIRPOT,1644547153700,1644547153339,4,1644547153339,0.134,-0.101,-0.986,-0.011,0.002,-0.003
AIRPOT,1644547153703,1644547153342,4,1644547153342,0.133,-0.101,-0.986,-0.007,-0.002,0.002
AIRPOT,1644547153755,1644547153394,4,1644547153394,0.132,-0.101,-0.986,-0.001,0.000,-0.002
AIRPOT,1644547153813,1644547153452,4,1644547153452,0.132,-0.101,-0.986,-0.001,-0.002,0.002
AIRPOT,1644547153911,1644547153550,4,1644547153550,0.132,-0.101,-0.986,-0.004,-0.002,0.005
AIRPOT,1644547153912,1644547153551,4,1644547153551,0.132,-0.101,-0.986,0.002,-0.006,0.002
AIRPOT,1644547153922,1644547153561,4,1644547153561,0.132,-0.101,-0.986,-0.003,0.003,0.003
AIRPOT,1644547153995,1644547153634,4,1644547153634,0.131,-0.101,-0.986,-0.000,0.001,0.002
