Device,PTPTime,UnixTime,Protocool,CurrentDeviceTime,GyroX,GyroY,GyroZ,AccX,AccY,AccZ,HeartRate
WATCH,1642756270298,1642756268914,4,1642756268810,0.288,0.172,0.275,-0.009,0.020,0.006,70
WATCH,1642756270298,1642756268914,4,1642756268820,0.265,0.170,0.257,-0.017,0.016,0.007,70
WATCH,1642756270299,1642756268915,4,1642756268829,0.249,0.155,0.231,-0.027,0.020,0.003,70
WATCH,1642756270299,1642756268915,4,1642756268839,0.266,0.129,0.126,-0.043,0.027,0.001,70
WATCH,1642756270312,1642756268928,4,1642756268850,0.307,0.125,0.098,-0.051,0.048,-0.008,70
WATCH,1642756270312,1642756268928,4,1642756268859,0.354,0.116,0.085,-0.036,0.067,-0.006,70
WATCH,1642756270312,1642756268928,4,1642756268869,0.383,0.107,0.055,-0.028,0.068,-0.005,70
WATCH,1642756270312,1642756268928,4,1642756268879,0.389,0.076,0.009,-0.028,0.067,-0.004,70
WATCH,1642756270312,1642756268928,4,1642756268889,0.382,0.056,-0.022,-0.022,0.060,-0.000,70
WATCH,1642756270352,1642756268968,4,1642756268899,0.361,0.044,-0.056,-0.017,0.051,-0.001,70
WATCH,1642756270352,1642756268968,4,1642756268909,0.330,0.031,-0.080,-0.020,0.041,-0.000,70
WATCH,1642756270352,1642756268968,4,1642756268919,0.293,0.020,-0.103,-0.019,0.031,-0.003,70
WATCH,1642756270352,1642756268968,4,1642756268929,0.239,-0.001,-0.117,-0.024,0.019,-0.005,70
WATCH,1642756270353,1642756268969,4,1642756268939,0.173,-0.017,-0.133,-0.023,0.012,-0.005,70
WATCH,1642756270408,1642756269024,4,1642756268949,0.108,-0.042,-0.153,-0.024,0.008,-0.009,70
WATCH,1642756270408,1642756269024,4,1642756268959,0.042,-0.056,-0.183,-0.023,0.010,-0.011,70
WATCH,1642756270408,1642756269024,4,1642756268969,-0.014,-0.083,-0.221,-0.022,0.013,-0.014,70
WATCH,1642756270408,1642756269024,4,1642756268979,-0.054,-0.091,-0.264,-0.015,0.021,-0.019,70
WATCH,1642756270408,1642756269024,4,1642756268989,-0.066,-0.097,-0.316,-0.011,0.030,-0.021,70
WATCH,1642756270467,1642756269083,4,1642756268999,-0.074,-0.091,-0.386,-0.006,0.037,-0.023,70
WATCH,1642756270467,1642756269083,4,1642756269009,-0.078,-0.057,-0.444,-0.001,0.035,-0.024,70
WATCH,1642756270467,1642756269083,4,1642756269019,-0.088,-0.026,-0.462,0.014,0.028,-0.009,70
WATCH,1642756270468,1642756269084,4,1642756269028,-0.085,0.021,-0.452,0.036,0.015,0.003,70
WATCH,1642756270468,1642756269084,4,1642756269039,-0.093,0.071,-0.434,0.043,-0.009,0.021,70
WATCH,1642756270525,1642756269141,4,1642756269048,-0.097,0.112,-0.406,0.043,-0.034,0.033,70
WATCH,1642756270525,1642756269141,4,1642756269058,-0.092,0.143,-0.356,0.040,-0.052,0.036,70
WATCH,1642756270526,1642756269142,4,1642756269069,-0.082,0.173,-0.290,0.037,-0.063,0.038,70
WATCH,1642756270526,1642756269142,4,1642756269078,-0.060,0.197,-0.229,0.031,-0.070,0.031,70
WATCH,1642756270526,1642756269142,4,1642756269088,-0.025,0.225,-0.184,0.021,-0.070,0.022,70
WATCH,1642756270597,1642756269213,4,1642756269099,0.027,0.237,-0.138,0.013,-0.061,0.011,70
WATCH,1642756270597,1642756269213,4,1642756269108,0.071,0.241,-0.098,0.007,-0.040,-0.004,70
WATCH,1642756270597,1642756269213,4,1642756269118,0.108,0.234,-0.049,0.002,-0.022,-0.018,70
WATCH,1642756270597,1642756269213,4,1642756269128,0.161,0.233,-0.005,-0.003,-0.012,-0.029,70
WATCH,1642756270597,1642756269213,4,1642756269138,0.223,0.196,-0.029,-0.010,0.003,-0.036,70
WATCH,1642756270611,1642756269227,4,1642756269148,0.273,0.165,-0.029,-0.007,0.009,-0.036,70
WATCH,1642756270612,1642756269228,4,1642756269158,0.277,0.136,0.004,0.015,0.013,-0.029,70
WATCH,1642756270612,1642756269228,4,1642756269168,0.273,0.088,0.018,0.022,0.010,-0.026,70
WATCH,1642756270612,1642756269228,4,1642756269178,0.272,0.044,0.023,0.022,0.008,-0.023,70
WATCH,1642756270612,1642756269228,4,1642756269188,0.275,-0.013,0.030,0.024,0.010,-0.021,70
WATCH,1642756270653,1642756269269,4,1642756269198,0.267,-0.052,0.039,0.023,0.011,-0.018,70
WATCH,1642756270653,1642756269269,4,1642756269208,0.265,-0.100,0.058,0.023,0.007,-0.017,70
WATCH,1642756270653,1642756269269,4,1642756269218,0.261,-0.128,0.081,0.022,-0.001,-0.015,70
WATCH,1642756270654,1642756269270,4,1642756269228,0.267,-0.155,0.111,0.021,-0.008,-0.011,70
WATCH,1642756270654,1642756269270,4,1642756269237,0.262,-0.172,0.137,0.023,-0.020,-0.007,70
WATCH,1642756270763,1642756269379,4,1642756269247,0.240,-0.203,0.159,0.022,-0.034,-0.003,70
WATCH,1642756270763,1642756269379,4,1642756269257,0.202,-0.216,0.175,0.017,-0.040,-0.007,70
WATCH,1642756270763,1642756269379,4,1642756269267,0.142,-0.227,0.178,0.003,-0.041,-0.011,70
WATCH,1642756270763,1642756269379,4,1642756269277,0.082,-0.241,0.191,-0.006,-0.038,-0.016,70
WATCH,1642756270763,1642756269379,4,1642756269287,0.022,-0.255,0.189,-0.017,-0.032,-0.019,70
WATCH,1642756270779,1642756269395,4,1642756269297,-0.040,-0.259,0.190,-0.023,-0.026,-0.019,70
WATCH,1642756270779,1642756269395,4,1642756269307,-0.091,-0.261,0.176,-0.022,-0.016,-0.015,70
WATCH,1642756270779,1642756269395,4,1642756269317,-0.131,-0.250,0.158,-0.022,-0.012,-0.013,70
WATCH,1642756270779,1642756269395,4,1642756269328,-0.163,-0.245,0.137,-0.025,-0.005,-0.010,70
WATCH,1642756270780,1642756269396,4,1642756269337,-0.180,-0.228,0.107,-0.028,0.004,-0.007,70
WATCH,1642756270801,1642756269417,4,1642756269347,-0.187,-0.212,0.084,-0.031,0.012,0.000,70
WATCH,1642756270801,1642756269417,4,1642756269357,-0.194,-0.197,0.066,-0.035,0.020,0.002,70
WATCH,1642756270801,1642756269417,4,1642756269367,-0.198,-0.176,0.053,-0.043,0.025,0.007,70
WATCH,1642756270801,1642756269417,4,1642756269377,-0.189,-0.166,0.030,-0.050,0.031,0.010,70
WATCH,1642756270801,1642756269417,4,1642756269387,-0.187,-0.143,0.013,-0.055,0.039,0.014,70
WATCH,1642756270897,1642756269513,4,1642756269397,-0.177,-0.121,0.009,-0.062,0.042,0.017,70
WATCH,1642756270897,1642756269513,4,1642756269407,-0.155,-0.105,-0.005,-0.069,0.047,0.016,70
WATCH,1642756270897,1642756269513,4,1642756269416,-0.136,-0.072,-0.024,-0.075,0.049,0.016,70
WATCH,1642756270897,1642756269513,4,1642756269426,-0.117,-0.040,-0.029,-0.080,0.049,0.014,70
WATCH,1642756270897,1642756269513,4,1642756269436,-0.102,-0.010,-0.037,-0.074,0.049,0.012,70
WATCH,1642756270916,1642756269532,4,1642756269446,-0.097,-0.001,-0.054,-0.072,0.039,0.015,70
WATCH,1642756270916,1642756269532,4,1642756269456,-0.115,0.005,-0.089,-0.059,0.030,0.016,70
WATCH,1642756270916,1642756269532,4,1642756269466,-0.154,0.005,-0.119,-0.051,0.022,0.020,70
WATCH,1642756270916,1642756269532,4,1642756269476,-0.179,0.001,-0.137,-0.040,0.024,0.014,70
WATCH,1642756270916,1642756269532,4,1642756269486,-0.206,-0.000,-0.170,-0.030,0.033,0.006,70
WATCH,1642756270951,1642756269567,4,1642756269496,-0.211,-0.014,-0.206,-0.017,0.040,0.005,70
WATCH,1642756270951,1642756269567,4,1642756269506,-0.208,-0.015,-0.236,-0.009,0.048,-0.001,70
WATCH,1642756270951,1642756269567,4,1642756269516,-0.205,-0.021,-0.271,-0.006,0.051,-0.005,70
WATCH,1642756270951,1642756269567,4,1642756269526,-0.207,-0.019,-0.308,-0.000,0.055,-0.003,70
WATCH,1642756270951,1642756269567,4,1642756269536,-0.202,-0.018,-0.346,0.005,0.057,-0.005,70
WATCH,1642756271000,1642756269616,4,1642756269546,-0.204,-0.017,-0.366,0.010,0.052,-0.002,70
WATCH,1642756271000,1642756269616,4,1642756269556,-0.205,-0.002,-0.401,0.009,0.048,-0.002,70
WATCH,1642756271000,1642756269616,4,1642756269566,-0.206,0.003,-0.418,0.016,0.034,0.004,70
WATCH,1642756271000,1642756269616,4,1642756269575,-0.221,0.027,-0.437,0.021,0.020,0.006,70
WATCH,1642756271000,1642756269616,4,1642756269586,-0.239,0.042,-0.442,0.024,0.004,0.009,70
WATCH,1642756271046,1642756269662,4,1642756269596,-0.263,0.062,-0.444,0.022,-0.010,0.009,70
WATCH,1642756271047,1642756269663,4,1642756269605,-0.272,0.071,-0.439,0.024,-0.024,0.008,70
WATCH,1642756271047,1642756269663,4,1642756269615,-0.298,0.093,-0.424,0.028,-0.035,0.007,70
WATCH,1642756271047,1642756269663,4,1642756269626,-0.313,0.116,-0.398,0.029,-0.047,0.005,70
WATCH,1642756271047,1642756269663,4,1642756269635,-0.321,0.115,-0.374,0.030,-0.055,0.002,70
WATCH,1642756271116,1642756269732,4,1642756269645,-0.326,0.123,-0.346,0.032,-0.058,0.002,70
WATCH,1642756271116,1642756269732,4,1642756269656,-0.328,0.128,-0.312,0.033,-0.057,-0.003,70
WATCH,1642756271116,1642756269732,4,1642756269665,-0.327,0.120,-0.284,0.034,-0.054,-0.006,70
WATCH,1642756271117,1642756269733,4,1642756269675,-0.294,0.083,-0.235,0.036,-0.050,-0.006,70
WATCH,1642756271117,1642756269733,4,1642756269685,-0.292,0.112,-0.244,-0.002,-0.023,-0.020,70
WATCH,1642756271201,1642756269817,4,1642756269695,-0.307,0.098,-0.208,0.065,-0.047,0.001,70
WATCH,1642756271201,1642756269817,4,1642756269705,-0.295,0.070,-0.183,0.053,-0.029,-0.012,70
WATCH,1642756271201,1642756269817,4,1642756269715,-0.259,0.050,-0.168,0.036,-0.019,-0.022,70
WATCH,1642756271201,1642756269817,4,1642756269725,-0.238,0.005,-0.139,0.046,-0.016,-0.021,70
WATCH,1642756271201,1642756269817,4,1642756269735,-0.196,-0.009,-0.125,-0.001,0.013,-0.032,70
WATCH,1642756271216,1642756269832,4,1642756269745,-0.238,-0.007,-0.132,0.045,-0.016,-0.015,70
WATCH,1642756271216,1642756269832,4,1642756269755,-0.233,-0.029,-0.106,0.077,-0.013,-0.005,70
WATCH,1642756271216,1642756269832,4,1642756269765,-0.187,-0.054,-0.094,0.024,-0.004,-0.029,70
WATCH,1642756271216,1642756269832,4,1642756269775,-0.168,-0.080,-0.078,0.043,-0.011,-0.027,70
WATCH,1642756271216,1642756269832,4,1642756269784,-0.164,-0.099,-0.056,0.043,-0.006,-0.020,70
WATCH,1642756271287,1642756269903,4,1642756269794,-0.143,-0.120,-0.037,0.037,-0.008,-0.022,70
WATCH,1642756271287,1642756269903,4,1642756269804,-0.133,-0.144,-0.016,0.033,-0.008,-0.021,70
WATCH,1642756271288,1642756269904,4,1642756269814,-0.125,-0.163,0.003,0.027,-0.003,-0.019,70
WATCH,1642756271288,1642756269904,4,1642756269824,-0.115,-0.179,0.016,0.021,-0.004,-0.016,70
WATCH,1642756271288,1642756269904,4,1642756269834,-0.116,-0.183,0.033,0.014,0.000,-0.012,70
WATCH,1642756271303,1642756269919,4,1642756269844,-0.110,-0.198,0.037,0.010,0.005,-0.009,70
WATCH,1642756271303,1642756269919,4,1642756269854,-0.108,-0.198,0.037,0.002,0.011,-0.001,70
WATCH,1642756271303,1642756269919,4,1642756269864,-0.105,-0.201,0.037,-0.003,0.021,0.005,70
WATCH,1642756271303,1642756269919,4,1642756269874,-0.103,-0.199,0.036,-0.007,0.023,0.012,70
WATCH,1642756271303,1642756269919,4,1642756269884,-0.100,-0.196,0.034,-0.009,0.026,0.016,70
WATCH,1642756271344,1642756269960,4,1642756269894,-0.097,-0.188,0.028,-0.013,0.031,0.020,70
WATCH,1642756271344,1642756269960,4,1642756269904,-0.096,-0.183,0.021,-0.013,0.033,0.026,70
WATCH,1642756271344,1642756269960,4,1642756269914,-0.101,-0.171,0.014,-0.015,0.034,0.030,70
WATCH,1642756271344,1642756269960,4,1642756269924,-0.100,-0.161,0.006,-0.015,0.036,0.035,70
WATCH,1642756271344,1642756269960,4,1642756269934,-0.093,-0.143,-0.001,-0.013,0.034,0.037,70
WATCH,1642756271446,1642756270062,4,1642756269944,-0.082,-0.124,-0.013,-0.011,0.035,0.040,70
WATCH,1642756271446,1642756270062,4,1642756269954,-0.072,-0.109,-0.019,-0.010,0.036,0.042,70
WATCH,1642756271446,1642756270062,4,1642756269964,-0.057,-0.090,-0.023,-0.008,0.032,0.042,70
WATCH,1642756271446,1642756270062,4,1642756269974,-0.044,-0.075,-0.027,-0.004,0.026,0.042,70
WATCH,1642756271446,1642756270062,4,1642756269984,-0.025,-0.055,-0.029,-0.002,0.020,0.039,70
WATCH,1642756271468,1642756270084,4,1642756269993,-0.015,-0.034,-0.026,-0.002,0.016,0.038,70
WATCH,1642756271468,1642756270084,4,1642756270004,-0.006,-0.012,-0.030,-0.003,0.009,0.038,70
WATCH,1642756271468,1642756270084,4,1642756270013,0.007,0.011,-0.031,0.000,0.004,0.035,70
WATCH,1642756271468,1642756270084,4,1642756270023,0.016,0.033,-0.019,0.002,-0.002,0.035,70
WATCH,1642756271468,1642756270084,4,1642756270034,0.035,0.047,-0.009,0.005,-0.005,0.031,70
WATCH,1642756271501,1642756270117,4,1642756270043,0.048,0.061,-0.003,0.010,-0.007,0.028,70
WATCH,1642756271501,1642756270117,4,1642756270053,0.047,0.069,0.010,0.017,-0.007,0.024,70
WATCH,1642756271501,1642756270117,4,1642756270063,0.055,0.071,0.017,0.020,-0.009,0.020,70
WATCH,1642756271501,1642756270117,4,1642756270073,0.058,0.078,0.022,0.019,-0.010,0.014,70
WATCH,1642756271501,1642756270117,4,1642756270083,0.059,0.077,0.026,0.023,-0.009,0.012,70
WATCH,1642756271544,1642756270160,4,1642756270093,0.060,0.074,0.038,0.024,-0.010,0.006,70
WATCH,1642756271544,1642756270160,4,1642756270103,0.066,0.070,0.051,0.026,-0.010,0.006,70
WATCH,1642756271544,1642756270160,4,1642756270113,0.080,0.070,0.060,0.028,-0.011,0.004,70
WATCH,1642756271544,1642756270160,4,1642756270123,0.084,0.062,0.075,0.028,-0.011,0.002,70
WATCH,1642756271544,1642756270160,4,1642756270133,0.100,0.057,0.089,0.028,-0.013,0.001,70
WATCH,1642756271597,1642756270213,4,1642756270142,0.106,0.059,0.103,0.028,-0.012,0.000,70
WATCH,1642756271597,1642756270213,4,1642756270153,0.122,0.052,0.117,0.030,-0.013,0.000,70
WATCH,1642756271597,1642756270213,4,1642756270162,0.129,0.051,0.138,0.027,-0.017,-0.001,70
WATCH,1642756271597,1642756270213,4,1642756270172,0.140,0.047,0.157,0.026,-0.017,-0.001,70
WATCH,1642756271598,1642756270214,4,1642756270182,0.145,0.047,0.178,0.027,-0.019,0.002,70
WATCH,1642756271646,1642756270262,4,1642756270192,0.153,0.043,0.195,0.025,-0.020,0.004,70
WATCH,1642756271646,1642756270262,4,1642756270202,0.157,0.048,0.221,0.025,-0.023,0.009,70
WATCH,1642756271647,1642756270263,4,1642756270212,0.170,0.049,0.242,0.026,-0.020,0.011,70
WATCH,1642756271647,1642756270263,4,1642756270222,0.191,0.051,0.273,0.025,-0.019,0.014,70
WATCH,1642756271647,1642756270263,4,1642756270232,0.211,0.055,0.297,0.022,-0.017,0.013,70
WATCH,1642756271758,1642756270374,4,1642756270242,0.227,0.060,0.322,0.018,-0.015,0.016,70
WATCH,1642756271758,1642756270374,4,1642756270252,0.246,0.068,0.345,0.019,-0.015,0.017,70
WATCH,1642756271758,1642756270374,4,1642756270262,0.259,0.069,0.370,0.016,-0.014,0.019,70
WATCH,1642756271758,1642756270374,4,1642756270272,0.278,0.074,0.387,0.013,-0.010,0.021,70
WATCH,1642756271758,1642756270374,4,1642756270282,0.285,0.070,0.395,0.009,-0.004,0.020,70
WATCH,1642756271768,1642756270384,4,1642756270292,0.297,0.081,0.393,0.005,0.001,0.017,70
WATCH,1642756271768,1642756270384,4,1642756270302,0.303,0.083,0.386,-0.002,0.009,0.021,70
WATCH,1642756271768,1642756270384,4,1642756270312,0.312,0.087,0.371,-0.006,0.020,0.019,70
WATCH,1642756271768,1642756270384,4,1642756270322,0.320,0.098,0.357,-0.009,0.028,0.019,70
WATCH,1642756271768,1642756270384,4,1642756270332,0.332,0.116,0.338,-0.011,0.038,0.020,70
WATCH,1642756271821,1642756270437,4,1642756270342,0.345,0.127,0.327,-0.012,0.043,0.020,70
WATCH,1642756271821,1642756270437,4,1642756270352,0.357,0.145,0.309,-0.011,0.046,0.018,70
WATCH,1642756271821,1642756270437,4,1642756270361,0.368,0.152,0.301,-0.010,0.045,0.017,70
WATCH,1642756271821,1642756270437,4,1642756270371,0.371,0.154,0.288,-0.009,0.046,0.019,70
WATCH,1642756271821,1642756270437,4,1642756270382,0.363,0.169,0.278,-0.005,0.040,0.020,70
WATCH,1642756271873,1642756270489,4,1642756270391,0.361,0.181,0.274,-0.001,0.038,0.015,70
WATCH,1642756271873,1642756270489,4,1642756270401,0.347,0.185,0.261,0.003,0.037,0.016,70
WATCH,1642756271873,1642756270489,4,1642756270412,0.333,0.195,0.249,0.006,0.035,0.016,70
WATCH,1642756271873,1642756270489,4,1642756270421,0.312,0.206,0.237,0.004,0.033,0.019,70
WATCH,1642756271874,1642756270490,4,1642756270431,0.301,0.226,0.232,0.004,0.035,0.015,70
WATCH,1642756271938,1642756270554,4,1642756270441,0.308,0.252,0.236,-0.009,0.042,0.008,70
WATCH,1642756271939,1642756270555,4,1642756270451,0.326,0.270,0.223,-0.006,0.044,0.005,70
WATCH,1642756271940,1642756270556,4,1642756270461,0.317,0.279,0.205,-0.002,0.038,0.011,70
WATCH,1642756271940,1642756270556,4,1642756270471,0.295,0.276,0.198,0.004,0.032,0.012,70
WATCH,1642756271940,1642756270556,4,1642756270481,0.273,0.278,0.188,0.004,0.026,0.008,70
WATCH,1642756271948,1642756270564,4,1642756270491,0.274,0.265,0.133,0.002,0.025,0.005,70
WATCH,1642756271948,1642756270564,4,1642756270501,0.290,0.263,0.088,-0.012,0.026,-0.006,70
WATCH,1642756271948,1642756270564,4,1642756270510,0.304,0.264,0.087,0.006,0.029,-0.011,70
WATCH,1642756271948,1642756270564,4,1642756270520,0.297,0.261,0.098,0.016,0.028,-0.012,70
WATCH,1642756271949,1642756270565,4,1642756270531,0.287,0.253,0.095,0.018,0.026,-0.013,70
WATCH,1642756272002,1642756270618,4,1642756270540,0.269,0.231,0.077,0.019,0.022,-0.012,70
WATCH,1642756272002,1642756270618,4,1642756270550,0.256,0.220,0.075,0.014,0.021,-0.016,70
WATCH,1642756272002,1642756270618,4,1642756270560,0.266,0.217,0.067,0.006,0.024,-0.024,70
WATCH,1642756272002,1642756270618,4,1642756270570,0.274,0.199,0.057,0.004,0.022,-0.022,70
WATCH,1642756272002,1642756270618,4,1642756270580,0.276,0.180,0.045,0.002,0.016,-0.022,70
WATCH,1642756272055,1642756270671,4,1642756270590,0.279,0.177,0.042,-0.003,0.008,-0.021,70
WATCH,1642756272055,1642756270671,4,1642756270600,0.282,0.162,0.033,-0.005,0.000,-0.023,70
WATCH,1642756272055,1642756270671,4,1642756270610,0.238,0.129,0.037,-0.005,-0.006,-0.022,70
WATCH,1642756272056,1642756270672,4,1642756270620,0.237,0.143,0.056,0.012,-0.020,-0.016,70
WATCH,1642756272056,1642756270672,4,1642756270630,0.260,0.109,0.014,-0.009,-0.010,-0.018,70
WATCH,1642756272118,1642756270734,4,1642756270640,0.267,0.110,0.043,-0.026,-0.020,-0.037,70
WATCH,1642756272119,1642756270735,4,1642756270650,0.274,0.104,0.031,-0.017,-0.026,-0.033,70
WATCH,1642756272119,1642756270735,4,1642756270660,0.259,0.095,0.016,-0.017,-0.025,-0.035,70
WATCH,1642756272119,1642756270735,4,1642756270670,0.204,0.059,0.043,-0.005,-0.028,-0.021,70
WATCH,1642756272119,1642756270735,4,1642756270680,0.160,0.049,0.067,-0.018,-0.040,-0.033,70
WATCH,1642756272173,1642756270789,4,1642756270690,0.140,0.034,0.064,-0.024,-0.042,-0.036,70
WATCH,1642756272173,1642756270789,4,1642756270700,0.090,0.004,0.073,-0.034,-0.037,-0.037,70
WATCH,1642756272174,1642756270790,4,1642756270710,0.057,-0.002,0.082,-0.021,-0.036,-0.033,70
WATCH,1642756272174,1642756270790,4,1642756270719,0.005,-0.032,0.075,-0.035,-0.029,-0.039,70
WATCH,1642756272174,1642756270790,4,1642756270729,-0.070,-0.058,0.080,-0.033,-0.029,-0.041,70
WATCH,1642756272190,1642756270806,4,1642756270739,-0.126,-0.087,0.072,-0.024,-0.026,-0.033,70
WATCH,1642756272190,1642756270806,4,1642756270749,-0.168,-0.105,0.058,-0.018,-0.017,-0.025,70
WATCH,1642756272191,1642756270807,4,1642756270759,-0.190,-0.123,0.057,-0.012,-0.008,-0.015,70
WATCH,1642756272191,1642756270807,4,1642756270769,-0.187,-0.151,0.048,-0.011,0.003,-0.001,70
WATCH,1642756272191,1642756270807,4,1642756270779,-0.156,-0.162,0.046,-0.011,0.010,0.007,70
WATCH,1642756272240,1642756270856,4,1642756270789,-0.114,-0.179,0.039,-0.012,0.016,0.018,70
WATCH,1642756272241,1642756270857,4,1642756270799,-0.085,-0.178,0.019,-0.015,0.014,0.026,70
WATCH,1642756272241,1642756270857,4,1642756270809,-0.060,-0.160,-0.005,-0.022,0.014,0.029,70
WATCH,1642756272241,1642756270857,4,1642756270819,-0.044,-0.149,-0.026,-0.023,0.021,0.027,70
WATCH,1642756272241,1642756270857,4,1642756270829,-0.042,-0.127,-0.026,-0.027,0.025,0.021,70
WATCH,1642756272305,1642756270921,4,1642756270839,-0.057,-0.132,-0.027,-0.029,0.026,0.014,70
WATCH,1642756272305,1642756270921,4,1642756270849,-0.063,-0.128,-0.025,-0.026,0.031,0.008,70
WATCH,1642756272305,1642756270921,4,1642756270859,-0.078,-0.120,-0.036,-0.028,0.029,0.005,70
WATCH,1642756272305,1642756270921,4,1642756270869,-0.091,-0.129,-0.054,-0.029,0.027,0.003,70
WATCH,1642756272306,1642756270922,4,1642756270879,-0.109,-0.127,-0.067,-0.029,0.025,0.001,70
WATCH,1642756272356,1642756270972,4,1642756270889,-0.130,-0.126,-0.088,-0.026,0.025,0.002,70
WATCH,1642756272356,1642756270972,4,1642756270899,-0.144,-0.131,-0.099,-0.024,0.021,-0.003,70
WATCH,1642756272356,1642756270972,4,1642756270909,-0.148,-0.136,-0.111,-0.020,0.015,-0.003,70
WATCH,1642756272356,1642756270972,4,1642756270918,-0.139,-0.161,-0.115,-0.016,0.016,-0.007,70
WATCH,1642756272356,1642756270972,4,1642756270928,-0.120,-0.171,-0.134,-0.012,0.020,-0.006,70
WATCH,1642756272420,1642756271036,4,1642756270938,-0.120,-0.168,-0.155,-0.014,0.012,-0.009,70
WATCH,1642756272420,1642756271036,4,1642756270948,-0.128,-0.177,-0.149,-0.014,0.005,-0.004,70
WATCH,1642756272420,1642756271036,4,1642756270958,-0.132,-0.172,-0.139,-0.007,0.002,0.000,70
WATCH,1642756272420,1642756271036,4,1642756270968,-0.126,-0.183,-0.142,-0.007,0.001,-0.006,70
WATCH,1642756272420,1642756271036,4,1642756270978,-0.113,-0.167,-0.145,-0.006,0.005,-0.013,70
WATCH,1642756272477,1642756271093,4,1642756270988,-0.097,-0.135,-0.119,-0.010,0.002,-0.006,70
WATCH,1642756272477,1642756271093,4,1642756270998,-0.052,-0.114,-0.065,-0.011,-0.005,-0.006,70
WATCH,1642756272477,1642756271093,4,1642756271008,-0.016,-0.093,-0.022,-0.013,-0.009,-0.004,70
WATCH,1642756272477,1642756271093,4,1642756271018,-0.024,-0.070,-0.019,-0.019,-0.008,0.003,70
WATCH,1642756272477,1642756271093,4,1642756271028,-0.051,-0.070,-0.006,-0.020,-0.011,0.008,70
WATCH,1642756272534,1642756271150,4,1642756271038,-0.074,-0.058,0.023,-0.017,-0.019,0.004,70
WATCH,1642756272534,1642756271150,4,1642756271048,-0.098,-0.056,0.030,-0.024,-0.022,-0.006,70
WATCH,1642756272534,1642756271150,4,1642756271058,-0.121,-0.015,0.031,-0.027,-0.015,-0.007,70
WATCH,1642756272535,1642756271151,4,1642756271068,-0.132,0.032,0.056,-0.031,-0.014,-0.010,70
WATCH,1642756272535,1642756271151,4,1642756271078,-0.170,0.047,0.060,-0.031,-0.011,-0.013,70
WATCH,1642756272540,1642756271156,4,1642756271088,-0.222,0.008,0.006,-0.027,-0.012,-0.005,70
WATCH,1642756272540,1642756271156,4,1642756271098,-0.283,0.008,-0.013,-0.012,-0.011,-0.004,70
WATCH,1642756272541,1642756271157,4,1642756271107,-0.319,0.042,-0.000,0.004,-0.011,0.003,70
WATCH,1642756272541,1642756271157,4,1642756271117,-0.326,0.046,0.009,0.003,-0.021,0.006,70
WATCH,1642756272541,1642756271157,4,1642756271127,-0.341,0.034,-0.020,-0.001,-0.020,0.007,70
WATCH,1642756272604,1642756271220,4,1642756271137,-0.327,0.026,-0.055,-0.001,-0.004,0.005,70
WATCH,1642756272605,1642756271221,4,1642756271147,-0.285,0.027,-0.059,0.006,0.020,0.001,70
WATCH,1642756272605,1642756271221,4,1642756271157,-0.211,0.040,-0.052,0.014,0.031,-0.002,70
WATCH,1642756272605,1642756271221,4,1642756271167,-0.155,0.051,-0.034,0.018,0.034,-0.003,70
WATCH,1642756272605,1642756271221,4,1642756271177,-0.158,0.057,-0.021,0.021,0.029,-0.006,70
WATCH,1642756272655,1642756271271,4,1642756271187,-0.188,0.034,-0.028,0.030,0.029,0.007,70
WATCH,1642756272655,1642756271271,4,1642756271198,-0.194,0.027,-0.028,0.027,0.014,0.007,70
WATCH,1642756272655,1642756271271,4,1642756271207,-0.205,0.015,-0.044,0.020,0.003,0.006,70
WATCH,1642756272655,1642756271271,4,1642756271217,-0.201,0.003,-0.055,0.025,0.016,0.009,70
WATCH,1642756272655,1642756271271,4,1642756271227,-0.205,0.004,-0.059,0.030,0.026,0.009,70
WATCH,1642756272717,1642756271333,4,1642756271237,-0.203,0.001,-0.068,0.022,0.019,0.011,70
WATCH,1642756272717,1642756271333,4,1642756271247,-0.190,0.003,-0.078,0.019,0.017,0.009,70
WATCH,1642756272717,1642756271333,4,1642756271257,-0.189,-0.009,-0.088,0.023,0.018,0.007,70
WATCH,1642756272717,1642756271333,4,1642756271267,-0.201,-0.011,-0.097,0.021,0.020,0.007,70
WATCH,1642756272717,1642756271333,4,1642756271277,-0.203,-0.022,-0.105,0.013,0.017,0.003,70
WATCH,1642756272773,1642756271389,4,1642756271287,-0.199,-0.021,-0.105,0.013,0.018,0.005,70
WATCH,1642756272774,1642756271390,4,1642756271297,-0.189,-0.018,-0.104,0.014,0.023,0.007,70
WATCH,1642756272774,1642756271390,4,1642756271306,-0.184,-0.014,-0.108,0.016,0.021,0.010,70
WATCH,1642756272774,1642756271390,4,1642756271317,-0.173,-0.012,-0.108,0.018,0.025,0.011,70
WATCH,1642756272774,1642756271390,4,1642756271326,-0.159,-0.009,-0.100,0.020,0.024,0.012,70
WATCH,1642756272894,1642756271510,4,1642756271336,-0.139,-0.018,-0.093,0.024,0.019,0.008,70
WATCH,1642756272898,1642756271514,4,1642756271347,-0.131,-0.017,-0.089,0.027,0.014,0.006,70
WATCH,1642756272900,1642756271516,4,1642756271356,-0.121,-0.011,-0.083,0.028,0.008,0.008,70
WATCH,1642756272900,1642756271516,4,1642756271366,-0.128,-0.015,-0.079,0.032,0.007,0.011,70
WATCH,1642756272900,1642756271516,4,1642756271376,-0.123,-0.012,-0.077,0.032,0.010,0.018,70
WATCH,1642756272900,1642756271516,4,1642756271386,-0.097,-0.010,-0.076,0.032,0.014,0.018,70
WATCH,1642756272900,1642756271516,4,1642756271396,-0.075,-0.010,-0.071,0.028,0.013,0.017,70
WATCH,1642756272900,1642756271516,4,1642756271406,-0.053,-0.002,-0.080,0.026,0.016,0.018,70
WATCH,1642756272900,1642756271516,4,1642756271416,-0.039,-0.007,-0.080,0.025,0.016,0.021,70
WATCH,1642756272900,1642756271516,4,1642756271426,-0.013,-0.005,-0.086,0.027,0.017,0.022,70
WATCH,1642756272954,1642756271570,4,1642756271436,-0.004,-0.004,-0.079,0.019,0.007,0.021,70
WATCH,1642756272954,1642756271570,4,1642756271446,-0.004,0.004,-0.066,0.019,-0.006,0.018,70
WATCH,1642756272954,1642756271570,4,1642756271456,0.001,0.008,-0.043,0.022,-0.015,0.016,70
WATCH,1642756272954,1642756271570,4,1642756271466,0.012,0.009,-0.020,0.022,-0.018,0.009,70
WATCH,1642756272954,1642756271570,4,1642756271476,0.017,0.007,0.004,0.024,-0.018,0.007,70
WATCH,1642756273015,1642756271631,4,1642756271485,0.025,0.007,0.024,0.027,-0.014,0.006,70
WATCH,1642756273015,1642756271631,4,1642756271496,0.030,0.009,0.041,0.026,-0.012,0.005,70
WATCH,1642756273015,1642756271631,4,1642756271505,0.028,-0.004,0.050,0.025,-0.009,0.007,70
WATCH,1642756273015,1642756271631,4,1642756271515,0.028,-0.004,0.056,0.023,-0.004,0.008,70
WATCH,1642756273015,1642756271631,4,1642756271525,0.039,-0.015,0.055,0.024,0.004,0.009,70
WATCH,1642756273105,1642756271721,4,1642756271535,0.052,-0.011,0.065,0.022,0.009,0.008,70
WATCH,1642756273106,1642756271722,4,1642756271545,0.066,-0.017,0.064,0.020,0.008,0.010,70
WATCH,1642756273106,1642756271722,4,1642756271555,0.082,-0.018,0.066,0.019,0.007,0.007,70
WATCH,1642756273106,1642756271722,4,1642756271565,0.092,-0.023,0.069,0.015,0.011,0.007,70
WATCH,1642756273106,1642756271722,4,1642756271575,0.099,-0.025,0.070,0.013,0.011,0.007,70
WATCH,1642756273107,1642756271723,4,1642756271585,0.104,-0.022,0.075,0.011,0.010,0.010,70
WATCH,1642756273107,1642756271723,4,1642756271595,0.113,-0.014,0.079,0.008,0.009,0.010,70
WATCH,1642756273107,1642756271723,4,1642756271605,0.125,-0.007,0.085,0.005,0.009,0.009,70
WATCH,1642756273107,1642756271723,4,1642756271615,0.136,-0.002,0.094,0.004,0.004,0.010,70
WATCH,1642756273107,1642756271723,4,1642756271625,0.137,0.001,0.102,0.004,0.004,0.013,70
WATCH,1642756273189,1642756271805,4,1642756271635,0.145,0.011,0.114,0.001,0.003,0.013,70
WATCH,1642756273189,1642756271805,4,1642756271645,0.150,0.020,0.122,0.001,0.003,0.015,70
WATCH,1642756273190,1642756271806,4,1642756271655,0.154,0.029,0.126,-0.000,0.006,0.016,70
WATCH,1642756273190,1642756271806,4,1642756271665,0.151,0.031,0.131,-0.001,0.008,0.017,70
WATCH,1642756273190,1642756271806,4,1642756271674,0.156,0.046,0.139,0.001,0.009,0.017,70
WATCH,1642756273190,1642756271806,4,1642756271684,0.154,0.053,0.142,-0.001,0.011,0.015,70
WATCH,1642756273190,1642756271806,4,1642756271695,0.151,0.064,0.140,-0.001,0.011,0.017,70
WATCH,1642756273190,1642756271806,4,1642756271704,0.150,0.074,0.137,-0.003,0.014,0.015,70
WATCH,1642756273190,1642756271806,4,1642756271714,0.157,0.077,0.138,-0.001,0.016,0.014,70
WATCH,1642756273190,1642756271806,4,1642756271724,0.151,0.087,0.136,-0.002,0.016,0.013,70
WATCH,1642756273256,1642756271872,4,1642756271734,0.149,0.085,0.128,0.000,0.016,0.011,70
WATCH,1642756273256,1642756271872,4,1642756271744,0.141,0.091,0.126,0.001,0.018,0.009,70
WATCH,1642756273256,1642756271872,4,1642756271754,0.144,0.091,0.121,0.001,0.017,0.007,70
WATCH,1642756273256,1642756271872,4,1642756271764,0.145,0.092,0.117,-0.000,0.016,0.005,70
WATCH,1642756273256,1642756271872,4,1642756271774,0.142,0.093,0.112,0.000,0.015,0.005,70
WATCH,1642756273345,1642756271961,4,1642756271784,0.130,0.096,0.111,0.002,0.016,0.004,70
WATCH,1642756273345,1642756271961,4,1642756271794,0.127,0.091,0.103,-0.000,0.017,0.003,70
WATCH,1642756273345,1642756271961,4,1642756271804,0.121,0.090,0.097,-0.001,0.017,0.000,70
WATCH,1642756273345,1642756271961,4,1642756271814,0.119,0.091,0.092,-0.002,0.018,-0.002,70
WATCH,1642756273346,1642756271962,4,1642756271824,0.112,0.090,0.082,-0.004,0.017,-0.001,70
WATCH,1642756273406,1642756272022,4,1642756271834,0.109,0.094,0.079,-0.004,0.014,-0.000,70
WATCH,1642756273406,1642756272022,4,1642756271844,0.099,0.090,0.078,-0.001,0.013,-0.003,70
WATCH,1642756273406,1642756272022,4,1642756271853,0.096,0.100,0.079,-0.006,0.013,-0.006,70
WATCH,1642756273406,1642756272022,4,1642756271863,0.098,0.093,0.079,-0.010,0.013,-0.009,70
WATCH,1642756273406,1642756272022,4,1642756271873,0.107,0.096,0.069,-0.006,0.010,-0.008,70
WATCH,1642756273406,1642756272022,4,1642756271883,0.102,0.096,0.064,-0.004,0.006,-0.010,70
WATCH,1642756273406,1642756272022,4,1642756271893,0.093,0.095,0.062,-0.007,0.004,-0.008,70
WATCH,1642756273406,1642756272022,4,1642756271903,0.085,0.088,0.060,-0.008,0.004,-0.007,70
WATCH,1642756273406,1642756272022,4,1642756271913,0.078,0.077,0.053,-0.009,-0.001,-0.006,70
WATCH,1642756273406,1642756272022,4,1642756271923,0.075,0.074,0.051,-0.010,0.000,-0.008,70
WATCH,1642756273494,1642756272110,4,1642756271933,0.073,0.070,0.053,-0.013,-0.000,-0.009,70
WATCH,1642756273494,1642756272110,4,1642756271943,0.065,0.072,0.045,-0.017,0.001,-0.008,70
WATCH,1642756273494,1642756272110,4,1642756271953,0.057,0.061,0.043,-0.015,0.001,-0.008,70
WATCH,1642756273494,1642756272110,4,1642756271963,0.055,0.052,0.041,-0.014,-0.001,-0.009,70
WATCH,1642756273494,1642756272110,4,1642756271973,0.048,0.045,0.036,-0.015,0.001,-0.010,70
WATCH,1642756273495,1642756272111,4,1642756271983,0.042,0.038,0.034,-0.012,0.002,-0.009,70
WATCH,1642756273495,1642756272111,4,1642756271993,0.029,0.033,0.028,-0.011,0.003,-0.011,70
WATCH,1642756273495,1642756272111,4,1642756272003,0.025,0.026,0.024,-0.011,0.004,-0.011,70
WATCH,1642756273495,1642756272111,4,1642756272013,0.014,0.021,0.019,-0.012,0.003,-0.013,70
WATCH,1642756273495,1642756272111,4,1642756272023,0.000,0.021,0.019,-0.012,0.003,-0.009,70
WATCH,1642756273587,1642756272203,4,1642756272033,-0.013,0.020,0.015,-0.012,0.002,-0.006,70
WATCH,1642756273587,1642756272203,4,1642756272043,-0.028,0.010,0.016,-0.013,0.001,-0.004,70
WATCH,1642756273587,1642756272203,4,1642756272053,-0.033,0.007,0.010,-0.014,0.001,-0.002,70
WATCH,1642756273587,1642756272203,4,1642756272062,-0.036,0.004,0.011,-0.015,0.000,-0.001,70
WATCH,1642756273587,1642756272203,4,1642756272072,-0.048,0.003,0.012,-0.014,0.002,-0.001,70
WATCH,1642756273587,1642756272203,4,1642756272083,-0.047,-0.011,0.005,-0.015,0.004,0.000,70
WATCH,1642756273587,1642756272203,4,1642756272092,-0.057,-0.020,-0.002,-0.014,0.006,-0.001,70
WATCH,1642756273587,1642756272203,4,1642756272102,-0.058,-0.019,-0.008,-0.012,0.008,-0.004,70
WATCH,1642756273587,1642756272203,4,1642756272112,-0.066,-0.028,-0.012,-0.012,0.008,-0.005,70
WATCH,1642756273587,1642756272203,4,1642756272122,-0.080,-0.030,-0.021,-0.013,0.010,-0.004,70
WATCH,1642756273644,1642756272260,4,1642756272132,-0.087,-0.035,-0.026,-0.012,0.009,-0.002,70
WATCH,1642756273647,1642756272263,4,1642756272142,-0.105,-0.030,-0.029,-0.013,0.007,-0.002,70
WATCH,1642756273648,1642756272264,4,1642756272152,-0.117,-0.029,-0.033,-0.012,0.007,-0.002,70
WATCH,1642756273648,1642756272264,4,1642756272162,-0.129,-0.031,-0.037,-0.013,0.006,-0.004,70
WATCH,1642756273648,1642756272264,4,1642756272172,-0.134,-0.034,-0.041,-0.011,0.007,-0.000,70
WATCH,1642756273704,1642756272320,4,1642756272182,-0.140,-0.035,-0.047,-0.009,0.007,-0.003,70
WATCH,1642756273704,1642756272320,4,1642756272192,-0.141,-0.041,-0.052,-0.006,0.008,-0.003,70
WATCH,1642756273704,1642756272320,4,1642756272201,-0.133,-0.041,-0.052,-0.005,0.007,-0.004,70
WATCH,1642756273705,1642756272321,4,1642756272212,-0.130,-0.037,-0.058,-0.005,0.008,-0.005,70
WATCH,1642756273705,1642756272321,4,1642756272222,-0.113,-0.037,-0.066,-0.006,0.008,-0.006,70
WATCH,1642756273764,1642756272380,4,1642756272232,-0.109,-0.034,-0.071,-0.005,0.010,-0.006,70
WATCH,1642756273765,1642756272381,4,1642756272241,-0.114,-0.040,-0.076,-0.001,0.008,-0.004,70
WATCH,1642756273765,1642756272381,4,1642756272251,-0.116,-0.044,-0.078,0.000,0.002,-0.003,70
WATCH,1642756273769,1642756272385,4,1642756272261,-0.124,-0.047,-0.074,0.001,0.003,-0.005,70
WATCH,1642756273769,1642756272385,4,1642756272271,-0.126,-0.046,-0.077,0.001,0.001,-0.005,70
WATCH,1642756273773,1642756272389,4,1642756272281,-0.125,-0.043,-0.080,0.000,0.001,0.001,70
WATCH,1642756273773,1642756272389,4,1642756272291,-0.130,-0.044,-0.082,0.000,0.001,0.003,70
WATCH,1642756273773,1642756272389,4,1642756272301,-0.138,-0.043,-0.081,0.001,0.002,0.004,70
WATCH,1642756273773,1642756272389,4,1642756272311,-0.137,-0.032,-0.081,0.002,0.002,0.005,70
WATCH,1642756273773,1642756272389,4,1642756272321,-0.137,-0.037,-0.081,0.003,0.003,0.005,70
WATCH,1642756273823,1642756272439,4,1642756272331,-0.140,-0.028,-0.083,0.003,0.002,0.008,70
WATCH,1642756273823,1642756272439,4,1642756272341,-0.143,-0.020,-0.080,0.005,0.004,0.006,70
WATCH,1642756273823,1642756272439,4,1642756272351,-0.152,-0.017,-0.082,0.005,0.005,0.005,70
WATCH,1642756273823,1642756272439,4,1642756272361,-0.153,-0.018,-0.078,0.005,0.007,0.008,70
WATCH,1642756273823,1642756272439,4,1642756272371,-0.161,-0.014,-0.078,0.007,0.006,0.005,70
WATCH,1642756273889,1642756272505,4,1642756272381,-0.150,-0.010,-0.082,0.007,0.007,0.004,70
WATCH,1642756273889,1642756272505,4,1642756272391,-0.158,-0.006,-0.077,0.007,0.008,0.004,70
WATCH,1642756273889,1642756272505,4,1642756272401,-0.145,-0.005,-0.086,0.005,0.009,0.005,70
WATCH,1642756273889,1642756272505,4,1642756272411,-0.148,0.002,-0.079,0.004,0.009,0.006,70
WATCH,1642756273890,1642756272506,4,1642756272420,-0.150,0.010,-0.082,0.004,0.007,0.008,70
WATCH,1642756273944,1642756272560,4,1642756272431,-0.143,0.003,-0.075,0.006,0.006,0.007,70
WATCH,1642756273944,1642756272560,4,1642756272440,-0.146,0.007,-0.068,0.006,0.006,0.005,70
WATCH,1642756273944,1642756272560,4,1642756272450,-0.139,0.013,-0.067,0.006,0.003,0.004,70
WATCH,1642756273944,1642756272560,4,1642756272461,-0.137,0.009,-0.060,0.009,0.002,0.003,70
WATCH,1642756273945,1642756272561,4,1642756272470,-0.132,0.012,-0.048,0.010,0.004,0.002,70
WATCH,1642756274006,1642756272622,4,1642756272480,-0.129,0.009,-0.047,0.007,0.004,0.001,70
WATCH,1642756274007,1642756272623,4,1642756272490,-0.128,0.006,-0.038,0.008,0.002,0.004,70
WATCH,1642756274007,1642756272623,4,1642756272500,-0.123,0.006,-0.033,0.008,0.000,0.004,70
WATCH,1642756274007,1642756272623,4,1642756272510,-0.119,0.002,-0.021,0.012,-0.000,0.005,70
WATCH,1642756274007,1642756272623,4,1642756272520,-0.118,0.000,-0.016,0.012,-0.001,0.008,70
WATCH,1642756274063,1642756272679,4,1642756272530,-0.115,0.004,-0.014,0.012,0.003,0.008,70
WATCH,1642756274064,1642756272680,4,1642756272540,-0.105,0.006,-0.015,0.012,0.006,0.008,70
WATCH,1642756274064,1642756272680,4,1642756272550,-0.093,0.005,-0.014,0.013,0.011,0.009,70
WATCH,1642756274065,1642756272681,4,1642756272560,-0.088,0.011,-0.007,0.013,0.013,0.010,70
WATCH,1642756274065,1642756272681,4,1642756272570,-0.082,0.006,-0.014,0.011,0.012,0.011,70
WATCH,1642756274065,1642756272681,4,1642756272580,-0.070,0.007,-0.014,0.012,0.012,0.009,70
WATCH,1642756274065,1642756272681,4,1642756272590,-0.055,0.011,-0.007,0.014,0.013,0.009,70
WATCH,1642756274065,1642756272681,4,1642756272600,-0.046,0.010,-0.001,0.019,0.012,0.011,70
WATCH,1642756274065,1642756272681,4,1642756272610,-0.038,0.014,0.005,0.018,0.007,0.012,70
WATCH,1642756274065,1642756272681,4,1642756272619,-0.032,0.021,0.016,0.018,0.004,0.011,70
WATCH,1642756274123,1642756272739,4,1642756272629,-0.030,0.032,0.035,0.019,0.004,0.013,70
WATCH,1642756274124,1642756272740,4,1642756272640,-0.013,0.039,0.043,0.021,0.005,0.010,70
WATCH,1642756274124,1642756272740,4,1642756272649,0.004,0.030,0.035,0.018,0.006,0.007,70
WATCH,1642756274124,1642756272740,4,1642756272659,-0.002,0.037,0.033,0.013,0.003,0.012,70
WATCH,1642756274124,1642756272740,4,1642756272669,0.002,0.032,0.033,0.017,0.000,0.011,70
WATCH,1642756274184,1642756272800,4,1642756272679,0.011,0.032,0.037,0.017,0.001,0.007,70
WATCH,1642756274184,1642756272800,4,1642756272689,0.011,0.029,0.031,0.014,-0.001,0.007,70
WATCH,1642756274184,1642756272800,4,1642756272699,0.004,0.030,0.035,0.014,-0.004,0.011,70
WATCH,1642756274184,1642756272800,4,1642756272709,0.002,0.020,0.042,0.016,-0.005,0.008,70
WATCH,1642756274184,1642756272800,4,1642756272719,0.006,0.021,0.047,0.016,-0.003,0.006,70
WATCH,1642756274244,1642756272860,4,1642756272729,0.012,0.023,0.051,0.016,-0.001,0.005,70
WATCH,1642756274245,1642756272861,4,1642756272739,0.021,0.021,0.058,0.017,0.002,0.005,70
WATCH,1642756274245,1642756272861,4,1642756272749,0.029,0.019,0.060,0.019,0.004,0.006,70
WATCH,1642756274245,1642756272861,4,1642756272758,0.040,0.009,0.067,0.020,0.004,0.006,70
WATCH,1642756274246,1642756272862,4,1642756272769,0.046,0.020,0.076,0.021,0.003,0.008,70
WATCH,1642756274306,1642756272922,4,1642756272778,0.043,0.021,0.079,0.021,0.002,0.013,70
WATCH,1642756274306,1642756272922,4,1642756272789,0.054,0.010,0.083,0.019,0.004,0.013,70
WATCH,1642756274306,1642756272922,4,1642756272798,0.058,0.015,0.081,0.016,0.005,0.011,70
WATCH,1642756274306,1642756272922,4,1642756272808,0.065,0.022,0.086,0.015,0.006,0.009,70
WATCH,1642756274307,1642756272923,4,1642756272818,0.067,0.034,0.088,0.014,0.004,0.011,70
WATCH,1642756274394,1642756273010,4,1642756272828,0.070,0.036,0.090,0.010,0.004,0.012,70
WATCH,1642756274395,1642756273011,4,1642756272838,0.064,0.049,0.091,0.009,0.004,0.011,70
WATCH,1642756274395,1642756273011,4,1642756272848,0.056,0.065,0.092,0.007,0.003,0.014,70
WATCH,1642756274395,1642756273011,4,1642756272858,0.042,0.080,0.095,0.006,0.004,0.016,70
WATCH,1642756274396,1642756273012,4,1642756272868,0.024,0.097,0.089,0.001,0.007,0.020,70
WATCH,1642756274396,1642756273012,4,1642756272878,-0.017,0.134,0.086,-0.002,0.008,0.028,70
WATCH,1642756274396,1642756273012,4,1642756272888,-0.067,0.167,0.072,-0.003,0.011,0.037,70
WATCH,1642756274396,1642756273012,4,1642756272898,-0.135,0.191,0.050,-0.003,0.009,0.050,70
WATCH,1642756274396,1642756273012,4,1642756272908,-0.205,0.191,0.024,-0.003,0.007,0.053,70
WATCH,1642756274397,1642756273013,4,1642756272918,-0.236,0.186,0.012,0.001,0.011,0.042,70
WATCH,1642756274483,1642756273099,4,1642756272928,-0.207,0.183,-0.001,-0.002,0.018,0.019,70
WATCH,1642756274483,1642756273099,4,1642756272938,-0.098,0.164,0.016,-0.007,0.024,-0.003,70
WATCH,1642756274483,1642756273099,4,1642756272948,0.045,0.151,0.044,-0.009,0.032,-0.024,70
WATCH,1642756274483,1642756273099,4,1642756272958,0.184,0.135,0.061,-0.014,0.032,-0.043,70
WATCH,1642756274483,1642756273099,4,1642756272967,0.279,0.123,0.075,-0.012,0.024,-0.050,70
WATCH,1642756274614,1642756273230,4,1642756272977,0.319,0.098,0.104,-0.007,0.005,-0.047,70
WATCH,1642756274614,1642756273230,4,1642756272988,0.320,0.074,0.123,-0.000,-0.014,-0.041,70
WATCH,1642756274614,1642756273230,4,1642756272997,0.298,0.043,0.134,0.002,-0.020,-0.032,70
WATCH,1642756274614,1642756273230,4,1642756273007,0.272,0.021,0.137,-0.001,-0.018,-0.026,70
WATCH,1642756274614,1642756273230,4,1642756273017,0.250,0.008,0.134,-0.003,-0.010,-0.025,70
WATCH,1642756274615,1642756273231,4,1642756273027,0.214,0.001,0.129,-0.003,-0.000,-0.016,70
WATCH,1642756274615,1642756273231,4,1642756273037,0.181,-0.010,0.114,-0.003,0.005,-0.010,70
WATCH,1642756274615,1642756273231,4,1642756273047,0.148,-0.025,0.089,-0.003,0.015,-0.002,70
WATCH,1642756274615,1642756273231,4,1642756273057,0.128,-0.037,0.062,-0.002,0.023,-0.003,70
WATCH,1642756274615,1642756273231,4,1642756273067,0.116,-0.041,0.047,-0.005,0.030,-0.005,70
WATCH,1642756274662,1642756273278,4,1642756273077,0.110,-0.036,0.021,-0.007,0.038,-0.006,70
WATCH,1642756274662,1642756273278,4,1642756273087,0.100,-0.035,-0.001,-0.009,0.036,-0.003,70
WATCH,1642756274662,1642756273278,4,1642756273097,0.086,-0.035,-0.022,-0.010,0.031,0.003,70
WATCH,1642756274662,1642756273278,4,1642756273107,0.065,-0.026,-0.040,-0.009,0.027,0.009,70
WATCH,1642756274662,1642756273278,4,1642756273117,0.043,-0.017,-0.052,-0.013,0.025,0.013,70
WATCH,1642756274662,1642756273278,4,1642756273127,0.002,-0.006,-0.051,-0.013,0.023,0.017,70
WATCH,1642756274662,1642756273278,4,1642756273137,-0.041,0.000,-0.063,-0.015,0.020,0.015,70
WATCH,1642756274662,1642756273278,4,1642756273147,-0.050,0.024,-0.087,-0.017,0.012,0.012,70
WATCH,1642756274662,1642756273278,4,1642756273156,-0.054,0.021,-0.109,-0.019,0.012,0.008,70
WATCH,1642756274662,1642756273278,4,1642756273167,-0.073,0.020,-0.128,-0.014,0.016,0.008,70
WATCH,1642756274748,1642756273364,4,1642756273176,-0.101,0.020,-0.130,-0.011,0.015,0.008,70
WATCH,1642756274749,1642756273365,4,1642756273187,-0.130,0.010,-0.127,-0.008,0.012,0.007,70
WATCH,1642756274749,1642756273365,4,1642756273197,-0.134,-0.001,-0.127,-0.003,0.016,0.004,70
WATCH,1642756274749,1642756273365,4,1642756273206,-0.111,-0.009,-0.151,-0.005,0.019,-0.002,70
WATCH,1642756274749,1642756273365,4,1642756273216,-0.077,-0.037,-0.157,-0.009,0.024,-0.014,70
WATCH,1642756274749,1642756273365,4,1642756273226,0.008,-0.031,-0.156,0.006,0.043,-0.030,70
WATCH,1642756274749,1642756273365,4,1642756273236,0.120,0.005,-0.127,-0.011,0.040,-0.036,70
WATCH,1642756274749,1642756273365,4,1642756273246,0.215,0.025,-0.069,-0.018,0.023,-0.025,70
WATCH,1642756274749,1642756273365,4,1642756273256,0.281,0.037,-0.053,-0.014,0.004,-0.017,70
WATCH,1642756274749,1642756273365,4,1642756273266,0.292,0.067,-0.043,-0.015,-0.026,0.001,70
WATCH,1642756274814,1642756273430,4,1642756273276,0.276,0.113,-0.042,-0.012,-0.060,0.030,70
WATCH,1642756274814,1642756273430,4,1642756273286,0.139,0.032,-0.032,0.008,-0.099,0.057,70
WATCH,1642756274815,1642756273431,4,1642756273296,0.086,-0.049,-0.110,0.044,-0.054,0.029,70
WATCH,1642756274815,1642756273431,4,1642756273306,0.186,-0.002,-0.169,0.028,0.024,-0.030,70
WATCH,1642756274815,1642756273431,4,1642756273316,0.290,0.057,-0.068,-0.013,0.030,-0.034,70
WATCH,1642756274815,1642756273431,4,1642756273326,0.330,0.024,-0.107,-0.014,0.006,-0.013,70
WATCH,1642756274816,1642756273432,4,1642756273336,0.307,-0.039,-0.185,0.013,-0.012,-0.009,70
WATCH,1642756274816,1642756273432,4,1642756273346,0.300,-0.067,-0.170,0.017,-0.007,-0.026,70
WATCH,1642756274816,1642756273432,4,1642756273355,0.313,-0.066,-0.155,0.021,0.005,-0.043,70
WATCH,1642756274816,1642756273432,4,1642756273365,0.368,-0.090,-0.161,0.016,0.009,-0.050,70
WATCH,1642756274902,1642756273518,4,1642756273375,0.398,-0.093,-0.152,0.015,-0.008,-0.053,70
WATCH,1642756274902,1642756273518,4,1642756273386,0.376,-0.086,-0.118,0.016,-0.039,-0.042,70
WATCH,1642756274903,1642756273519,4,1642756273395,0.268,-0.130,-0.096,0.021,-0.084,-0.017,70
WATCH,1642756274903,1642756273519,4,1642756273405,0.145,-0.195,-0.122,0.038,-0.096,-0.016,70
WATCH,1642756274903,1642756273519,4,1642756273415,0.113,-0.166,-0.086,0.050,-0.053,-0.012,70
WATCH,1642756274966,1642756273582,4,1642756273425,0.028,-0.309,-0.106,0.042,-0.031,-0.004,70
WATCH,1642756274967,1642756273583,4,1642756273435,0.174,-0.279,-0.191,0.043,0.083,-0.029,70
WATCH,1642756274967,1642756273583,4,1642756273445,0.171,-0.191,-0.035,-0.008,0.092,-0.024,70
WATCH,1642756274967,1642756273583,4,1642756273455,0.078,-0.134,0.017,0.002,0.008,0.016,70
WATCH,1642756274967,1642756273583,4,1642756273465,-0.185,-0.184,-0.087,-0.003,-0.086,0.057,70
WATCH,1642756274967,1642756273583,4,1642756273475,-0.356,-0.156,-0.086,-0.000,-0.057,0.063,70
WATCH,1642756274967,1642756273583,4,1642756273485,-0.432,-0.103,-0.055,-0.013,-0.027,0.040,70
WATCH,1642756274967,1642756273583,4,1642756273495,-0.444,-0.076,-0.111,-0.026,-0.027,0.036,70
WATCH,1642756274967,1642756273583,4,1642756273505,-0.443,-0.070,-0.152,-0.024,-0.009,0.043,70
WATCH,1642756274967,1642756273583,4,1642756273515,-0.413,-0.071,-0.180,-0.015,0.026,0.036,70
WATCH,1642756275026,1642756273642,4,1642756273525,-0.348,-0.068,-0.206,-0.010,0.048,0.022,70
WATCH,1642756275026,1642756273642,4,1642756273535,-0.267,-0.072,-0.233,-0.008,0.067,0.010,70
WATCH,1642756275026,1642756273642,4,1642756273545,-0.197,-0.066,-0.257,-0.007,0.087,0.001,70
WATCH,1642756275026,1642756273642,4,1642756273555,-0.142,-0.064,-0.289,-0.013,0.087,-0.003,70
WATCH,1642756275026,1642756273642,4,1642756273564,-0.089,-0.044,-0.286,-0.020,0.072,-0.008,70
WATCH,1642756275084,1642756273700,4,1642756273574,-0.092,-0.021,-0.264,-0.014,0.052,-0.001,70
WATCH,1642756275085,1642756273701,4,1642756273584,-0.135,0.000,-0.235,-0.012,0.015,0.009,70
WATCH,1642756275085,1642756273701,4,1642756273594,-0.187,0.013,-0.211,-0.010,-0.021,0.014,70
WATCH,1642756275085,1642756273701,4,1642756273604,-0.235,0.019,-0.183,-0.012,-0.040,0.018,70
WATCH,1642756275085,1642756273701,4,1642756273614,-0.264,0.020,-0.159,-0.009,-0.040,0.017,70
WATCH,1642756275147,1642756273763,4,1642756273624,-0.268,0.024,-0.138,-0.007,-0.031,0.015,70
WATCH,1642756275147,1642756273763,4,1642756273634,-0.260,0.026,-0.128,-0.006,-0.016,0.017,70
WATCH,1642756275147,1642756273763,4,1642756273644,-0.227,0.032,-0.123,-0.008,0.002,0.019,70
WATCH,1642756275147,1642756273763,4,1642756273654,-0.200,0.035,-0.123,-0.008,0.020,0.019,70
WATCH,1642756275147,1642756273763,4,1642756273664,-0.173,0.049,-0.123,-0.009,0.033,0.021,70
WATCH,1642756275204,1642756273820,4,1642756273674,-0.151,0.055,-0.127,-0.011,0.036,0.020,70
WATCH,1642756275204,1642756273820,4,1642756273684,-0.134,0.073,-0.123,-0.012,0.030,0.021,70
WATCH,1642756275208,1642756273824,4,1642756273694,-0.133,0.085,-0.125,-0.014,0.022,0.018,70
WATCH,1642756275208,1642756273824,4,1642756273704,-0.136,0.097,-0.124,-0.013,0.019,0.019,70
WATCH,1642756275208,1642756273824,4,1642756273714,-0.136,0.114,-0.123,-0.011,0.015,0.014,70
WATCH,1642756275208,1642756273824,4,1642756273724,-0.129,0.113,-0.119,-0.011,0.008,0.011,70
WATCH,1642756275208,1642756273824,4,1642756273734,-0.131,0.111,-0.122,-0.008,0.003,0.008,70
WATCH,1642756275208,1642756273824,4,1642756273743,-0.121,0.117,-0.108,-0.004,0.001,0.004,70
WATCH,1642756275208,1642756273824,4,1642756273753,-0.116,0.121,-0.103,-0.002,-0.005,0.002,70
WATCH,1642756275209,1642756273825,4,1642756273763,-0.119,0.110,-0.090,0.002,-0.008,0.003,70
WATCH,1642756275264,1642756273880,4,1642756273773,-0.108,0.097,-0.082,0.004,-0.005,-0.005,70
WATCH,1642756275264,1642756273880,4,1642756273783,-0.094,0.093,-0.073,0.006,-0.004,-0.008,70
WATCH,1642756275264,1642756273880,4,1642756273793,-0.089,0.087,-0.051,0.008,-0.005,-0.008,70
WATCH,1642756275264,1642756273880,4,1642756273803,-0.097,0.080,-0.037,0.011,-0.009,-0.006,70
WATCH,1642756275264,1642756273880,4,1642756273813,-0.097,0.063,-0.022,0.010,-0.014,-0.007,70
WATCH,1642756275326,1642756273942,4,1642756273823,-0.101,0.049,-0.010,0.013,-0.014,-0.010,70
WATCH,1642756275326,1642756273942,4,1642756273833,-0.097,0.032,0.006,0.011,-0.009,-0.013,70
WATCH,1642756275326,1642756273942,4,1642756273843,-0.083,0.014,0.015,0.016,0.001,-0.017,70
WATCH,1642756275326,1642756273942,4,1642756273853,-0.056,-0.001,0.019,0.019,0.013,-0.018,70
WATCH,1642756275326,1642756273942,4,1642756273863,-0.024,-0.021,0.018,0.020,0.018,-0.017,70
WATCH,1642756275388,1642756274004,4,1642756273873,0.009,-0.039,0.020,0.024,0.023,-0.015,70
WATCH,1642756275388,1642756274004,4,1642756273883,0.042,-0.058,0.017,0.025,0.027,-0.014,70
WATCH,1642756275388,1642756274004,4,1642756273893,0.066,-0.076,0.018,0.024,0.023,-0.012,70
WATCH,1642756275389,1642756274005,4,1642756273903,0.090,-0.090,0.024,0.023,0.021,-0.011,70
WATCH,1642756275389,1642756274005,4,1642756273913,0.114,-0.106,0.035,0.022,0.020,-0.011,70
WATCH,1642756275446,1642756274062,4,1642756273922,0.128,-0.116,0.039,0.019,0.016,-0.009,70
WATCH,1642756275446,1642756274062,4,1642756273932,0.136,-0.121,0.046,0.014,0.010,-0.006,70
WATCH,1642756275447,1642756274063,4,1642756273942,0.131,-0.131,0.055,0.011,0.006,-0.006,70
WATCH,1642756275447,1642756274063,4,1642756273953,0.126,-0.127,0.055,0.008,0.003,-0.003,70
WATCH,1642756275447,1642756274063,4,1642756273963,0.108,-0.132,0.060,0.003,-0.000,-0.001,70
WATCH,1642756275591,1642756274207,4,1642756274112,-0.296,0.009,0.015,0.045,-0.004,0.012,70
WATCH,1642756275564,1642756274180,4,1642756273972,0.085,-0.130,0.064,0.000,-0.004,-0.001,70
WATCH,1642756275565,1642756274181,4,1642756273983,0.061,-0.123,0.070,-0.003,-0.002,-0.003,70
WATCH,1642756275565,1642756274181,4,1642756273992,0.031,-0.107,0.070,-0.005,-0.007,-0.003,70
WATCH,1642756275565,1642756274181,4,1642756274002,0.017,-0.093,0.074,-0.009,-0.004,0.013,70
WATCH,1642756275565,1642756274181,4,1642756274012,-0.006,-0.081,0.077,-0.012,0.005,0.027,70
WATCH,1642756275565,1642756274181,4,1642756274022,-0.003,-0.061,0.076,-0.007,0.007,0.034,70
WATCH,1642756275565,1642756274181,4,1642756274032,-0.015,-0.028,0.064,-0.008,0.013,0.038,70
WATCH,1642756275566,1642756274182,4,1642756274042,-0.368,0.100,-0.074,-0.003,0.020,0.042,70
WATCH,1642756275566,1642756274182,4,1642756274052,-0.491,0.146,-0.126,0.029,-0.018,0.005,70
WATCH,1642756275566,1642756274182,4,1642756274062,-0.494,0.134,-0.124,0.028,-0.063,-0.058,70
WATCH,1642756275591,1642756274207,4,1642756274072,-0.405,0.107,-0.086,0.032,-0.056,-0.078,70
WATCH,1642756275591,1642756274207,4,1642756274082,-0.318,0.050,0.003,0.050,-0.029,-0.061,70
WATCH,1642756275591,1642756274207,4,1642756274092,-0.313,0.016,0.018,0.045,-0.005,-0.021,70
WATCH,1642756275622,1642756274238,4,1642756274131,-0.249,-0.009,0.028,0.045,-0.005,0.015,70
WATCH,1642756275622,1642756274238,4,1642756274141,-0.233,-0.019,0.029,0.048,-0.005,0.017,70
WATCH,1642756275622,1642756274238,4,1642756274151,-0.219,-0.031,0.032,0.049,-0.006,0.019,70
WATCH,1642756275622,1642756274238,4,1642756274161,-0.213,-0.031,0.004,0.046,-0.012,0.020,70
WATCH,1642756275649,1642756274265,4,1642756274171,-0.198,-0.037,0.006,0.050,-0.014,0.020,70
WATCH,1642756275649,1642756274265,4,1642756274181,-0.191,-0.049,-0.008,0.051,-0.008,0.021,70
WATCH,1642756275650,1642756274266,4,1642756274191,-0.161,-0.078,-0.006,0.048,-0.008,0.020,70
WATCH,1642756275650,1642756274266,4,1642756274201,-0.150,-0.085,0.001,0.043,-0.002,0.022,70
WATCH,1642756275650,1642756274266,4,1642756274211,-0.195,-0.071,-0.070,0.036,-0.002,0.026,70
WATCH,1642756275715,1642756274331,4,1642756274221,-0.168,-0.127,-0.025,0.043,-0.013,0.025,70
WATCH,1642756275715,1642756274331,4,1642756274231,0.069,-0.237,0.234,0.034,0.007,0.022,70
WATCH,1642756275715,1642756274331,4,1642756274241,-0.099,-0.095,-0.030,-0.018,0.042,0.025,70
WATCH,1642756275715,1642756274331,4,1642756274251,-0.019,-0.154,0.061,0.033,0.001,0.036,70
WATCH,1642756275715,1642756274331,4,1642756274261,-0.003,-0.165,0.072,0.016,0.009,0.046,70
WATCH,1642756275804,1642756274420,4,1642756274270,0.033,-0.143,0.087,-0.002,0.025,0.044,70
WATCH,1642756275807,1642756274423,4,1642756274280,0.044,-0.144,0.106,-0.002,0.024,0.051,70
WATCH,1642756275807,1642756274423,4,1642756274290,0.045,-0.129,0.119,-0.002,0.018,0.060,70
WATCH,1642756275807,1642756274423,4,1642756274300,0.018,-0.110,0.129,-0.001,0.011,0.062,70
WATCH,1642756275809,1642756274425,4,1642756274310,0.005,-0.095,0.136,0.004,0.005,0.063,70
WATCH,1642756275810,1642756274426,4,1642756274320,-0.013,-0.077,0.143,0.017,0.006,0.063,70
WATCH,1642756275810,1642756274426,4,1642756274330,-0.018,-0.052,0.141,0.020,0.013,0.062,70
WATCH,1642756275811,1642756274427,4,1642756274340,-0.041,-0.036,0.154,0.021,0.019,0.066,70
WATCH,1642756275811,1642756274427,4,1642756274350,-0.083,-0.004,0.148,0.021,0.020,0.069,70
WATCH,1642756275811,1642756274427,4,1642756274360,-0.136,0.037,0.138,0.019,0.010,0.068,70
WATCH,1642756275898,1642756274514,4,1642756274370,-0.191,0.067,0.108,0.010,-0.009,0.072,70
WATCH,1642756275898,1642756274514,4,1642756274380,-0.235,0.098,0.066,0.003,-0.016,0.065,70
WATCH,1642756275898,1642756274514,4,1642756274390,-0.276,0.119,0.045,0.008,-0.007,0.058,70
WATCH,1642756275898,1642756274514,4,1642756274400,-0.296,0.130,0.033,0.015,0.012,0.051,70
WATCH,1642756275898,1642756274514,4,1642756274410,-0.302,0.151,0.041,0.019,0.037,0.049,70
WATCH,1642756275954,1642756274570,4,1642756274420,-0.295,0.159,0.055,0.025,0.053,0.049,70
WATCH,1642756275954,1642756274570,4,1642756274430,-0.267,0.169,0.075,0.025,0.063,0.046,70
WATCH,1642756275954,1642756274570,4,1642756274440,-0.220,0.167,0.093,0.024,0.064,0.037,70
WATCH,1642756275954,1642756274570,4,1642756274450,-0.173,0.175,0.099,0.024,0.058,0.029,70
WATCH,1642756275954,1642756274570,4,1642756274460,-0.134,0.175,0.110,0.027,0.053,0.020,70
WATCH,1642756275955,1642756274571,4,1642756274470,-0.094,0.166,0.109,0.031,0.044,0.020,70
WATCH,1642756275955,1642756274571,4,1642756274480,-0.026,0.146,0.113,0.039,0.039,0.014,70
WATCH,1642756275955,1642756274571,4,1642756274490,0.044,0.140,0.132,0.046,0.035,0.017,70
WATCH,1642756275956,1642756274572,4,1642756274499,0.099,0.114,0.155,0.051,0.029,0.025,70
WATCH,1642756275956,1642756274572,4,1642756274510,0.153,0.081,0.163,0.050,0.023,0.030,70
WATCH,1642756276015,1642756274631,4,1642756274519,0.202,0.049,0.161,0.046,0.025,0.027,70
WATCH,1642756276015,1642756274631,4,1642756274529,0.227,0.030,0.164,0.040,0.029,0.020,70
WATCH,1642756276015,1642756274631,4,1642756274540,0.255,0.026,0.184,0.038,0.033,0.020,70
WATCH,1642756276015,1642756274631,4,1642756274549,0.291,0.028,0.209,0.045,0.037,0.024,70
WATCH,1642756276015,1642756274631,4,1642756274559,0.306,0.017,0.226,0.051,0.036,0.035,70
WATCH,1642756276074,1642756274690,4,1642756274569,0.340,-0.008,0.222,0.052,0.031,0.042,70
WATCH,1642756276074,1642756274690,4,1642756274579,0.408,-0.008,0.211,0.043,0.034,0.032,70
WATCH,1642756276074,1642756274690,4,1642756274589,0.463,-0.001,0.192,0.029,0.039,0.024,70
WATCH,1642756276074,1642756274690,4,1642756274599,0.461,0.009,0.182,0.021,0.044,0.031,70
WATCH,1642756276074,1642756274690,4,1642756274609,0.430,0.018,0.178,0.026,0.028,0.043,70
WATCH,1642756276135,1642756274751,4,1642756274619,0.380,0.006,0.181,0.036,0.005,0.054,70
WATCH,1642756276135,1642756274751,4,1642756274629,0.343,-0.006,0.168,0.043,-0.011,0.063,70
WATCH,1642756276135,1642756274751,4,1642756274639,0.326,-0.009,0.164,0.036,-0.006,0.061,70
WATCH,1642756276135,1642756274751,4,1642756274649,0.329,0.010,0.157,0.026,0.008,0.054,70
WATCH,1642756276136,1642756274752,4,1642756274659,0.317,0.031,0.157,0.016,0.017,0.053,70
WATCH,1642756276200,1642756274816,4,1642756274668,0.311,0.046,0.153,0.013,0.012,0.054,70
WATCH,1642756276200,1642756274816,4,1642756274678,0.313,0.061,0.140,0.011,0.002,0.047,70
WATCH,1642756276200,1642756274816,4,1642756274689,0.289,0.090,0.138,0.010,0.003,0.046,70
WATCH,1642756276200,1642756274816,4,1642756274698,0.240,0.118,0.150,0.013,0.000,0.054,70
WATCH,1642756276200,1642756274816,4,1642756274708,0.225,0.133,0.141,0.026,-0.010,0.064,70
WATCH,1642756276252,1642756274868,4,1642756274719,0.241,0.129,0.150,0.032,-0.007,0.060,70
WATCH,1642756276252,1642756274868,4,1642756274728,0.274,0.123,0.160,0.021,0.006,0.050,70
WATCH,1642756276254,1642756274870,4,1642756274738,0.309,0.141,0.163,0.014,0.013,0.043,70
WATCH,1642756276254,1642756274870,4,1642756274748,0.343,0.144,0.179,0.018,0.010,0.037,70
WATCH,1642756276254,1642756274870,4,1642756274758,0.366,0.147,0.182,0.014,0.001,0.031,70
WATCH,1642756276254,1642756274870,4,1642756274768,-0.236,0.221,-0.104,-0.009,-0.025,0.047,70
WATCH,1642756276254,1642756274870,4,1642756274778,0.079,0.107,0.067,0.011,-0.091,0.045,70
WATCH,1642756276254,1642756274870,4,1642756274788,-0.023,0.160,0.038,0.056,0.036,0.008,70
WATCH,1642756276254,1642756274870,4,1642756274798,0.096,0.126,0.075,0.008,0.034,0.021,70
WATCH,1642756276254,1642756274870,4,1642756274808,0.069,0.114,0.044,-0.005,0.008,0.017,70
WATCH,1642756276312,1642756274928,4,1642756274818,0.056,0.107,0.045,0.002,-0.001,0.026,70
WATCH,1642756276312,1642756274928,4,1642756274828,0.055,0.107,0.054,0.005,0.013,0.033,70
WATCH,1642756276312,1642756274928,4,1642756274838,0.070,0.112,0.058,-0.003,0.025,0.036,70
WATCH,1642756276312,1642756274928,4,1642756274848,0.078,0.118,0.061,-0.002,0.018,0.040,70
WATCH,1642756276312,1642756274928,4,1642756274857,0.020,0.130,0.040,0.008,0.007,0.046,70
WATCH,1642756276374,1642756274990,4,1642756274867,0.028,0.122,0.051,0.019,0.008,0.056,70
WATCH,1642756276374,1642756274990,4,1642756274877,0.099,0.111,0.029,0.004,0.031,0.040,70
WATCH,1642756276374,1642756274990,4,1642756274887,0.140,0.129,0.028,-0.010,0.035,0.028,70
WATCH,1642756276374,1642756274990,4,1642756274897,0.127,0.150,0.043,0.010,0.026,0.040,70
WATCH,1642756276374,1642756274990,4,1642756274907,0.108,0.154,0.044,0.009,0.012,0.048,70
WATCH,1642756276439,1642756275055,4,1642756274917,0.078,0.147,0.036,-0.001,-0.008,0.039,70
WATCH,1642756276439,1642756275055,4,1642756274927,0.024,0.158,0.029,0.000,-0.020,0.041,70
WATCH,1642756276439,1642756275055,4,1642756274937,-0.014,0.157,0.030,-0.000,-0.016,0.038,70
WATCH,1642756276439,1642756275055,4,1642756274947,-0.030,0.166,0.019,-0.011,-0.009,0.032,70
WATCH,1642756276439,1642756275055,4,1642756274957,-0.064,0.192,0.004,-0.021,-0.017,0.022,70
