Device,PTPTime,UnixTime,Protocool,CurrentDeviceTime,GyroX,GyroY,GyroZ,AccX,AccY,AccZ,HeartRate
WATCH,1642756309887,1642756308503,4,1642756308200,1.036,-0.517,-0.626,-0.116,0.822,-0.608,88
WATCH,1642756309888,1642756308504,4,1642756308210,1.437,-0.281,-0.743,-0.173,0.651,-0.306,88
WATCH,1642756309888,1642756308504,4,1642756308220,1.416,-0.211,-0.911,-0.150,0.327,-0.046,88
WATCH,1642756309888,1642756308504,4,1642756308230,1.072,-0.222,-1.013,-0.060,0.042,0.132,88
WATCH,1642756309888,1642756308504,4,1642756308240,0.565,-0.227,-1.006,0.006,-0.154,0.230,88
WATCH,1642756309888,1642756308504,4,1642756308250,0.098,-0.230,-0.828,0.070,-0.279,0.266,88
WATCH,1642756309888,1642756308504,4,1642756308259,-0.330,-0.267,-0.554,0.150,-0.335,0.269,88
WATCH,1642756309889,1642756308505,4,1642756308270,-0.720,-0.315,-0.281,0.183,-0.370,0.248,88
WATCH,1642756309889,1642756308505,4,1642756308279,-1.156,-0.347,-0.066,0.156,-0.394,0.247,88
WATCH,1642756309940,1642756308556,4,1642756308289,-1.662,-0.403,0.087,0.125,-0.374,0.265,88
WATCH,1642756309941,1642756308557,4,1642756308300,-2.057,-0.513,0.196,0.116,-0.329,0.258,88
WATCH,1642756309941,1642756308557,4,1642756308309,-2.297,-0.577,0.292,0.087,-0.257,0.217,88
WATCH,1642756309941,1642756308557,4,1642756308319,-2.449,-0.598,0.349,0.029,-0.158,0.175,88
WATCH,1642756309941,1642756308557,4,1642756308329,-2.505,-0.536,0.358,-0.036,-0.084,0.131,88
WATCH,1642756309941,1642756308557,4,1642756308339,-2.451,-0.432,0.342,-0.103,-0.067,0.094,88
WATCH,1642756309941,1642756308557,4,1642756308349,-2.330,-0.315,0.287,-0.183,-0.076,0.067,88
WATCH,1642756309941,1642756308557,4,1642756308359,-2.279,-0.130,0.164,-0.283,-0.078,0.089,88
WATCH,1642756309942,1642756308558,4,1642756308369,-2.285,0.082,0.062,-0.366,-0.065,0.127,88
WATCH,1642756309942,1642756308558,4,1642756308379,-2.184,0.354,-0.053,-0.427,-0.052,0.141,88
WATCH,1642756309973,1642756308589,4,1642756308389,-1.969,0.591,-0.144,-0.420,0.012,0.144,88
WATCH,1642756309973,1642756308589,4,1642756308399,-1.732,0.692,-0.156,-0.270,0.130,0.142,88
WATCH,1642756309974,1642756308590,4,1642756308409,-1.476,0.632,-0.184,-0.068,0.191,0.126,88
WATCH,1642756309974,1642756308590,4,1642756308419,-1.175,0.567,-0.206,0.081,0.148,0.089,88
WATCH,1642756309974,1642756308590,4,1642756308429,-1.035,0.438,-0.153,0.206,0.065,0.060,88
WATCH,1642756309974,1642756308590,4,1642756308439,-0.837,0.314,-0.055,0.369,-0.043,0.054,88
WATCH,1642756309974,1642756308590,4,1642756308449,-0.822,0.118,0.242,0.561,-0.136,0.032,88
WATCH,1642756309974,1642756308590,4,1642756308458,-0.811,-0.168,0.762,0.725,-0.228,0.016,88
WATCH,1642756309974,1642756308590,4,1642756308468,-0.681,-0.461,1.392,0.793,-0.260,-0.012,88
WATCH,1642756309974,1642756308590,4,1642756308478,-0.473,-0.610,2.066,0.730,-0.203,-0.036,88
WATCH,1642756310007,1642756308623,4,1642756308488,-0.311,-0.578,2.417,0.549,-0.113,-0.040,88
WATCH,1642756310007,1642756308623,4,1642756308499,0.014,-0.705,2.654,0.406,-0.043,-0.010,88
WATCH,1642756310007,1642756308623,4,1642756308508,0.591,-0.890,3.079,0.371,0.072,0.022,88
WATCH,1642756310007,1642756308623,4,1642756308518,1.068,-0.926,3.374,0.271,0.241,0.141,88
WATCH,1642756310007,1642756308623,4,1642756308528,0.737,0.519,2.763,-0.310,0.094,0.471,88
WATCH,1642756310034,1642756308650,4,1642756308538,-0.425,-0.060,0.905,-1.335,-0.462,1.038,88
WATCH,1642756310034,1642756308650,4,1642756308548,-2.581,-1.228,1.006,-0.627,-0.749,1.580,88
WATCH,1642756310035,1642756308651,4,1642756308558,-4.070,-1.434,2.102,0.167,-0.555,1.278,88
WATCH,1642756310035,1642756308651,4,1642756308568,-4.974,-1.286,2.057,0.303,-0.013,0.592,88
WATCH,1642756310035,1642756308651,4,1642756308578,-5.318,-1.217,1.713,0.115,0.116,0.082,88
WATCH,1642756310091,1642756308707,4,1642756308588,-4.462,-0.936,1.153,-0.310,0.372,-0.487,88
WATCH,1642756310092,1642756308708,4,1642756308598,-2.416,-0.494,0.445,-0.593,0.923,-1.047,88
WATCH,1642756310092,1642756308708,4,1642756308608,-0.631,-0.006,0.066,-0.563,1.503,-1.119,88
WATCH,1642756310092,1642756308708,4,1642756308618,0.264,0.064,-0.424,-0.354,1.311,-0.744,88
WATCH,1642756310092,1642756308708,4,1642756308628,0.437,0.069,-0.226,-0.200,0.601,-0.367,88
WATCH,1642756310155,1642756308771,4,1642756308637,0.299,0.199,-0.085,-0.129,0.313,-0.132,88
WATCH,1642756310155,1642756308771,4,1642756308648,0.080,0.291,-0.086,-0.164,0.136,0.013,88
WATCH,1642756310156,1642756308772,4,1642756308657,-0.156,0.461,0.009,-0.190,0.055,0.097,88
WATCH,1642756310156,1642756308772,4,1642756308667,-0.212,0.607,0.042,-0.206,0.042,0.069,88
WATCH,1642756310156,1642756308772,4,1642756308678,-0.199,0.678,0.066,-0.262,0.035,-0.022,88
WATCH,1642756310213,1642756308829,4,1642756308687,-0.190,0.652,0.078,-0.267,0.040,-0.110,88
WATCH,1642756310214,1642756308830,4,1642756308697,-0.204,0.593,0.093,-0.238,0.060,-0.133,88
WATCH,1642756310215,1642756308831,4,1642756308707,-0.216,0.507,0.070,-0.206,0.048,-0.102,88
WATCH,1642756310215,1642756308831,4,1642756308717,-0.203,0.400,0.032,-0.158,0.045,-0.053,88
WATCH,1642756310215,1642756308831,4,1642756308727,-0.133,0.294,-0.033,-0.107,0.060,-0.019,88
WATCH,1642756310277,1642756308893,4,1642756308737,-0.128,0.169,-0.119,-0.082,0.080,0.024,88
WATCH,1642756310277,1642756308893,4,1642756308747,-0.134,0.112,-0.162,-0.041,0.075,0.075,88
WATCH,1642756310277,1642756308893,4,1642756308757,-0.132,0.119,-0.171,-0.007,0.060,0.120,88
WATCH,1642756310277,1642756308893,4,1642756308767,-0.195,0.192,-0.163,0.019,0.043,0.188,88
WATCH,1642756310277,1642756308893,4,1642756308777,-0.301,0.268,-0.116,0.045,-0.004,0.236,88
WATCH,1642756310277,1642756308893,4,1642756308787,-0.401,0.337,-0.043,0.062,-0.052,0.222,88
WATCH,1642756310278,1642756308894,4,1642756308797,-0.418,0.388,0.042,0.065,-0.095,0.155,88
WATCH,1642756310278,1642756308894,4,1642756308807,-0.328,0.407,0.110,0.049,-0.106,0.090,88
WATCH,1642756310278,1642756308894,4,1642756308816,-0.190,0.394,0.162,0.032,-0.081,0.059,88
WATCH,1642756310278,1642756308894,4,1642756308826,-0.072,0.377,0.197,0.022,-0.050,0.075,88
WATCH,1642756310331,1642756308947,4,1642756308836,-0.019,0.391,0.235,0.009,-0.023,0.118,88
WATCH,1642756310331,1642756308947,4,1642756308846,-0.056,0.402,0.272,-0.002,-0.013,0.167,88
WATCH,1642756310331,1642756308947,4,1642756308856,-0.075,0.391,0.271,-0.027,0.004,0.165,88
WATCH,1642756310331,1642756308947,4,1642756308866,-0.083,0.390,0.253,-0.044,0.054,0.142,88
WATCH,1642756310331,1642756308947,4,1642756308876,-0.110,0.368,0.206,-0.067,0.091,0.125,88
WATCH,1642756310395,1642756309011,4,1642756308886,-0.152,0.368,0.162,-0.080,0.118,0.117,88
WATCH,1642756310395,1642756309011,4,1642756308896,-0.178,0.376,0.120,-0.088,0.123,0.113,88
WATCH,1642756310395,1642756309011,4,1642756308906,-0.178,0.391,0.086,-0.094,0.127,0.097,88
WATCH,1642756310395,1642756309011,4,1642756308916,-0.141,0.410,0.045,-0.101,0.128,0.071,88
WATCH,1642756310395,1642756309011,4,1642756308926,-0.109,0.455,0.017,-0.101,0.121,0.055,88
WATCH,1642756310524,1642756309140,4,1642756308936,-0.048,0.495,-0.019,-0.105,0.111,0.044,88
WATCH,1642756310524,1642756309140,4,1642756308946,0.004,0.543,-0.037,-0.105,0.102,0.036,88
WATCH,1642756310524,1642756309140,4,1642756308956,0.064,0.586,-0.066,-0.100,0.096,0.034,88
WATCH,1642756310524,1642756309140,4,1642756308966,0.119,0.591,-0.092,-0.092,0.089,0.020,88
WATCH,1642756310524,1642756309140,4,1642756308976,0.191,0.599,-0.108,-0.077,0.099,0.013,88
WATCH,1642756310524,1642756309140,4,1642756308986,0.302,0.573,-0.123,-0.070,0.107,-0.010,88
WATCH,1642756310524,1642756309140,4,1642756308996,0.401,0.560,-0.143,-0.065,0.112,-0.009,88
WATCH,1642756310524,1642756309140,4,1642756309005,0.461,0.559,-0.154,-0.055,0.118,0.021,88
WATCH,1642756310524,1642756309140,4,1642756309015,0.499,0.571,-0.161,-0.046,0.110,0.044,88
WATCH,1642756310524,1642756309140,4,1642756309025,0.520,0.583,-0.156,-0.044,0.105,0.064,88
WATCH,1642756310610,1642756309226,4,1642756309035,0.530,0.602,-0.157,-0.049,0.101,0.075,88
WATCH,1642756310611,1642756309227,4,1642756309045,0.541,0.616,-0.152,-0.058,0.104,0.081,88
WATCH,1642756310611,1642756309227,4,1642756309055,0.547,0.627,-0.160,-0.065,0.104,0.075,88
WATCH,1642756310611,1642756309227,4,1642756309065,0.559,0.631,-0.162,-0.066,0.113,0.063,88
WATCH,1642756310611,1642756309227,4,1642756309075,0.583,0.610,-0.166,-0.063,0.126,0.054,88
WATCH,1642756310611,1642756309227,4,1642756309085,0.604,0.590,-0.180,-0.049,0.135,0.042,88
WATCH,1642756310611,1642756309227,4,1642756309095,0.637,0.575,-0.171,-0.043,0.138,0.031,88
WATCH,1642756310611,1642756309227,4,1642756309105,0.661,0.558,-0.163,-0.034,0.138,0.031,88
WATCH,1642756310611,1642756309227,4,1642756309115,0.671,0.548,-0.156,-0.026,0.133,0.047,88
WATCH,1642756310611,1642756309227,4,1642756309125,0.682,0.552,-0.141,-0.005,0.125,0.060,88
WATCH,1642756310664,1642756309280,4,1642756309135,0.680,0.563,-0.128,0.014,0.111,0.064,88
WATCH,1642756310664,1642756309280,4,1642756309145,0.702,0.574,-0.115,0.029,0.101,0.059,88
WATCH,1642756310664,1642756309280,4,1642756309155,0.726,0.588,-0.095,0.037,0.086,0.059,88
WATCH,1642756310664,1642756309280,4,1642756309165,0.745,0.603,-0.077,0.042,0.073,0.065,88
WATCH,1642756310664,1642756309280,4,1642756309175,0.787,0.608,-0.066,0.039,0.057,0.067,88
WATCH,1642756310664,1642756309280,4,1642756309185,0.825,0.619,-0.052,0.032,0.045,0.066,88
WATCH,1642756310664,1642756309280,4,1642756309194,0.863,0.619,-0.025,0.029,0.037,0.065,88
WATCH,1642756310664,1642756309280,4,1642756309205,0.884,0.608,-0.025,0.021,0.034,0.062,88
WATCH,1642756310664,1642756309280,4,1642756309214,0.888,0.605,-0.013,0.009,0.038,0.065,88
WATCH,1642756310664,1642756309280,4,1642756309224,0.902,0.608,-0.012,0.006,0.039,0.073,88
WATCH,1642756310725,1642756309341,4,1642756309235,0.907,0.615,-0.001,0.001,0.037,0.086,88
WATCH,1642756310725,1642756309341,4,1642756309244,0.901,0.611,0.009,-0.005,0.041,0.100,88
WATCH,1642756310725,1642756309341,4,1642756309254,0.910,0.597,0.024,-0.006,0.043,0.106,88
WATCH,1642756310725,1642756309341,4,1642756309265,0.934,0.583,0.017,-0.004,0.052,0.103,88
WATCH,1642756310725,1642756309341,4,1642756309274,0.947,0.573,0.022,0.004,0.063,0.105,88
WATCH,1642756310785,1642756309401,4,1642756309284,0.973,0.551,0.020,0.009,0.068,0.104,88
WATCH,1642756310785,1642756309401,4,1642756309294,0.987,0.542,0.011,0.008,0.070,0.102,88
WATCH,1642756310785,1642756309401,4,1642756309304,1.014,0.535,0.014,0.013,0.074,0.101,88
WATCH,1642756310785,1642756309401,4,1642756309314,1.035,0.531,0.015,0.009,0.077,0.091,88
WATCH,1642756310785,1642756309401,4,1642756309324,1.038,0.536,0.027,0.006,0.081,0.093,88
WATCH,1642756310845,1642756309461,4,1642756309334,1.029,0.551,0.035,-0.001,0.086,0.098,88
WATCH,1642756310845,1642756309461,4,1642756309344,1.052,0.576,0.040,-0.004,0.096,0.093,88
WATCH,1642756310846,1642756309462,4,1642756309354,1.062,0.601,0.045,-0.005,0.101,0.093,88
WATCH,1642756310846,1642756309462,4,1642756309364,1.076,0.623,0.051,-0.004,0.106,0.084,88
WATCH,1642756310846,1642756309462,4,1642756309374,1.100,0.645,0.055,-0.003,0.108,0.080,88
WATCH,1642756310902,1642756309518,4,1642756309384,1.115,0.680,0.058,-0.008,0.107,0.073,88
WATCH,1642756310902,1642756309518,4,1642756309394,1.171,0.691,0.064,-0.011,0.105,0.058,88
WATCH,1642756310902,1642756309518,4,1642756309404,1.227,0.698,0.057,-0.017,0.114,0.049,88
WATCH,1642756310902,1642756309518,4,1642756309413,1.288,0.728,0.064,-0.018,0.121,0.046,88
WATCH,1642756310902,1642756309518,4,1642756309423,1.369,0.734,0.060,-0.021,0.127,0.042,88
WATCH,1642756310995,1642756309611,4,1642756309434,1.455,0.753,0.047,-0.032,0.133,0.040,88
WATCH,1642756310996,1642756309612,4,1642756309443,1.537,0.789,0.059,-0.043,0.137,0.049,88
WATCH,1642756310996,1642756309612,4,1642756309453,1.618,0.820,0.036,-0.059,0.146,0.060,88
WATCH,1642756310996,1642756309612,4,1642756309463,1.696,0.855,0.026,-0.079,0.152,0.073,88
WATCH,1642756310996,1642756309612,4,1642756309473,1.740,0.904,0.021,-0.085,0.154,0.089,88
WATCH,1642756310996,1642756309612,4,1642756309483,1.786,0.958,0.000,-0.101,0.152,0.104,88
WATCH,1642756310996,1642756309612,4,1642756309493,1.824,0.986,-0.023,-0.113,0.156,0.118,88
WATCH,1642756310996,1642756309612,4,1642756309503,1.849,1.004,-0.056,-0.126,0.167,0.136,88
WATCH,1642756310996,1642756309612,4,1642756309513,1.878,0.996,-0.092,-0.139,0.181,0.150,88
WATCH,1642756310997,1642756309613,4,1642756309523,1.925,0.994,-0.140,-0.146,0.189,0.161,88
WATCH,1642756311051,1642756309667,4,1642756309533,1.967,0.965,-0.176,-0.140,0.182,0.179,88
WATCH,1642756311051,1642756309667,4,1642756309543,1.973,0.974,-0.208,-0.128,0.168,0.212,88
WATCH,1642756311051,1642756309667,4,1642756309553,1.898,0.982,-0.270,-0.129,0.136,0.258,88
WATCH,1642756311051,1642756309667,4,1642756309563,1.792,0.992,-0.326,-0.112,0.080,0.287,88
WATCH,1642756311051,1642756309667,4,1642756309572,1.601,1.022,-0.393,-0.090,0.004,0.294,88
WATCH,1642756311113,1642756309729,4,1642756309583,1.373,1.051,-0.451,-0.078,-0.068,0.297,88
WATCH,1642756311114,1642756309730,4,1642756309592,1.189,1.153,-0.461,-0.066,-0.122,0.253,88
WATCH,1642756311114,1642756309730,4,1642756309602,1.022,1.224,-0.437,-0.058,-0.162,0.193,88
WATCH,1642756311114,1642756309730,4,1642756309612,0.927,1.230,-0.397,-0.034,-0.172,0.122,88
WATCH,1642756311114,1642756309730,4,1642756309622,0.994,1.215,-0.321,0.007,-0.156,0.022,88
WATCH,1642756311177,1642756309793,4,1642756309632,1.107,1.164,-0.242,0.052,-0.104,-0.082,88
WATCH,1642756311177,1642756309793,4,1642756309642,1.203,1.111,-0.144,0.103,-0.129,-0.138,88
WATCH,1642756311177,1642756309793,4,1642756309652,1.217,1.069,-0.027,0.149,-0.206,-0.202,88
WATCH,1642756311177,1642756309793,4,1642756309662,1.145,1.040,0.078,0.187,-0.296,-0.250,88
WATCH,1642756311177,1642756309793,4,1642756309672,1.057,1.006,0.177,0.200,-0.332,-0.288,88
WATCH,1642756311177,1642756309793,4,1642756309682,1.005,0.967,0.217,0.209,-0.306,-0.327,88
WATCH,1642756311178,1642756309794,4,1642756309692,0.951,0.916,0.246,0.213,-0.243,-0.322,88
WATCH,1642756311178,1642756309794,4,1642756309702,0.973,0.839,0.211,0.179,-0.174,-0.311,88
WATCH,1642756311178,1642756309794,4,1642756309712,1.070,0.814,0.176,0.176,-0.152,-0.351,88
WATCH,1642756311178,1642756309794,4,1642756309722,0.983,0.772,0.099,0.197,-0.215,-0.326,88
WATCH,1642756311234,1642756309850,4,1642756309732,0.791,0.737,0.068,0.251,-0.279,-0.292,88
WATCH,1642756311234,1642756309850,4,1642756309742,0.644,0.793,0.024,0.264,-0.290,-0.274,88
WATCH,1642756311234,1642756309850,4,1642756309752,0.635,0.773,-0.018,0.240,-0.293,-0.219,88
WATCH,1642756311234,1642756309850,4,1642756309761,0.722,0.733,-0.132,0.214,-0.241,-0.202,88
WATCH,1642756311234,1642756309850,4,1642756309771,0.903,0.709,-0.155,0.224,-0.184,-0.184,88
WATCH,1642756311298,1642756309914,4,1642756309781,1.052,0.663,-0.166,0.219,-0.182,-0.125,88
WATCH,1642756311298,1642756309914,4,1642756309791,1.157,0.587,-0.206,0.212,-0.210,-0.031,88
WATCH,1642756311298,1642756309914,4,1642756309808,1.214,0.497,-0.109,0.229,-0.237,0.050,88
WATCH,1642756311298,1642756309914,4,1642756309811,1.180,0.453,0.069,0.251,-0.236,0.135,88
WATCH,1642756311298,1642756309914,4,1642756309821,1.053,0.435,0.232,0.227,-0.258,0.211,88
WATCH,1642756311363,1642756309979,4,1642756309831,0.875,0.416,0.356,0.178,-0.272,0.280,88
WATCH,1642756311364,1642756309980,4,1642756309841,0.656,0.366,0.442,0.128,-0.251,0.335,88
WATCH,1642756311364,1642756309980,4,1642756309851,0.511,0.333,0.494,0.088,-0.171,0.355,88
WATCH,1642756311364,1642756309980,4,1642756309861,0.390,0.275,0.524,0.056,-0.099,0.344,88
WATCH,1642756311364,1642756309980,4,1642756309871,0.308,0.257,0.495,0.012,-0.074,0.322,88
WATCH,1642756311423,1642756310039,4,1642756309881,0.172,0.218,0.456,-0.019,-0.055,0.321,88
WATCH,1642756311433,1642756310049,4,1642756309891,-0.056,0.146,0.418,-0.036,-0.029,0.309,88
WATCH,1642756311433,1642756310049,4,1642756309901,-0.256,0.064,0.364,-0.057,-0.021,0.283,88
WATCH,1642756311433,1642756310049,4,1642756309911,-0.363,0.001,0.299,-0.073,-0.024,0.235,88
WATCH,1642756311433,1642756310049,4,1642756309921,-0.428,-0.053,0.229,-0.075,-0.027,0.176,88
WATCH,1642756311436,1642756310052,4,1642756309931,-0.479,-0.104,0.198,-0.068,-0.040,0.132,88
WATCH,1642756311436,1642756310052,4,1642756309941,-0.543,-0.144,0.163,-0.058,-0.061,0.094,88
WATCH,1642756311436,1642756310052,4,1642756309950,-0.609,-0.172,0.126,-0.044,-0.099,0.073,88
WATCH,1642756311436,1642756310052,4,1642756309961,-0.708,-0.189,0.078,-0.032,-0.120,0.064,88
WATCH,1642756311436,1642756310052,4,1642756309970,-0.768,-0.195,0.042,-0.008,-0.111,0.043,88
WATCH,1642756311506,1642756310122,4,1642756309980,-0.787,-0.198,0.011,0.012,-0.078,-0.002,88
WATCH,1642756311506,1642756310122,4,1642756309991,-0.708,-0.213,-0.022,0.027,-0.018,-0.063,88
WATCH,1642756311506,1642756310122,4,1642756310000,-0.545,-0.213,-0.040,0.032,0.028,-0.127,88
WATCH,1642756311506,1642756310122,4,1642756310010,-0.398,-0.211,-0.061,0.030,0.050,-0.156,88
WATCH,1642756311506,1642756310122,4,1642756310020,-0.296,-0.213,-0.078,0.027,0.018,-0.158,88
WATCH,1642756311602,1642756310218,4,1642756310030,-0.251,-0.207,-0.072,0.028,-0.008,-0.137,88
WATCH,1642756311605,1642756310221,4,1642756310040,-0.244,-0.174,-0.066,0.020,-0.014,-0.107,88
WATCH,1642756311605,1642756310221,4,1642756310050,-0.255,-0.153,-0.071,0.008,-0.001,-0.080,88
WATCH,1642756311605,1642756310221,4,1642756310060,-0.209,-0.122,-0.057,0.003,0.011,-0.073,88
WATCH,1642756311605,1642756310221,4,1642756310070,-0.128,-0.100,-0.083,-0.008,0.049,-0.077,88
WATCH,1642756311605,1642756310221,4,1642756310080,-0.188,-0.119,-0.082,-0.016,0.069,-0.057,88
WATCH,1642756311605,1642756310221,4,1642756310090,-0.202,-0.130,-0.073,-0.011,0.080,-0.045,88
WATCH,1642756311605,1642756310221,4,1642756310100,-0.188,-0.147,-0.089,-0.021,0.094,-0.040,88
WATCH,1642756311605,1642756310221,4,1642756310110,-0.185,-0.164,-0.096,-0.021,0.096,-0.026,88
WATCH,1642756311605,1642756310221,4,1642756310120,-0.164,-0.180,-0.096,-0.020,0.102,-0.017,88
WATCH,1642756311623,1642756310239,4,1642756310130,-0.141,-0.181,-0.093,-0.016,0.101,-0.018,88
WATCH,1642756311623,1642756310239,4,1642756310140,-0.124,-0.181,-0.092,-0.011,0.089,-0.011,88
WATCH,1642756311623,1642756310239,4,1642756310149,-0.115,-0.170,-0.066,-0.003,0.078,-0.006,88
WATCH,1642756311623,1642756310239,4,1642756310159,-0.102,-0.158,-0.043,-0.004,0.065,0.002,88
WATCH,1642756311623,1642756310239,4,1642756310170,-0.103,-0.146,-0.025,-0.001,0.054,0.013,88
WATCH,1642756311753,1642756310369,4,1642756310180,-0.071,-0.131,-0.008,-0.005,0.050,0.007,88
WATCH,1642756311754,1642756310370,4,1642756310189,-0.065,-0.110,-0.003,-0.009,0.051,0.005,88
WATCH,1642756311754,1642756310370,4,1642756310200,-0.070,-0.095,0.023,-0.008,0.036,0.005,88
WATCH,1642756311754,1642756310370,4,1642756310209,-0.076,-0.064,0.035,-0.007,0.032,0.008,88
WATCH,1642756311754,1642756310370,4,1642756310219,-0.087,-0.044,0.037,-0.019,0.030,0.004,88
WATCH,1642756311771,1642756310387,4,1642756310229,-0.110,-0.019,0.061,-0.013,0.011,0.004,88
WATCH,1642756311771,1642756310387,4,1642756310239,-0.129,-0.003,0.041,-0.021,0.017,-0.000,88
WATCH,1642756311772,1642756310388,4,1642756310249,-0.140,0.020,0.060,-0.018,0.004,-0.008,88
WATCH,1642756311772,1642756310388,4,1642756310259,-0.156,0.031,0.062,-0.017,-0.010,-0.011,88
WATCH,1642756311772,1642756310388,4,1642756310269,-0.162,0.049,0.066,-0.013,-0.023,-0.012,88
WATCH,1642756311834,1642756310450,4,1642756310279,-0.153,0.051,0.062,-0.018,-0.018,-0.027,88
WATCH,1642756311835,1642756310451,4,1642756310288,-0.141,0.047,0.063,-0.018,-0.018,-0.034,88
WATCH,1642756311835,1642756310451,4,1642756310299,-0.099,0.046,0.054,-0.019,-0.015,-0.044,88
WATCH,1642756311835,1642756310451,4,1642756310309,-0.079,0.031,0.038,-0.019,-0.013,-0.047,88
WATCH,1642756311835,1642756310451,4,1642756310319,-0.058,0.015,0.022,-0.024,-0.008,-0.040,88
WATCH,1642756311835,1642756310451,4,1642756310333,-0.046,0.009,0.000,-0.027,-0.001,-0.034,88
WATCH,1642756311835,1642756310451,4,1642756310339,-0.025,0.005,-0.017,-0.026,0.004,-0.027,88
WATCH,1642756311835,1642756310451,4,1642756310348,-0.025,-0.005,-0.025,-0.025,-0.000,-0.022,88
WATCH,1642756311836,1642756310452,4,1642756310358,-0.033,-0.005,-0.036,-0.020,-0.005,-0.007,88
WATCH,1642756311836,1642756310452,4,1642756310368,-0.033,-0.014,-0.035,-0.015,-0.001,-0.006,88
WATCH,1642756311897,1642756310513,4,1642756310378,-0.027,-0.015,-0.029,-0.013,0.000,-0.002,88
WATCH,1642756311897,1642756310513,4,1642756310388,-0.028,-0.018,-0.021,-0.009,0.002,0.003,88
WATCH,1642756311897,1642756310513,4,1642756310398,-0.049,-0.007,-0.018,-0.009,0.007,0.019,88
WATCH,1642756311897,1642756310513,4,1642756310408,-0.049,-0.008,-0.014,-0.009,0.012,0.018,88
WATCH,1642756311897,1642756310513,4,1642756310418,-0.039,0.010,-0.018,-0.012,0.023,0.013,88
WATCH,1642756311955,1642756310571,4,1642756310428,-0.044,0.016,-0.020,-0.009,0.026,0.013,88
WATCH,1642756311955,1642756310571,4,1642756310438,-0.046,0.031,-0.020,-0.011,0.027,0.020,88
WATCH,1642756311955,1642756310571,4,1642756310448,-0.046,0.049,-0.016,-0.008,0.024,0.025,88
WATCH,1642756311955,1642756310571,4,1642756310458,-0.056,0.055,-0.015,-0.012,0.031,0.022,88
WATCH,1642756311955,1642756310571,4,1642756310468,-0.059,0.064,-0.012,-0.012,0.027,0.012,88
WATCH,1642756312023,1642756310639,4,1642756310478,-0.046,0.069,-0.019,-0.009,0.024,0.001,88
WATCH,1642756312023,1642756310639,4,1642756310488,-0.040,0.073,-0.015,-0.007,0.020,-0.004,88
WATCH,1642756312023,1642756310639,4,1642756310498,-0.042,0.060,-0.011,-0.004,0.014,-0.004,88
WATCH,1642756312023,1642756310639,4,1642756310507,-0.036,0.049,-0.003,0.000,0.012,-0.009,88
WATCH,1642756312023,1642756310639,4,1642756310517,-0.038,0.048,0.004,0.004,0.006,-0.020,88
WATCH,1642756312023,1642756310639,4,1642756310527,-0.029,0.035,0.013,0.003,0.004,-0.022,88
WATCH,1642756312023,1642756310639,4,1642756310537,-0.020,0.031,0.009,0.009,0.003,-0.028,88
WATCH,1642756312023,1642756310639,4,1642756310548,-0.016,0.010,0.011,0.014,-0.003,-0.035,88
WATCH,1642756312023,1642756310639,4,1642756310557,0.001,0.012,0.024,0.021,-0.012,-0.035,88
WATCH,1642756312023,1642756310639,4,1642756310567,0.016,-0.001,0.026,0.017,-0.007,-0.037,88
WATCH,1642756312074,1642756310690,4,1642756310577,0.034,-0.001,0.030,0.016,-0.007,-0.031,88
WATCH,1642756312075,1642756310691,4,1642756310587,0.035,-0.010,0.019,0.012,-0.003,-0.023,88
WATCH,1642756312075,1642756310691,4,1642756310597,0.042,-0.017,0.010,0.014,-0.007,-0.017,88
WATCH,1642756312075,1642756310691,4,1642756310607,0.048,-0.016,0.014,0.016,-0.007,-0.006,88
WATCH,1642756312075,1642756310691,4,1642756310617,0.049,-0.027,0.012,0.009,0.001,-0.006,88
WATCH,1642756312136,1642756310752,4,1642756310627,0.053,-0.041,0.017,0.007,-0.004,0.002,88
WATCH,1642756312136,1642756310752,4,1642756310637,0.043,-0.036,0.007,0.002,-0.001,0.008,88
WATCH,1642756312136,1642756310752,4,1642756310647,0.024,-0.031,0.018,0.001,0.005,0.021,88
WATCH,1642756312136,1642756310752,4,1642756310657,0.010,-0.028,0.020,-0.003,-0.001,0.026,88
WATCH,1642756312136,1642756310752,4,1642756310667,0.004,-0.027,0.004,-0.009,0.010,0.021,88
WATCH,1642756312199,1642756310815,4,1642756310677,-0.012,-0.035,0.000,-0.010,0.017,0.017,88
WATCH,1642756312199,1642756310815,4,1642756310686,0.002,-0.028,-0.001,-0.008,0.013,0.009,88
WATCH,1642756312199,1642756310815,4,1642756310697,0.015,-0.029,-0.001,-0.008,0.014,0.004,88
WATCH,1642756312199,1642756310815,4,1642756310706,0.024,-0.038,-0.007,-0.004,0.008,-0.002,88
WATCH,1642756312200,1642756310816,4,1642756310716,0.033,-0.039,-0.002,-0.000,0.001,-0.003,88
WATCH,1642756312286,1642756310902,4,1642756310727,0.032,-0.036,0.004,0.005,-0.002,-0.009,88
WATCH,1642756312288,1642756310904,4,1642756310736,0.027,-0.038,0.017,0.005,-0.008,-0.007,88
WATCH,1642756312288,1642756310904,4,1642756310746,0.005,-0.033,0.057,0.008,-0.024,-0.004,88
WATCH,1642756312289,1642756310905,4,1642756310756,-0.016,-0.004,0.063,-0.010,-0.012,0.000,88
WATCH,1642756312289,1642756310905,4,1642756310766,-0.082,-0.004,0.079,-0.025,-0.004,0.003,88
WATCH,1642756312289,1642756310905,4,1642756310776,-0.126,-0.009,0.122,-0.021,-0.017,0.005,88
WATCH,1642756312289,1642756310905,4,1642756310786,-0.177,-0.004,0.127,-0.030,-0.005,-0.001,88
WATCH,1642756312289,1642756310905,4,1642756310796,-0.264,-0.017,0.126,-0.021,-0.000,-0.002,88
WATCH,1642756312289,1642756310905,4,1642756310806,-0.287,-0.020,0.100,-0.016,0.008,0.004,88
WATCH,1642756312289,1642756310905,4,1642756310816,-0.255,-0.014,0.096,-0.007,0.014,-0.007,88
WATCH,1642756312348,1642756310964,4,1642756310826,-0.211,-0.008,0.032,-0.023,0.031,-0.008,88
WATCH,1642756312348,1642756310964,4,1642756310836,-0.161,-0.007,-0.001,-0.022,0.029,-0.011,88
WATCH,1642756312348,1642756310964,4,1642756310846,-0.090,0.006,-0.009,-0.015,0.042,-0.015,88
WATCH,1642756312348,1642756310964,4,1642756310856,-0.042,0.014,-0.020,-0.018,0.047,-0.011,88
WATCH,1642756312348,1642756310964,4,1642756310865,-0.023,0.012,-0.042,-0.020,0.029,-0.004,88
WATCH,1642756312438,1642756311054,4,1642756310876,-0.011,0.017,-0.045,-0.014,0.015,-0.004,88
WATCH,1642756312438,1642756311054,4,1642756310885,-0.020,0.023,-0.041,-0.010,0.015,0.002,88
WATCH,1642756312438,1642756311054,4,1642756310895,-0.036,0.017,-0.039,-0.005,0.010,0.004,88
WATCH,1642756312438,1642756311054,4,1642756310905,-0.036,0.017,-0.029,-0.001,0.009,-0.006,88
WATCH,1642756312438,1642756311054,4,1642756310916,-0.030,0.011,-0.028,0.001,0.011,-0.013,88
WATCH,1642756312438,1642756311054,4,1642756310925,-0.019,0.009,-0.022,0.005,0.011,-0.015,88
WATCH,1642756312438,1642756311054,4,1642756310935,-0.021,0.014,-0.012,0.006,0.007,-0.015,88
WATCH,1642756312438,1642756311054,4,1642756310946,-0.034,0.007,-0.011,0.006,0.006,-0.008,88
WATCH,1642756312438,1642756311054,4,1642756310955,-0.026,0.009,0.007,0.006,0.005,-0.003,88
WATCH,1642756312438,1642756311054,4,1642756310965,-0.028,0.014,0.002,0.002,0.013,-0.003,88
WATCH,1642756312528,1642756311144,4,1642756310975,-0.014,0.015,0.002,0.002,0.012,-0.005,88
WATCH,1642756312528,1642756311144,4,1642756310985,-0.010,0.015,0.002,0.002,0.011,-0.003,88
WATCH,1642756312531,1642756311147,4,1642756310995,-0.005,0.012,0.006,0.004,0.005,-0.001,88
WATCH,1642756312533,1642756311149,4,1642756311005,-0.008,0.015,0.010,0.005,0.001,0.002,88
WATCH,1642756312533,1642756311149,4,1642756311015,-0.002,0.017,0.011,0.003,0.000,0.007,88
WATCH,1642756312618,1642756311234,4,1642756311025,-0.013,0.020,0.013,0.004,-0.000,0.008,88
WATCH,1642756312618,1642756311234,4,1642756311034,-0.011,0.014,0.015,0.001,-0.002,0.004,88
WATCH,1642756312618,1642756311234,4,1642756311045,-0.014,0.014,0.014,0.000,0.001,0.003,88
WATCH,1642756312618,1642756311234,4,1642756311055,-0.010,0.000,0.012,0.000,-0.000,-0.001,88
WATCH,1642756312618,1642756311234,4,1642756311065,-0.006,-0.009,0.008,0.001,-0.000,-0.008,88
WATCH,1642756312618,1642756311234,4,1642756311075,-0.008,-0.015,0.011,0.001,-0.001,-0.009,88
WATCH,1642756312618,1642756311234,4,1642756311084,-0.009,-0.019,0.015,-0.002,-0.003,-0.007,88
WATCH,1642756312619,1642756311235,4,1642756311094,-0.011,-0.022,0.013,-0.003,-0.004,-0.007,88
WATCH,1642756312619,1642756311235,4,1642756311105,-0.014,-0.022,0.012,-0.004,-0.004,-0.007,88
WATCH,1642756312619,1642756311235,4,1642756311114,-0.013,-0.022,0.013,-0.005,-0.003,-0.010,88
WATCH,1642756312641,1642756311257,4,1642756311124,-0.022,-0.032,0.019,-0.004,-0.003,-0.011,88
WATCH,1642756312641,1642756311257,4,1642756311135,-0.009,-0.032,0.021,-0.004,-0.003,-0.009,88
WATCH,1642756312641,1642756311257,4,1642756311144,-0.005,-0.039,0.032,-0.003,-0.004,-0.008,88
WATCH,1642756312641,1642756311257,4,1642756311154,-0.008,-0.034,0.022,-0.007,0.001,-0.004,88
WATCH,1642756312641,1642756311257,4,1642756311165,-0.014,-0.034,0.019,-0.009,0.002,0.002,88
WATCH,1642756312673,1642756311289,4,1642756311174,-0.022,-0.033,0.022,-0.003,-0.011,0.005,88
WATCH,1642756312673,1642756311289,4,1642756311184,-0.023,-0.031,0.024,-0.007,0.004,0.004,88
WATCH,1642756312673,1642756311289,4,1642756311194,-0.025,-0.030,-0.000,-0.017,0.016,0.003,88
WATCH,1642756312673,1642756311289,4,1642756311204,-0.012,-0.027,0.010,-0.008,0.009,0.001,88
WATCH,1642756312673,1642756311289,4,1642756311214,-0.003,-0.024,0.001,-0.012,0.016,-0.003,88
WATCH,1642756312702,1642756311318,4,1642756311224,0.011,-0.013,-0.002,-0.015,0.016,-0.004,88
WATCH,1642756312703,1642756311319,4,1642756311234,0.018,-0.010,-0.005,-0.010,0.007,-0.008,88
WATCH,1642756312703,1642756311319,4,1642756311243,0.020,-0.007,0.005,-0.005,-0.000,-0.007,88
WATCH,1642756312704,1642756311320,4,1642756311254,0.030,-0.004,0.004,-0.000,0.006,-0.012,88
WATCH,1642756312704,1642756311320,4,1642756311263,0.031,-0.005,-0.001,-0.000,0.004,-0.010,88
WATCH,1642756312768,1642756311384,4,1642756311273,0.056,0.005,0.007,0.008,-0.003,-0.012,88
WATCH,1642756312768,1642756311384,4,1642756311284,0.036,-0.006,0.011,0.009,-0.003,-0.008,88
WATCH,1642756312768,1642756311384,4,1642756311293,0.050,-0.002,0.011,0.006,0.006,-0.011,88
WATCH,1642756312768,1642756311384,4,1642756311303,0.051,0.000,0.001,0.004,0.005,-0.009,88
WATCH,1642756312768,1642756311384,4,1642756311314,0.063,0.002,0.003,0.004,0.001,-0.004,88
WATCH,1642756312825,1642756311441,4,1642756311323,0.072,0.011,0.013,0.001,0.003,0.001,88
WATCH,1642756312825,1642756311441,4,1642756311333,0.070,0.021,0.009,-0.002,0.008,0.004,88
WATCH,1642756312826,1642756311442,4,1642756311343,0.063,0.013,0.007,-0.005,0.009,0.002,88
WATCH,1642756312826,1642756311442,4,1642756311353,0.077,0.002,0.007,-0.002,0.008,-0.005,88
WATCH,1642756312826,1642756311442,4,1642756311363,0.070,-0.005,-0.013,-0.011,0.020,-0.002,88
WATCH,1642756312888,1642756311504,4,1642756311373,0.071,-0.008,-0.021,-0.019,0.022,0.001,88
WATCH,1642756312888,1642756311504,4,1642756311383,0.066,-0.003,-0.007,-0.008,0.007,0.003,88
WATCH,1642756312888,1642756311504,4,1642756311393,0.066,0.002,-0.005,-0.004,0.003,0.006,88
WATCH,1642756312888,1642756311504,4,1642756311403,0.064,-0.007,-0.005,-0.004,0.005,0.006,88
WATCH,1642756312888,1642756311504,4,1642756311413,0.064,-0.010,-0.004,-0.003,0.004,0.009,88
WATCH,1642756312944,1642756311560,4,1642756311423,0.073,-0.013,0.005,0.001,-0.005,0.006,88
WATCH,1642756312944,1642756311560,4,1642756311433,0.093,-0.029,0.010,0.002,-0.003,-0.001,88
WATCH,1642756312944,1642756311560,4,1642756311442,0.165,-0.036,0.013,0.001,-0.003,-0.009,88
WATCH,1642756312944,1642756311560,4,1642756311452,0.164,-0.053,-0.003,-0.001,-0.002,-0.008,88
WATCH,1642756312944,1642756311560,4,1642756311463,0.152,-0.073,0.008,0.002,-0.003,-0.003,88
WATCH,1642756313035,1642756311651,4,1642756311472,0.139,-0.072,0.016,-0.000,0.001,-0.004,88
WATCH,1642756313036,1642756311652,4,1642756311482,0.149,-0.073,0.020,-0.004,0.000,-0.003,88
WATCH,1642756313036,1642756311652,4,1642756311492,0.133,-0.065,0.014,-0.008,0.004,0.003,88
WATCH,1642756313037,1642756311653,4,1642756311502,0.101,-0.052,0.004,-0.011,0.012,0.010,88
WATCH,1642756313037,1642756311653,4,1642756311512,0.066,-0.047,0.001,-0.009,0.011,0.012,88
WATCH,1642756313037,1642756311653,4,1642756311522,0.040,-0.037,0.000,-0.008,0.008,0.009,88
WATCH,1642756313037,1642756311653,4,1642756311532,0.054,-0.004,-0.002,-0.015,0.018,-0.001,88
WATCH,1642756313037,1642756311653,4,1642756311542,0.062,-0.027,-0.019,-0.013,0.017,-0.002,88
WATCH,1642756313037,1642756311653,4,1642756311552,0.059,-0.023,-0.019,-0.010,0.013,-0.014,88
WATCH,1642756313037,1642756311653,4,1642756311562,0.073,-0.015,-0.020,-0.010,0.018,-0.017,88
WATCH,1642756313095,1642756311711,4,1642756311572,0.066,-0.025,-0.019,-0.008,0.016,-0.016,88
WATCH,1642756313095,1642756311711,4,1642756311582,0.078,-0.017,-0.010,-0.003,0.010,-0.018,88
WATCH,1642756313095,1642756311711,4,1642756311592,0.089,-0.008,-0.002,-0.007,0.009,-0.019,88
WATCH,1642756313095,1642756311711,4,1642756311602,0.090,-0.015,-0.011,-0.016,0.020,-0.010,88
WATCH,1642756313095,1642756311711,4,1642756311612,0.108,-0.008,-0.010,-0.013,0.018,-0.009,88
WATCH,1642756313186,1642756311802,4,1642756311622,0.105,0.006,-0.003,-0.012,0.016,-0.004,88
WATCH,1642756313186,1642756311802,4,1642756311632,0.142,0.027,0.002,-0.017,0.017,0.005,88
WATCH,1642756313187,1642756311803,4,1642756311641,0.165,0.017,-0.018,-0.013,0.019,0.007,88
WATCH,1642756313187,1642756311803,4,1642756311651,0.188,0.019,-0.015,-0.004,0.012,0.004,88
WATCH,1642756313187,1642756311803,4,1642756311661,0.207,0.003,-0.030,-0.006,0.014,-0.006,88
WATCH,1642756313187,1642756311803,4,1642756311671,0.198,-0.023,-0.033,-0.001,0.007,-0.013,88
WATCH,1642756313187,1642756311803,4,1642756311681,0.205,-0.026,-0.027,0.001,-0.001,-0.017,88
WATCH,1642756313187,1642756311803,4,1642756311691,0.175,-0.034,-0.022,0.006,-0.015,-0.011,88
WATCH,1642756313187,1642756311803,4,1642756311701,0.158,-0.047,-0.016,0.014,-0.019,-0.015,88
WATCH,1642756313187,1642756311803,4,1642756311711,0.170,-0.050,-0.007,0.020,-0.017,-0.018,88
WATCH,1642756313244,1642756311860,4,1642756311721,0.161,-0.062,-0.006,0.015,-0.006,-0.019,88
WATCH,1642756313244,1642756311860,4,1642756311731,0.184,-0.072,-0.009,0.018,0.004,-0.022,88
WATCH,1642756313244,1642756311860,4,1642756311741,0.183,-0.074,0.004,0.023,-0.006,-0.018,88
WATCH,1642756313244,1642756311860,4,1642756311751,0.144,-0.078,0.027,0.031,-0.012,0.007,88
WATCH,1642756313244,1642756311860,4,1642756311761,0.075,-0.008,0.044,0.029,-0.005,0.022,88
WATCH,1642756313336,1642756311952,4,1642756311771,0.052,0.014,0.054,0.024,-0.006,0.028,88
WATCH,1642756313336,1642756311952,4,1642756311781,0.012,0.030,0.052,0.021,-0.002,0.025,88
WATCH,1642756313336,1642756311952,4,1642756311790,-0.002,0.049,0.051,0.017,0.008,0.029,88
WATCH,1642756313336,1642756311952,4,1642756311801,-0.011,0.047,0.058,0.008,0.018,0.025,88
WATCH,1642756313336,1642756311952,4,1642756311811,0.002,0.052,0.043,-0.001,0.023,0.021,88
WATCH,1642756313337,1642756311953,4,1642756311821,0.010,0.048,0.035,-0.003,0.023,0.013,88
WATCH,1642756313337,1642756311953,4,1642756311831,0.023,0.033,0.027,-0.004,0.018,0.004,88
WATCH,1642756313337,1642756311953,4,1642756311840,0.003,0.025,0.019,-0.006,0.015,0.003,88
WATCH,1642756313337,1642756311953,4,1642756311850,-0.001,0.021,0.016,-0.006,0.005,0.001,88
WATCH,1642756313337,1642756311953,4,1642756311860,-0.007,0.009,0.022,-0.010,-0.002,-0.006,88
WATCH,1642756313395,1642756312011,4,1642756311870,-0.001,0.004,0.020,-0.013,0.001,-0.017,88
WATCH,1642756313395,1642756312011,4,1642756311881,0.010,-0.013,0.016,-0.013,0.000,-0.026,88
WATCH,1642756313395,1642756312011,4,1642756311890,0.025,-0.023,0.011,-0.014,0.003,-0.032,88
WATCH,1642756313395,1642756312011,4,1642756311900,0.029,-0.029,0.009,-0.014,0.003,-0.030,88
WATCH,1642756313395,1642756312011,4,1642756311910,0.025,-0.019,0.004,-0.015,0.003,-0.024,88
WATCH,1642756313488,1642756312104,4,1642756311920,0.028,-0.015,0.001,-0.015,0.003,-0.019,88
WATCH,1642756313489,1642756312105,4,1642756311930,0.018,-0.000,0.001,-0.013,0.003,-0.013,88
WATCH,1642756313489,1642756312105,4,1642756311940,0.009,0.006,-0.006,-0.015,0.000,-0.010,88
WATCH,1642756313489,1642756312105,4,1642756311950,0.015,0.008,-0.010,-0.013,0.002,-0.008,88
WATCH,1642756313489,1642756312105,4,1642756311960,0.016,0.010,-0.016,-0.012,0.005,-0.009,88
WATCH,1642756313489,1642756312105,4,1642756311970,0.029,0.003,-0.020,-0.013,0.003,-0.005,88
WATCH,1642756313489,1642756312105,4,1642756311980,0.040,-0.003,-0.021,-0.012,0.002,-0.002,88
WATCH,1642756313490,1642756312106,4,1642756311989,0.037,-0.002,-0.017,-0.011,0.001,0.005,88
WATCH,1642756313490,1642756312106,4,1642756311999,0.036,-0.002,-0.016,-0.008,0.004,0.006,88
WATCH,1642756313490,1642756312106,4,1642756312009,0.037,-0.004,-0.017,-0.011,0.002,0.009,88
WATCH,1642756313543,1642756312159,4,1642756312019,0.030,0.007,-0.017,-0.011,0.002,0.009,88
WATCH,1642756313543,1642756312159,4,1642756312029,0.033,0.006,-0.014,-0.009,-0.000,0.010,88
WATCH,1642756313543,1642756312159,4,1642756312039,0.029,0.012,-0.010,-0.007,-0.001,0.009,88
WATCH,1642756313543,1642756312159,4,1642756312049,0.027,0.012,-0.006,-0.007,-0.001,0.007,88
WATCH,1642756313543,1642756312159,4,1642756312059,0.026,0.015,-0.009,-0.006,-0.001,0.005,88
WATCH,1642756313610,1642756312226,4,1642756312069,0.027,0.012,-0.009,-0.005,0.001,-0.001,88
WATCH,1642756313610,1642756312226,4,1642756312079,0.029,0.010,-0.012,-0.004,0.002,-0.004,88
WATCH,1642756313610,1642756312226,4,1642756312089,0.025,0.015,-0.014,0.001,0.001,-0.001,88
WATCH,1642756313610,1642756312226,4,1642756312099,0.028,0.013,-0.009,0.005,0.001,-0.003,88
WATCH,1642756313610,1642756312226,4,1642756312109,0.019,0.017,-0.008,0.007,0.002,-0.002,88
WATCH,1642756313610,1642756312226,4,1642756312119,0.015,0.023,-0.003,0.011,-0.001,-0.003,88
WATCH,1642756313610,1642756312226,4,1642756312129,0.017,0.016,-0.001,0.009,-0.001,-0.001,88
WATCH,1642756313610,1642756312226,4,1642756312139,0.004,0.007,-0.007,0.010,0.003,0.003,88
WATCH,1642756313610,1642756312226,4,1642756312149,-0.002,0.021,0.010,0.019,-0.001,0.006,88
WATCH,1642756313610,1642756312226,4,1642756312159,-0.005,0.021,0.006,0.005,0.005,0.011,88
WATCH,1642756313661,1642756312277,4,1642756312169,-0.003,0.022,0.008,0.005,-0.000,0.010,88
WATCH,1642756313661,1642756312277,4,1642756312179,-0.004,0.017,0.008,0.000,0.002,0.011,88
WATCH,1642756313661,1642756312277,4,1642756312188,-0.009,0.011,0.008,-0.001,0.001,0.005,88
WATCH,1642756313662,1642756312278,4,1642756312199,-0.010,0.010,0.009,-0.003,0.002,0.006,88
WATCH,1642756313662,1642756312278,4,1642756312208,-0.013,0.005,0.007,-0.004,0.004,0.002,88
WATCH,1642756313726,1642756312342,4,1642756312218,-0.014,-0.005,0.013,-0.003,0.004,0.001,88
WATCH,1642756313727,1642756312343,4,1642756312228,-0.013,-0.003,0.011,-0.004,0.004,-0.002,88
WATCH,1642756313727,1642756312343,4,1642756312238,-0.012,-0.005,0.004,-0.005,0.004,-0.007,88
WATCH,1642756313727,1642756312343,4,1642756312248,-0.006,-0.002,0.001,-0.008,0.006,-0.005,88
WATCH,1642756313727,1642756312343,4,1642756312258,-0.018,0.000,-0.003,-0.008,0.004,-0.001,88
WATCH,1642756313789,1642756312405,4,1642756312268,-0.017,-0.001,-0.002,-0.011,0.004,-0.001,88
WATCH,1642756313789,1642756312405,4,1642756312278,-0.015,-0.003,-0.002,-0.009,0.003,-0.002,88
WATCH,1642756313789,1642756312405,4,1642756312288,-0.011,-0.002,-0.002,-0.007,0.003,-0.001,88
WATCH,1642756313789,1642756312405,4,1642756312298,-0.012,-0.002,-0.004,-0.003,0.002,0.002,88
WATCH,1642756313789,1642756312405,4,1642756312308,-0.016,0.002,-0.005,-0.004,0.000,0.005,88
WATCH,1642756313853,1642756312469,4,1642756312318,-0.016,0.004,-0.004,-0.006,0.001,0.002,88
WATCH,1642756313853,1642756312469,4,1642756312328,-0.015,-0.001,-0.006,-0.005,-0.001,-0.001,89
WATCH,1642756313853,1642756312469,4,1642756312338,-0.013,0.003,-0.003,-0.002,0.003,0.000,89
WATCH,1642756313853,1642756312469,4,1642756312348,-0.013,-0.002,-0.005,-0.003,0.004,-0.002,89
WATCH,1642756313853,1642756312469,4,1642756312357,-0.020,0.003,-0.009,-0.001,0.002,-0.001,89
WATCH,1642756313941,1642756312557,4,1642756312368,-0.017,-0.004,-0.010,-0.001,0.000,-0.002,89
WATCH,1642756313941,1642756312557,4,1642756312377,-0.022,-0.006,-0.010,0.002,0.000,-0.004,89
WATCH,1642756313941,1642756312557,4,1642756312387,-0.030,-0.005,-0.011,0.001,0.000,-0.001,89
WATCH,1642756313941,1642756312557,4,1642756312398,-0.020,-0.009,-0.009,0.002,0.001,-0.004,89
WATCH,1642756313941,1642756312557,4,1642756312407,-0.027,-0.003,-0.005,0.000,-0.001,-0.002,89
WATCH,1642756313941,1642756312557,4,1642756312418,-0.024,-0.004,-0.001,0.001,-0.000,-0.002,89
WATCH,1642756313941,1642756312557,4,1642756312428,-0.023,-0.010,-0.003,0.000,-0.000,-0.004,89
WATCH,1642756313942,1642756312558,4,1642756312437,-0.024,-0.008,0.001,-0.000,0.003,-0.001,89
WATCH,1642756313942,1642756312558,4,1642756312447,-0.027,-0.011,-0.004,-0.001,0.005,0.000,89
WATCH,1642756313942,1642756312558,4,1642756312458,-0.023,-0.012,-0.000,-0.002,0.005,0.002,89
WATCH,1642756313992,1642756312608,4,1642756312467,-0.019,-0.007,-0.001,-0.003,0.004,0.002,89
WATCH,1642756313992,1642756312608,4,1642756312477,-0.021,-0.010,-0.002,-0.004,0.005,0.004,89
WATCH,1642756313993,1642756312609,4,1642756312487,-0.017,-0.008,-0.000,-0.004,0.005,0.004,89
WATCH,1642756313993,1642756312609,4,1642756312497,-0.022,-0.006,-0.002,-0.003,0.004,0.002,89
WATCH,1642756313993,1642756312609,4,1642756312507,-0.021,-0.002,-0.006,-0.004,0.000,0.002,89
WATCH,1642756314057,1642756312673,4,1642756312517,-0.020,-0.003,-0.007,-0.005,0.002,0.000,89
WATCH,1642756314058,1642756312674,4,1642756312527,-0.028,0.002,-0.008,-0.002,0.001,0.001,89
WATCH,1642756314058,1642756312674,4,1642756312537,-0.027,0.009,-0.006,-0.002,0.003,0.001,89
WATCH,1642756314058,1642756312674,4,1642756312547,-0.028,0.006,-0.007,-0.001,0.000,-0.002,89
WATCH,1642756314059,1642756312675,4,1642756312556,-0.033,0.005,-0.008,-0.002,0.003,-0.005,89
WATCH,1642756314060,1642756312676,4,1642756312566,-0.028,0.008,-0.008,-0.000,0.005,-0.007,89
WATCH,1642756314060,1642756312676,4,1642756312577,-0.022,-0.000,-0.006,-0.000,0.002,-0.006,89
WATCH,1642756314060,1642756312676,4,1642756312586,-0.021,0.000,-0.004,-0.003,0.004,-0.008,89
WATCH,1642756314060,1642756312676,4,1642756312596,-0.019,0.001,-0.002,-0.001,0.003,-0.007,89
WATCH,1642756314060,1642756312676,4,1642756312607,-0.015,-0.000,-0.006,-0.001,0.002,-0.006,89
WATCH,1642756314112,1642756312728,4,1642756312616,-0.012,-0.002,-0.001,0.001,0.003,-0.007,89
WATCH,1642756314112,1642756312728,4,1642756312626,-0.010,-0.003,-0.004,0.001,0.002,-0.005,89
WATCH,1642756314112,1642756312728,4,1642756312637,-0.017,-0.002,-0.000,-0.000,0.005,-0.006,89
WATCH,1642756314112,1642756312728,4,1642756312646,-0.014,-0.008,-0.001,0.002,0.005,-0.005,89
WATCH,1642756314112,1642756312728,4,1642756312656,-0.014,-0.007,0.002,0.000,0.004,-0.005,89
WATCH,1642756314175,1642756312791,4,1642756312666,-0.015,-0.010,-0.000,0.001,0.005,-0.002,89
WATCH,1642756314175,1642756312791,4,1642756312676,-0.014,-0.004,0.000,-0.003,0.006,-0.001,89
WATCH,1642756314176,1642756312792,4,1642756312686,-0.010,-0.006,0.001,-0.001,0.004,-0.004,89
WATCH,1642756314176,1642756312792,4,1642756312696,-0.008,-0.003,0.001,-0.002,0.005,-0.002,89
WATCH,1642756314176,1642756312792,4,1642756312706,-0.008,-0.006,-0.002,-0.002,0.002,-0.001,89
WATCH,1642756314241,1642756312857,4,1642756312716,-0.013,-0.006,0.001,-0.001,0.001,-0.002,89
WATCH,1642756314241,1642756312857,4,1642756312725,-0.013,-0.004,0.001,-0.002,0.003,-0.001,89
WATCH,1642756314241,1642756312857,4,1642756312735,-0.015,-0.003,-0.000,-0.000,0.002,-0.001,89
WATCH,1642756314242,1642756312858,4,1642756312745,-0.013,0.003,0.006,-0.003,0.002,-0.001,89
WATCH,1642756314242,1642756312858,4,1642756312756,-0.013,-0.006,0.002,-0.002,0.003,0.001,89
