Device,PTPTime,UnixTime,Protocool,CurrentDeviceTime,GyroX,GyroY,GyroZ,AccX,AccY,AccZ,
AIRPOT,1642756537698,1642756536315,4,1642756536315,-0.251,0.506,-0.825,-0.006,0.013,-0.005
AIRPOT,1642756537755,1642756536372,4,1642756536372,-0.251,0.504,-0.826,-0.009,0.019,-0.008
AIRPOT,1642756537792,1642756536409,4,1642756536409,-0.253,0.504,-0.826,-0.004,-0.001,0.001
AIRPOT,1642756537820,1642756536437,4,1642756536437,-0.254,0.504,-0.826,-0.001,-0.003,0.007
AIRPOT,1642756537877,1642756536494,4,1642756536494,-0.254,0.503,-0.826,-0.003,-0.002,0.003
AIRPOT,1642756537895,1642756536512,4,1642756536512,-0.254,0.502,-0.827,-0.004,-0.002,-0.008
AIRPOT,1642756537953,1642756536570,4,1642756536570,-0.254,0.501,-0.827,0.000,-0.001,0.006
AIRPOT,1642756537982,1642756536599,4,1642756536599,-0.253,0.500,-0.828,-0.001,0.003,-0.001
AIRPOT,1642756538015,1642756536632,4,1642756536632,-0.253,0.499,-0.829,0.004,-0.000,0.002
AIRPOT,1642756538070,1642756536687,4,1642756536687,-0.252,0.498,-0.830,0.004,0.000,-0.003
AIRPOT,1642756538100,1642756536717,4,1642756536717,-0.251,0.497,-0.831,0.004,-0.000,0.001
AIRPOT,1642756538137,1642756536754,4,1642756536754,-0.250,0.495,-0.832,0.004,0.001,-0.004
AIRPOT,1642756538177,1642756536794,4,1642756536794,-0.249,0.494,-0.833,0.006,0.001,-0.002
AIRPOT,1642756538238,1642756536855,4,1642756536855,-0.248,0.493,-0.834,0.005,0.001,-0.000
AIRPOT,1642756538268,1642756536885,4,1642756536885,-0.246,0.492,-0.835,0.006,0.003,-0.002
AIRPOT,1642756538299,1642756536916,4,1642756536916,-0.245,0.491,-0.836,0.007,0.001,-0.002
AIRPOT,1642756538361,1642756536978,4,1642756536978,-0.244,0.489,-0.837,0.007,-0.001,-0.007
AIRPOT,1642756538430,1642756537047,4,1642756537047,-0.244,0.487,-0.839,0.004,-0.011,-0.004
AIRPOT,1642756538462,1642756537079,4,1642756537079,-0.243,0.485,-0.840,0.004,-0.011,-0.002
AIRPOT,1642756538515,1642756537132,4,1642756537132,-0.243,0.485,-0.840,0.002,-0.004,-0.001
AIRPOT,1642756538577,1642756537194,4,1642756537194,-0.243,0.484,-0.841,0.002,-0.009,-0.006
AIRPOT,1642756538645,1642756537262,4,1642756537262,-0.243,0.484,-0.841,-0.001,-0.011,-0.005
AIRPOT,1642756538673,1642756537290,4,1642756537290,-0.242,0.484,-0.841,-0.003,0.002,0.003
AIRPOT,1642756538764,1642756537381,4,1642756537381,-0.242,0.483,-0.841,-0.000,0.004,-0.001
AIRPOT,1642756538795,1642756537412,4,1642756537412,-0.241,0.483,-0.842,0.000,0.000,-0.003
AIRPOT,1642756538847,1642756537464,4,1642756537464,-0.241,0.482,-0.842,0.001,-0.002,-0.002
AIRPOT,1642756538877,1642756537494,4,1642756537494,-0.241,0.482,-0.843,0.001,0.000,-0.002
AIRPOT,1642756538906,1642756537523,4,1642756537523,-0.241,0.481,-0.843,-0.002,0.003,-0.003
AIRPOT,1642756538964,1642756537581,4,1642756537581,-0.241,0.480,-0.843,0.000,-0.001,0.005
AIRPOT,1642756538992,1642756537609,4,1642756537609,-0.241,0.480,-0.844,-0.002,0.004,-0.004
AIRPOT,1642756539020,1642756537637,4,1642756537637,-0.241,0.479,-0.844,-0.004,0.004,-0.002
AIRPOT,1642756539066,1642756537683,4,1642756537683,-0.242,0.478,-0.844,-0.003,0.000,0.000
AIRPOT,1642756539148,1642756537765,4,1642756537765,-0.242,0.475,-0.846,-0.010,0.041,0.021
AIRPOT,1642756539190,1642756537807,4,1642756537807,-0.242,0.469,-0.849,-0.046,0.238,0.036
AIRPOT,1642756539232,1642756537849,4,1642756537849,-0.253,0.444,-0.860,-0.095,0.327,0.024
AIRPOT,1642756539287,1642756537904,4,1642756537904,-0.278,0.389,-0.878,-0.065,0.230,0.035
AIRPOT,1642756539319,1642756537936,4,1642756537936,-0.306,0.314,-0.899,0.002,0.085,0.053
AIRPOT,1642756539350,1642756537967,4,1642756537967,-0.323,0.234,-0.917,0.039,-0.039,0.050
AIRPOT,1642756539449,1642756538066,4,1642756538066,-0.304,0.116,-0.945,0.044,-0.143,0.063
AIRPOT,1642756539477,1642756538094,4,1642756538094,-0.277,0.083,-0.957,0.002,-0.136,0.020
AIRPOT,1642756539514,1642756538131,4,1642756538131,-0.247,0.062,-0.967,-0.009,-0.114,0.025
AIRPOT,1642756539562,1642756538179,4,1642756538179,-0.216,0.052,-0.975,-0.023,-0.126,0.005
AIRPOT,1642756539591,1642756538208,4,1642756538208,-0.190,0.047,-0.981,-0.002,-0.132,0.028
AIRPOT,1642756539649,1642756538266,4,1642756538266,-0.163,0.044,-0.986,-0.001,-0.149,0.019
AIRPOT,1642756539679,1642756538296,4,1642756538296,-0.139,0.041,-0.989,0.005,-0.119,0.005
AIRPOT,1642756539769,1642756538386,4,1642756538386,-0.098,0.050,-0.994,0.010,-0.080,0.024
AIRPOT,1642756539800,1642756538417,4,1642756538417,-0.077,0.055,-0.995,-0.002,-0.072,0.018
AIRPOT,1642756539850,1642756538467,4,1642756538467,-0.059,0.059,-0.997,0.002,-0.076,-0.022
AIRPOT,1642756539886,1642756538503,4,1642756538503,-0.046,0.064,-0.997,0.015,-0.087,-0.034
AIRPOT,1642756539918,1642756538535,4,1642756538535,-0.034,0.069,-0.997,0.024,-0.091,-0.096
AIRPOT,1642756539970,1642756538587,4,1642756538587,-0.027,0.074,-0.997,0.004,-0.057,-0.054
AIRPOT,1642756540002,1642756538619,4,1642756538619,-0.022,0.078,-0.997,0.028,-0.013,0.051
AIRPOT,1642756540038,1642756538655,4,1642756538655,-0.013,0.082,-0.997,0.042,0.023,0.053
AIRPOT,1642756540072,1642756538689,4,1642756538689,-0.001,0.087,-0.996,0.053,0.045,0.022
AIRPOT,1642756540127,1642756538744,4,1642756538744,0.010,0.092,-0.996,0.069,0.060,0.021
AIRPOT,1642756540159,1642756538776,4,1642756538776,0.020,0.096,-0.995,0.072,0.076,-0.014
AIRPOT,1642756540189,1642756538806,4,1642756538806,0.026,0.100,-0.995,0.084,0.067,-0.015
AIRPOT,1642756540293,1642756538910,4,1642756538910,0.032,0.108,-0.994,0.073,0.077,-0.004
AIRPOT,1642756540325,1642756538942,4,1642756538942,0.033,0.108,-0.994,0.062,0.075,0.018
AIRPOT,1642756540353,1642756538970,4,1642756538970,0.034,0.108,-0.994,0.059,0.066,0.020
AIRPOT,1642756540409,1642756539026,4,1642756539026,0.036,0.110,-0.993,0.051,0.069,0.042
AIRPOT,1642756540439,1642756539056,4,1642756539056,0.039,0.113,-0.993,0.060,0.066,0.020
AIRPOT,1642756540518,1642756539135,4,1642756539135,0.048,0.121,-0.991,0.064,0.072,-0.015
AIRPOT,1642756540570,1642756539187,4,1642756539187,0.050,0.126,-0.991,0.063,0.071,-0.016
AIRPOT,1642756540654,1642756539271,4,1642756539271,0.053,0.125,-0.991,0.033,0.037,-0.003
AIRPOT,1642756540682,1642756539299,4,1642756539299,0.054,0.118,-0.992,0.023,0.017,0.005
AIRPOT,1642756540711,1642756539328,4,1642756539328,0.056,0.113,-0.992,0.017,0.003,0.010
AIRPOT,1642756540766,1642756539383,4,1642756539383,0.058,0.111,-0.992,0.017,0.001,0.011
AIRPOT,1642756540799,1642756539416,4,1642756539416,0.061,0.111,-0.992,0.018,0.016,0.003
AIRPOT,1642756540893,1642756539510,4,1642756539510,0.066,0.111,-0.992,0.015,0.018,-0.010
AIRPOT,1642756540923,1642756539540,4,1642756539540,0.068,0.110,-0.992,0.017,0.004,-0.003
AIRPOT,1642756540959,1642756539576,4,1642756539576,0.069,0.108,-0.992,0.013,0.004,0.001
AIRPOT,1642756540998,1642756539615,4,1642756539615,0.070,0.106,-0.992,0.008,0.014,-0.005
AIRPOT,1642756541093,1642756539710,4,1642756539710,0.071,0.104,-0.992,0.008,0.006,-0.004
AIRPOT,1642756541126,1642756539743,4,1642756539743,0.071,0.104,-0.992,0.007,-0.001,-0.008
AIRPOT,1642756541195,1642756539812,4,1642756539812,0.070,0.103,-0.992,0.001,-0.004,-0.000
AIRPOT,1642756541249,1642756539866,4,1642756539866,0.069,0.102,-0.992,0.001,-0.003,0.004
AIRPOT,1642756541291,1642756539908,4,1642756539908,0.069,0.101,-0.992,-0.001,0.004,0.000
AIRPOT,1642756541326,1642756539943,4,1642756539943,0.068,0.102,-0.992,-0.001,0.004,0.000
AIRPOT,1642756541359,1642756539976,4,1642756539976,0.068,0.102,-0.992,0.002,0.001,-0.001
AIRPOT,1642756541402,1642756540019,4,1642756540019,0.068,0.102,-0.992,-0.001,0.006,-0.011
AIRPOT,1642756541494,1642756540111,4,1642756540111,0.068,0.101,-0.992,0.003,-0.010,-0.003
AIRPOT,1642756541524,1642756540141,4,1642756540141,0.068,0.100,-0.993,0.000,-0.006,-0.005
AIRPOT,1642756541558,1642756540175,4,1642756540175,0.068,0.100,-0.993,0.001,-0.005,-0.004
AIRPOT,1642756541623,1642756540240,4,1642756540240,0.068,0.100,-0.993,0.000,-0.004,-0.005
AIRPOT,1642756541660,1642756540277,4,1642756540277,0.068,0.101,-0.993,-0.001,0.002,-0.005
AIRPOT,1642756541691,1642756540308,4,1642756540308,0.067,0.101,-0.993,-0.001,0.001,-0.001
AIRPOT,1642756541719,1642756540336,4,1642756540336,0.067,0.101,-0.993,-0.005,0.001,0.001
AIRPOT,1642756541800,1642756540417,4,1642756540417,0.066,0.101,-0.993,-0.002,0.003,-0.001
AIRPOT,1642756541815,1642756540432,4,1642756540432,0.066,0.102,-0.993,-0.005,0.009,-0.010
AIRPOT,1642756541847,1642756540464,4,1642756540464,0.065,0.102,-0.993,-0.001,0.008,-0.009
AIRPOT,1642756541901,1642756540518,4,1642756540518,0.064,0.103,-0.993,-0.003,0.001,-0.006
AIRPOT,1642756541967,1642756540584,4,1642756540584,0.060,0.102,-0.993,-0.003,-0.003,-0.000
AIRPOT,1642756542024,1642756540641,4,1642756540641,0.058,0.102,-0.993,0.005,-0.011,0.005
AIRPOT,1642756542053,1642756540670,4,1642756540670,0.056,0.101,-0.993,0.005,-0.011,0.010
AIRPOT,1642756542110,1642756540727,4,1642756540727,0.055,0.101,-0.993,-0.000,0.002,0.002
AIRPOT,1642756542180,1642756540797,4,1642756540797,0.052,0.102,-0.993,-0.004,0.007,-0.008
AIRPOT,1642756542226,1642756540843,4,1642756540843,0.051,0.103,-0.993,-0.007,0.006,-0.005
AIRPOT,1642756542294,1642756540911,4,1642756540911,0.048,0.105,-0.993,-0.005,0.008,-0.004
AIRPOT,1642756542352,1642756540969,4,1642756540969,0.046,0.106,-0.993,-0.005,0.014,-0.013
AIRPOT,1642756542410,1642756541027,4,1642756541027,0.041,0.106,-0.994,0.000,-0.001,0.001
AIRPOT,1642756542472,1642756541089,4,1642756541089,0.039,0.105,-0.994,0.007,-0.001,0.009
AIRPOT,1642756542534,1642756541151,4,1642756541151,0.040,0.103,-0.994,0.000,0.013,-0.003
AIRPOT,1642756542590,1642756541207,4,1642756541207,0.039,0.102,-0.994,0.004,0.011,-0.005
AIRPOT,1642756542653,1642756541270,4,1642756541270,0.037,0.103,-0.994,0.009,-0.012,0.003
AIRPOT,1642756542701,1642756541318,4,1642756541318,0.038,0.107,-0.994,0.014,-0.032,0.009
AIRPOT,1642756542766,1642756541383,4,1642756541383,0.040,0.107,-0.993,0.001,0.008,-0.008
AIRPOT,1642756542828,1642756541445,4,1642756541445,0.040,0.107,-0.993,-0.002,-0.011,-0.003
AIRPOT,1642756542887,1642756541504,4,1642756541504,0.038,0.105,-0.994,-0.008,-0.017,0.001
AIRPOT,1642756543030,1642756541647,4,1642756541647,0.035,0.105,-0.994,-0.010,-0.003,-0.009
AIRPOT,1642756543185,1642756541802,4,1642756541802,0.024,0.106,-0.994,-0.020,-0.008,-0.001
AIRPOT,1642756543209,1642756541826,4,1642756541826,0.022,0.105,-0.994,-0.016,-0.014,-0.001
AIRPOT,1642756543264,1642756541881,4,1642756541881,0.021,0.105,-0.994,-0.010,-0.015,0.008
AIRPOT,1642756543348,1642756541965,4,1642756541965,0.022,0.107,-0.994,-0.003,-0.002,-0.010
AIRPOT,1642756543382,1642756541999,4,1642756541999,0.020,0.108,-0.994,-0.002,-0.005,-0.004
AIRPOT,1642756543520,1642756542137,4,1642756542137,0.018,0.114,-0.993,0.005,0.005,-0.003
AIRPOT,1642756543628,1642756542245,4,1642756542245,0.017,0.112,-0.994,0.001,0.008,-0.006
AIRPOT,1642756543705,1642756542322,4,1642756542322,0.014,0.105,-0.994,0.000,-0.006,0.002
AIRPOT,1642756543750,1642756542367,4,1642756542367,0.013,0.103,-0.995,0.001,-0.005,-0.003
AIRPOT,1642756543861,1642756542478,4,1642756542478,0.006,0.094,-0.996,0.001,-0.016,-0.011
AIRPOT,1642756543984,1642756542601,4,1642756542601,-0.022,0.082,-0.996,0.004,0.009,0.054
AIRPOT,1642756544102,1642756542719,4,1642756542719,-0.017,0.081,-0.997,0.012,-0.043,0.019
AIRPOT,1642756544182,1642756542799,4,1642756542799,-0.003,0.084,-0.996,0.004,0.001,-0.015
AIRPOT,1642756544224,1642756542841,4,1642756542841,-0.004,0.086,-0.996,0.004,0.009,0.002
AIRPOT,1642756544302,1642756542919,4,1642756542919,-0.005,0.088,-0.996,0.005,-0.013,-0.006
AIRPOT,1642756544431,1642756543048,4,1642756543048,-0.006,0.087,-0.996,-0.009,-0.001,0.003
AIRPOT,1642756544522,1642756543139,4,1642756543139,-0.009,0.089,-0.996,-0.001,-0.005,0.028
AIRPOT,1642756544603,1642756543220,4,1642756543220,-0.005,0.090,-0.996,-0.005,0.000,0.001
AIRPOT,1642756544628,1642756543245,4,1642756543245,-0.007,0.093,-0.996,0.003,-0.009,0.007
AIRPOT,1642756544677,1642756543294,4,1642756543294,-0.008,0.095,-0.995,0.017,0.004,0.029
AIRPOT,1642756544743,1642756543360,4,1642756543360,-0.004,0.099,-0.995,0.001,0.012,-0.011
AIRPOT,1642756544802,1642756543419,4,1642756543419,-0.002,0.100,-0.995,-0.004,0.010,-0.010
AIRPOT,1642756544871,1642756543488,4,1642756543488,-0.003,0.102,-0.995,0.003,-0.006,-0.004
AIRPOT,1642756544921,1642756543538,4,1642756543538,-0.002,0.104,-0.995,0.001,-0.004,-0.003
AIRPOT,1642756544982,1642756543599,4,1642756543599,0.001,0.110,-0.994,-0.002,0.002,-0.003
AIRPOT,1642756545043,1642756543660,4,1642756543660,0.003,0.114,-0.993,-0.002,-0.004,-0.000
AIRPOT,1642756545103,1642756543720,4,1642756543720,0.014,0.121,-0.993,0.004,-0.012,0.001
AIRPOT,1642756545187,1642756543804,4,1642756543804,0.035,0.118,-0.992,-0.015,0.044,-0.029
AIRPOT,1642756545228,1642756543845,4,1642756543845,0.040,0.117,-0.992,-0.002,0.033,-0.008
AIRPOT,1642756545349,1642756543966,4,1642756543966,0.039,0.122,-0.992,0.028,-0.020,0.003
AIRPOT,1642756545410,1642756544027,4,1642756544027,0.039,0.125,-0.991,0.041,-0.035,-0.004
AIRPOT,1642756545474,1642756544091,4,1642756544091,0.038,0.128,-0.991,0.074,-0.006,-0.022
AIRPOT,1642756545597,1642756544214,4,1642756544214,0.024,0.118,-0.993,0.094,0.004,-0.022
AIRPOT,1642756545631,1642756544248,4,1642756544248,0.012,0.119,-0.993,0.100,0.005,-0.009
AIRPOT,1642756545686,1642756544303,4,1642756544303,-0.004,0.123,-0.992,0.099,0.008,0.003
AIRPOT,1642756545753,1642756544370,4,1642756544370,-0.041,0.143,-0.989,0.118,0.052,0.038
AIRPOT,1642756545812,1642756544429,4,1642756544429,-0.057,0.153,-0.987,0.119,0.070,-0.010
AIRPOT,1642756545875,1642756544492,4,1642756544492,-0.090,0.173,-0.981,0.117,0.048,-0.030
AIRPOT,1642756545935,1642756544552,4,1642756544552,-0.105,0.181,-0.978,0.120,0.013,0.003
AIRPOT,1642756545992,1642756544609,4,1642756544609,-0.130,0.189,-0.973,0.124,-0.003,0.020
AIRPOT,1642756546049,1642756544666,4,1642756544666,-0.140,0.190,-0.972,0.115,0.013,0.019
AIRPOT,1642756546112,1642756544729,4,1642756544729,-0.154,0.199,-0.968,0.138,0.034,0.038
AIRPOT,1642756546194,1642756544811,4,1642756544811,-0.157,0.203,-0.967,0.147,0.034,-0.007
AIRPOT,1642756546237,1642756544854,4,1642756544854,-0.152,0.204,-0.967,0.093,0.038,-0.052
AIRPOT,1642756546296,1642756544913,4,1642756544913,-0.139,0.208,-0.968,-0.007,0.026,-0.125
AIRPOT,1642756546355,1642756544972,4,1642756544972,-0.133,0.214,-0.968,-0.213,-0.083,-0.008
AIRPOT,1642756546412,1642756545029,4,1642756545029,-0.137,0.213,-0.968,-0.283,-0.087,-0.093
AIRPOT,1642756546472,1642756545089,4,1642756545089,-0.161,0.228,-0.960,-0.266,-0.075,0.132
AIRPOT,1642756546531,1642756545148,4,1642756545148,-0.159,0.235,-0.959,-0.183,-0.106,0.217
AIRPOT,1642756546594,1642756545211,4,1642756545211,-0.126,0.260,-0.957,-0.134,-0.124,0.040
AIRPOT,1642756546648,1642756545265,4,1642756545265,-0.116,0.279,-0.953,-0.142,-0.135,-0.037
AIRPOT,1642756546770,1642756545387,4,1642756545387,-0.114,0.324,-0.939,-0.088,-0.158,0.010
AIRPOT,1642756546893,1642756545510,4,1642756545510,-0.091,0.350,-0.932,-0.044,-0.027,-0.012
AIRPOT,1642756546969,1642756545586,4,1642756545586,-0.082,0.353,-0.932,-0.010,-0.062,0.026
AIRPOT,1642756547038,1642756545655,4,1642756545655,-0.067,0.338,-0.939,0.001,-0.103,-0.044
AIRPOT,1642756547104,1642756545721,4,1642756545721,-0.056,0.327,-0.943,0.014,-0.096,-0.076
AIRPOT,1642756547134,1642756545751,4,1642756545751,-0.036,0.322,-0.946,-0.057,0.062,-0.451
AIRPOT,1642756547300,1642756545917,4,1642756545917,-0.040,0.332,-0.942,-0.036,-0.045,-0.071
AIRPOT,1642756547410,1642756546027,4,1642756546027,-0.089,0.323,-0.942,-0.028,-0.148,0.084
AIRPOT,1642756547468,1642756546085,4,1642756546085,-0.103,0.321,-0.941,-0.043,-0.142,0.082
AIRPOT,1642756547482,1642756546099,4,1642756546099,-0.115,0.319,-0.941,-0.044,-0.086,0.115
AIRPOT,1642756547583,1642756546200,4,1642756546200,-0.133,0.320,-0.938,0.008,-0.003,0.075
AIRPOT,1642756547610,1642756546227,4,1642756546227,-0.140,0.325,-0.935,0.006,0.040,0.045
AIRPOT,1642756547642,1642756546259,4,1642756546259,-0.148,0.334,-0.931,0.001,0.029,0.007
AIRPOT,1642756547699,1642756546316,4,1642756546316,-0.143,0.345,-0.928,-0.014,-0.067,-0.460
AIRPOT,1642756547765,1642756546382,4,1642756546382,-0.154,0.365,-0.918,-0.133,-0.143,-0.015
AIRPOT,1642756547854,1642756546471,4,1642756546471,-0.164,0.369,-0.915,-0.137,-0.099,0.029
AIRPOT,1642756547885,1642756546502,4,1642756546502,-0.168,0.377,-0.911,-0.136,-0.069,0.033
AIRPOT,1642756547970,1642756546587,4,1642756546587,-0.171,0.389,-0.905,-0.114,-0.062,0.071
AIRPOT,1642756548019,1642756546636,4,1642756546636,-0.171,0.387,-0.906,-0.090,-0.066,0.073
AIRPOT,1642756548083,1642756546700,4,1642756546700,-0.170,0.386,-0.906,-0.075,0.014,0.050
AIRPOT,1642756548216,1642756546833,4,1642756546833,-0.181,0.392,-0.902,-0.042,0.017,-0.008
AIRPOT,1642756548251,1642756546868,4,1642756546868,-0.180,0.392,-0.902,0.011,-0.023,-0.004
AIRPOT,1642756548303,1642756546920,4,1642756546920,-0.171,0.389,-0.905,0.039,-0.007,-0.063
AIRPOT,1642756548368,1642756546985,4,1642756546985,-0.156,0.388,-0.908,0.082,-0.014,-0.083
AIRPOT,1642756548494,1642756547111,4,1642756547111,-0.143,0.394,-0.908,0.102,-0.084,0.021
AIRPOT,1642756548531,1642756547148,4,1642756547148,-0.135,0.393,-0.909,0.115,-0.074,-0.029
AIRPOT,1642756548568,1642756547185,4,1642756547185,-0.131,0.393,-0.910,0.129,-0.070,-0.023
AIRPOT,1642756548608,1642756547225,4,1642756547225,-0.130,0.390,-0.911,0.150,-0.055,-0.006
AIRPOT,1642756548654,1642756547271,4,1642756547271,-0.129,0.387,-0.913,0.161,-0.034,-0.025
AIRPOT,1642756548727,1642756547344,4,1642756547344,-0.136,0.385,-0.913,0.119,-0.041,-0.063
AIRPOT,1642756548781,1642756547398,4,1642756547398,-0.146,0.386,-0.911,0.097,-0.008,-0.131
AIRPOT,1642756548973,1642756547590,4,1642756547590,-0.235,0.388,-0.891,-0.145,0.044,0.025
AIRPOT,1642756549025,1642756547642,4,1642756547642,-0.252,0.391,-0.885,-0.134,0.096,0.099
AIRPOT,1642756549141,1642756547758,4,1642756547758,-0.293,0.388,-0.874,-0.085,0.063,0.058
AIRPOT,1642756549266,1642756547883,4,1642756547883,-0.334,0.378,-0.863,-0.124,-0.009,0.040
AIRPOT,1642756549388,1642756548005,4,1642756548005,-0.350,0.374,-0.859,-0.096,0.024,0.024
AIRPOT,1642756549457,1642756548074,4,1642756548074,-0.334,0.363,-0.870,-0.007,-0.002,0.014
AIRPOT,1642756549490,1642756548107,4,1642756548107,-0.323,0.364,-0.874,0.043,0.046,-0.002
AIRPOT,1642756549543,1642756548160,4,1642756548160,-0.310,0.366,-0.877,0.041,0.012,-0.059
AIRPOT,1642756549659,1642756548276,4,1642756548276,-0.270,0.354,-0.895,0.048,0.012,-0.014
AIRPOT,1642756549782,1642756548399,4,1642756548399,-0.232,0.330,-0.915,0.056,-0.060,-0.021
AIRPOT,1642756549858,1642756548475,4,1642756548475,-0.205,0.313,-0.927,0.084,-0.089,0.004
AIRPOT,1642756549906,1642756548523,4,1642756548523,-0.191,0.312,-0.931,0.088,-0.104,0.005
AIRPOT,1642756550024,1642756548641,4,1642756548641,-0.162,0.321,-0.933,0.058,-0.135,-0.027
AIRPOT,1642756550080,1642756548697,4,1642756548697,-0.156,0.316,-0.936,0.072,-0.148,-0.012
AIRPOT,1642756550096,1642756548713,4,1642756548713,-0.148,0.311,-0.939,0.060,-0.091,-0.011
AIRPOT,1642756550145,1642756548762,4,1642756548762,-0.142,0.312,-0.939,0.087,-0.042,-0.003
AIRPOT,1642756550264,1642756548881,4,1642756548881,-0.126,0.333,-0.935,0.044,0.074,0.010
AIRPOT,1642756550325,1642756548942,4,1642756548942,-0.122,0.342,-0.932,-0.028,0.075,-0.048
AIRPOT,1642756550380,1642756548997,4,1642756548997,-0.121,0.357,-0.926,0.006,0.119,0.007
AIRPOT,1642756550443,1642756549060,4,1642756549060,-0.121,0.362,-0.924,0.026,0.101,0.004
AIRPOT,1642756550459,1642756549076,4,1642756549076,-0.120,0.365,-0.923,0.029,0.080,-0.017
AIRPOT,1642756550501,1642756549118,4,1642756549118,-0.119,0.365,-0.923,0.026,0.063,-0.001
AIRPOT,1642756550621,1642756549238,4,1642756549238,-0.120,0.353,-0.928,0.024,-0.033,0.008
AIRPOT,1642756550712,1642756549329,4,1642756549329,-0.115,0.345,-0.932,0.033,-0.021,-0.001
AIRPOT,1642756550746,1642756549363,4,1642756549363,-0.115,0.340,-0.933,0.012,-0.026,-0.029
AIRPOT,1642756550794,1642756549411,4,1642756549411,-0.118,0.336,-0.934,0.032,0.003,0.005
AIRPOT,1642756550833,1642756549450,4,1642756549450,-0.121,0.334,-0.935,0.019,0.008,0.006
AIRPOT,1642756550901,1642756549518,4,1642756549518,-0.129,0.330,-0.935,-0.001,0.023,0.007
AIRPOT,1642756550948,1642756549565,4,1642756549565,-0.135,0.329,-0.935,-0.011,0.012,-0.002
AIRPOT,1642756551084,1642756549701,4,1642756549701,-0.159,0.324,-0.933,-0.029,-0.002,0.005
AIRPOT,1642756551157,1642756549774,4,1642756549774,-0.168,0.319,-0.933,-0.013,-0.013,0.011
AIRPOT,1642756551200,1642756549817,4,1642756549817,-0.169,0.317,-0.933,-0.007,-0.003,0.001
AIRPOT,1642756551270,1642756549887,4,1642756549887,-0.172,0.313,-0.934,0.007,-0.001,-0.002
AIRPOT,1642756551312,1642756549929,4,1642756549929,-0.173,0.312,-0.934,0.008,-0.005,-0.009
AIRPOT,1642756551369,1642756549986,4,1642756549986,-0.175,0.312,-0.934,0.006,-0.007,0.005
AIRPOT,1642756551383,1642756550000,4,1642756550000,-0.175,0.312,-0.934,0.002,-0.005,0.003
AIRPOT,1642756551432,1642756550049,4,1642756550049,-0.175,0.311,-0.934,0.001,-0.003,-0.001
AIRPOT,1642756551490,1642756550107,4,1642756550107,-0.174,0.310,-0.935,0.006,0.005,-0.004
AIRPOT,1642756551553,1642756550170,4,1642756550170,-0.174,0.307,-0.936,0.010,-0.006,-0.002
AIRPOT,1642756551609,1642756550226,4,1642756550226,-0.175,0.305,-0.936,0.011,-0.013,0.005
AIRPOT,1642756551688,1642756550305,4,1642756550305,-0.174,0.303,-0.937,0.008,-0.004,-0.007
AIRPOT,1642756551732,1642756550349,4,1642756550349,-0.175,0.303,-0.937,0.007,-0.002,0.003
AIRPOT,1642756551798,1642756550415,4,1642756550415,-0.174,0.302,-0.937,0.003,-0.005,-0.003
AIRPOT,1642756551915,1642756550532,4,1642756550532,-0.174,0.304,-0.937,-0.196,-0.193,0.187
AIRPOT,1642756552051,1642756550668,4,1642756550668,-0.093,0.431,-0.898,0.056,0.117,0.357
AIRPOT,1642756552088,1642756550705,4,1642756550705,-0.046,0.497,-0.866,0.292,0.217,-0.268
AIRPOT,1642756552149,1642756550766,4,1642756550766,-0.032,0.576,-0.817,0.140,0.373,-0.406
AIRPOT,1642756552200,1642756550817,4,1642756550817,-0.051,0.596,-0.801,-0.012,0.133,-0.086
AIRPOT,1642756552316,1642756550933,4,1642756550933,-0.102,0.574,-0.812,0.016,-0.127,0.126
AIRPOT,1642756552434,1642756551051,4,1642756551051,-0.106,0.599,-0.794,-0.049,0.013,0.018
AIRPOT,1642756552493,1642756551110,4,1642756551110,-0.105,0.608,-0.787,-0.068,0.010,0.001
AIRPOT,1642756552553,1642756551170,4,1642756551170,-0.103,0.624,-0.775,-0.097,0.021,-0.004
AIRPOT,1642756552608,1642756551225,4,1642756551225,-0.102,0.633,-0.767,-0.118,0.022,-0.002
AIRPOT,1642756552678,1642756551295,4,1642756551295,-0.096,0.650,-0.754,-0.113,-0.009,0.035
AIRPOT,1642756552735,1642756551352,4,1642756551352,-0.090,0.655,-0.751,-0.090,-0.059,0.028
AIRPOT,1642756552798,1642756551415,4,1642756551415,-0.073,0.664,-0.744,-0.016,-0.024,-0.010
AIRPOT,1642756552976,1642756551593,4,1642756551593,-0.044,0.686,-0.726,0.160,0.028,0.006
AIRPOT,1642756553095,1642756551712,4,1642756551712,-0.063,0.708,-0.704,0.196,0.007,-0.011
AIRPOT,1642756553216,1642756551833,4,1642756551833,-0.089,0.719,-0.689,0.225,0.007,0.024
AIRPOT,1642756553382,1642756551999,4,1642756551999,-0.161,0.735,-0.659,0.224,-0.014,-0.062
AIRPOT,1642756553443,1642756552060,4,1642756552060,-0.204,0.738,-0.644,0.108,0.014,-0.020
AIRPOT,1642756553561,1642756552178,4,1642756552178,-0.253,0.738,-0.626,-0.055,-0.025,0.072
AIRPOT,1642756553639,1642756552256,4,1642756552256,-0.278,0.744,-0.607,-0.124,-0.045,0.049
AIRPOT,1642756553694,1642756552311,4,1642756552311,-0.292,0.748,-0.595,-0.154,-0.102,0.071
AIRPOT,1642756553761,1642756552378,4,1642756552378,-0.313,0.757,-0.574,-0.128,-0.086,0.053
AIRPOT,1642756553809,1642756552426,4,1642756552426,-0.323,0.761,-0.563,-0.101,-0.099,0.088
AIRPOT,1642756553865,1642756552482,4,1642756552482,-0.328,0.765,-0.555,-0.063,-0.095,0.093
AIRPOT,1642756553922,1642756552539,4,1642756552539,-0.333,0.770,-0.545,0.007,-0.119,0.066
AIRPOT,1642756553979,1642756552596,4,1642756552596,-0.334,0.772,-0.541,-0.008,-0.098,0.128
AIRPOT,1642756554106,1642756552723,4,1642756552723,-0.309,0.800,-0.514,0.067,0.075,-0.048
AIRPOT,1642756554174,1642756552791,4,1642756552791,-0.305,0.811,-0.499,0.063,0.019,0.022
AIRPOT,1642756554228,1642756552845,4,1642756552845,-0.302,0.816,-0.493,0.070,0.010,0.013
AIRPOT,1642756554290,1642756552907,4,1642756552907,-0.286,0.833,-0.474,0.032,0.096,-0.047
AIRPOT,1642756554342,1642756552959,4,1642756552959,-0.276,0.839,-0.468,-0.006,0.174,-0.053
AIRPOT,1642756554418,1642756553035,4,1642756553035,-0.261,0.843,-0.470,0.007,0.145,-0.043
AIRPOT,1642756554543,1642756553160,4,1642756553160,-0.236,0.833,-0.500,0.016,0.080,0.037
AIRPOT,1642756554609,1642756553226,4,1642756553226,-0.222,0.820,-0.527,-0.022,0.100,0.080
AIRPOT,1642756554688,1642756553305,4,1642756553305,-0.208,0.811,-0.547,-0.024,0.192,0.000
AIRPOT,1642756554753,1642756553370,4,1642756553370,-0.203,0.804,-0.559,-0.006,0.174,0.013
AIRPOT,1642756554810,1642756553427,4,1642756553427,-0.195,0.779,-0.595,0.008,0.172,0.018
AIRPOT,1642756554893,1642756553510,4,1642756553510,-0.181,0.740,-0.648,0.050,0.118,-0.039
AIRPOT,1642756554936,1642756553553,4,1642756553553,-0.174,0.714,-0.679,0.060,0.091,-0.021
AIRPOT,1642756555153,1642756553770,4,1642756553770,-0.145,0.547,-0.824,0.014,-0.032,0.045
AIRPOT,1642756555223,1642756553840,4,1642756553840,-0.127,0.474,-0.871,0.013,-0.020,0.027
AIRPOT,1642756555332,1642756553949,4,1642756553949,-0.103,0.360,-0.927,0.026,-0.029,0.042
AIRPOT,1642756555452,1642756554069,4,1642756554069,-0.073,0.249,-0.966,0.048,-0.087,0.017
AIRPOT,1642756555533,1642756554150,4,1642756554150,-0.055,0.182,-0.982,0.023,-0.060,0.017
AIRPOT,1642756555582,1642756554199,4,1642756554199,-0.046,0.155,-0.987,0.015,-0.074,0.004
AIRPOT,1642756555703,1642756554320,4,1642756554320,-0.020,0.075,-0.997,0.003,-0.021,-0.002
AIRPOT,1642756555829,1642756554446,4,1642756554446,-0.004,-0.006,-1.000,0.013,-0.055,0.011
AIRPOT,1642756555881,1642756554498,4,1642756554498,0.001,-0.029,-1.000,0.003,-0.044,-0.008
AIRPOT,1642756556001,1642756554618,4,1642756554618,0.002,-0.077,-0.997,0.015,0.019,0.031
AIRPOT,1642756556072,1642756554689,4,1642756554689,0.010,-0.102,-0.995,0.035,0.077,0.041
AIRPOT,1642756556121,1642756554738,4,1642756554738,0.017,-0.109,-0.994,0.046,0.065,-0.019
AIRPOT,1642756556230,1642756554847,4,1642756554847,0.029,-0.146,-0.989,0.043,-0.010,0.010
AIRPOT,1642756556353,1642756554970,4,1642756554970,0.047,-0.208,-0.977,0.024,-0.013,-0.033
AIRPOT,1642756556423,1642756555040,4,1642756555040,0.054,-0.250,-0.967,0.019,-0.043,0.019
AIRPOT,1642756556471,1642756555088,4,1642756555088,0.060,-0.270,-0.961,-0.004,-0.075,-0.002
AIRPOT,1642756556539,1642756555156,4,1642756555156,0.061,-0.311,-0.948,-0.057,-0.036,-0.010
AIRPOT,1642756556592,1642756555209,4,1642756555209,0.059,-0.325,-0.944,-0.025,0.018,0.050
AIRPOT,1642756556661,1642756555278,4,1642756555278,0.062,-0.330,-0.942,0.063,-0.113,0.013
AIRPOT,1642756556712,1642756555329,4,1642756555329,0.057,-0.321,-0.945,0.084,-0.166,0.048
AIRPOT,1642756556785,1642756555402,4,1642756555402,0.038,-0.272,-0.962,0.055,-0.034,0.018
AIRPOT,1642756556837,1642756555454,4,1642756555454,0.026,-0.241,-0.970,0.062,0.026,0.015
AIRPOT,1642756557002,1642756555619,4,1642756555619,-0.004,-0.124,-0.992,0.043,0.017,-0.007
AIRPOT,1642756557030,1642756555647,4,1642756555647,-0.013,-0.091,-0.996,0.029,-0.008,0.009
AIRPOT,1642756557063,1642756555680,4,1642756555680,-0.019,-0.061,-0.998,-0.006,0.004,-0.004
AIRPOT,1642756557126,1642756555743,4,1642756555743,-0.025,-0.036,-0.999,-0.038,0.077,0.015
AIRPOT,1642756557156,1642756555773,4,1642756555773,-0.028,-0.018,-0.999,-0.056,0.124,-0.062
AIRPOT,1642756557203,1642756555820,4,1642756555820,-0.034,-0.006,-0.999,-0.097,0.177,-0.032
AIRPOT,1642756557237,1642756555854,4,1642756555854,-0.039,-0.006,-0.999,-0.089,0.163,-0.097
AIRPOT,1642756557310,1642756555927,4,1642756555927,-0.048,-0.054,-0.997,-0.038,0.142,0.027
AIRPOT,1642756557387,1642756556004,4,1642756556004,-0.023,-0.136,-0.990,0.055,0.052,-0.031
AIRPOT,1642756557447,1642756556064,4,1642756556064,-0.002,-0.177,-0.984,0.089,-0.021,-0.022
AIRPOT,1642756557482,1642756556099,4,1642756556099,0.021,-0.213,-0.977,0.077,-0.003,-0.055
AIRPOT,1642756557571,1642756556188,4,1642756556188,0.058,-0.266,-0.962,0.031,-0.032,-0.160
AIRPOT,1642756557598,1642756556215,4,1642756556215,0.070,-0.286,-0.956,0.040,-0.063,-0.218
AIRPOT,1642756557667,1642756556284,4,1642756556284,0.087,-0.355,-0.931,0.007,-0.071,0.160
AIRPOT,1642756557721,1642756556338,4,1642756556338,0.098,-0.406,-0.909,-0.018,0.025,0.237
AIRPOT,1642756557757,1642756556374,4,1642756556374,0.115,-0.453,-0.884,-0.002,0.094,0.273
AIRPOT,1642756557788,1642756556405,4,1642756556405,0.133,-0.496,-0.858,0.060,0.006,0.305
AIRPOT,1642756557845,1642756556462,4,1642756556462,0.155,-0.533,-0.832,0.050,0.018,0.284
AIRPOT,1642756557874,1642756556491,4,1642756556491,0.173,-0.556,-0.813,0.070,-0.095,0.104
AIRPOT,1642756557962,1642756556579,4,1642756556579,0.176,-0.522,-0.835,0.088,-0.177,-0.124
AIRPOT,1642756557992,1642756556609,4,1642756556609,0.171,-0.494,-0.852,0.040,-0.010,-0.152
AIRPOT,1642756558073,1642756556690,4,1642756556690,0.148,-0.472,-0.869,0.005,0.035,0.042
AIRPOT,1642756558130,1642756556747,4,1642756556747,0.140,-0.469,-0.872,0.016,-0.038,0.070
AIRPOT,1642756558207,1642756556824,4,1642756556824,0.136,-0.460,-0.877,0.013,0.025,-0.020
AIRPOT,1642756558290,1642756556907,4,1642756556907,0.125,-0.451,-0.884,0.015,0.005,-0.032
AIRPOT,1642756558390,1642756557007,4,1642756557007,0.107,-0.471,-0.876,-0.014,-0.010,0.061
AIRPOT,1642756558492,1642756557109,4,1642756557109,0.106,-0.477,-0.872,0.006,-0.023,0.034
AIRPOT,1642756558537,1642756557154,4,1642756557154,0.103,-0.476,-0.873,0.021,-0.000,0.035
AIRPOT,1642756558567,1642756557184,4,1642756557184,0.105,-0.474,-0.875,0.026,-0.020,-0.016
AIRPOT,1642756558596,1642756557213,4,1642756557213,0.106,-0.470,-0.876,-0.025,0.004,-0.042
AIRPOT,1642756558651,1642756557268,4,1642756557268,0.103,-0.468,-0.878,0.029,0.019,0.030
AIRPOT,1642756558682,1642756557299,4,1642756557299,0.107,-0.466,-0.878,0.025,0.063,-0.012
AIRPOT,1642756558711,1642756557328,4,1642756557328,0.104,-0.464,-0.880,0.068,-0.005,-0.030
AIRPOT,1642756558809,1642756557426,4,1642756557426,0.099,-0.462,-0.881,-0.001,0.037,-0.027
AIRPOT,1642756558836,1642756557453,4,1642756557453,0.099,-0.463,-0.881,-0.035,0.068,-0.017
AIRPOT,1642756558878,1642756557495,4,1642756557495,0.096,-0.465,-0.880,-0.055,-0.014,-0.009
AIRPOT,1642756558938,1642756557555,4,1642756557555,0.095,-0.476,-0.874,-0.066,-0.009,0.007
AIRPOT,1642756558980,1642756557597,4,1642756557597,0.094,-0.491,-0.866,-0.030,-0.016,0.060
AIRPOT,1642756559010,1642756557627,4,1642756557627,0.102,-0.506,-0.856,-0.006,0.000,0.023
AIRPOT,1642756559043,1642756557660,4,1642756557660,0.112,-0.519,-0.847,0.049,-0.017,0.014
AIRPOT,1642756559115,1642756557732,4,1642756557732,0.133,-0.531,-0.837,0.071,-0.046,0.008
AIRPOT,1642756559201,1642756557818,4,1642756557818,0.137,-0.534,-0.834,-0.012,-0.045,-0.006
AIRPOT,1642756559236,1642756557853,4,1642756557853,0.131,-0.539,-0.832,-0.023,-0.006,-0.002
AIRPOT,1642756559316,1642756557933,4,1642756557933,0.130,-0.552,-0.824,0.004,-0.034,-0.018
AIRPOT,1642756559386,1642756558003,4,1642756558003,0.131,-0.558,-0.819,0.023,-0.008,0.010
AIRPOT,1642756559404,1642756558021,4,1642756558021,0.129,-0.565,-0.815,0.041,-0.008,-0.014
AIRPOT,1642756559459,1642756558076,4,1642756558076,0.126,-0.572,-0.810,0.040,-0.005,0.000
AIRPOT,1642756559489,1642756558106,4,1642756558106,0.125,-0.576,-0.808,0.014,-0.001,0.018
AIRPOT,1642756559519,1642756558136,4,1642756558136,0.124,-0.578,-0.807,0.002,-0.017,0.003
AIRPOT,1642756559573,1642756558190,4,1642756558190,0.123,-0.578,-0.807,-0.003,0.001,0.015
AIRPOT,1642756559603,1642756558220,4,1642756558220,0.123,-0.579,-0.806,-0.004,-0.006,0.002
AIRPOT,1642756559687,1642756558304,4,1642756558304,0.126,-0.581,-0.804,-0.000,-0.021,0.023
AIRPOT,1642756559737,1642756558354,4,1642756558354,0.127,-0.583,-0.803,0.004,0.007,0.012
AIRPOT,1642756559780,1642756558397,4,1642756558397,0.128,-0.583,-0.803,0.016,-0.024,0.017
AIRPOT,1642756559814,1642756558431,4,1642756558431,0.128,-0.581,-0.804,0.019,-0.017,-0.043
AIRPOT,1642756559852,1642756558469,4,1642756558469,0.124,-0.578,-0.806,0.035,0.008,0.003
AIRPOT,1642756559885,1642756558502,4,1642756558502,0.121,-0.573,-0.810,-0.009,-0.040,-0.000
AIRPOT,1642756559982,1642756558599,4,1642756558599,0.118,-0.567,-0.815,0.012,-0.008,0.028
AIRPOT,1642756560017,1642756558634,4,1642756558634,0.117,-0.564,-0.818,0.005,0.037,-0.049
AIRPOT,1642756560048,1642756558665,4,1642756558665,0.114,-0.561,-0.820,0.016,0.010,0.033
AIRPOT,1642756560096,1642756558713,4,1642756558713,0.115,-0.559,-0.821,0.001,0.021,0.003
AIRPOT,1642756560148,1642756558765,4,1642756558765,0.117,-0.558,-0.822,-0.006,0.011,-0.021
AIRPOT,1642756560185,1642756558802,4,1642756558802,0.117,-0.558,-0.822,0.019,-0.009,0.016
AIRPOT,1642756560216,1642756558833,4,1642756558833,0.120,-0.559,-0.821,-0.035,-0.038,-0.068
AIRPOT,1642756560341,1642756558958,4,1642756558958,0.115,-0.564,-0.818,-0.012,-0.039,-0.019
AIRPOT,1642756560381,1642756558998,4,1642756558998,0.113,-0.565,-0.817,0.021,0.015,0.078
AIRPOT,1642756560425,1642756559042,4,1642756559042,0.118,-0.567,-0.815,0.037,-0.007,-0.012
AIRPOT,1642756560465,1642756559082,4,1642756559082,0.117,-0.567,-0.815,0.046,0.044,0.104
AIRPOT,1642756560503,1642756559120,4,1642756559120,0.121,-0.565,-0.816,0.019,0.017,-0.112
AIRPOT,1642756560584,1642756559201,4,1642756559201,0.118,-0.563,-0.818,-0.001,0.027,0.007
AIRPOT,1642756560620,1642756559237,4,1642756559237,0.117,-0.561,-0.820,0.029,-0.075,-0.065
AIRPOT,1642756560653,1642756559270,4,1642756559270,0.112,-0.561,-0.820,-0.001,-0.005,0.037
AIRPOT,1642756560708,1642756559325,4,1642756559325,0.111,-0.561,-0.820,-0.021,-0.006,-0.030
AIRPOT,1642756560742,1642756559359,4,1642756559359,0.109,-0.562,-0.820,-0.019,0.021,0.007
AIRPOT,1642756560770,1642756559387,4,1642756559387,0.109,-0.562,-0.820,-0.023,-0.041,0.004
AIRPOT,1642756560809,1642756559426,4,1642756559426,0.107,-0.564,-0.819,-0.014,0.070,0.036
AIRPOT,1642756560903,1642756559520,4,1642756559520,0.111,-0.565,-0.817,0.025,-0.005,0.024
AIRPOT,1642756560942,1642756559559,4,1642756559559,0.114,-0.566,-0.817,0.039,0.018,0.015
AIRPOT,1642756561030,1642756559647,4,1642756559647,0.118,-0.564,-0.817,0.008,-0.033,-0.020
AIRPOT,1642756561068,1642756559685,4,1642756559685,0.116,-0.563,-0.818,0.009,0.009,0.021
AIRPOT,1642756561107,1642756559724,4,1642756559724,0.117,-0.563,-0.818,-0.028,0.006,-0.023
AIRPOT,1642756561181,1642756559798,4,1642756559798,0.116,-0.565,-0.817,-0.006,0.023,-0.006
AIRPOT,1642756561222,1642756559839,4,1642756559839,0.117,-0.566,-0.816,0.019,-0.012,0.010
AIRPOT,1642756561258,1642756559875,4,1642756559875,0.118,-0.567,-0.815,0.029,-0.034,0.018
AIRPOT,1642756561346,1642756559963,4,1642756559963,0.119,-0.557,-0.822,-0.028,-0.016,-0.014
AIRPOT,1642756561375,1642756559992,4,1642756559992,0.121,-0.555,-0.823,-0.008,-0.056,-0.003
AIRPOT,1642756561473,1642756560090,4,1642756560090,0.126,-0.552,-0.824,-0.004,0.034,0.007
AIRPOT,1642756561511,1642756560128,4,1642756560128,0.131,-0.552,-0.824,0.017,-0.009,-0.023
AIRPOT,1642756561573,1642756560190,4,1642756560190,0.137,-0.554,-0.821,0.064,-0.091,0.009
AIRPOT,1642756561620,1642756560237,4,1642756560237,0.138,-0.556,-0.820,-0.014,0.066,-0.052
AIRPOT,1642756561654,1642756560271,4,1642756560271,0.133,-0.558,-0.819,0.046,-0.078,0.047
AIRPOT,1642756561712,1642756560329,4,1642756560329,0.131,-0.559,-0.819,-0.043,0.037,-0.022
AIRPOT,1642756561761,1642756560378,4,1642756560378,0.127,-0.557,-0.821,0.029,-0.062,0.027
AIRPOT,1642756561790,1642756560407,4,1642756560407,0.126,-0.555,-0.823,0.024,0.012,-0.083
AIRPOT,1642756561822,1642756560439,4,1642756560439,0.113,-0.553,-0.826,-0.038,0.004,0.115
AIRPOT,1642756561873,1642756560490,4,1642756560490,0.116,-0.550,-0.827,-0.069,-0.058,-0.084
AIRPOT,1642756561916,1642756560533,4,1642756560533,0.112,-0.549,-0.828,-0.049,0.031,0.097
AIRPOT,1642756561956,1642756560573,4,1642756560573,0.120,-0.548,-0.828,0.019,-0.010,0.034
AIRPOT,1642756561993,1642756560610,4,1642756560610,0.129,-0.547,-0.827,0.030,0.021,0.009
AIRPOT,1642756562028,1642756560645,4,1642756560645,0.133,-0.546,-0.827,0.066,0.014,0.026
AIRPOT,1642756562071,1642756560688,4,1642756560688,0.138,-0.546,-0.826,0.012,-0.045,-0.077
AIRPOT,1642756562112,1642756560729,4,1642756560729,0.134,-0.547,-0.826,0.050,0.041,0.128
AIRPOT,1642756562239,1642756560856,4,1642756560856,0.122,-0.555,-0.823,-0.069,-0.025,0.073
AIRPOT,1642756562276,1642756560893,4,1642756560893,0.123,-0.559,-0.820,0.015,-0.079,-0.113
AIRPOT,1642756562323,1642756560940,4,1642756560940,0.111,-0.566,-0.817,-0.021,0.197,0.145
AIRPOT,1642756562352,1642756560969,4,1642756560969,0.120,-0.566,-0.816,-0.042,-0.296,-0.221
AIRPOT,1642756562389,1642756561006,4,1642756561006,0.112,-0.569,-0.815,0.065,0.171,0.150
AIRPOT,1642756562428,1642756561045,4,1642756561045,0.114,-0.566,-0.816,-0.059,-0.221,-0.216
AIRPOT,1642756562467,1642756561084,4,1642756561084,0.107,-0.572,-0.814,0.011,0.095,0.170
AIRPOT,1642756562511,1642756561128,4,1642756561128,0.109,-0.568,-0.816,-0.004,-0.080,-0.107
AIRPOT,1642756562547,1642756561164,4,1642756561164,0.105,-0.571,-0.815,0.016,0.045,0.130
AIRPOT,1642756562580,1642756561197,4,1642756561197,0.108,-0.568,-0.816,0.002,0.034,-0.112
AIRPOT,1642756562679,1642756561296,4,1642756561296,0.101,-0.566,-0.818,-0.063,-0.022,-0.068
AIRPOT,1642756562719,1642756561336,4,1642756561336,0.099,-0.566,-0.819,-0.014,0.028,0.053
AIRPOT,1642756562801,1642756561418,4,1642756561418,0.103,-0.563,-0.820,-0.009,0.037,-0.014
AIRPOT,1642756562840,1642756561457,4,1642756561457,0.102,-0.562,-0.821,0.024,-0.001,0.028
AIRPOT,1642756562883,1642756561500,4,1642756561500,0.107,-0.562,-0.820,-0.009,0.088,-0.048
AIRPOT,1642756562925,1642756561542,4,1642756561542,0.111,-0.560,-0.821,0.039,0.020,-0.005
AIRPOT,1642756562984,1642756561601,4,1642756561601,0.117,-0.557,-0.822,0.025,-0.028,-0.018
AIRPOT,1642756563026,1642756561643,4,1642756561643,0.117,-0.558,-0.822,-0.027,0.036,0.006
AIRPOT,1642756563076,1642756561693,4,1642756561693,0.119,-0.556,-0.823,0.038,-0.074,-0.008
AIRPOT,1642756563111,1642756561728,4,1642756561728,0.116,-0.554,-0.825,-0.019,0.017,0.003
AIRPOT,1642756563150,1642756561767,4,1642756561767,0.112,-0.552,-0.826,-0.050,-0.037,0.039
AIRPOT,1642756563182,1642756561799,4,1642756561799,0.114,-0.547,-0.829,-0.045,0.012,-0.028
AIRPOT,1642756563245,1642756561862,4,1642756561862,0.118,-0.545,-0.830,0.069,-0.040,0.050
AIRPOT,1642756563276,1642756561893,4,1642756561893,0.122,-0.542,-0.831,0.039,-0.005,-0.036
AIRPOT,1642756563321,1642756561938,4,1642756561938,0.122,-0.541,-0.832,0.040,0.005,0.046
AIRPOT,1642756563371,1642756561988,4,1642756561988,0.123,-0.539,-0.834,-0.002,-0.003,-0.042
AIRPOT,1642756563405,1642756562022,4,1642756562022,0.120,-0.538,-0.834,0.022,0.053,0.094
AIRPOT,1642756563438,1642756562055,4,1642756562055,0.121,-0.539,-0.834,-0.052,-0.068,-0.032
AIRPOT,1642756563477,1642756562094,4,1642756562094,0.124,-0.540,-0.832,0.070,0.028,-0.079
AIRPOT,1642756563574,1642756562191,4,1642756562191,0.122,-0.548,-0.828,-0.026,-0.204,-0.265
AIRPOT,1642756563588,1642756562205,4,1642756562205,0.107,-0.558,-0.823,-0.004,0.202,0.182
AIRPOT,1642756563669,1642756562286,4,1642756562286,0.116,-0.566,-0.816,-0.045,-0.087,-0.245
AIRPOT,1642756563712,1642756562329,4,1642756562329,0.108,-0.567,-0.817,0.097,0.147,0.236
AIRPOT,1642756563774,1642756562391,4,1642756562391,0.121,-0.566,-0.815,0.026,-0.072,-0.175
AIRPOT,1642756563813,1642756562430,4,1642756562430,0.118,-0.566,-0.816,0.060,-0.042,-0.011
AIRPOT,1642756563840,1642756562457,4,1642756562457,0.112,-0.567,-0.816,-0.004,0.031,0.045
AIRPOT,1642756563879,1642756562496,4,1642756562496,0.111,-0.567,-0.816,-0.024,-0.063,-0.086
AIRPOT,1642756563922,1642756562539,4,1642756562539,0.106,-0.568,-0.816,-0.052,0.096,0.048
AIRPOT,1642756563963,1642756562580,4,1642756562580,0.108,-0.569,-0.815,-0.006,-0.048,-0.023
AIRPOT,1642756564003,1642756562620,4,1642756562620,0.109,-0.571,-0.814,-0.016,0.018,-0.047
AIRPOT,1642756564038,1642756562655,4,1642756562655,0.108,-0.572,-0.813,-0.015,0.015,0.034
AIRPOT,1642756564074,1642756562691,4,1642756562691,0.110,-0.570,-0.814,0.014,-0.067,-0.004
AIRPOT,1642756564114,1642756562731,4,1642756562731,0.115,-0.570,-0.813,-0.015,0.036,-0.054
AIRPOT,1642756564164,1642756562781,4,1642756562781,0.116,-0.572,-0.812,0.021,0.022,0.024
AIRPOT,1642756564189,1642756562806,4,1642756562806,0.117,-0.575,-0.810,0.032,-0.005,0.011
AIRPOT,1642756564290,1642756562907,4,1642756562907,0.121,-0.571,-0.812,0.021,-0.000,0.028
AIRPOT,1642756564369,1642756562986,4,1642756562986,0.120,-0.566,-0.815,-0.038,-0.064,-0.006
AIRPOT,1642756564398,1642756563015,4,1642756563015,0.117,-0.563,-0.818,-0.002,0.003,0.020
AIRPOT,1642756564433,1642756563050,4,1642756563050,0.114,-0.560,-0.821,-0.058,0.022,-0.031
AIRPOT,1642756564496,1642756563113,4,1642756563113,0.112,-0.555,-0.824,0.023,-0.023,0.070
AIRPOT,1642756564566,1642756563183,4,1642756563183,0.118,-0.547,-0.829,0.059,-0.009,0.048
AIRPOT,1642756564610,1642756563227,4,1642756563227,0.121,-0.541,-0.832,0.001,-0.019,-0.052
AIRPOT,1642756564654,1642756563271,4,1642756563271,0.118,-0.539,-0.834,-0.015,0.049,0.045
AIRPOT,1642756564695,1642756563312,4,1642756563312,0.118,-0.538,-0.835,0.001,0.006,0.002
AIRPOT,1642756564724,1642756563341,4,1642756563341,0.117,-0.540,-0.833,-0.007,0.062,0.117
AIRPOT,1642756564776,1642756563393,4,1642756563393,0.124,-0.541,-0.832,0.039,-0.051,-0.174
AIRPOT,1642756564812,1642756563429,4,1642756563429,0.126,-0.546,-0.828,0.031,-0.147,-0.162
AIRPOT,1642756564967,1642756563584,4,1642756563584,0.106,-0.556,-0.824,-0.037,0.025,-0.004
AIRPOT,1642756565180,1642756563797,4,1642756563797,0.113,-0.560,-0.821,-0.029,0.048,0.069
AIRPOT,1642756565221,1642756563838,4,1642756563838,0.116,-0.558,-0.822,-0.021,-0.089,-0.094
AIRPOT,1642756565290,1642756563907,4,1642756563907,0.109,-0.559,-0.822,0.018,-0.001,0.001
AIRPOT,1642756565323,1642756563940,4,1642756563940,0.107,-0.560,-0.821,-0.014,-0.012,-0.018
AIRPOT,1642756565361,1642756563978,4,1642756563978,0.110,-0.561,-0.820,-0.029,0.067,-0.044
AIRPOT,1642756565419,1642756564036,4,1642756564036,0.106,-0.560,-0.822,0.039,-0.036,0.058
AIRPOT,1642756565546,1642756564163,4,1642756564163,0.112,-0.556,-0.824,0.016,0.022,-0.089
AIRPOT,1642756565575,1642756564192,4,1642756564192,0.106,-0.553,-0.827,0.002,-0.046,0.136
AIRPOT,1642756565605,1642756564222,4,1642756564222,0.111,-0.549,-0.828,-0.012,-0.001,-0.061
AIRPOT,1642756565693,1642756564310,4,1642756564310,0.110,-0.542,-0.833,0.027,-0.058,-0.068
AIRPOT,1642756565723,1642756564340,4,1642756564340,0.107,-0.542,-0.834,0.004,0.016,0.060
AIRPOT,1642756565782,1642756564399,4,1642756564399,0.109,-0.539,-0.835,0.020,-0.010,0.022
AIRPOT,1642756565819,1642756564436,4,1642756564436,0.112,-0.538,-0.836,0.013,-0.019,-0.011
AIRPOT,1642756565855,1642756564472,4,1642756564472,0.113,-0.536,-0.837,0.017,0.024,0.010
AIRPOT,1642756565881,1642756564498,4,1642756564498,0.114,-0.534,-0.838,0.028,0.009,0.043
AIRPOT,1642756565937,1642756564554,4,1642756564554,0.115,-0.533,-0.838,-0.026,-0.033,-0.044
AIRPOT,1642756565972,1642756564589,4,1642756564589,0.118,-0.534,-0.837,0.007,0.005,-0.024
AIRPOT,1642756566006,1642756564623,4,1642756564623,0.116,-0.536,-0.836,0.043,0.018,0.080
AIRPOT,1642756566066,1642756564683,4,1642756564683,0.122,-0.541,-0.832,-0.056,-0.120,-0.220
AIRPOT,1642756566128,1642756564745,4,1642756564745,0.114,-0.551,-0.826,-0.096,0.025,-0.090
AIRPOT,1642756566172,1642756564789,4,1642756564789,0.123,-0.556,-0.822,0.012,-0.067,-0.078
AIRPOT,1642756566209,1642756564826,4,1642756564826,0.113,-0.560,-0.821,0.005,0.209,0.191
AIRPOT,1642756566247,1642756564864,4,1642756564864,0.124,-0.562,-0.818,-0.020,-0.241,-0.198
AIRPOT,1642756566305,1642756564922,4,1642756564922,0.115,-0.565,-0.817,0.016,0.184,0.134
AIRPOT,1642756566366,1642756564983,4,1642756564983,0.118,-0.565,-0.816,0.017,-0.018,-0.063
AIRPOT,1642756566407,1642756565024,4,1642756565024,0.115,-0.567,-0.816,0.010,0.085,0.040
AIRPOT,1642756566447,1642756565064,4,1642756565064,0.114,-0.566,-0.816,0.016,-0.098,-0.006
AIRPOT,1642756566489,1642756565106,4,1642756565106,0.114,-0.564,-0.818,-0.021,-0.011,-0.055
AIRPOT,1642756566549,1642756565166,4,1642756565166,0.111,-0.560,-0.821,-0.005,0.028,0.020
AIRPOT,1642756566626,1642756565243,4,1642756565243,0.111,-0.559,-0.822,0.012,-0.055,-0.028
AIRPOT,1642756566667,1642756565284,4,1642756565284,0.110,-0.557,-0.823,-0.037,0.094,0.005
AIRPOT,1642756566708,1642756565325,4,1642756565325,0.110,-0.550,-0.828,0.008,-0.011,0.015
AIRPOT,1642756566740,1642756565357,4,1642756565357,0.115,-0.548,-0.828,-0.006,0.117,-0.116
AIRPOT,1642756566774,1642756565391,4,1642756565391,0.110,-0.543,-0.832,-0.009,-0.039,-0.005
AIRPOT,1642756566828,1642756565445,4,1642756565445,0.109,-0.538,-0.836,-0.046,0.034,0.006
AIRPOT,1642756566859,1642756565476,4,1642756565476,0.109,-0.532,-0.840,-0.007,-0.114,0.003
AIRPOT,1642756566894,1642756565511,4,1642756565511,0.108,-0.528,-0.842,-0.008,0.032,0.022
AIRPOT,1642756566993,1642756565610,4,1642756565610,0.121,-0.528,-0.841,0.056,0.052,-0.042
AIRPOT,1642756567025,1642756565642,4,1642756565642,0.121,-0.527,-0.841,0.001,-0.075,-0.023
AIRPOT,1642756567058,1642756565675,4,1642756565675,0.120,-0.524,-0.843,0.008,0.094,0.053
AIRPOT,1642756567149,1642756565766,4,1642756565766,0.119,-0.527,-0.842,-0.017,0.000,0.049
AIRPOT,1642756567181,1642756565798,4,1642756565798,0.117,-0.527,-0.842,-0.042,0.033,-0.048
AIRPOT,1642756567218,1642756565835,4,1642756565835,0.123,-0.526,-0.841,0.080,-0.066,-0.118
AIRPOT,1642756567260,1642756565877,4,1642756565877,0.113,-0.531,-0.840,0.062,0.122,0.147
AIRPOT,1642756567293,1642756565910,4,1642756565910,0.112,-0.539,-0.835,-0.112,-0.188,-0.228
AIRPOT,1642756567394,1642756566011,4,1642756566011,0.108,-0.551,-0.827,-0.084,-0.058,-0.014
AIRPOT,1642756567434,1642756566051,4,1642756566051,0.123,-0.553,-0.824,0.083,0.038,-0.005
AIRPOT,1642756567510,1642756566127,4,1642756566127,0.127,-0.562,-0.817,0.029,0.024,-0.076
AIRPOT,1642756567560,1642756566177,4,1642756566177,0.120,-0.567,-0.815,0.015,0.012,0.034
AIRPOT,1642756567615,1642756566232,4,1642756566232,0.120,-0.580,-0.806,0.036,0.022,-0.036
AIRPOT,1642756567656,1642756566273,4,1642756566273,0.116,-0.586,-0.802,0.002,0.046,0.030
AIRPOT,1642756567840,1642756566457,4,1642756566457,0.120,-0.603,-0.789,-0.010,-0.047,0.019
AIRPOT,1642756567912,1642756566529,4,1642756566529,0.123,-0.602,-0.789,0.011,-0.004,-0.042
AIRPOT,1642756567947,1642756566564,4,1642756566564,0.123,-0.597,-0.793,-0.021,-0.019,-0.033
AIRPOT,1642756567990,1642756566607,4,1642756566607,0.122,-0.593,-0.796,0.014,-0.058,0.033
AIRPOT,1642756568046,1642756566663,4,1642756566663,0.121,-0.587,-0.801,-0.073,0.035,0.030
AIRPOT,1642756568065,1642756566682,4,1642756566682,0.128,-0.582,-0.803,0.058,-0.016,-0.007
AIRPOT,1642756568102,1642756566719,4,1642756566719,0.131,-0.582,-0.802,-0.013,0.007,0.015
AIRPOT,1642756568161,1642756566778,4,1642756566778,0.140,-0.585,-0.799,0.062,-0.037,-0.022
AIRPOT,1642756568196,1642756566813,4,1642756566813,0.142,-0.587,-0.797,0.019,0.062,0.036
AIRPOT,1642756568234,1642756566851,4,1642756566851,0.145,-0.586,-0.797,0.031,-0.037,-0.062
AIRPOT,1642756568273,1642756566890,4,1642756566890,0.141,-0.589,-0.796,0.024,0.097,0.132
AIRPOT,1642756568339,1642756566956,4,1642756566956,0.152,-0.593,-0.791,0.140,-0.165,-0.112
AIRPOT,1642756568378,1642756566995,4,1642756566995,0.135,-0.600,-0.789,-0.052,-0.002,0.023
AIRPOT,1642756568482,1642756567099,4,1642756567099,0.118,-0.612,-0.782,-0.084,0.240,0.187
AIRPOT,1642756568521,1642756567138,4,1642756567138,0.133,-0.613,-0.779,-0.066,-0.100,-0.152
AIRPOT,1642756568558,1642756567175,4,1642756567175,0.135,-0.612,-0.779,0.095,0.084,0.067
AIRPOT,1642756568596,1642756567213,4,1642756567213,0.140,-0.611,-0.779,-0.030,-0.033,-0.040
AIRPOT,1642756568670,1642756567287,4,1642756567287,0.135,-0.602,-0.787,-0.013,0.119,-0.038
AIRPOT,1642756568722,1642756567339,4,1642756567339,0.137,-0.604,-0.785,0.004,-0.134,-0.030
AIRPOT,1642756568753,1642756567370,4,1642756567370,0.134,-0.604,-0.786,-0.001,0.021,0.038
AIRPOT,1642756568783,1642756567400,4,1642756567400,0.133,-0.605,-0.785,0.022,-0.024,-0.018
AIRPOT,1642756568818,1642756567435,4,1642756567435,0.132,-0.606,-0.785,0.019,-0.002,-0.044
AIRPOT,1642756568859,1642756567476,4,1642756567476,0.128,-0.608,-0.784,0.008,-0.011,-0.008
AIRPOT,1642756568941,1642756567558,4,1642756567558,0.120,-0.608,-0.785,-0.000,-0.030,0.048
AIRPOT,1642756569000,1642756567617,4,1642756567617,0.121,-0.608,-0.784,-0.026,0.039,-0.055
AIRPOT,1642756569033,1642756567650,4,1642756567650,0.119,-0.609,-0.785,0.012,0.064,-0.008
AIRPOT,1642756569061,1642756567678,4,1642756567678,0.117,-0.607,-0.786,0.005,-0.073,-0.003
AIRPOT,1642756569106,1642756567723,4,1642756567723,0.119,-0.608,-0.785,-0.024,0.038,-0.045
AIRPOT,1642756569150,1642756567767,4,1642756567767,0.118,-0.605,-0.788,0.007,-0.043,-0.005
AIRPOT,1642756569184,1642756567801,4,1642756567801,0.114,-0.603,-0.789,-0.045,-0.004,0.027
AIRPOT,1642756569244,1642756567861,4,1642756567861,0.116,-0.601,-0.791,-0.055,-0.000,0.025
AIRPOT,1642756569268,1642756567885,4,1642756567885,0.121,-0.601,-0.790,0.035,-0.020,0.017
AIRPOT,1642756569326,1642756567943,4,1642756567943,0.124,-0.601,-0.789,0.016,-0.018,-0.004
AIRPOT,1642756569358,1642756567975,4,1642756567975,0.128,-0.603,-0.787,0.046,-0.002,0.008
AIRPOT,1642756569393,1642756568010,4,1642756568010,0.132,-0.602,-0.787,-0.007,0.001,-0.022
AIRPOT,1642756569439,1642756568056,4,1642756568056,0.132,-0.601,-0.788,0.021,0.006,0.042
AIRPOT,1642756569474,1642756568091,4,1642756568091,0.135,-0.600,-0.788,-0.010,-0.053,-0.033
AIRPOT,1642756569550,1642756568167,4,1642756568167,0.137,-0.597,-0.791,0.009,-0.064,-0.049
AIRPOT,1642756569593,1642756568210,4,1642756568210,0.138,-0.594,-0.793,-0.033,-0.137,-0.192
AIRPOT,1642756569625,1642756568242,4,1642756568242,0.125,-0.597,-0.792,-0.041,0.041,0.183
AIRPOT,1642756569691,1642756568308,4,1642756568308,0.128,-0.597,-0.792,-0.052,-0.002,-0.099
AIRPOT,1642756569725,1642756568342,4,1642756568342,0.133,-0.600,-0.789,0.026,0.040,0.000
AIRPOT,1642756569755,1642756568372,4,1642756568372,0.130,-0.602,-0.788,-0.019,0.106,0.098
AIRPOT,1642756569842,1642756568459,4,1642756568459,0.132,-0.601,-0.789,-0.017,0.076,-0.015
AIRPOT,1642756569915,1642756568532,4,1642756568532,0.127,-0.604,-0.787,-0.014,0.035,0.001
AIRPOT,1642756569965,1642756568582,4,1642756568582,0.127,-0.606,-0.785,-0.033,0.028,-0.033
AIRPOT,1642756570005,1642756568622,4,1642756568622,0.123,-0.607,-0.785,0.035,-0.079,0.021
AIRPOT,1642756570044,1642756568661,4,1642756568661,0.119,-0.607,-0.786,-0.018,0.022,-0.029
AIRPOT,1642756570083,1642756568700,4,1642756568700,0.113,-0.608,-0.786,0.005,-0.009,0.068
AIRPOT,1642756570172,1642756568789,4,1642756568789,0.110,-0.607,-0.787,-0.045,0.057,-0.067
AIRPOT,1642756570216,1642756568833,4,1642756568833,0.104,-0.603,-0.791,0.030,-0.014,0.056
AIRPOT,1642756570231,1642756568848,4,1642756568848,0.109,-0.602,-0.791,-0.015,0.091,-0.094
AIRPOT,1642756570291,1642756568908,4,1642756568908,0.107,-0.598,-0.795,0.063,-0.034,0.026
AIRPOT,1642756570327,1642756568944,4,1642756568944,0.108,-0.597,-0.795,0.006,0.049,-0.073
AIRPOT,1642756570359,1642756568976,4,1642756568976,0.104,-0.594,-0.798,-0.030,-0.046,0.024
AIRPOT,1642756570397,1642756569014,4,1642756569014,0.105,-0.593,-0.798,-0.045,-0.027,0.095
AIRPOT,1642756570441,1642756569058,4,1642756569058,0.112,-0.590,-0.800,-0.003,0.007,-0.002
AIRPOT,1642756570495,1642756569112,4,1642756569112,0.116,-0.589,-0.800,0.055,-0.035,0.015
AIRPOT,1642756570530,1642756569147,4,1642756569147,0.117,-0.587,-0.801,0.032,0.046,-0.038
AIRPOT,1642756570572,1642756569189,4,1642756569189,0.121,-0.588,-0.800,0.015,-0.034,0.002
AIRPOT,1642756570608,1642756569225,4,1642756569225,0.120,-0.587,-0.801,-0.002,0.022,0.028
AIRPOT,1642756570644,1642756569261,4,1642756569261,0.121,-0.586,-0.801,-0.000,-0.044,0.027
AIRPOT,1642756570681,1642756569298,4,1642756569298,0.119,-0.586,-0.801,0.012,-0.008,0.044
AIRPOT,1642756570740,1642756569357,4,1642756569357,0.118,-0.588,-0.800,0.024,0.052,0.099
AIRPOT,1642756570795,1642756569412,4,1642756569412,0.110,-0.588,-0.801,-0.010,0.157,0.255
AIRPOT,1642756570857,1642756569474,4,1642756569474,0.122,-0.589,-0.799,-0.085,-0.217,-0.287
AIRPOT,1642756570890,1642756569507,4,1642756569507,0.112,-0.593,-0.798,0.032,0.185,0.208
AIRPOT,1642756570924,1642756569541,4,1642756569541,0.112,-0.597,-0.795,-0.096,-0.002,0.057
AIRPOT,1642756570960,1642756569577,4,1642756569577,0.124,-0.602,-0.789,-0.004,-0.081,-0.116
AIRPOT,1642756570993,1642756569610,4,1642756569610,0.126,-0.604,-0.787,0.020,0.078,0.059
AIRPOT,1642756571077,1642756569694,4,1642756569694,0.133,-0.608,-0.783,0.040,-0.064,-0.001
AIRPOT,1642756571120,1642756569737,4,1642756569737,0.135,-0.610,-0.781,0.014,0.049,-0.071
AIRPOT,1642756571216,1642756569833,4,1642756569833,0.125,-0.606,-0.785,-0.029,0.001,-0.006
AIRPOT,1642756571260,1642756569877,4,1642756569877,0.125,-0.603,-0.788,-0.023,0.092,-0.028
AIRPOT,1642756571297,1642756569914,4,1642756569914,0.119,-0.600,-0.791,0.047,-0.037,0.105
AIRPOT,1642756571345,1642756569962,4,1642756569962,0.119,-0.598,-0.793,-0.002,-0.030,-0.053
AIRPOT,1642756571360,1642756569977,4,1642756569977,0.116,-0.593,-0.797,0.008,0.023,-0.030
AIRPOT,1642756571400,1642756570017,4,1642756570017,0.112,-0.592,-0.798,0.009,0.037,-0.004
AIRPOT,1642756571441,1642756570058,4,1642756570058,0.113,-0.592,-0.798,0.011,0.034,-0.038
AIRPOT,1642756571504,1642756570121,4,1642756570121,0.112,-0.592,-0.798,-0.045,0.003,-0.081
AIRPOT,1642756571533,1642756570150,4,1642756570150,0.107,-0.586,-0.803,-0.061,-0.093,0.022
AIRPOT,1642756571568,1642756570185,4,1642756570185,0.104,-0.584,-0.805,-0.066,-0.037,0.041
AIRPOT,1642756571643,1642756570260,4,1642756570260,0.107,-0.586,-0.803,0.032,-0.003,0.003
AIRPOT,1642756571732,1642756570349,4,1642756570349,0.111,-0.588,-0.801,0.012,-0.007,0.009
AIRPOT,1642756571777,1642756570394,4,1642756570394,0.114,-0.586,-0.803,0.041,0.006,0.021
AIRPOT,1642756571845,1642756570462,4,1642756570462,0.115,-0.584,-0.804,0.029,0.071,0.096
AIRPOT,1642756571883,1642756570500,4,1642756570500,0.121,-0.584,-0.802,-0.041,0.038,-0.077
AIRPOT,1642756571921,1642756570538,4,1642756570538,0.121,-0.585,-0.802,0.077,-0.066,0.032
AIRPOT,1642756572028,1642756570645,4,1642756570645,0.122,-0.593,-0.796,-0.013,-0.212,-0.100
AIRPOT,1642756572061,1642756570678,4,1642756570678,0.117,-0.593,-0.797,0.026,0.252,0.107
AIRPOT,1642756572091,1642756570708,4,1642756570708,0.117,-0.597,-0.794,-0.075,-0.099,0.011
AIRPOT,1642756572137,1642756570754,4,1642756570754,0.125,-0.596,-0.793,0.070,0.050,-0.122
AIRPOT,1642756572173,1642756570790,4,1642756570790,0.113,-0.598,-0.794,-0.027,-0.027,0.092
AIRPOT,1642756572217,1642756570834,4,1642756570834,0.112,-0.594,-0.796,-0.034,-0.087,-0.051
AIRPOT,1642756572252,1642756570869,4,1642756570869,0.113,-0.591,-0.799,0.007,0.048,0.021
AIRPOT,1642756572289,1642756570906,4,1642756570906,0.117,-0.588,-0.800,0.030,-0.037,-0.067
AIRPOT,1642756572330,1642756570947,4,1642756570947,0.115,-0.588,-0.800,0.063,-0.046,0.009
AIRPOT,1642756572385,1642756571002,4,1642756571002,0.112,-0.590,-0.799,-0.044,0.053,-0.061
AIRPOT,1642756572463,1642756571080,4,1642756571080,0.101,-0.587,-0.803,-0.022,0.012,0.008
AIRPOT,1642756572501,1642756571118,4,1642756571118,0.098,-0.585,-0.805,0.008,0.014,0.009
AIRPOT,1642756572537,1642756571154,4,1642756571154,0.094,-0.582,-0.808,0.023,0.032,-0.015
AIRPOT,1642756572590,1642756571207,4,1642756571207,0.091,-0.581,-0.809,0.005,0.034,-0.023
AIRPOT,1642756572619,1642756571236,4,1642756571236,0.089,-0.580,-0.810,-0.012,0.045,-0.031
AIRPOT,1642756572664,1642756571281,4,1642756571281,0.088,-0.578,-0.811,-0.031,-0.034,-0.036
AIRPOT,1642756572698,1642756571315,4,1642756571315,0.085,-0.572,-0.815,-0.031,-0.024,-0.055
AIRPOT,1642756572747,1642756571364,4,1642756571364,0.080,-0.567,-0.820,0.006,-0.026,0.066
AIRPOT,1642756572781,1642756571398,4,1642756571398,0.078,-0.563,-0.823,-0.020,-0.045,0.028
AIRPOT,1642756572809,1642756571426,4,1642756571426,0.077,-0.559,-0.826,-0.063,0.038,0.017
AIRPOT,1642756572890,1642756571507,4,1642756571507,0.086,-0.558,-0.826,0.048,0.016,-0.008
AIRPOT,1642756572948,1642756571565,4,1642756571565,0.091,-0.557,-0.826,0.058,-0.068,-0.015
AIRPOT,1642756572981,1642756571598,4,1642756571598,0.091,-0.555,-0.827,-0.010,0.026,0.027
AIRPOT,1642756573036,1642756571653,4,1642756571653,0.095,-0.550,-0.830,0.021,0.033,0.027
AIRPOT,1642756573078,1642756571695,4,1642756571695,0.097,-0.551,-0.829,0.004,0.020,0.028
AIRPOT,1642756573108,1642756571725,4,1642756571725,0.105,-0.550,-0.828,0.068,-0.058,-0.205
AIRPOT,1642756573137,1642756571754,4,1642756571754,0.088,-0.553,-0.828,0.012,-0.025,0.124
AIRPOT,1642756573192,1642756571809,4,1642756571809,0.086,-0.558,-0.825,-0.097,-0.069,-0.033
AIRPOT,1642756573223,1642756571840,4,1642756571840,0.081,-0.558,-0.826,-0.013,0.022,0.046
AIRPOT,1642756573253,1642756571870,4,1642756571870,0.084,-0.557,-0.826,-0.067,0.104,-0.001
AIRPOT,1642756573339,1642756571956,4,1642756571956,0.086,-0.550,-0.831,0.042,0.115,0.007
AIRPOT,1642756573369,1642756571986,4,1642756571986,0.082,-0.548,-0.833,0.031,-0.211,-0.074
AIRPOT,1642756573427,1642756572044,4,1642756572044,0.067,-0.549,-0.833,-0.062,0.122,0.160
AIRPOT,1642756573459,1642756572076,4,1642756572076,0.069,-0.543,-0.837,-0.078,-0.086,-0.066
AIRPOT,1642756573518,1642756572135,4,1642756572135,0.067,-0.536,-0.841,-0.030,0.039,0.044
AIRPOT,1642756573557,1642756572174,4,1642756572174,0.070,-0.531,-0.844,-0.016,-0.032,-0.004
AIRPOT,1642756573592,1642756572209,4,1642756572209,0.067,-0.525,-0.848,0.022,0.042,0.022
AIRPOT,1642756573640,1642756572257,4,1642756572257,0.065,-0.520,-0.851,0.014,-0.042,-0.084
AIRPOT,1642756573669,1642756572286,4,1642756572286,0.056,-0.514,-0.856,0.027,-0.019,-0.011
AIRPOT,1642756573702,1642756572319,4,1642756572319,0.047,-0.507,-0.861,0.014,0.000,0.023
AIRPOT,1642756573747,1642756572364,4,1642756572364,0.042,-0.499,-0.865,0.006,-0.031,-0.006
AIRPOT,1642756573776,1642756572393,4,1642756572393,0.034,-0.492,-0.870,-0.001,0.008,0.028
AIRPOT,1642756573831,1642756572448,4,1642756572448,0.027,-0.485,-0.874,-0.017,-0.019,-0.015
AIRPOT,1642756573861,1642756572478,4,1642756572478,0.017,-0.479,-0.878,0.003,0.012,0.014
AIRPOT,1642756573968,1642756572585,4,1642756572585,-0.004,-0.460,-0.888,0.039,-0.018,0.024
AIRPOT,1642756574028,1642756572645,4,1642756572645,-0.019,-0.436,-0.900,0.012,0.040,-0.018
AIRPOT,1642756574059,1642756572676,4,1642756572676,-0.029,-0.424,-0.905,0.014,0.016,0.008
AIRPOT,1642756574120,1642756572737,4,1642756572737,-0.035,-0.412,-0.911,-0.023,0.057,-0.041
AIRPOT,1642756574149,1642756572766,4,1642756572766,-0.043,-0.400,-0.916,-0.023,0.015,-0.010
AIRPOT,1642756574180,1642756572797,4,1642756572797,-0.049,-0.389,-0.920,-0.015,0.046,0.014
AIRPOT,1642756574239,1642756572856,4,1642756572856,-0.054,-0.380,-0.924,-0.013,0.013,-0.020
AIRPOT,1642756574271,1642756572888,4,1642756572888,-0.057,-0.372,-0.927,-0.006,0.026,0.008
AIRPOT,1642756574304,1642756572921,4,1642756572921,-0.058,-0.366,-0.929,-0.008,0.016,-0.014
AIRPOT,1642756574360,1642756572977,4,1642756572977,-0.060,-0.360,-0.931,-0.009,0.007,-0.014
AIRPOT,1642756574389,1642756573006,4,1642756573006,-0.061,-0.355,-0.933,0.002,0.015,0.016
AIRPOT,1642756574420,1642756573037,4,1642756573037,-0.061,-0.348,-0.936,0.003,-0.007,-0.008
AIRPOT,1642756574478,1642756573095,4,1642756573095,-0.063,-0.338,-0.939,0.034,0.013,0.022
AIRPOT,1642756574553,1642756573170,4,1642756573170,-0.068,-0.307,-0.949,0.014,-0.005,0.035
AIRPOT,1642756574583,1642756573200,4,1642756573200,-0.071,-0.287,-0.955,-0.009,-0.014,-0.008
AIRPOT,1642756574638,1642756573255,4,1642756573255,-0.075,-0.264,-0.962,-0.007,-0.012,0.012
AIRPOT,1642756574675,1642756573292,4,1642756573292,-0.077,-0.241,-0.968,-0.017,0.034,0.015
AIRPOT,1642756574704,1642756573321,4,1642756573321,-0.077,-0.219,-0.973,-0.027,0.022,-0.010
AIRPOT,1642756574760,1642756573377,4,1642756573377,-0.075,-0.200,-0.977,-0.010,0.053,0.001
AIRPOT,1642756574789,1642756573406,4,1642756573406,-0.072,-0.178,-0.981,-0.007,0.051,-0.017
AIRPOT,1642756574831,1642756573448,4,1642756573448,-0.069,-0.154,-0.986,0.021,-0.015,0.028
AIRPOT,1642756574868,1642756573485,4,1642756573485,-0.067,-0.131,-0.989,-0.019,-0.003,-0.056
AIRPOT,1642756574967,1642756573584,4,1642756573584,-0.064,-0.096,-0.993,0.012,0.043,-0.012
AIRPOT,1642756574998,1642756573615,4,1642756573615,-0.064,-0.085,-0.994,0.025,0.032,-0.037
AIRPOT,1642756575038,1642756573655,4,1642756573655,-0.066,-0.076,-0.995,0.019,0.043,0.002
AIRPOT,1642756575065,1642756573682,4,1642756573682,-0.067,-0.071,-0.995,0.026,0.053,-0.007
AIRPOT,1642756575142,1642756573759,4,1642756573759,-0.073,-0.069,-0.995,-0.004,0.001,-0.004
AIRPOT,1642756575182,1642756573799,4,1642756573799,-0.077,-0.068,-0.995,-0.009,-0.003,0.027
AIRPOT,1642756575227,1642756573844,4,1642756573844,-0.076,-0.068,-0.995,-0.013,0.020,0.009
AIRPOT,1642756575282,1642756573899,4,1642756573899,-0.075,-0.067,-0.995,-0.009,0.014,-0.010
AIRPOT,1642756575357,1642756573974,4,1642756573974,-0.076,-0.067,-0.995,0.004,0.025,0.002
AIRPOT,1642756575387,1642756574004,4,1642756574004,-0.076,-0.066,-0.995,-0.002,0.018,-0.007
AIRPOT,1642756575444,1642756574061,4,1642756574061,-0.076,-0.065,-0.995,-0.001,0.018,-0.004
AIRPOT,1642756575475,1642756574092,4,1642756574092,-0.076,-0.065,-0.995,-0.004,0.015,-0.008
AIRPOT,1642756575504,1642756574121,4,1642756574121,-0.077,-0.065,-0.995,-0.000,0.004,0.001
AIRPOT,1642756575558,1642756574175,4,1642756574175,-0.077,-0.065,-0.995,-0.001,0.017,-0.003
AIRPOT,1642756575593,1642756574210,4,1642756574210,-0.077,-0.066,-0.995,0.000,0.006,-0.000
AIRPOT,1642756575647,1642756574264,4,1642756574264,-0.077,-0.066,-0.995,0.002,0.012,-0.005
AIRPOT,1642756575679,1642756574296,4,1642756574296,-0.077,-0.066,-0.995,0.003,0.013,-0.005
AIRPOT,1642756575804,1642756574421,4,1642756574421,-0.077,-0.066,-0.995,-0.001,0.006,-0.005
AIRPOT,1642756575834,1642756574451,4,1642756574451,-0.078,-0.067,-0.995,-0.002,-0.001,0.001
AIRPOT,1642756575891,1642756574508,4,1642756574508,-0.078,-0.068,-0.995,-0.006,0.010,-0.003
AIRPOT,1642756575918,1642756574535,4,1642756574535,-0.078,-0.068,-0.995,-0.005,0.025,0.001
AIRPOT,1642756575949,1642756574566,4,1642756574566,-0.078,-0.067,-0.995,-0.002,0.013,0.002
AIRPOT,1642756576043,1642756574660,4,1642756574660,-0.077,-0.066,-0.995,0.005,0.010,-0.005
AIRPOT,1642756576073,1642756574690,4,1642756574690,-0.077,-0.066,-0.995,0.004,0.006,-0.005
AIRPOT,1642756576111,1642756574728,4,1642756574728,-0.077,-0.066,-0.995,0.001,0.010,0.000
AIRPOT,1642756576166,1642756574783,4,1642756574783,-0.078,-0.066,-0.995,0.000,0.004,-0.002
AIRPOT,1642756576196,1642756574813,4,1642756574813,-0.078,-0.065,-0.995,-0.002,0.001,-0.001
AIRPOT,1642756576248,1642756574865,4,1642756574865,-0.077,-0.065,-0.995,-0.003,0.008,-0.003
AIRPOT,1642756576278,1642756574895,4,1642756574895,-0.077,-0.064,-0.995,0.000,0.009,-0.000
AIRPOT,1642756576371,1642756574988,4,1642756574988,-0.078,-0.063,-0.995,0.002,0.004,0.002
AIRPOT,1642756576401,1642756575018,4,1642756575018,-0.077,-0.062,-0.995,-0.000,0.010,-0.007
AIRPOT,1642756576445,1642756575062,4,1642756575062,-0.077,-0.062,-0.995,0.001,0.011,-0.002
AIRPOT,1642756576474,1642756575091,4,1642756575091,-0.078,-0.061,-0.995,-0.001,0.003,-0.002
AIRPOT,1642756576530,1642756575147,4,1642756575147,-0.077,-0.061,-0.995,0.001,0.006,-0.005
AIRPOT,1642756576560,1642756575177,4,1642756575177,-0.077,-0.061,-0.995,-0.000,0.006,-0.002
AIRPOT,1642756576642,1642756575259,4,1642756575259,-0.077,-0.059,-0.995,0.000,0.008,-0.001
AIRPOT,1642756576672,1642756575289,4,1642756575289,-0.078,-0.059,-0.995,-0.002,0.007,-0.001
AIRPOT,1642756576730,1642756575347,4,1642756575347,-0.078,-0.059,-0.995,0.000,0.010,-0.004
AIRPOT,1642756576759,1642756575376,4,1642756575376,-0.078,-0.059,-0.995,-0.001,0.008,-0.004
AIRPOT,1642756576818,1642756575435,4,1642756575435,-0.078,-0.059,-0.995,0.001,0.008,-0.003
AIRPOT,1642756576862,1642756575479,4,1642756575479,-0.077,-0.060,-0.995,-0.000,0.002,-0.002
AIRPOT,1642756576891,1642756575508,4,1642756575508,-0.077,-0.059,-0.995,0.002,0.006,-0.001
AIRPOT,1642756576971,1642756575588,4,1642756575588,-0.077,-0.059,-0.995,0.001,0.001,0.001
AIRPOT,1642756577002,1642756575619,4,1642756575619,-0.077,-0.059,-0.995,0.000,0.000,-0.000
AIRPOT,1642756577098,1642756575715,4,1642756575715,-0.077,-0.060,-0.995,0.002,0.003,0.000
AIRPOT,1642756577126,1642756575743,4,1642756575743,-0.076,-0.059,-0.995,-0.001,0.003,-0.004
AIRPOT,1642756577159,1642756575776,4,1642756575776,-0.077,-0.059,-0.995,-0.000,0.003,-0.002
AIRPOT,1642756577224,1642756575841,4,1642756575841,-0.076,-0.059,-0.995,-0.000,0.004,-0.000
AIRPOT,1642756577253,1642756575870,4,1642756575870,-0.076,-0.059,-0.995,0.003,0.000,-0.003
AIRPOT,1642756577286,1642756575903,4,1642756575903,-0.076,-0.059,-0.995,0.001,0.002,-0.000
AIRPOT,1642756577316,1642756575933,4,1642756575933,-0.075,-0.059,-0.995,-0.000,0.007,-0.007
AIRPOT,1642756577371,1642756575988,4,1642756575988,-0.075,-0.060,-0.995,-0.001,0.004,0.000
AIRPOT,1642756577400,1642756576017,4,1642756576017,-0.075,-0.060,-0.995,-0.000,0.001,-0.001
AIRPOT,1642756577457,1642756576074,4,1642756576074,-0.074,-0.059,-0.995,0.002,-0.001,-0.002
AIRPOT,1642756577522,1642756576139,4,1642756576139,-0.075,-0.059,-0.995,0.001,-0.008,0.004
AIRPOT,1642756577586,1642756576203,4,1642756576203,-0.073,-0.058,-0.996,0.003,0.000,-0.003
AIRPOT,1642756577617,1642756576234,4,1642756576234,-0.073,-0.057,-0.996,0.001,0.016,-0.011
AIRPOT,1642756577646,1642756576263,4,1642756576263,-0.073,-0.056,-0.996,-0.001,0.010,-0.009
AIRPOT,1642756577703,1642756576320,4,1642756576320,-0.074,-0.056,-0.996,-0.000,0.004,-0.001
AIRPOT,1642756577732,1642756576349,4,1642756576349,-0.074,-0.056,-0.996,-0.003,0.008,-0.003
AIRPOT,1642756577780,1642756576397,4,1642756576397,-0.074,-0.057,-0.996,-0.002,-0.001,-0.002
AIRPOT,1642756577818,1642756576435,4,1642756576435,-0.075,-0.058,-0.996,0.001,-0.006,0.001
AIRPOT,1642756577847,1642756576464,4,1642756576464,-0.075,-0.058,-0.995,0.001,-0.007,0.002
AIRPOT,1642756577892,1642756576509,4,1642756576509,-0.074,-0.057,-0.996,0.002,0.001,-0.000
AIRPOT,1642756577928,1642756576545,4,1642756576545,-0.074,-0.056,-0.996,0.002,0.009,-0.005
AIRPOT,1642756577983,1642756576600,4,1642756576600,-0.074,-0.055,-0.996,0.004,0.012,-0.005
AIRPOT,1642756578020,1642756576637,4,1642756576637,-0.074,-0.055,-0.996,0.003,0.005,-0.005
AIRPOT,1642756578047,1642756576664,4,1642756576664,-0.074,-0.055,-0.996,-0.002,0.006,-0.004
AIRPOT,1642756578124,1642756576741,4,1642756576741,-0.075,-0.056,-0.996,-0.003,-0.002,0.001
AIRPOT,1642756578179,1642756576796,4,1642756576796,-0.076,-0.056,-0.996,0.002,-0.003,0.006
AIRPOT,1642756578209,1642756576826,4,1642756576826,-0.075,-0.055,-0.996,0.001,0.000,0.003
AIRPOT,1642756578264,1642756576881,4,1642756576881,-0.075,-0.054,-0.996,-0.002,-0.001,0.000
AIRPOT,1642756578293,1642756576910,4,1642756576910,-0.074,-0.052,-0.996,0.002,-0.008,0.007
AIRPOT,1642756578337,1642756576954,4,1642756576954,-0.073,-0.049,-0.996,-0.008,-0.016,0.008
AIRPOT,1642756578371,1642756576988,4,1642756576988,-0.071,-0.045,-0.997,-0.008,-0.011,0.017
AIRPOT,1642756578419,1642756577036,4,1642756577036,-0.067,-0.038,-0.997,-0.015,-0.018,0.006
AIRPOT,1642756578448,1642756577065,4,1642756577065,-0.062,-0.028,-0.998,-0.017,-0.012,0.026
AIRPOT,1642756578504,1642756577121,4,1642756577121,-0.057,-0.014,-0.998,-0.020,-0.007,0.020
AIRPOT,1642756578573,1642756577190,4,1642756577190,-0.045,0.016,-0.999,0.013,-0.024,-0.017
AIRPOT,1642756578654,1642756577271,4,1642756577271,-0.041,0.045,-0.998,0.004,-0.018,-0.003
AIRPOT,1642756578745,1642756577362,4,1642756577362,-0.048,0.069,-0.996,-0.003,-0.131,0.041
AIRPOT,1642756578788,1642756577405,4,1642756577405,-0.052,0.088,-0.995,-0.010,-0.172,0.020
AIRPOT,1642756578848,1642756577465,4,1642756577465,-0.063,0.138,-0.988,-0.005,-0.183,0.006
AIRPOT,1642756578945,1642756577562,4,1642756577562,-0.060,0.163,-0.985,-0.027,-0.214,-0.076
AIRPOT,1642756579031,1642756577648,4,1642756577648,-0.053,0.146,-0.988,0.004,-0.393,0.016
AIRPOT,1642756579068,1642756577685,4,1642756577685,-0.043,0.126,-0.991,-0.028,-0.342,0.042
AIRPOT,1642756579099,1642756577716,4,1642756577716,-0.035,0.101,-0.994,-0.015,-0.259,0.153
AIRPOT,1642756579141,1642756577758,4,1642756577758,-0.023,0.071,-0.997,0.037,-0.137,0.187
AIRPOT,1642756579172,1642756577789,4,1642756577789,-0.005,0.045,-0.999,0.024,-0.039,0.010
AIRPOT,1642756579228,1642756577845,4,1642756577845,0.009,0.021,-1.000,0.141,0.102,-0.076
AIRPOT,1642756579258,1642756577875,4,1642756577875,0.031,0.013,-0.999,0.140,0.337,-0.177
AIRPOT,1642756579312,1642756577929,4,1642756577929,0.047,0.014,-0.999,0.189,0.435,-0.221
AIRPOT,1642756579350,1642756577967,4,1642756577967,0.065,0.027,-0.998,0.246,0.381,-0.531
AIRPOT,1642756579378,1642756577995,4,1642756577995,0.072,0.039,-0.997,0.254,0.329,-0.530
AIRPOT,1642756579451,1642756578068,4,1642756578068,0.072,0.062,-0.995,0.159,0.253,-0.451
AIRPOT,1642756579518,1642756578135,4,1642756578135,0.066,0.065,-0.996,0.082,0.237,-0.337
AIRPOT,1642756579586,1642756578203,4,1642756578203,0.030,0.071,-0.997,0.156,0.142,-0.072
AIRPOT,1642756579621,1642756578238,4,1642756578238,0.005,0.082,-0.997,0.196,0.102,0.126
AIRPOT,1642756579677,1642756578294,4,1642756578294,-0.024,0.092,-0.995,0.208,0.016,0.239
AIRPOT,1642756579707,1642756578324,4,1642756578324,-0.048,0.103,-0.994,0.213,-0.036,0.296
AIRPOT,1642756579744,1642756578361,4,1642756578361,-0.066,0.118,-0.991,0.102,-0.147,0.176
AIRPOT,1642756579785,1642756578402,4,1642756578402,-0.093,0.129,-0.987,0.130,-0.173,0.299
AIRPOT,1642756579819,1642756578436,4,1642756578436,-0.118,0.137,-0.983,0.150,-0.125,0.424
AIRPOT,1642756579878,1642756578495,4,1642756578495,-0.143,0.147,-0.979,0.152,-0.156,0.464
AIRPOT,1642756579910,1642756578527,4,1642756578527,-0.160,0.156,-0.975,0.107,-0.085,0.282
AIRPOT,1642756579939,1642756578556,4,1642756578556,-0.169,0.172,-0.971,-0.042,-0.242,-0.265
AIRPOT,1642756580069,1642756578686,4,1642756578686,-0.205,0.218,-0.954,-0.092,0.042,-0.019
AIRPOT,1642756580098,1642756578715,4,1642756578715,-0.208,0.233,-0.950,-0.047,-0.014,0.085
AIRPOT,1642756580196,1642756578813,4,1642756578813,-0.206,0.267,-0.941,-0.025,-0.060,0.206
AIRPOT,1642756580228,1642756578845,4,1642756578845,-0.203,0.282,-0.938,-0.041,-0.060,0.167
AIRPOT,1642756580261,1642756578878,4,1642756578878,-0.198,0.297,-0.934,-0.026,-0.080,0.128
AIRPOT,1642756580297,1642756578914,4,1642756578914,-0.191,0.308,-0.932,-0.022,-0.012,0.093
AIRPOT,1642756580345,1642756578962,4,1642756578962,-0.180,0.318,-0.931,-0.023,0.042,0.048
AIRPOT,1642756580399,1642756579016,4,1642756579016,-0.170,0.330,-0.929,-0.035,0.074,-0.033
AIRPOT,1642756580430,1642756579047,4,1642756579047,-0.164,0.333,-0.929,-0.031,0.098,-0.067
AIRPOT,1642756580459,1642756579076,4,1642756579076,-0.161,0.329,-0.931,0.002,-0.022,-0.265
AIRPOT,1642756580514,1642756579131,4,1642756579131,-0.168,0.330,-0.929,0.042,0.023,-0.369
AIRPOT,1642756580546,1642756579163,4,1642756579163,-0.178,0.326,-0.929,0.169,-0.080,-0.159
AIRPOT,1642756580601,1642756579218,4,1642756579218,-0.174,0.319,-0.932,0.267,-0.102,-0.061
AIRPOT,1642756580658,1642756579275,4,1642756579275,-0.166,0.326,-0.931,0.256,-0.121,-0.054
AIRPOT,1642756580704,1642756579321,4,1642756579321,-0.176,0.331,-0.927,0.239,-0.142,0.043
AIRPOT,1642756580754,1642756579371,4,1642756579371,-0.184,0.334,-0.924,0.207,-0.087,0.094
AIRPOT,1642756580784,1642756579401,4,1642756579401,-0.187,0.338,-0.922,0.174,-0.081,0.016
AIRPOT,1642756580838,1642756579455,4,1642756579455,-0.189,0.342,-0.920,0.184,-0.095,0.016
AIRPOT,1642756580870,1642756579487,4,1642756579487,-0.189,0.347,-0.919,0.180,-0.092,-0.015
AIRPOT,1642756580900,1642756579517,4,1642756579517,-0.188,0.357,-0.915,0.186,-0.112,-0.044
AIRPOT,1642756580940,1642756579557,4,1642756579557,-0.186,0.370,-0.910,0.177,-0.101,-0.043
AIRPOT,1642756581047,1642756579664,4,1642756579664,-0.170,0.403,-0.899,0.043,-0.043,-0.544
AIRPOT,1642756581085,1642756579702,4,1642756579702,-0.178,0.421,-0.889,0.049,0.064,0.014
AIRPOT,1642756581147,1642756579764,4,1642756579764,-0.187,0.446,-0.875,0.047,0.045,-0.017
AIRPOT,1642756581193,1642756579810,4,1642756579810,-0.187,0.455,-0.871,0.057,0.011,-0.038
AIRPOT,1642756581241,1642756579858,4,1642756579858,-0.187,0.463,-0.866,0.045,0.019,-0.023
AIRPOT,1642756581282,1642756579899,4,1642756579899,-0.188,0.471,-0.862,0.035,-0.004,0.056
AIRPOT,1642756581315,1642756579932,4,1642756579932,-0.186,0.475,-0.860,0.019,-0.053,0.050
AIRPOT,1642756581347,1642756579964,4,1642756579964,-0.182,0.474,-0.861,0.016,-0.086,0.024
AIRPOT,1642756581398,1642756580015,4,1642756580015,-0.176,0.471,-0.864,-0.005,-0.045,0.000
AIRPOT,1642756581484,1642756580101,4,1642756580101,-0.167,0.463,-0.871,-0.046,-0.061,-0.023
AIRPOT,1642756581550,1642756580167,4,1642756580167,-0.164,0.462,-0.872,-0.064,-0.072,-0.015
AIRPOT,1642756581594,1642756580211,4,1642756580211,-0.158,0.462,-0.873,-0.043,-0.076,-0.004
AIRPOT,1642756581629,1642756580246,4,1642756580246,-0.151,0.458,-0.876,-0.013,-0.081,-0.003
AIRPOT,1642756581683,1642756580300,4,1642756580300,-0.144,0.455,-0.879,-0.008,-0.101,-0.219
AIRPOT,1642756581717,1642756580334,4,1642756580334,-0.144,0.455,-0.879,0.082,-0.052,0.058
AIRPOT,1642756581749,1642756580366,4,1642756580366,-0.135,0.456,-0.880,0.120,-0.014,-0.095
AIRPOT,1642756581801,1642756580418,4,1642756580418,-0.127,0.459,-0.879,0.137,0.016,-0.085
AIRPOT,1642756581846,1642756580463,4,1642756580463,-0.123,0.462,-0.878,0.138,-0.002,-0.042
AIRPOT,1642756581911,1642756580528,4,1642756580528,-0.114,0.470,-0.875,0.127,-0.028,-0.013
AIRPOT,1642756581952,1642756580569,4,1642756580569,-0.108,0.470,-0.876,0.101,-0.004,0.004
AIRPOT,1642756581988,1642756580605,4,1642756580605,-0.103,0.470,-0.877,0.087,0.000,-0.001
AIRPOT,1642756582047,1642756580664,4,1642756580664,-0.098,0.468,-0.878,0.078,-0.005,0.006
AIRPOT,1642756582078,1642756580695,4,1642756580695,-0.089,0.466,-0.880,0.076,-0.006,-0.013
AIRPOT,1642756582152,1642756580769,4,1642756580769,-0.077,0.464,-0.883,0.013,-0.000,0.012
AIRPOT,1642756582192,1642756580809,4,1642756580809,-0.077,0.458,-0.886,-0.014,-0.016,0.029
AIRPOT,1642756582231,1642756580848,4,1642756580848,-0.078,0.454,-0.888,-0.025,-0.040,-0.012
AIRPOT,1642756582272,1642756580889,4,1642756580889,-0.079,0.452,-0.889,-0.036,-0.048,-0.011
AIRPOT,1642756582353,1642756580970,4,1642756580970,-0.081,0.446,-0.891,-0.045,-0.014,-0.010
AIRPOT,1642756582395,1642756581012,4,1642756581012,-0.083,0.444,-0.892,-0.044,-0.013,-0.001
AIRPOT,1642756582456,1642756581073,4,1642756581073,-0.086,0.441,-0.893,-0.039,-0.019,0.010
AIRPOT,1642756582490,1642756581107,4,1642756581107,-0.087,0.439,-0.894,-0.040,-0.014,0.003
AIRPOT,1642756582525,1642756581142,4,1642756581142,-0.089,0.436,-0.896,-0.037,-0.012,0.003
AIRPOT,1642756582564,1642756581181,4,1642756581181,-0.091,0.434,-0.896,-0.032,-0.010,0.002
AIRPOT,1642756582594,1642756581211,4,1642756581211,-0.092,0.433,-0.896,-0.031,-0.010,-0.000
AIRPOT,1642756582681,1642756581298,4,1642756581298,-0.094,0.435,-0.896,-0.027,-0.008,-0.002
AIRPOT,1642756582721,1642756581338,4,1642756581338,-0.095,0.436,-0.895,-0.021,-0.014,-0.004
AIRPOT,1642756582756,1642756581373,4,1642756581373,-0.096,0.436,-0.895,-0.024,-0.014,-0.013
AIRPOT,1642756582808,1642756581425,4,1642756581425,-0.098,0.436,-0.895,-0.020,-0.013,-0.014
AIRPOT,1642756582848,1642756581465,4,1642756581465,-0.101,0.435,-0.895,-0.022,-0.021,-0.016
AIRPOT,1642756582901,1642756581518,4,1642756581518,-0.102,0.432,-0.896,-0.023,-0.022,-0.009
AIRPOT,1642756582938,1642756581555,4,1642756581555,-0.104,0.430,-0.897,-0.022,-0.018,-0.006
AIRPOT,1642756582964,1642756581581,4,1642756581581,-0.105,0.429,-0.897,-0.024,-0.020,-0.004
AIRPOT,1642756583013,1642756581630,4,1642756581630,-0.107,0.429,-0.897,-0.020,-0.016,-0.005
AIRPOT,1642756583057,1642756581674,4,1642756581674,-0.108,0.428,-0.897,-0.018,-0.016,-0.004
AIRPOT,1642756583126,1642756581743,4,1642756581743,-0.110,0.428,-0.897,-0.012,-0.006,-0.005
AIRPOT,1642756583160,1642756581777,4,1642756581777,-0.112,0.427,-0.897,-0.011,-0.020,-0.003
