DeviceName,PTPTime,UnixTime,protocool,CurrentDeviceTime,DistanceMM,DistanceCM,Weight,Count,DistanceADC,WeightADC,DeviceName(Current)
DEVICE,1644547469177,1644547456088,4,1644547456088,808,80,0,0,37200,0,DKU006#
DEVICE,1644547469210,1644547456121,4,1644547456121,792,79,0,0,37200,0,DKU006#
DEVICE,1644547469241,1644547456152,4,1644547456152,775,77,0,0,37200,0,DKU006#
DEVICE,1644547469273,1644547456184,4,1644547456184,794,79,0,0,37200,0,DKU006#
DEVICE,1644547469305,1644547456216,4,1644547456216,785,78,0,0,37200,0,DKU006#
DEVICE,1644547469338,1644547456249,4,1644547456249,801,80,0,0,37200,0,DKU006#
DEVICE,1644547469369,1644547456280,4,1644547456280,811,81,0,0,37200,0,DKU006#
DEVICE,1644547469402,1644547456313,4,1644547456313,798,79,0,0,37200,0,DKU006#
DEVICE,1644547469433,1644547456344,4,1644547456344,786,78,0,0,37200,0,DKU006#
DEVICE,1644547469465,1644547456376,4,1644547456376,796,79,0,0,37200,0,DKU006#
DEVICE,1644547469497,1644547456408,4,1644547456408,809,80,0,0,37200,0,DKU006#
DEVICE,1644547469545,1644547456456,4,1644547456456,796,79,0,0,37193,0,DKU006#
DEVICE,1644547469562,1644547456473,4,1644547456473,780,78,0,0,37193,0,DKU006#
DEVICE,1644547469593,1644547456504,4,1644547456504,799,79,0,0,37193,0,DKU006#
DEVICE,1644547469625,1644547456536,4,1644547456536,790,79,0,0,37193,0,DKU006#
DEVICE,1644547469657,1644547456568,4,1644547456568,786,78,0,0,37193,0,DKU006#
DEVICE,1644547469689,1644547456600,4,1644547456600,803,80,0,0,37193,0,DKU006#
DEVICE,1644547469721,1644547456632,4,1644547456632,789,78,0,0,37193,0,DKU006#
DEVICE,1644547469753,1644547456664,4,1644547456664,794,79,0,0,37193,0,DKU006#
DEVICE,1644547469785,1644547456696,4,1644547456696,780,78,0,0,37193,0,DKU006#
DEVICE,1644547469817,1644547456728,4,1644547456728,792,79,0,0,37193,0,DKU006#
DEVICE,1644547469849,1644547456760,4,1644547456760,794,79,0,0,37193,0,DKU006#
DEVICE,1644547469881,1644547456792,4,1644547456792,789,78,0,0,37193,0,DKU006#
DEVICE,1644547469913,1644547456824,4,1644547456824,796,79,0,0,37193,0,DKU006#
DEVICE,1644547469945,1644547456856,4,1644547456856,816,81,0,0,37193,0,DKU006#
DEVICE,1644547469977,1644547456888,4,1644547456888,785,78,0,0,37193,0,DKU006#
DEVICE,1644547470009,1644547456920,4,1644547456920,773,77,0,0,37193,0,DKU006#
DEVICE,1644547470041,1644547456952,4,1644547456952,781,78,0,0,37193,0,DKU006#
DEVICE,1644547470072,1644547456983,4,1644547456983,792,79,0,0,37193,0,DKU006#
DEVICE,1644547470105,1644547457016,4,1644547457016,793,79,0,0,37193,0,DKU006#
DEVICE,1644547470137,1644547457048,4,1644547457048,796,79,0,0,37193,0,DKU006#
DEVICE,1644547470169,1644547457080,4,1644547457080,779,77,0,0,37193,0,DKU006#
DEVICE,1644547470201,1644547457112,4,1644547457112,794,79,0,0,37193,0,DKU006#
DEVICE,1644547470233,1644547457144,4,1644547457144,794,79,0,0,37193,0,DKU006#
DEVICE,1644547470264,1644547457175,4,1644547457175,800,80,0,0,37193,0,DKU006#
DEVICE,1644547470297,1644547457208,4,1644547457208,803,80,0,0,37193,0,DKU006#
DEVICE,1644547470329,1644547457240,4,1644547457240,800,80,0,0,37193,0,DKU006#
DEVICE,1644547470361,1644547457272,4,1644547457272,794,79,0,0,37193,0,DKU006#
DEVICE,1644547470393,1644547457304,4,1644547457304,781,78,0,0,37193,0,DKU006#
DEVICE,1644547470424,1644547457335,4,1644547457335,791,79,0,0,37193,0,DKU006#
DEVICE,1644547470457,1644547457368,4,1644547457368,785,78,0,0,37193,0,DKU006#
DEVICE,1644547470489,1644547457400,4,1644547457400,795,79,0,0,37193,0,DKU006#
DEVICE,1644547470521,1644547457432,4,1644547457432,803,80,0,0,37193,0,DKU006#
DEVICE,1644547470553,1644547457464,4,1644547457464,816,81,0,0,37193,0,DKU006#
DEVICE,1644547470585,1644547457496,4,1644547457496,789,78,0,0,37193,0,DKU006#
DEVICE,1644547470616,1644547457527,4,1644547457527,806,80,0,0,37193,0,DKU006#
DEVICE,1644547470649,1644547457560,4,1644547457560,781,78,0,0,37193,0,DKU006#
DEVICE,1644547470680,1644547457591,4,1644547457591,796,79,0,0,37193,0,DKU006#
DEVICE,1644547470712,1644547457623,4,1644547457623,784,78,0,0,37193,0,DKU006#
DEVICE,1644547470744,1644547457655,4,1644547457655,800,80,0,0,37193,0,DKU006#
DEVICE,1644547470776,1644547457687,4,1644547457687,783,78,0,0,37193,0,DKU006#
DEVICE,1644547470808,1644547457719,4,1644547457719,775,77,0,0,37193,0,DKU006#
DEVICE,1644547470840,1644547457751,4,1644547457751,788,78,0,0,37193,0,DKU006#
DEVICE,1644547470872,1644547457783,4,1644547457783,810,81,0,0,37193,0,DKU006#
DEVICE,1644547470905,1644547457816,4,1644547457816,804,80,0,0,37193,0,DKU006#
DEVICE,1644547470936,1644547457847,4,1644547457847,784,78,0,0,37193,0,DKU006#
DEVICE,1644547470969,1644547457880,4,1644547457880,772,77,0,0,37193,0,DKU006#
DEVICE,1644547471000,1644547457911,4,1644547457911,806,80,0,0,37193,0,DKU006#
DEVICE,1644547471032,1644547457943,4,1644547457943,801,80,0,0,37193,0,DKU006#
DEVICE,1644547471064,1644547457975,4,1644547457975,801,80,0,0,37193,0,DKU006#
DEVICE,1644547471096,1644547458007,4,1644547458007,765,76,0,0,37193,0,DKU006#
DEVICE,1644547471128,1644547458039,4,1644547458039,802,80,0,0,37193,0,DKU006#
DEVICE,1644547471160,1644547458071,4,1644547458071,796,79,0,0,37193,0,DKU006#
DEVICE,1644547471192,1644547458103,4,1644547458103,783,78,0,0,37193,0,DKU006#
DEVICE,1644547471224,1644547458135,4,1644547458135,803,80,0,0,37193,0,DKU006#
DEVICE,1644547471256,1644547458167,4,1644547458167,801,80,0,0,37193,0,DKU006#
DEVICE,1644547471288,1644547458199,4,1644547458199,802,80,0,0,37193,0,DKU006#
DEVICE,1644547471320,1644547458231,4,1644547458231,809,80,0,0,37193,0,DKU006#
DEVICE,1644547471352,1644547458263,4,1644547458263,788,78,0,0,37193,0,DKU006#
DEVICE,1644547471384,1644547458295,4,1644547458295,810,81,0,0,37193,0,DKU006#
DEVICE,1644547471416,1644547458327,4,1644547458327,787,78,0,0,37193,0,DKU006#
DEVICE,1644547471448,1644547458359,4,1644547458359,800,80,0,0,37193,0,DKU006#
DEVICE,1644547471480,1644547458391,4,1644547458391,798,79,0,0,37193,0,DKU006#
DEVICE,1644547471512,1644547458423,4,1644547458423,810,81,0,0,37193,0,DKU006#
DEVICE,1644547471544,1644547458455,4,1644547458455,797,79,0,0,37193,0,DKU006#
DEVICE,1644547471576,1644547458487,4,1644547458487,788,78,0,0,37193,0,DKU006#
DEVICE,1644547471608,1644547458519,4,1644547458519,794,79,0,0,37193,0,DKU006#
DEVICE,1644547471640,1644547458551,4,1644547458551,791,79,0,0,37193,0,DKU006#
DEVICE,1644547471672,1644547458583,4,1644547458583,787,78,0,0,37193,0,DKU006#
DEVICE,1644547471704,1644547458615,4,1644547458615,792,79,0,0,37193,0,DKU006#
DEVICE,1644547471736,1644547458647,4,1644547458647,807,80,0,0,37193,0,DKU006#
DEVICE,1644547471768,1644547458679,4,1644547458679,787,78,0,0,37193,0,DKU006#
DEVICE,1644547471800,1644547458711,4,1644547458711,778,77,0,0,37193,0,DKU006#
DEVICE,1644547471831,1644547458742,4,1644547458742,786,78,0,0,37193,0,DKU006#
DEVICE,1644547471863,1644547458774,4,1644547458774,797,79,0,0,37193,0,DKU006#
DEVICE,1644547471895,1644547458806,4,1644547458806,783,78,0,0,37193,0,DKU006#
DEVICE,1644547471927,1644547458838,4,1644547458838,797,79,0,0,37225,0,DKU006#
DEVICE,1644547471959,1644547458870,4,1644547458870,799,79,0,0,37225,0,DKU006#
DEVICE,1644547471991,1644547458902,4,1644547458902,780,78,0,0,37225,0,DKU006#
DEVICE,1644547472023,1644547458934,4,1644547458934,818,81,0,0,37225,0,DKU006#
DEVICE,1644547472055,1644547458966,4,1644547458966,795,79,0,0,37225,0,DKU006#
DEVICE,1644547472088,1644547458999,4,1644547458999,797,79,0,0,37225,0,DKU006#
DEVICE,1644547472120,1644547459031,4,1644547459031,783,78,0,0,37225,0,DKU006#
DEVICE,1644547472151,1644547459062,4,1644547459062,805,80,0,0,37225,0,DKU006#
DEVICE,1644547472184,1644547459095,4,1644547459095,778,77,0,0,37225,0,DKU006#
DEVICE,1644547472216,1644547459127,4,1644547459127,782,78,0,0,37225,0,DKU006#
DEVICE,1644547472247,1644547459158,4,1644547459158,786,78,0,0,37225,0,DKU006#
DEVICE,1644547472279,1644547459190,4,1644547459190,789,78,0,0,37225,0,DKU006#
DEVICE,1644547472311,1644547459222,4,1644547459222,802,80,0,0,37225,0,DKU006#
DEVICE,1644547472343,1644547459254,4,1644547459254,798,79,0,0,37225,0,DKU006#
DEVICE,1644547472375,1644547459286,4,1644547459286,793,79,0,0,37225,0,DKU006#
DEVICE,1644547472407,1644547459318,4,1644547459318,801,80,0,0,37225,0,DKU006#
DEVICE,1644547472439,1644547459350,4,1644547459350,794,79,0,0,37225,0,DKU006#
DEVICE,1644547472471,1644547459382,4,1644547459382,802,80,0,0,37225,0,DKU006#
DEVICE,1644547472503,1644547459414,4,1644547459414,804,80,0,0,37225,0,DKU006#
DEVICE,1644547472535,1644547459446,4,1644547459446,789,78,0,0,37225,0,DKU006#
DEVICE,1644547472567,1644547459478,4,1644547459478,811,81,0,0,37225,0,DKU006#
DEVICE,1644547472599,1644547459510,4,1644547459510,798,79,0,0,37225,0,DKU006#
DEVICE,1644547472631,1644547459542,4,1644547459542,798,79,0,0,37225,0,DKU006#
DEVICE,1644547472663,1644547459574,4,1644547459574,787,78,0,0,37225,0,DKU006#
DEVICE,1644547472695,1644547459606,4,1644547459606,799,79,0,0,37225,0,DKU006#
DEVICE,1644547472727,1644547459638,4,1644547459638,796,79,0,0,37225,0,DKU006#
DEVICE,1644547472759,1644547459670,4,1644547459670,761,76,0,0,37225,0,DKU006#
DEVICE,1644547472791,1644547459702,4,1644547459702,805,80,0,0,37225,0,DKU006#
DEVICE,1644547472806,1644547459717,4,1644547459717,793,79,0,0,37225,0,DKU006#
DEVICE,1644547472855,1644547459766,4,1644547459766,797,79,0,0,37225,0,DKU006#
DEVICE,1644547472871,1644547459782,4,1644547459782,784,78,0,0,37225,0,DKU006#
DEVICE,1644547472903,1644547459814,4,1644547459814,793,79,0,0,37225,0,DKU006#
DEVICE,1644547472935,1644547459846,4,1644547459846,790,79,0,0,37225,0,DKU006#
DEVICE,1644547472967,1644547459878,4,1644547459878,797,79,0,0,37225,0,DKU006#
DEVICE,1644547472999,1644547459910,4,1644547459910,792,79,0,0,37225,0,DKU006#
DEVICE,1644547473031,1644547459942,4,1644547459942,795,79,0,0,37225,0,DKU006#
DEVICE,1644547473063,1644547459974,4,1644547459974,799,79,0,0,37225,0,DKU006#
DEVICE,1644547473095,1644547460006,4,1644547460006,796,79,0,0,37225,0,DKU006#
DEVICE,1644547473127,1644547460038,4,1644547460038,819,81,0,0,37225,0,DKU006#
DEVICE,1644547473159,1644547460070,4,1644547460070,787,78,0,0,37225,0,DKU006#
DEVICE,1644547473191,1644547460102,4,1644547460102,810,81,0,0,37225,0,DKU006#
DEVICE,1644547473222,1644547460133,4,1644547460133,805,80,0,0,37225,0,DKU006#
DEVICE,1644547473255,1644547460166,4,1644547460166,787,78,0,0,37225,0,DKU006#
DEVICE,1644547473287,1644547460198,4,1644547460198,791,79,0,0,37225,0,DKU006#
DEVICE,1644547473319,1644547460230,4,1644547460230,789,78,0,0,37225,0,DKU006#
DEVICE,1644547473351,1644547460262,4,1644547460262,793,79,0,0,37225,0,DKU006#
DEVICE,1644547473382,1644547460293,4,1644547460293,785,78,0,0,37225,0,DKU006#
DEVICE,1644547473415,1644547460326,4,1644547460326,782,78,0,0,37225,0,DKU006#
DEVICE,1644547473446,1644547460357,4,1644547460357,807,80,0,0,37225,0,DKU006#
DEVICE,1644547473478,1644547460389,4,1644547460389,788,78,0,0,37225,0,DKU006#
DEVICE,1644547473510,1644547460421,4,1644547460421,799,79,0,0,37225,0,DKU006#
DEVICE,1644547473542,1644547460453,4,1644547460453,796,79,0,0,37225,0,DKU006#
DEVICE,1644547473574,1644547460485,4,1644547460485,792,79,0,0,37225,0,DKU006#
DEVICE,1644547473622,1644547460533,4,1644547460533,798,79,0,0,37162,0,DKU006#
DEVICE,1644547473639,1644547460550,4,1644547460550,775,77,0,0,37162,0,DKU006#
DEVICE,1644547473670,1644547460581,4,1644547460581,805,80,0,0,37162,0,DKU006#
DEVICE,1644547473702,1644547460613,4,1644547460613,785,78,0,0,37162,0,DKU006#
DEVICE,1644547473734,1644547460645,4,1644547460645,786,78,0,0,37162,0,DKU006#
DEVICE,1644547473766,1644547460677,4,1644547460677,784,78,0,0,37162,0,DKU006#
DEVICE,1644547473798,1644547460709,4,1644547460709,805,80,0,0,37162,0,DKU006#
DEVICE,1644547473830,1644547460741,4,1644547460741,796,79,0,0,37162,0,DKU006#
DEVICE,1644547473862,1644547460773,4,1644547460773,783,78,0,0,37162,0,DKU006#
DEVICE,1644547473894,1644547460805,4,1644547460805,788,78,0,0,37162,0,DKU006#
DEVICE,1644547473926,1644547460837,4,1644547460837,794,79,0,0,37162,0,DKU006#
DEVICE,1644547473958,1644547460869,4,1644547460869,795,79,0,0,37162,0,DKU006#
DEVICE,1644547473990,1644547460901,4,1644547460901,798,79,0,0,37162,0,DKU006#
DEVICE,1644547474022,1644547460933,4,1644547460933,790,79,0,0,37162,0,DKU006#
DEVICE,1644547474055,1644547460966,4,1644547460966,787,78,0,0,37162,0,DKU006#
DEVICE,1644547474086,1644547460997,4,1644547460997,796,79,0,0,37162,0,DKU006#
DEVICE,1644547474118,1644547461029,4,1644547461029,787,78,0,0,37162,0,DKU006#
DEVICE,1644547474150,1644547461061,4,1644547461061,780,78,0,0,37162,0,DKU006#
DEVICE,1644547474182,1644547461093,4,1644547461093,786,78,0,0,37162,0,DKU006#
DEVICE,1644547474214,1644547461125,4,1644547461125,800,80,0,0,37162,0,DKU006#
DEVICE,1644547474246,1644547461157,4,1644547461157,779,77,0,0,37162,0,DKU006#
DEVICE,1644547474278,1644547461189,4,1644547461189,779,77,0,0,37162,0,DKU006#
DEVICE,1644547474310,1644547461221,4,1644547461221,787,78,0,0,37162,0,DKU006#
DEVICE,1644547474342,1644547461253,4,1644547461253,785,78,0,0,37162,0,DKU006#
DEVICE,1644547474374,1644547461285,4,1644547461285,766,76,0,0,37162,0,DKU006#
DEVICE,1644547474406,1644547461317,4,1644547461317,761,76,0,0,37162,0,DKU006#
DEVICE,1644547474438,1644547461349,4,1644547461349,758,75,0,0,37162,0,DKU006#
DEVICE,1644547474470,1644547461381,4,1644547461381,734,73,0,0,37162,0,DKU006#
DEVICE,1644547474502,1644547461413,4,1644547461413,744,74,5,0,37162,0,DKU006#
DEVICE,1644547474534,1644547461445,4,1644547461445,745,74,5,0,37162,0,DKU006#
DEVICE,1644547474566,1644547461477,4,1644547461477,735,73,5,0,37162,0,DKU006#
DEVICE,1644547474598,1644547461509,4,1644547461509,734,73,5,0,37162,0,DKU006#
DEVICE,1644547474630,1644547461541,4,1644547461541,712,71,5,0,37162,0,DKU006#
DEVICE,1644547474662,1644547461573,4,1644547461573,709,70,5,0,37162,0,DKU006#
DEVICE,1644547474694,1644547461605,4,1644547461605,713,71,5,0,37162,0,DKU006#
DEVICE,1644547474726,1644547461637,4,1644547461637,718,71,5,0,37162,0,DKU006#
DEVICE,1644547474758,1644547461669,4,1644547461669,690,69,5,0,37162,0,DKU006#
DEVICE,1644547474789,1644547461700,4,1644547461700,691,69,5,0,37162,0,DKU006#
DEVICE,1644547474822,1644547461733,4,1644547461733,681,68,5,0,37162,0,DKU006#
DEVICE,1644547474854,1644547461765,4,1644547461765,687,68,5,0,37162,0,DKU006#
DEVICE,1644547474886,1644547461797,4,1644547461797,676,67,5,0,37162,0,DKU006#
DEVICE,1644547474918,1644547461829,4,1644547461829,668,66,5,0,37162,0,DKU006#
DEVICE,1644547474950,1644547461861,4,1644547461861,655,65,5,0,37162,0,DKU006#
DEVICE,1644547474981,1644547461892,4,1644547461892,675,67,5,0,37162,0,DKU006#
DEVICE,1644547475013,1644547461924,4,1644547461924,659,65,5,0,37162,0,DKU006#
DEVICE,1644547475045,1644547461956,4,1644547461956,649,64,5,0,37162,0,DKU006#
DEVICE,1644547475077,1644547461988,4,1644547461988,643,64,5,0,37162,0,DKU006#
DEVICE,1644547475109,1644547462020,4,1644547462020,632,63,5,0,37162,0,DKU006#
DEVICE,1644547475141,1644547462052,4,1644547462052,639,63,5,0,37162,0,DKU006#
DEVICE,1644547475173,1644547462084,4,1644547462084,639,63,5,0,37162,0,DKU006#
DEVICE,1644547475205,1644547462116,4,1644547462116,627,62,5,0,37162,0,DKU006#
DEVICE,1644547475238,1644547462149,4,1644547462149,627,62,5,0,37162,0,DKU006#
DEVICE,1644547475269,1644547462180,4,1644547462180,615,61,5,0,37162,0,DKU006#
DEVICE,1644547475301,1644547462212,4,1644547462212,621,62,5,0,37162,0,DKU006#
DEVICE,1644547475333,1644547462244,4,1644547462244,612,61,5,0,37162,0,DKU006#
DEVICE,1644547475365,1644547462276,4,1644547462276,600,60,5,0,37162,0,DKU006#
DEVICE,1644547475397,1644547462308,4,1644547462308,604,60,5,0,37162,0,DKU006#
DEVICE,1644547475429,1644547462340,4,1644547462340,600,60,5,0,37162,0,DKU006#
DEVICE,1644547475461,1644547462372,4,1644547462372,601,60,5,0,37162,0,DKU006#
DEVICE,1644547475493,1644547462404,4,1644547462404,590,59,5,0,37162,0,DKU006#
DEVICE,1644547475525,1644547462436,4,1644547462436,601,60,5,0,37162,0,DKU006#
DEVICE,1644547475557,1644547462468,4,1644547462468,592,59,5,0,37162,0,DKU006#
DEVICE,1644547475589,1644547462500,4,1644547462500,596,59,5,0,37162,0,DKU006#
DEVICE,1644547475621,1644547462532,4,1644547462532,584,58,5,0,37162,0,DKU006#
DEVICE,1644547475653,1644547462564,4,1644547462564,592,59,5,0,37162,0,DKU006#
DEVICE,1644547475685,1644547462596,4,1644547462596,583,58,5,0,37162,0,DKU006#
DEVICE,1644547475717,1644547462628,4,1644547462628,594,59,5,0,37162,0,DKU006#
DEVICE,1644547475749,1644547462660,4,1644547462660,579,57,5,0,37162,0,DKU006#
DEVICE,1644547475781,1644547462692,4,1644547462692,573,57,5,0,37162,0,DKU006#
DEVICE,1644547475813,1644547462724,4,1644547462724,588,58,5,0,37162,0,DKU006#
DEVICE,1644547475845,1644547462756,4,1644547462756,595,59,5,0,37162,0,DKU006#
DEVICE,1644547475877,1644547462788,4,1644547462788,573,57,5,0,37162,0,DKU006#
DEVICE,1644547475909,1644547462820,4,1644547462820,584,58,5,0,37162,0,DKU006#
DEVICE,1644547475941,1644547462852,4,1644547462852,579,57,5,0,37162,0,DKU006#
DEVICE,1644547475973,1644547462884,4,1644547462884,587,58,5,0,37162,0,DKU006#
DEVICE,1644547476005,1644547462916,4,1644547462916,582,58,5,0,37162,0,DKU006#
DEVICE,1644547476037,1644547462948,4,1644547462948,583,58,5,0,37162,0,DKU006#
DEVICE,1644547476069,1644547462980,4,1644547462980,600,60,5,0,37162,0,DKU006#
DEVICE,1644547476101,1644547463012,4,1644547463012,597,59,5,0,37162,0,DKU006#
DEVICE,1644547476133,1644547463044,4,1644547463044,599,59,5,0,37162,0,DKU006#
DEVICE,1644547476164,1644547463075,4,1644547463075,593,59,5,0,37162,0,DKU006#
DEVICE,1644547476197,1644547463108,4,1644547463108,604,60,5,0,37162,0,DKU006#
DEVICE,1644547476228,1644547463139,4,1644547463139,604,60,5,0,37162,0,DKU006#
DEVICE,1644547476260,1644547463171,4,1644547463171,605,60,5,0,37162,0,DKU006#
DEVICE,1644547476292,1644547463203,4,1644547463203,609,60,5,0,37162,0,DKU006#
DEVICE,1644547476324,1644547463235,4,1644547463235,607,60,5,0,37162,0,DKU006#
DEVICE,1644547476356,1644547463267,4,1644547463267,613,61,5,0,37162,0,DKU006#
DEVICE,1644547476388,1644547463299,4,1644547463299,617,61,5,0,37162,0,DKU006#
DEVICE,1644547476421,1644547463332,4,1644547463332,624,62,5,0,37162,0,DKU006#
DEVICE,1644547476453,1644547463364,4,1644547463364,643,64,5,0,37162,0,DKU006#
DEVICE,1644547476484,1644547463395,4,1644547463395,632,63,5,0,37162,0,DKU006#
DEVICE,1644547476516,1644547463427,4,1644547463427,617,61,5,0,37162,0,DKU006#
DEVICE,1644547476548,1644547463459,4,1644547463459,641,64,5,0,37162,0,DKU006#
DEVICE,1644547476580,1644547463491,4,1644547463491,638,63,5,0,37162,0,DKU006#
DEVICE,1644547476612,1644547463523,4,1644547463523,645,64,5,0,37162,0,DKU006#
DEVICE,1644547476644,1644547463555,4,1644547463555,645,64,5,0,37162,0,DKU006#
DEVICE,1644547476676,1644547463587,4,1644547463587,656,65,5,0,37162,0,DKU006#
DEVICE,1644547476708,1644547463619,4,1644547463619,646,64,5,0,37162,0,DKU006#
DEVICE,1644547476740,1644547463651,4,1644547463651,663,66,5,0,37162,0,DKU006#
DEVICE,1644547476772,1644547463683,4,1644547463683,664,66,5,0,37162,0,DKU006#
DEVICE,1644547476804,1644547463715,4,1644547463715,679,67,5,0,37162,0,DKU006#
DEVICE,1644547476836,1644547463747,4,1644547463747,673,67,5,0,37162,0,DKU006#
DEVICE,1644547476868,1644547463779,4,1644547463779,683,68,5,0,37162,0,DKU006#
DEVICE,1644547476900,1644547463811,4,1644547463811,670,67,5,0,37162,0,DKU006#
DEVICE,1644547476932,1644547463843,4,1644547463843,686,68,5,0,37162,0,DKU006#
DEVICE,1644547476964,1644547463875,4,1644547463875,706,70,5,0,37162,0,DKU006#
DEVICE,1644547476996,1644547463907,4,1644547463907,686,68,5,0,37162,0,DKU006#
DEVICE,1644547477028,1644547463939,4,1644547463939,711,71,5,0,37162,0,DKU006#
DEVICE,1644547477060,1644547463971,4,1644547463971,716,71,5,0,37162,0,DKU006#
DEVICE,1644547477092,1644547464003,4,1644547464003,722,72,5,0,37162,0,DKU006#
DEVICE,1644547477124,1644547464035,4,1644547464035,725,72,5,0,37162,0,DKU006#
DEVICE,1644547477156,1644547464067,4,1644547464067,728,72,5,0,37162,0,DKU006#
DEVICE,1644547477188,1644547464099,4,1644547464099,733,73,5,0,37162,0,DKU006#
DEVICE,1644547477220,1644547464131,4,1644547464131,748,74,5,0,37162,0,DKU006#
DEVICE,1644547477252,1644547464163,4,1644547464163,725,72,5,0,37162,0,DKU006#
DEVICE,1644547477284,1644547464195,4,1644547464195,730,73,5,0,37162,0,DKU006#
DEVICE,1644547477316,1644547464227,4,1644547464227,737,73,5,0,37162,0,DKU006#
DEVICE,1644547477348,1644547464259,4,1644547464259,752,75,0,0,37162,0,DKU006#
DEVICE,1644547477380,1644547464291,4,1644547464291,745,74,0,0,37162,0,DKU006#
DEVICE,1644547477411,1644547464322,4,1644547464322,749,74,5,0,37162,0,DKU006#
DEVICE,1644547477443,1644547464354,4,1644547464354,773,77,0,0,37162,0,DKU006#
DEVICE,1644547477474,1644547464385,4,1644547464385,762,76,0,0,37162,0,DKU006#
DEVICE,1644547477507,1644547464418,4,1644547464418,750,75,0,0,37162,0,DKU006#
DEVICE,1644547477539,1644547464450,4,1644547464450,764,76,0,0,37162,0,DKU006#
DEVICE,1644547477555,1644547464466,4,1644547464466,759,75,0,0,37162,0,DKU006#
DEVICE,1644547477587,1644547464498,4,1644547464498,762,76,0,0,37162,0,DKU006#
DEVICE,1644547477620,1644547464531,4,1644547464531,772,77,0,0,37162,0,DKU006#
DEVICE,1644547477652,1644547464563,4,1644547464563,773,77,0,0,37162,0,DKU006#
DEVICE,1644547477684,1644547464595,4,1644547464595,778,77,0,0,37162,0,DKU006#
DEVICE,1644547477715,1644547464626,4,1644547464626,758,75,0,0,37162,0,DKU006#
DEVICE,1644547477747,1644547464658,4,1644547464658,764,76,0,0,37162,0,DKU006#
DEVICE,1644547477779,1644547464690,4,1644547464690,772,77,0,0,37162,0,DKU006#
DEVICE,1644547477811,1644547464722,4,1644547464722,762,76,0,0,37162,0,DKU006#
DEVICE,1644547477843,1644547464754,4,1644547464754,778,77,0,0,37162,0,DKU006#
DEVICE,1644547477875,1644547464786,4,1644547464786,774,77,0,0,37162,0,DKU006#
DEVICE,1644547477907,1644547464818,4,1644547464818,785,78,0,0,37162,0,DKU006#
DEVICE,1644547477939,1644547464850,4,1644547464850,782,78,0,0,37162,0,DKU006#
DEVICE,1644547477971,1644547464882,4,1644547464882,789,78,0,0,37162,0,DKU006#
DEVICE,1644547478003,1644547464914,4,1644547464914,781,78,0,0,37162,0,DKU006#
DEVICE,1644547478035,1644547464946,4,1644547464946,795,79,0,0,37162,0,DKU006#
DEVICE,1644547478067,1644547464978,4,1644547464978,779,77,0,0,37162,0,DKU006#
DEVICE,1644547478099,1644547465010,4,1644547465010,789,78,0,0,37162,0,DKU006#
DEVICE,1644547478131,1644547465042,4,1644547465042,804,80,0,0,37162,0,DKU006#
DEVICE,1644547478163,1644547465074,4,1644547465074,802,80,0,0,37162,0,DKU006#
DEVICE,1644547478195,1644547465106,4,1644547465106,807,80,0,0,37162,0,DKU006#
DEVICE,1644547478227,1644547465138,4,1644547465138,790,79,0,0,37162,0,DKU006#
DEVICE,1644547478259,1644547465170,4,1644547465170,788,78,0,0,37162,0,DKU006#
DEVICE,1644547478291,1644547465202,4,1644547465202,792,79,0,0,37162,0,DKU006#
DEVICE,1644547478323,1644547465234,4,1644547465234,796,79,0,0,37162,0,DKU006#
DEVICE,1644547478355,1644547465266,4,1644547465266,796,79,0,0,37162,0,DKU006#
DEVICE,1644547478386,1644547465297,4,1644547465297,786,78,0,0,37162,0,DKU006#
DEVICE,1644547478419,1644547465330,4,1644547465330,785,78,0,0,37162,0,DKU006#
DEVICE,1644547478451,1644547465362,4,1644547465362,800,80,0,0,37162,0,DKU006#
DEVICE,1644547478482,1644547465393,4,1644547465393,777,77,0,0,37162,0,DKU006#
DEVICE,1644547478515,1644547465426,4,1644547465426,797,79,0,0,37162,0,DKU006#
DEVICE,1644547478547,1644547465458,4,1644547465458,797,79,0,0,37162,0,DKU006#
DEVICE,1644547478578,1644547465489,4,1644547465489,788,78,0,0,37162,0,DKU006#
DEVICE,1644547478611,1644547465522,4,1644547465522,782,78,0,0,37162,0,DKU006#
DEVICE,1644547478642,1644547465553,4,1644547465553,796,79,0,0,37162,0,DKU006#
DEVICE,1644547478674,1644547465585,4,1644547465585,807,80,0,0,37162,0,DKU006#
DEVICE,1644547478706,1644547465617,4,1644547465617,791,79,0,0,37162,0,DKU006#
DEVICE,1644547478739,1644547465650,4,1644547465650,788,78,0,0,37162,0,DKU006#
DEVICE,1644547478771,1644547465682,4,1644547465682,783,78,0,0,37162,0,DKU006#
DEVICE,1644547478803,1644547465714,4,1644547465714,798,79,0,0,37162,0,DKU006#
DEVICE,1644547478834,1644547465745,4,1644547465745,784,78,0,0,37162,0,DKU006#
DEVICE,1644547478866,1644547465777,4,1644547465777,787,78,0,0,37162,0,DKU006#
DEVICE,1644547478898,1644547465809,4,1644547465809,805,80,0,0,37162,0,DKU006#
DEVICE,1644547478930,1644547465841,4,1644547465841,787,78,0,0,37162,0,DKU006#
DEVICE,1644547478962,1644547465873,4,1644547465873,793,79,0,0,37162,0,DKU006#
DEVICE,1644547478994,1644547465905,4,1644547465905,793,79,0,0,37162,0,DKU006#
DEVICE,1644547479026,1644547465937,4,1644547465937,812,81,0,0,37162,0,DKU006#
DEVICE,1644547479058,1644547465969,4,1644547465969,798,79,0,0,37162,0,DKU006#
DEVICE,1644547479090,1644547466001,4,1644547466001,797,79,0,0,37162,0,DKU006#
DEVICE,1644547479122,1644547466033,4,1644547466033,808,80,0,0,37162,0,DKU006#
DEVICE,1644547479154,1644547466065,4,1644547466065,801,80,0,0,37162,0,DKU006#
DEVICE,1644547479186,1644547466097,4,1644547466097,801,80,0,0,37162,0,DKU006#
DEVICE,1644547479218,1644547466129,4,1644547466129,807,80,0,0,37162,0,DKU006#
DEVICE,1644547479250,1644547466161,4,1644547466161,800,80,0,0,37162,0,DKU006#
DEVICE,1644547479282,1644547466193,4,1644547466193,796,79,0,0,37162,0,DKU006#
DEVICE,1644547479314,1644547466225,4,1644547466225,809,80,0,0,37162,0,DKU006#
DEVICE,1644547479346,1644547466257,4,1644547466257,796,79,0,0,37162,0,DKU006#
DEVICE,1644547479378,1644547466289,4,1644547466289,802,80,0,0,37162,0,DKU006#
DEVICE,1644547479410,1644547466321,4,1644547466321,804,80,0,0,37162,0,DKU006#
DEVICE,1644547479442,1644547466353,4,1644547466353,798,79,0,0,37162,0,DKU006#
DEVICE,1644547479474,1644547466385,4,1644547466385,790,79,0,0,37162,0,DKU006#
DEVICE,1644547479506,1644547466417,4,1644547466417,797,79,0,0,37162,0,DKU006#
DEVICE,1644547479538,1644547466449,4,1644547466449,808,80,0,0,37162,0,DKU006#
DEVICE,1644547479570,1644547466481,4,1644547466481,803,80,0,0,37162,0,DKU006#
DEVICE,1644547479602,1644547466513,4,1644547466513,802,80,0,0,37162,0,DKU006#
DEVICE,1644547479634,1644547466545,4,1644547466545,812,81,0,0,37162,0,DKU006#
DEVICE,1644547479666,1644547466577,4,1644547466577,810,81,0,0,37162,0,DKU006#
DEVICE,1644547479697,1644547466608,4,1644547466608,808,80,0,0,37162,0,DKU006#
DEVICE,1644547479729,1644547466640,4,1644547466640,790,79,0,0,37162,0,DKU006#
DEVICE,1644547479761,1644547466672,4,1644547466672,797,79,0,0,37162,0,DKU006#
DEVICE,1644547479793,1644547466704,4,1644547466704,805,80,0,0,37162,0,DKU006#
DEVICE,1644547479825,1644547466736,4,1644547466736,796,79,0,0,37162,0,DKU006#
DEVICE,1644547479858,1644547466769,4,1644547466769,801,80,0,0,37162,0,DKU006#
DEVICE,1644547479889,1644547466800,4,1644547466800,801,80,0,0,37162,0,DKU006#
DEVICE,1644547479921,1644547466832,4,1644547466832,794,79,0,0,37162,0,DKU006#
DEVICE,1644547479953,1644547466864,4,1644547466864,801,80,0,0,37162,0,DKU006#
DEVICE,1644547479985,1644547466896,4,1644547466896,807,80,0,0,37162,0,DKU006#
DEVICE,1644547480017,1644547466928,4,1644547466928,799,79,0,0,37162,0,DKU006#
DEVICE,1644547480049,1644547466960,4,1644547466960,798,79,0,0,37162,0,DKU006#
DEVICE,1644547480081,1644547466992,4,1644547466992,793,79,0,0,37162,0,DKU006#
DEVICE,1644547480114,1644547467025,4,1644547467025,799,79,0,0,37162,0,DKU006#
DEVICE,1644547480145,1644547467056,4,1644547467056,804,80,0,0,37162,0,DKU006#
DEVICE,1644547480177,1644547467088,4,1644547467088,800,80,0,0,37162,0,DKU006#
DEVICE,1644547480225,1644547467136,4,1644547467136,798,79,0,0,36775,0,DKU006#
DEVICE,1644547480241,1644547467152,4,1644547467152,793,79,0,0,36775,0,DKU006#
DEVICE,1644547480273,1644547467184,4,1644547467184,800,80,0,0,36775,0,DKU006#
DEVICE,1644547480305,1644547467216,4,1644547467216,808,80,0,0,36775,0,DKU006#
DEVICE,1644547480337,1644547467248,4,1644547467248,793,79,0,0,36775,0,DKU006#
DEVICE,1644547480369,1644547467280,4,1644547467280,799,79,0,0,36775,0,DKU006#
DEVICE,1644547480401,1644547467312,4,1644547467312,798,79,0,0,36775,0,DKU006#
DEVICE,1644547480433,1644547467344,4,1644547467344,787,78,0,0,36775,0,DKU006#
DEVICE,1644547480465,1644547467376,4,1644547467376,807,80,0,0,36775,0,DKU006#
DEVICE,1644547480497,1644547467408,4,1644547467408,807,80,0,0,36775,0,DKU006#
DEVICE,1644547480529,1644547467440,4,1644547467440,810,81,0,0,36775,0,DKU006#
DEVICE,1644547480561,1644547467472,4,1644547467472,785,78,0,0,36775,0,DKU006#
DEVICE,1644547480593,1644547467504,4,1644547467504,807,80,0,0,36775,0,DKU006#
DEVICE,1644547480625,1644547467536,4,1644547467536,802,80,0,0,36775,0,DKU006#
DEVICE,1644547480657,1644547467568,4,1644547467568,796,79,0,0,36775,0,DKU006#
DEVICE,1644547480689,1644547467600,4,1644547467600,805,80,0,0,36775,0,DKU006#
DEVICE,1644547480721,1644547467632,4,1644547467632,798,79,0,0,36775,0,DKU006#
DEVICE,1644547480753,1644547467664,4,1644547467664,815,81,0,0,36775,0,DKU006#
DEVICE,1644547480785,1644547467696,4,1644547467696,794,79,0,0,36775,0,DKU006#
DEVICE,1644547480817,1644547467728,4,1644547467728,801,80,0,0,36775,0,DKU006#
DEVICE,1644547480849,1644547467760,4,1644547467760,808,80,0,0,36775,0,DKU006#
DEVICE,1644547480881,1644547467792,4,1644547467792,799,79,0,0,36775,0,DKU006#
DEVICE,1644547480913,1644547467824,4,1644547467824,813,81,0,0,36775,0,DKU006#
DEVICE,1644547480945,1644547467856,4,1644547467856,808,80,0,0,36775,0,DKU006#
DEVICE,1644547480977,1644547467888,4,1644547467888,798,79,0,0,36775,0,DKU006#
DEVICE,1644547481008,1644547467919,4,1644547467919,811,81,0,0,36775,0,DKU006#
DEVICE,1644547481040,1644547467951,4,1644547467951,799,79,0,0,36775,0,DKU006#
DEVICE,1644547481072,1644547467983,4,1644547467983,805,80,0,0,36775,0,DKU006#
DEVICE,1644547481104,1644547468015,4,1644547468015,800,80,0,0,36775,0,DKU006#
DEVICE,1644547481137,1644547468048,4,1644547468048,788,78,0,0,36775,0,DKU006#
DEVICE,1644547481169,1644547468080,4,1644547468080,796,79,0,0,36775,0,DKU006#
DEVICE,1644547481200,1644547468111,4,1644547468111,799,79,0,0,36775,0,DKU006#
DEVICE,1644547481232,1644547468143,4,1644547468143,794,79,0,0,36825,0,DKU006#
DEVICE,1644547481265,1644547468176,4,1644547468176,810,81,0,0,36825,0,DKU006#
DEVICE,1644547481296,1644547468207,4,1644547468207,819,81,0,0,36825,0,DKU006#
DEVICE,1644547481328,1644547468239,4,1644547468239,800,80,0,0,36825,0,DKU006#
DEVICE,1644547481360,1644547468271,4,1644547468271,799,79,0,0,36825,0,DKU006#
DEVICE,1644547481392,1644547468303,4,1644547468303,799,79,0,0,36825,0,DKU006#
DEVICE,1644547481424,1644547468335,4,1644547468335,800,80,0,0,36825,0,DKU006#
DEVICE,1644547481456,1644547468367,4,1644547468367,807,80,0,0,36825,0,DKU006#
DEVICE,1644547481488,1644547468399,4,1644547468399,817,81,0,0,36825,0,DKU006#
DEVICE,1644547481520,1644547468431,4,1644547468431,796,79,0,0,36825,0,DKU006#
DEVICE,1644547481552,1644547468463,4,1644547468463,813,81,0,0,36825,0,DKU006#
DEVICE,1644547481584,1644547468495,4,1644547468495,805,80,0,0,36825,0,DKU006#
DEVICE,1644547481616,1644547468527,4,1644547468527,801,80,0,0,36825,0,DKU006#
DEVICE,1644547481648,1644547468559,4,1644547468559,796,79,0,0,36825,0,DKU006#
DEVICE,1644547481680,1644547468591,4,1644547468591,805,80,0,0,36825,0,DKU006#
DEVICE,1644547481712,1644547468623,4,1644547468623,798,79,0,0,36825,0,DKU006#
DEVICE,1644547481744,1644547468655,4,1644547468655,805,80,0,0,36825,0,DKU006#
DEVICE,1644547481776,1644547468687,4,1644547468687,814,81,0,0,36825,0,DKU006#
DEVICE,1644547481808,1644547468719,4,1644547468719,799,79,0,0,36825,0,DKU006#
DEVICE,1644547481840,1644547468751,4,1644547468751,787,78,0,0,36825,0,DKU006#
DEVICE,1644547481872,1644547468783,4,1644547468783,808,80,0,0,36825,0,DKU006#
DEVICE,1644547481904,1644547468815,4,1644547468815,790,79,0,0,36825,0,DKU006#
DEVICE,1644547481936,1644547468847,4,1644547468847,814,81,0,0,36825,0,DKU006#
DEVICE,1644547481968,1644547468879,4,1644547468879,802,80,0,0,36825,0,DKU006#
DEVICE,1644547482000,1644547468911,4,1644547468911,799,79,0,0,36825,0,DKU006#
DEVICE,1644547482032,1644547468943,4,1644547468943,804,80,0,0,36825,0,DKU006#
DEVICE,1644547482063,1644547468974,4,1644547468974,809,80,0,0,36825,0,DKU006#
DEVICE,1644547482096,1644547469007,4,1644547469007,799,79,0,0,36825,0,DKU006#
DEVICE,1644547482127,1644547469038,4,1644547469038,805,80,0,0,36825,0,DKU006#
