DeviceName,PTPTime,UnixTime,DistanceMM,DistanceCM,Weight,Count,DistanceADC,WeightADC,DeviceName(Current)
DEVICE,1642573502084,1642573501914,811,81,0,0,0,0,DKU006#
DEVICE,1642573502116,1642573501946,803,80,0,0,0,0,DKU006#
DEVICE,1642573502148,1642573501978,810,81,0,0,0,0,DKU006#
DEVICE,1642573502180,1642573502010,793,79,0,0,0,0,DKU006#
DEVICE,1642573502212,1642573502042,804,80,0,0,0,0,DKU006#
DEVICE,1642573502244,1642573502074,815,81,0,0,0,0,DKU006#
DEVICE,1642573502276,1642573502106,813,81,0,0,0,0,DKU006#
DEVICE,1642573502308,1642573502138,801,80,0,0,0,0,DKU006#
DEVICE,1642573502339,1642573502169,812,81,0,0,0,0,DKU006#
DEVICE,1642573502372,1642573502202,804,80,0,0,0,0,DKU006#
DEVICE,1642573502404,1642573502234,806,80,0,0,0,0,DKU006#
DEVICE,1642573502436,1642573502266,803,80,0,0,0,0,DKU006#
DEVICE,1642573502468,1642573502298,802,80,0,0,0,0,DKU006#
DEVICE,1642573502500,1642573502330,802,80,0,0,0,0,DKU006#
DEVICE,1642573502532,1642573502362,821,82,0,0,0,0,DKU006#
DEVICE,1642573502548,1642573502378,799,79,0,0,0,0,DKU006#
DEVICE,1642573502596,1642573502426,801,80,0,0,0,0,DKU006#
DEVICE,1642573502611,1642573502441,801,80,0,0,0,0,DKU006#
DEVICE,1642573502660,1642573502490,807,80,0,0,0,0,DKU006#
DEVICE,1642573502676,1642573502506,810,81,0,0,0,0,DKU006#
DEVICE,1642573502724,1642573502554,791,79,0,0,0,0,DKU006#
DEVICE,1642573502740,1642573502570,813,81,0,0,0,0,DKU006#
DEVICE,1642573502788,1642573502618,804,80,0,0,0,0,DKU006#
DEVICE,1642573502804,1642573502634,799,79,0,0,0,0,DKU006#
DEVICE,1642573502851,1642573502681,804,80,0,0,0,0,DKU006#
DEVICE,1642573502868,1642573502698,796,79,0,0,0,0,DKU006#
DEVICE,1642573502916,1642573502746,807,80,0,0,0,0,DKU006#
DEVICE,1642573502931,1642573502761,805,80,0,0,0,0,DKU006#
DEVICE,1642573502963,1642573502793,801,80,0,0,0,0,DKU006#
DEVICE,1642573502995,1642573502825,808,80,0,0,0,0,DKU006#
DEVICE,1642573503027,1642573502857,812,81,0,0,0,0,DKU006#
DEVICE,1642573503076,1642573502906,818,81,0,0,36206,0,DKU006#
DEVICE,1642573503107,1642573502937,809,80,0,0,36206,0,DKU006#
DEVICE,1642573503123,1642573502953,814,81,0,0,36206,0,DKU006#
DEVICE,1642573503171,1642573503001,802,80,0,0,36206,0,DKU006#
DEVICE,1642573503203,1642573503033,809,80,0,0,36206,0,DKU006#
DEVICE,1642573503219,1642573503049,789,78,0,0,36206,0,DKU006#
DEVICE,1642573503267,1642573503097,788,78,0,0,36206,0,DKU006#
DEVICE,1642573503283,1642573503113,779,77,0,0,36206,0,DKU006#
DEVICE,1642573503315,1642573503145,806,80,0,0,36206,0,DKU006#
DEVICE,1642573503363,1642573503193,812,81,0,0,36206,0,DKU006#
DEVICE,1642573503379,1642573503209,807,80,0,0,36206,0,DKU006#
DEVICE,1642573503411,1642573503241,807,80,0,0,36206,0,DKU006#
DEVICE,1642573503443,1642573503273,791,79,0,0,36206,0,DKU006#
DEVICE,1642573503475,1642573503305,811,81,0,0,36206,0,DKU006#
DEVICE,1642573503507,1642573503337,816,81,0,0,36206,0,DKU006#
DEVICE,1642573503539,1642573503369,785,78,0,0,36206,0,DKU006#
DEVICE,1642573503571,1642573503401,807,80,0,0,36206,0,DKU006#
DEVICE,1642573503603,1642573503433,814,81,0,0,36206,0,DKU006#
DEVICE,1642573503635,1642573503465,793,79,0,0,36206,0,DKU006#
DEVICE,1642573503667,1642573503497,792,79,0,0,36206,0,DKU006#
DEVICE,1642573503699,1642573503529,802,80,0,0,36206,0,DKU006#
DEVICE,1642573503731,1642573503561,797,79,0,0,36206,0,DKU006#
DEVICE,1642573503763,1642573503593,803,80,0,0,36206,0,DKU006#
DEVICE,1642573503795,1642573503625,804,80,0,0,36206,0,DKU006#
DEVICE,1642573503826,1642573503656,814,81,0,0,36206,0,DKU006#
DEVICE,1642573503859,1642573503689,801,80,0,0,36206,0,DKU006#
DEVICE,1642573503891,1642573503721,803,80,0,0,36206,0,DKU006#
DEVICE,1642573503923,1642573503753,794,79,0,0,36206,0,DKU006#
DEVICE,1642573503954,1642573503784,813,81,0,0,36206,0,DKU006#
DEVICE,1642573503987,1642573503817,806,80,0,0,36206,0,DKU006#
DEVICE,1642573504018,1642573503848,795,79,0,0,36206,0,DKU006#
DEVICE,1642573504067,1642573503897,794,79,0,0,36218,0,DKU006#
DEVICE,1642573504082,1642573503912,804,80,0,0,36218,0,DKU006#
DEVICE,1642573504114,1642573503944,790,79,0,0,36218,0,DKU006#
DEVICE,1642573504146,1642573503976,804,80,0,0,36218,0,DKU006#
DEVICE,1642573504178,1642573504008,807,80,0,0,36218,0,DKU006#
DEVICE,1642573504210,1642573504040,813,81,0,0,36218,0,DKU006#
DEVICE,1642573504243,1642573504073,806,80,0,0,36218,0,DKU006#
DEVICE,1642573504274,1642573504104,806,80,0,0,36218,0,DKU006#
DEVICE,1642573504306,1642573504136,805,80,0,0,36218,0,DKU006#
DEVICE,1642573504338,1642573504168,811,81,0,0,36218,0,DKU006#
DEVICE,1642573504370,1642573504200,809,80,0,0,36218,0,DKU006#
DEVICE,1642573504402,1642573504232,813,81,0,0,36218,0,DKU006#
DEVICE,1642573504434,1642573504264,804,80,0,0,36218,0,DKU006#
DEVICE,1642573504466,1642573504296,814,81,0,0,36218,0,DKU006#
DEVICE,1642573504498,1642573504328,802,80,0,0,36218,0,DKU006#
DEVICE,1642573504530,1642573504360,810,81,0,0,36218,0,DKU006#
DEVICE,1642573504562,1642573504392,800,80,0,0,36218,0,DKU006#
DEVICE,1642573504593,1642573504423,804,80,0,0,36218,0,DKU006#
DEVICE,1642573504626,1642573504456,797,79,0,0,36218,0,DKU006#
DEVICE,1642573504658,1642573504488,809,80,0,0,36218,0,DKU006#
DEVICE,1642573504690,1642573504520,816,81,0,0,36218,0,DKU006#
DEVICE,1642573504722,1642573504552,804,80,0,0,36218,0,DKU006#
DEVICE,1642573504754,1642573504584,809,80,0,0,36218,0,DKU006#
DEVICE,1642573504786,1642573504616,788,78,0,0,36218,0,DKU006#
DEVICE,1642573504818,1642573504648,812,81,0,0,36218,0,DKU006#
DEVICE,1642573504850,1642573504680,805,80,0,0,36218,0,DKU006#
DEVICE,1642573504882,1642573504712,798,79,0,0,36218,0,DKU006#
DEVICE,1642573504914,1642573504744,806,80,0,0,36218,0,DKU006#
DEVICE,1642573504945,1642573504775,792,79,0,0,36218,0,DKU006#
DEVICE,1642573504977,1642573504807,809,80,0,0,36218,0,DKU006#
DEVICE,1642573505010,1642573504840,804,80,0,0,36218,0,DKU006#
DEVICE,1642573505042,1642573504872,812,81,0,0,36218,0,DKU006#
DEVICE,1642573505074,1642573504904,794,79,0,0,36218,0,DKU006#
DEVICE,1642573505105,1642573504935,792,79,0,0,36218,0,DKU006#
DEVICE,1642573505137,1642573504967,796,79,0,0,36218,0,DKU006#
DEVICE,1642573505169,1642573504999,812,81,0,0,36218,0,DKU006#
DEVICE,1642573505201,1642573505031,797,79,0,0,36218,0,DKU006#
DEVICE,1642573505233,1642573505063,787,78,0,0,36218,0,DKU006#
DEVICE,1642573505265,1642573505095,793,79,0,0,36218,0,DKU006#
DEVICE,1642573505297,1642573505127,810,81,0,0,36218,0,DKU006#
DEVICE,1642573505329,1642573505159,800,80,0,0,36218,0,DKU006#
DEVICE,1642573505377,1642573505207,807,80,0,0,36212,0,DKU006#
DEVICE,1642573505394,1642573505224,814,81,0,0,36212,0,DKU006#
DEVICE,1642573505426,1642573505256,818,81,0,0,36212,0,DKU006#
DEVICE,1642573505457,1642573505287,804,80,0,0,36212,0,DKU006#
DEVICE,1642573505489,1642573505319,792,79,0,0,36212,0,DKU006#
DEVICE,1642573505521,1642573505351,800,80,0,0,36212,0,DKU006#
DEVICE,1642573505553,1642573505383,806,80,0,0,36212,0,DKU006#
DEVICE,1642573505585,1642573505415,824,82,0,0,36212,0,DKU006#
DEVICE,1642573505617,1642573505447,797,79,0,0,36212,0,DKU006#
DEVICE,1642573505649,1642573505479,794,79,0,0,36212,0,DKU006#
DEVICE,1642573505681,1642573505511,799,79,0,0,36212,0,DKU006#
DEVICE,1642573505713,1642573505543,803,80,0,0,36212,0,DKU006#
DEVICE,1642573505745,1642573505575,806,80,0,0,36212,0,DKU006#
DEVICE,1642573505777,1642573505607,815,81,0,0,36212,0,DKU006#
DEVICE,1642573505809,1642573505639,795,79,0,0,36212,0,DKU006#
DEVICE,1642573505840,1642573505670,808,80,0,0,36212,0,DKU006#
DEVICE,1642573505873,1642573505703,789,78,0,0,36212,0,DKU006#
DEVICE,1642573505904,1642573505734,808,80,0,0,36212,0,DKU006#
DEVICE,1642573505937,1642573505767,815,81,0,0,36212,0,DKU006#
DEVICE,1642573505968,1642573505798,812,81,0,0,36212,0,DKU006#
DEVICE,1642573506000,1642573505830,802,80,0,0,36212,0,DKU006#
DEVICE,1642573506032,1642573505862,812,81,0,0,36212,0,DKU006#
DEVICE,1642573506064,1642573505894,798,79,0,0,36212,0,DKU006#
DEVICE,1642573506096,1642573505926,815,81,0,0,36212,0,DKU006#
DEVICE,1642573506128,1642573505958,809,80,0,0,36212,0,DKU006#
DEVICE,1642573506160,1642573505990,808,80,0,0,36212,0,DKU006#
DEVICE,1642573506192,1642573506022,804,80,0,0,36212,0,DKU006#
DEVICE,1642573506224,1642573506054,817,81,0,0,36212,0,DKU006#
DEVICE,1642573506256,1642573506086,806,80,0,0,36212,0,DKU006#
DEVICE,1642573506288,1642573506118,829,82,0,0,36212,0,DKU006#
DEVICE,1642573506320,1642573506150,816,81,0,0,36212,0,DKU006#
DEVICE,1642573506368,1642573506198,825,82,0,0,36225,0,DKU006#
DEVICE,1642573506384,1642573506214,813,81,0,0,36225,0,DKU006#
DEVICE,1642573506416,1642573506246,821,82,0,0,36225,0,DKU006#
DEVICE,1642573506448,1642573506278,806,80,0,0,36225,0,DKU006#
DEVICE,1642573506480,1642573506310,801,80,0,0,36225,0,DKU006#
DEVICE,1642573506512,1642573506342,797,79,0,0,36225,0,DKU006#
DEVICE,1642573506544,1642573506374,805,80,0,0,36225,0,DKU006#
DEVICE,1642573506576,1642573506406,810,81,0,0,36225,0,DKU006#
DEVICE,1642573506609,1642573506439,802,80,0,0,36225,0,DKU006#
DEVICE,1642573506640,1642573506470,815,81,0,0,36225,0,DKU006#
DEVICE,1642573506672,1642573506502,806,80,0,0,36225,0,DKU006#
DEVICE,1642573506704,1642573506534,794,79,0,0,36225,0,DKU006#
DEVICE,1642573506736,1642573506566,809,80,0,0,36225,0,DKU006#
DEVICE,1642573506768,1642573506598,798,79,0,0,36225,0,DKU006#
DEVICE,1642573506800,1642573506630,811,81,0,0,36225,0,DKU006#
DEVICE,1642573506832,1642573506662,800,80,0,0,36225,0,DKU006#
DEVICE,1642573506864,1642573506694,800,80,0,0,36225,0,DKU006#
DEVICE,1642573506896,1642573506726,818,81,0,0,36225,0,DKU006#
DEVICE,1642573506928,1642573506758,819,81,0,0,36225,0,DKU006#
DEVICE,1642573506960,1642573506790,791,79,0,0,36225,0,DKU006#
DEVICE,1642573506992,1642573506822,798,79,0,0,36225,0,DKU006#
DEVICE,1642573507024,1642573506854,799,79,0,0,36225,0,DKU006#
DEVICE,1642573507056,1642573506886,799,79,0,0,36225,0,DKU006#
DEVICE,1642573507088,1642573506918,799,79,0,0,36225,0,DKU006#
DEVICE,1642573507119,1642573506949,801,80,0,0,36225,0,DKU006#
DEVICE,1642573507151,1642573506981,779,77,0,0,36225,0,DKU006#
DEVICE,1642573507183,1642573507013,794,79,0,0,36225,0,DKU006#
DEVICE,1642573507215,1642573507045,814,81,0,0,36225,0,DKU006#
DEVICE,1642573507247,1642573507077,808,80,0,0,36225,0,DKU006#
DEVICE,1642573507279,1642573507109,806,80,0,0,36225,0,DKU006#
DEVICE,1642573507311,1642573507141,809,80,0,0,36225,0,DKU006#
DEVICE,1642573507343,1642573507173,787,78,0,0,36225,0,DKU006#
DEVICE,1642573507376,1642573507206,805,80,0,0,36225,0,DKU006#
DEVICE,1642573507407,1642573507237,797,79,0,0,36225,0,DKU006#
DEVICE,1642573507439,1642573507269,796,79,0,0,36225,0,DKU006#
DEVICE,1642573507471,1642573507301,803,80,0,0,36225,0,DKU006#
DEVICE,1642573507503,1642573507333,817,81,0,0,36225,0,DKU006#
DEVICE,1642573507535,1642573507365,794,79,0,0,36225,0,DKU006#
DEVICE,1642573507567,1642573507397,803,80,0,0,36225,0,DKU006#
DEVICE,1642573507599,1642573507429,803,80,0,0,36225,0,DKU006#
DEVICE,1642573507631,1642573507461,810,81,0,0,36225,0,DKU006#
DEVICE,1642573507679,1642573507509,808,80,0,0,36231,0,DKU006#
DEVICE,1642573507695,1642573507525,808,80,0,0,36231,0,DKU006#
DEVICE,1642573507726,1642573507556,795,79,0,0,36231,0,DKU006#
DEVICE,1642573507759,1642573507589,810,81,0,0,36231,0,DKU006#
DEVICE,1642573507791,1642573507621,797,79,0,0,36231,0,DKU006#
DEVICE,1642573507823,1642573507653,803,80,0,0,36231,0,DKU006#
DEVICE,1642573507855,1642573507685,799,79,0,0,36231,0,DKU006#
DEVICE,1642573507886,1642573507716,799,79,0,0,36231,0,DKU006#
DEVICE,1642573507919,1642573507749,809,80,0,0,36231,0,DKU006#
DEVICE,1642573507951,1642573507781,807,80,0,0,36231,0,DKU006#
DEVICE,1642573507983,1642573507813,819,81,0,0,36231,0,DKU006#
DEVICE,1642573508015,1642573507845,798,79,0,0,36231,0,DKU006#
DEVICE,1642573508046,1642573507876,810,81,0,0,36231,0,DKU006#
DEVICE,1642573508078,1642573507908,803,80,0,0,36231,0,DKU006#
DEVICE,1642573508110,1642573507940,792,79,0,0,36231,0,DKU006#
DEVICE,1642573508142,1642573507972,684,68,0,0,36231,0,DKU006#
DEVICE,1642573508175,1642573508005,590,59,5,0,36231,0,DKU006#
DEVICE,1642573508207,1642573508037,534,53,5,1,36231,0,DKU006#
DEVICE,1642573508238,1642573508068,536,53,5,1,36231,-6,DKU006#
DEVICE,1642573508270,1642573508100,540,54,5,1,36231,-6,DKU006#
DEVICE,1642573508302,1642573508132,552,55,5,1,36231,-6,DKU006#
DEVICE,1642573508334,1642573508164,555,55,5,1,36231,-6,DKU006#
DEVICE,1642573508366,1642573508196,622,62,5,1,36231,-6,DKU006#
DEVICE,1642573508398,1642573508228,746,74,5,1,36231,-6,DKU006#
DEVICE,1642573508430,1642573508260,801,80,0,1,36231,-6,DKU006#
DEVICE,1642573508462,1642573508292,810,81,0,1,36231,-6,DKU006#
DEVICE,1642573508494,1642573508324,798,79,0,1,36231,-4,DKU006#
DEVICE,1642573508526,1642573508356,822,82,0,1,36231,-2,DKU006#
DEVICE,1642573508558,1642573508388,806,80,0,1,36231,0,DKU006#
DEVICE,1642573508590,1642573508420,796,79,0,1,36231,0,DKU006#
DEVICE,1642573508622,1642573508452,796,79,0,1,36231,0,DKU006#
DEVICE,1642573508654,1642573508484,793,79,0,1,36231,0,DKU006#
DEVICE,1642573508686,1642573508516,806,80,0,1,36231,0,DKU006#
DEVICE,1642573508718,1642573508548,811,81,0,1,36231,0,DKU006#
DEVICE,1642573508750,1642573508580,803,80,0,1,36231,0,DKU006#
DEVICE,1642573508782,1642573508612,810,81,0,1,36231,0,DKU006#
DEVICE,1642573508814,1642573508644,805,80,0,1,36231,0,DKU006#
DEVICE,1642573508846,1642573508676,817,81,0,1,36231,0,DKU006#
DEVICE,1642573508878,1642573508708,803,80,0,1,36231,0,DKU006#
DEVICE,1642573508909,1642573508739,802,80,0,1,36231,0,DKU006#
DEVICE,1642573508942,1642573508772,789,78,0,1,36231,0,DKU006#
DEVICE,1642573508974,1642573508804,799,79,0,1,36231,0,DKU006#
DEVICE,1642573509006,1642573508836,800,80,0,1,36231,0,DKU006#
DEVICE,1642573509038,1642573508868,801,80,0,1,36231,0,DKU006#
DEVICE,1642573509070,1642573508900,803,80,0,1,36231,0,DKU006#
DEVICE,1642573509102,1642573508932,805,80,0,1,36231,0,DKU006#
DEVICE,1642573509133,1642573508963,804,80,0,1,36231,0,DKU006#
DEVICE,1642573509165,1642573508995,812,81,0,1,36231,0,DKU006#
DEVICE,1642573509197,1642573509027,799,79,0,1,36231,0,DKU006#
DEVICE,1642573509229,1642573509059,795,79,0,1,36231,0,DKU006#
DEVICE,1642573509261,1642573509091,788,78,0,1,36231,0,DKU006#
DEVICE,1642573509293,1642573509123,799,79,0,1,36231,0,DKU006#
DEVICE,1642573509325,1642573509155,806,80,0,1,36231,0,DKU006#
DEVICE,1642573509357,1642573509187,814,81,0,1,36231,0,DKU006#
DEVICE,1642573509389,1642573509219,802,80,0,1,36231,0,DKU006#
DEVICE,1642573509421,1642573509251,815,81,0,1,36231,0,DKU006#
DEVICE,1642573509453,1642573509283,811,81,0,1,36231,0,DKU006#
DEVICE,1642573509485,1642573509315,795,79,0,1,36231,0,DKU006#
DEVICE,1642573509517,1642573509347,792,79,0,1,36231,0,DKU006#
DEVICE,1642573509549,1642573509379,812,81,0,1,36231,0,DKU006#
DEVICE,1642573509581,1642573509411,815,81,0,1,36231,0,DKU006#
DEVICE,1642573509613,1642573509443,808,80,0,1,36231,0,DKU006#
DEVICE,1642573509645,1642573509475,802,80,0,1,36231,0,DKU006#
DEVICE,1642573509677,1642573509507,804,80,0,1,36231,0,DKU006#
DEVICE,1642573509709,1642573509539,810,81,0,1,36231,0,DKU006#
DEVICE,1642573509742,1642573509572,804,80,0,1,36231,0,DKU006#
DEVICE,1642573509789,1642573509619,808,80,0,1,36212,0,DKU006#
DEVICE,1642573509805,1642573509635,805,80,0,1,36212,0,DKU006#
DEVICE,1642573509837,1642573509667,814,81,0,1,36212,0,DKU006#
DEVICE,1642573509869,1642573509699,810,81,0,1,36212,0,DKU006#
DEVICE,1642573509901,1642573509731,810,81,0,1,36212,0,DKU006#
DEVICE,1642573509933,1642573509763,808,80,0,1,36212,0,DKU006#
DEVICE,1642573509965,1642573509795,810,81,0,1,36212,0,DKU006#
DEVICE,1642573509997,1642573509827,806,80,0,1,36212,0,DKU006#
DEVICE,1642573510029,1642573509859,807,80,0,1,36212,0,DKU006#
DEVICE,1642573510061,1642573509891,809,80,0,1,36212,0,DKU006#
DEVICE,1642573510092,1642573509922,824,82,0,1,36212,0,DKU006#
DEVICE,1642573510125,1642573509955,809,80,0,1,36212,0,DKU006#
DEVICE,1642573510157,1642573509987,822,82,0,1,36212,0,DKU006#
DEVICE,1642573510189,1642573510019,802,80,0,1,36212,0,DKU006#
DEVICE,1642573510221,1642573510051,800,80,0,1,36212,0,DKU006#
DEVICE,1642573510253,1642573510083,805,80,0,1,36212,0,DKU006#
DEVICE,1642573510284,1642573510114,796,79,0,1,36212,0,DKU006#
DEVICE,1642573510316,1642573510146,819,81,0,1,36212,0,DKU006#
DEVICE,1642573510348,1642573510178,808,80,0,1,36212,0,DKU006#
DEVICE,1642573510380,1642573510210,808,80,0,1,36212,0,DKU006#
DEVICE,1642573510412,1642573510242,813,81,0,1,36212,0,DKU006#
DEVICE,1642573510444,1642573510274,811,81,0,1,36212,0,DKU006#
DEVICE,1642573510476,1642573510306,812,81,0,1,36212,0,DKU006#
DEVICE,1642573510508,1642573510338,803,80,0,1,36212,0,DKU006#
DEVICE,1642573510540,1642573510370,786,78,0,1,36212,0,DKU006#
DEVICE,1642573510572,1642573510402,805,80,0,1,36212,0,DKU006#
DEVICE,1642573510604,1642573510434,792,79,0,1,36212,0,DKU006#
DEVICE,1642573510636,1642573510466,802,80,0,1,36212,0,DKU006#
DEVICE,1642573510668,1642573510498,818,81,0,1,36212,0,DKU006#
DEVICE,1642573510700,1642573510530,790,79,0,1,36212,0,DKU006#
DEVICE,1642573510732,1642573510562,802,80,0,1,36212,0,DKU006#
DEVICE,1642573510764,1642573510594,793,79,0,1,36212,0,DKU006#
DEVICE,1642573510796,1642573510626,801,80,0,1,36212,0,DKU006#
DEVICE,1642573510828,1642573510658,806,80,0,1,36212,0,DKU006#
DEVICE,1642573510860,1642573510690,797,79,0,1,36212,0,DKU006#
DEVICE,1642573510892,1642573510722,799,79,0,1,36212,0,DKU006#
DEVICE,1642573510924,1642573510754,800,80,0,1,36212,0,DKU006#
DEVICE,1642573510956,1642573510786,803,80,0,1,36212,0,DKU006#
DEVICE,1642573510988,1642573510818,793,79,0,1,36212,0,DKU006#
DEVICE,1642573511020,1642573510850,782,78,0,1,36212,0,DKU006#
DEVICE,1642573511052,1642573510882,794,79,0,1,36212,0,DKU006#
DEVICE,1642573511084,1642573510914,806,80,0,1,36212,0,DKU006#
DEVICE,1642573511115,1642573510945,811,81,0,1,36212,0,DKU006#
DEVICE,1642573511147,1642573510977,804,80,0,1,36212,0,DKU006#
DEVICE,1642573511179,1642573511009,795,79,0,1,36212,0,DKU006#
DEVICE,1642573511211,1642573511041,799,79,0,1,36212,0,DKU006#
DEVICE,1642573511243,1642573511073,800,80,0,1,36212,0,DKU006#
DEVICE,1642573511276,1642573511106,804,80,0,1,36212,0,DKU006#
DEVICE,1642573511308,1642573511138,807,80,0,1,36212,0,DKU006#
DEVICE,1642573511340,1642573511170,816,81,0,1,36212,0,DKU006#
DEVICE,1642573511372,1642573511202,798,79,0,1,36212,0,DKU006#
DEVICE,1642573511404,1642573511234,790,79,0,1,36212,0,DKU006#
DEVICE,1642573511435,1642573511265,807,80,0,1,36212,0,DKU006#
DEVICE,1642573511483,1642573511313,795,79,0,1,36212,0,DKU006#
DEVICE,1642573511499,1642573511329,801,80,0,1,36212,0,DKU006#
DEVICE,1642573511531,1642573511361,806,80,0,1,36212,0,DKU006#
DEVICE,1642573511563,1642573511393,802,80,0,1,36212,0,DKU006#
DEVICE,1642573511595,1642573511425,810,81,0,1,36212,0,DKU006#
DEVICE,1642573511627,1642573511457,800,80,0,1,36212,0,DKU006#
DEVICE,1642573511659,1642573511489,813,81,0,1,36212,0,DKU006#
DEVICE,1642573511691,1642573511521,806,80,0,1,36212,0,DKU006#
DEVICE,1642573511723,1642573511553,799,79,0,1,36212,0,DKU006#
DEVICE,1642573511755,1642573511585,801,80,0,1,36212,0,DKU006#
DEVICE,1642573511787,1642573511617,797,79,0,1,36212,0,DKU006#
DEVICE,1642573511819,1642573511649,802,80,0,1,36212,0,DKU006#
DEVICE,1642573511851,1642573511681,798,79,0,1,36212,0,DKU006#
DEVICE,1642573511883,1642573511713,798,79,0,1,36212,0,DKU006#
DEVICE,1642573511915,1642573511745,804,80,0,1,36212,0,DKU006#
DEVICE,1642573511947,1642573511777,799,79,0,1,36212,0,DKU006#
DEVICE,1642573511979,1642573511809,799,79,0,1,36212,0,DKU006#
DEVICE,1642573512011,1642573511841,816,81,0,1,36212,0,DKU006#
DEVICE,1642573512042,1642573511872,806,80,0,1,36212,0,DKU006#
DEVICE,1642573512075,1642573511905,807,80,0,1,36212,0,DKU006#
DEVICE,1642573512107,1642573511937,819,81,0,1,36212,0,DKU006#
DEVICE,1642573512139,1642573511969,807,80,0,1,36212,0,DKU006#
DEVICE,1642573512171,1642573512001,804,80,0,1,36212,0,DKU006#
DEVICE,1642573512203,1642573512033,804,80,0,1,36212,0,DKU006#
DEVICE,1642573512235,1642573512065,796,79,0,1,36212,0,DKU006#
DEVICE,1642573512267,1642573512097,806,80,0,1,36212,0,DKU006#
DEVICE,1642573512298,1642573512128,804,80,0,1,36212,0,DKU006#
DEVICE,1642573512330,1642573512160,818,81,0,1,36212,0,DKU006#
DEVICE,1642573512362,1642573512192,801,80,0,1,36212,0,DKU006#
DEVICE,1642573512394,1642573512224,798,79,0,1,36212,0,DKU006#
DEVICE,1642573512426,1642573512256,787,78,0,1,36212,0,DKU006#
DEVICE,1642573512458,1642573512288,799,79,0,1,36225,0,DKU006#
DEVICE,1642573512490,1642573512320,811,81,0,1,36225,0,DKU006#
DEVICE,1642573512523,1642573512353,794,79,0,1,36225,0,DKU006#
DEVICE,1642573512554,1642573512384,811,81,0,1,36225,0,DKU006#
DEVICE,1642573512586,1642573512416,802,80,0,1,36225,0,DKU006#
DEVICE,1642573512618,1642573512448,810,81,0,1,36225,0,DKU006#
DEVICE,1642573512650,1642573512480,809,80,0,1,36225,0,DKU006#
DEVICE,1642573512682,1642573512512,819,81,0,1,36225,0,DKU006#
DEVICE,1642573512714,1642573512544,803,80,0,1,36225,0,DKU006#
DEVICE,1642573512746,1642573512576,797,79,0,1,36225,0,DKU006#
DEVICE,1642573512778,1642573512608,803,80,0,1,36225,0,DKU006#
DEVICE,1642573512810,1642573512640,805,80,0,1,36225,0,DKU006#
DEVICE,1642573512842,1642573512672,804,80,0,1,36225,0,DKU006#
DEVICE,1642573512874,1642573512704,809,80,0,1,36225,0,DKU006#
DEVICE,1642573512906,1642573512736,791,79,0,1,36225,0,DKU006#
DEVICE,1642573512938,1642573512768,807,80,0,1,36225,0,DKU006#
DEVICE,1642573512970,1642573512800,794,79,0,1,36225,0,DKU006#
DEVICE,1642573513002,1642573512832,790,79,0,1,36225,0,DKU006#
DEVICE,1642573513034,1642573512864,802,80,0,1,36225,0,DKU006#
DEVICE,1642573513066,1642573512896,800,80,0,1,36225,0,DKU006#
DEVICE,1642573513098,1642573512928,794,79,0,1,36225,0,DKU006#
DEVICE,1642573513130,1642573512960,795,79,0,1,36225,0,DKU006#
DEVICE,1642573513162,1642573512992,802,80,0,1,36225,0,DKU006#
DEVICE,1642573513193,1642573513023,813,81,0,1,36225,0,DKU006#
DEVICE,1642573513226,1642573513056,807,80,0,1,36225,0,DKU006#
DEVICE,1642573513258,1642573513088,792,79,0,1,36225,0,DKU006#
DEVICE,1642573513290,1642573513120,797,79,0,1,36225,0,DKU006#
DEVICE,1642573513322,1642573513152,791,79,0,1,36225,0,DKU006#
DEVICE,1642573513354,1642573513184,804,80,0,1,36225,0,DKU006#
DEVICE,1642573513385,1642573513215,799,79,0,1,36225,0,DKU006#
DEVICE,1642573513417,1642573513247,794,79,0,1,36225,0,DKU006#
DEVICE,1642573513449,1642573513279,796,79,0,1,36250,0,DKU006#
DEVICE,1642573513482,1642573513312,798,79,0,1,36250,0,DKU006#
DEVICE,1642573513513,1642573513343,820,82,0,1,36250,0,DKU006#
DEVICE,1642573513545,1642573513375,803,80,0,1,36250,0,DKU006#
DEVICE,1642573513578,1642573513408,818,81,0,1,36250,0,DKU006#
DEVICE,1642573513609,1642573513439,813,81,0,1,36250,0,DKU006#
DEVICE,1642573513642,1642573513472,807,80,0,1,36250,0,DKU006#
DEVICE,1642573513673,1642573513503,809,80,0,1,36250,0,DKU006#
DEVICE,1642573513705,1642573513535,795,79,0,1,36250,0,DKU006#
DEVICE,1642573513737,1642573513567,820,82,0,1,36250,0,DKU006#
DEVICE,1642573513769,1642573513599,806,80,0,1,36250,0,DKU006#
DEVICE,1642573513801,1642573513631,799,79,0,1,36250,0,DKU006#
DEVICE,1642573513833,1642573513663,807,80,0,1,36250,0,DKU006#
DEVICE,1642573513865,1642573513695,797,79,0,1,36250,0,DKU006#
DEVICE,1642573513897,1642573513727,810,81,0,1,36250,0,DKU006#
DEVICE,1642573513929,1642573513759,789,78,0,1,36250,0,DKU006#
DEVICE,1642573513961,1642573513791,809,80,0,1,36250,0,DKU006#
DEVICE,1642573513993,1642573513823,796,79,0,1,36250,0,DKU006#
DEVICE,1642573514025,1642573513855,792,79,0,1,36250,0,DKU006#
DEVICE,1642573514057,1642573513887,798,79,0,1,36250,0,DKU006#
DEVICE,1642573514089,1642573513919,792,79,0,1,36250,0,DKU006#
DEVICE,1642573514121,1642573513951,767,76,0,1,36250,0,DKU006#
DEVICE,1642573514153,1642573513983,738,73,0,1,36250,0,DKU006#
DEVICE,1642573514185,1642573514015,571,57,5,1,36250,0,DKU006#
DEVICE,1642573514217,1642573514047,569,56,5,1,36250,0,DKU006#
DEVICE,1642573514249,1642573514079,591,59,5,1,36250,0,DKU006#
DEVICE,1642573514281,1642573514111,577,57,5,1,36250,0,DKU006#
DEVICE,1642573514313,1642573514143,552,55,5,1,36250,0,DKU006#
DEVICE,1642573514345,1642573514175,497,49,5,2,36250,0,DKU006#
DEVICE,1642573514376,1642573514206,534,53,5,2,36250,-25,DKU006#
DEVICE,1642573514408,1642573514238,506,50,5,2,36250,-25,DKU006#
DEVICE,1642573514441,1642573514271,521,52,5,2,36250,-25,DKU006#
DEVICE,1642573514473,1642573514303,533,53,5,2,36250,-25,DKU006#
DEVICE,1642573514504,1642573514334,521,52,5,2,36250,-22,DKU006#
DEVICE,1642573514537,1642573514367,509,50,5,2,36250,-18,DKU006#
DEVICE,1642573514569,1642573514399,505,50,5,2,36250,-12,DKU006#
DEVICE,1642573514600,1642573514430,510,51,5,2,36250,-4,DKU006#
DEVICE,1642573514632,1642573514462,533,53,5,2,36250,6,DKU006#
DEVICE,1642573514664,1642573514494,591,59,5,2,36250,18,DKU006#
DEVICE,1642573514696,1642573514526,723,72,5,2,36250,31,DKU006#
DEVICE,1642573514728,1642573514558,785,78,0,2,36250,39,DKU006#
DEVICE,1642573514760,1642573514590,794,79,0,2,36250,39,DKU006#
DEVICE,1642573514792,1642573514622,804,80,0,2,36250,29,DKU006#
DEVICE,1642573514824,1642573514654,813,81,0,2,36250,14,DKU006#
DEVICE,1642573514856,1642573514686,804,80,0,2,36250,0,DKU006#
DEVICE,1642573514887,1642573514717,806,80,0,2,36250,0,DKU006#
DEVICE,1642573514920,1642573514750,818,81,0,2,36250,0,DKU006#
DEVICE,1642573514952,1642573514782,810,81,0,2,36250,0,DKU006#
DEVICE,1642573514984,1642573514814,800,80,0,2,36250,0,DKU006#
DEVICE,1642573515016,1642573514846,809,80,0,2,36250,0,DKU006#
DEVICE,1642573515048,1642573514878,801,80,0,2,36250,0,DKU006#
DEVICE,1642573515080,1642573514910,797,79,0,2,36250,0,DKU006#
DEVICE,1642573515112,1642573514942,806,80,0,2,36250,0,DKU006#
DEVICE,1642573515144,1642573514974,796,79,0,2,36250,0,DKU006#
DEVICE,1642573515175,1642573515005,816,81,0,2,36250,0,DKU006#
DEVICE,1642573515208,1642573515038,806,80,0,2,36250,0,DKU006#
DEVICE,1642573515240,1642573515070,819,81,0,2,36250,0,DKU006#
DEVICE,1642573515272,1642573515102,803,80,0,2,36250,0,DKU006#
DEVICE,1642573515304,1642573515134,805,80,0,2,36250,0,DKU006#
DEVICE,1642573515336,1642573515166,806,80,0,2,36250,0,DKU006#
DEVICE,1642573515368,1642573515198,818,81,0,2,36250,0,DKU006#
DEVICE,1642573515400,1642573515230,806,80,0,2,36250,0,DKU006#
DEVICE,1642573515432,1642573515262,811,81,0,2,36250,0,DKU006#
DEVICE,1642573515464,1642573515294,806,80,0,2,36250,0,DKU006#
DEVICE,1642573515495,1642573515325,800,80,0,2,36250,0,DKU006#
DEVICE,1642573515527,1642573515357,807,80,0,2,36250,0,DKU006#
DEVICE,1642573515559,1642573515389,807,80,0,2,36250,0,DKU006#
DEVICE,1642573515592,1642573515422,813,81,0,2,36250,0,DKU006#
DEVICE,1642573515624,1642573515454,801,80,0,2,36250,0,DKU006#
DEVICE,1642573515656,1642573515486,812,81,0,2,36212,0,DKU006#
DEVICE,1642573515688,1642573515518,818,81,0,2,36212,0,DKU006#
DEVICE,1642573515720,1642573515550,788,78,0,2,36212,0,DKU006#
DEVICE,1642573515751,1642573515581,816,81,0,2,36212,0,DKU006#
DEVICE,1642573515783,1642573515613,794,79,0,2,36212,0,DKU006#
DEVICE,1642573515815,1642573515645,804,80,0,2,36212,0,DKU006#
DEVICE,1642573515847,1642573515677,803,80,0,2,36212,0,DKU006#
DEVICE,1642573515879,1642573515709,821,82,0,2,36212,0,DKU006#
DEVICE,1642573515911,1642573515741,807,80,0,2,36212,0,DKU006#
DEVICE,1642573515943,1642573515773,792,79,0,2,36212,0,DKU006#
DEVICE,1642573515975,1642573515805,803,80,0,2,36212,0,DKU006#
DEVICE,1642573516007,1642573515837,795,79,0,2,36212,0,DKU006#
DEVICE,1642573516039,1642573515869,804,80,0,2,36212,0,DKU006#
DEVICE,1642573516071,1642573515901,806,80,0,2,36212,0,DKU006#
DEVICE,1642573516103,1642573515933,807,80,0,2,36212,0,DKU006#
DEVICE,1642573516135,1642573515965,812,81,0,2,36212,0,DKU006#
DEVICE,1642573516167,1642573515997,789,78,0,2,36212,0,DKU006#
DEVICE,1642573516199,1642573516029,816,81,0,2,36212,0,DKU006#
DEVICE,1642573516231,1642573516061,809,80,0,2,36212,0,DKU006#
DEVICE,1642573516263,1642573516093,799,79,0,2,36212,0,DKU006#
DEVICE,1642573516295,1642573516125,790,79,0,2,36212,0,DKU006#
DEVICE,1642573516326,1642573516156,811,81,0,2,36212,0,DKU006#
DEVICE,1642573516359,1642573516189,799,79,0,2,36212,0,DKU006#
DEVICE,1642573516391,1642573516221,794,79,0,2,36212,0,DKU006#
DEVICE,1642573516423,1642573516253,818,81,0,2,36212,0,DKU006#
DEVICE,1642573516455,1642573516285,800,80,0,2,36212,0,DKU006#
DEVICE,1642573516487,1642573516317,812,81,0,2,36212,0,DKU006#
DEVICE,1642573516519,1642573516349,807,80,0,2,36212,0,DKU006#
DEVICE,1642573516551,1642573516381,816,81,0,2,36212,0,DKU006#
DEVICE,1642573516582,1642573516412,816,81,0,2,36212,0,DKU006#
DEVICE,1642573516614,1642573516444,803,80,0,2,36212,0,DKU006#
DEVICE,1642573516646,1642573516476,807,80,0,2,36212,0,DKU006#
DEVICE,1642573516678,1642573516508,790,79,0,2,36225,0,DKU006#
DEVICE,1642573516710,1642573516540,812,81,0,2,36225,0,DKU006#
DEVICE,1642573516742,1642573516572,800,80,0,2,36225,0,DKU006#
DEVICE,1642573516774,1642573516604,782,78,0,2,36225,0,DKU006#
DEVICE,1642573516807,1642573516637,796,79,0,2,36225,0,DKU006#
DEVICE,1642573516839,1642573516669,801,80,0,2,36225,0,DKU006#
DEVICE,1642573516870,1642573516700,809,80,0,2,36225,0,DKU006#
DEVICE,1642573516902,1642573516732,808,80,0,2,36225,0,DKU006#
DEVICE,1642573516934,1642573516764,800,80,0,2,36225,0,DKU006#
DEVICE,1642573516966,1642573516796,806,80,0,2,36225,0,DKU006#
DEVICE,1642573516998,1642573516828,787,78,0,2,36225,0,DKU006#
DEVICE,1642573517030,1642573516860,801,80,0,2,36225,0,DKU006#
DEVICE,1642573517062,1642573516892,812,81,0,2,36225,0,DKU006#
DEVICE,1642573517094,1642573516924,808,80,0,2,36225,0,DKU006#
DEVICE,1642573517125,1642573516955,823,82,0,2,36225,0,DKU006#
DEVICE,1642573517158,1642573516988,803,80,0,2,36225,0,DKU006#
DEVICE,1642573517190,1642573517020,804,80,0,2,36225,0,DKU006#
DEVICE,1642573517222,1642573517052,802,80,0,2,36225,0,DKU006#
DEVICE,1642573517254,1642573517084,797,79,0,2,36225,0,DKU006#
DEVICE,1642573517286,1642573517116,809,80,0,2,36225,0,DKU006#
DEVICE,1642573517318,1642573517148,799,79,0,2,36225,0,DKU006#
DEVICE,1642573517350,1642573517180,795,79,0,2,36225,0,DKU006#
DEVICE,1642573517382,1642573517212,805,80,0,2,36225,0,DKU006#
DEVICE,1642573517414,1642573517244,822,82,0,2,36225,0,DKU006#
DEVICE,1642573517446,1642573517276,807,80,0,2,36225,0,DKU006#
DEVICE,1642573517462,1642573517292,800,80,0,2,36225,0,DKU006#
DEVICE,1642573517510,1642573517340,813,81,0,2,36225,0,DKU006#
DEVICE,1642573517525,1642573517355,801,80,0,2,36225,0,DKU006#
DEVICE,1642573517573,1642573517403,798,79,0,2,36225,0,DKU006#
DEVICE,1642573517590,1642573517420,795,79,0,2,36225,0,DKU006#
DEVICE,1642573517622,1642573517452,793,79,0,2,36225,0,DKU006#
DEVICE,1642573517669,1642573517499,811,81,0,2,36218,0,DKU006#
DEVICE,1642573517686,1642573517516,824,82,0,2,36218,0,DKU006#
DEVICE,1642573517718,1642573517548,807,80,0,2,36218,0,DKU006#
DEVICE,1642573517749,1642573517579,806,80,0,2,36218,0,DKU006#
DEVICE,1642573517781,1642573517611,804,80,0,2,36218,0,DKU006#
DEVICE,1642573517813,1642573517643,799,79,0,2,36218,0,DKU006#
DEVICE,1642573517845,1642573517675,801,80,0,2,36218,0,DKU006#
DEVICE,1642573517877,1642573517707,793,79,0,2,36218,0,DKU006#
DEVICE,1642573517909,1642573517739,809,80,0,2,36218,0,DKU006#
DEVICE,1642573517941,1642573517771,795,79,0,2,36218,0,DKU006#
DEVICE,1642573517973,1642573517803,796,79,0,2,36218,0,DKU006#
DEVICE,1642573518005,1642573517835,788,78,0,2,36218,0,DKU006#
DEVICE,1642573518038,1642573517868,804,80,0,2,36218,0,DKU006#
DEVICE,1642573518069,1642573517899,790,79,0,2,36218,0,DKU006#
DEVICE,1642573518101,1642573517931,802,80,0,2,36218,0,DKU006#
DEVICE,1642573518133,1642573517963,808,80,0,2,36218,0,DKU006#
DEVICE,1642573518165,1642573517995,819,81,0,2,36218,0,DKU006#
DEVICE,1642573518197,1642573518027,798,79,0,2,36218,0,DKU006#
DEVICE,1642573518229,1642573518059,792,79,0,2,36218,0,DKU006#
DEVICE,1642573518261,1642573518091,811,81,0,2,36218,0,DKU006#
DEVICE,1642573518293,1642573518123,791,79,0,2,36218,0,DKU006#
DEVICE,1642573518325,1642573518155,807,80,0,2,36218,0,DKU006#
DEVICE,1642573518357,1642573518187,805,80,0,2,36218,0,DKU006#
DEVICE,1642573518389,1642573518219,807,80,0,2,36218,0,DKU006#
DEVICE,1642573518421,1642573518251,813,81,0,2,36218,0,DKU006#
DEVICE,1642573518453,1642573518283,794,79,0,2,36218,0,DKU006#
DEVICE,1642573518485,1642573518315,799,79,0,2,36218,0,DKU006#
DEVICE,1642573518517,1642573518347,810,81,0,2,36218,0,DKU006#
DEVICE,1642573518549,1642573518379,801,80,0,2,36218,0,DKU006#
DEVICE,1642573518581,1642573518411,804,80,0,2,36218,0,DKU006#
DEVICE,1642573518612,1642573518442,812,81,0,2,36218,0,DKU006#
DEVICE,1642573518661,1642573518491,794,79,0,2,36237,0,DKU006#
DEVICE,1642573518676,1642573518506,817,81,0,2,36237,0,DKU006#
DEVICE,1642573518708,1642573518538,801,80,0,2,36237,0,DKU006#
DEVICE,1642573518741,1642573518571,811,81,0,2,36237,0,DKU006#
DEVICE,1642573518773,1642573518603,818,81,0,2,36237,0,DKU006#
DEVICE,1642573518805,1642573518635,814,81,0,2,36237,0,DKU006#
DEVICE,1642573518837,1642573518667,813,81,0,2,36237,0,DKU006#
DEVICE,1642573518869,1642573518699,798,79,0,2,36237,0,DKU006#
DEVICE,1642573518900,1642573518730,792,79,0,2,36237,0,DKU006#
DEVICE,1642573518932,1642573518762,805,80,0,2,36237,0,DKU006#
DEVICE,1642573518964,1642573518794,813,81,0,2,36237,0,DKU006#
DEVICE,1642573518996,1642573518826,813,81,0,2,36237,0,DKU006#
DEVICE,1642573519028,1642573518858,801,80,0,2,36237,0,DKU006#
DEVICE,1642573519060,1642573518890,804,80,0,2,36237,0,DKU006#
DEVICE,1642573519092,1642573518922,819,81,0,2,36237,0,DKU006#
DEVICE,1642573519124,1642573518954,810,81,0,2,36237,0,DKU006#
DEVICE,1642573519156,1642573518986,813,81,0,2,36237,0,DKU006#
DEVICE,1642573519188,1642573519018,811,81,0,2,36237,0,DKU006#
DEVICE,1642573519220,1642573519050,793,79,0,2,36237,0,DKU006#
DEVICE,1642573519252,1642573519082,801,80,0,2,36237,0,DKU006#
DEVICE,1642573519284,1642573519114,809,80,0,2,36237,0,DKU006#
DEVICE,1642573519316,1642573519146,809,80,0,2,36237,0,DKU006#
DEVICE,1642573519348,1642573519178,810,81,0,2,36237,0,DKU006#
DEVICE,1642573519380,1642573519210,814,81,0,2,36237,0,DKU006#
DEVICE,1642573519412,1642573519242,811,81,0,2,36237,0,DKU006#
DEVICE,1642573519444,1642573519274,814,81,0,2,36237,0,DKU006#
DEVICE,1642573519476,1642573519306,814,81,0,2,36237,0,DKU006#
DEVICE,1642573519508,1642573519338,782,78,0,2,36237,0,DKU006#
DEVICE,1642573519540,1642573519370,790,79,0,2,36237,0,DKU006#
DEVICE,1642573519572,1642573519402,814,81,0,2,36237,0,DKU006#
DEVICE,1642573519604,1642573519434,781,78,0,2,36237,0,DKU006#
DEVICE,1642573519636,1642573519466,781,78,0,2,36237,0,DKU006#
DEVICE,1642573519684,1642573519514,805,80,0,2,36200,0,DKU006#
DEVICE,1642573519700,1642573519530,797,79,0,2,36200,0,DKU006#
DEVICE,1642573519732,1642573519562,784,78,0,2,36200,0,DKU006#
DEVICE,1642573519764,1642573519594,794,79,0,2,36200,0,DKU006#
DEVICE,1642573519795,1642573519625,810,81,0,2,36200,0,DKU006#
DEVICE,1642573519827,1642573519657,807,80,0,2,36200,0,DKU006#
DEVICE,1642573519859,1642573519689,793,79,0,2,36200,0,DKU006#
DEVICE,1642573519892,1642573519722,798,79,0,2,36200,0,DKU006#
DEVICE,1642573519924,1642573519754,791,79,0,2,36200,0,DKU006#
DEVICE,1642573519956,1642573519786,790,79,0,2,36200,0,DKU006#
DEVICE,1642573519987,1642573519817,801,80,0,2,36200,0,DKU006#
DEVICE,1642573520019,1642573519849,796,79,0,2,36200,0,DKU006#
DEVICE,1642573520051,1642573519881,791,79,0,2,36200,0,DKU006#
DEVICE,1642573520083,1642573519913,806,80,0,2,36200,0,DKU006#
DEVICE,1642573520115,1642573519945,794,79,0,2,36200,0,DKU006#
DEVICE,1642573520147,1642573519977,806,80,0,2,36200,0,DKU006#
DEVICE,1642573520179,1642573520009,809,80,0,2,36200,0,DKU006#
DEVICE,1642573520211,1642573520041,803,80,0,2,36200,0,DKU006#
DEVICE,1642573520243,1642573520073,798,79,0,2,36200,0,DKU006#
DEVICE,1642573520275,1642573520105,799,79,0,2,36200,0,DKU006#
DEVICE,1642573520308,1642573520138,815,81,0,2,36200,0,DKU006#
DEVICE,1642573520339,1642573520169,806,80,0,2,36200,0,DKU006#
DEVICE,1642573520371,1642573520201,807,80,0,2,36200,0,DKU006#
DEVICE,1642573520403,1642573520233,795,79,0,2,36200,0,DKU006#
DEVICE,1642573520435,1642573520265,785,78,0,2,36200,0,DKU006#
DEVICE,1642573520467,1642573520297,806,80,0,2,36200,0,DKU006#
DEVICE,1642573520499,1642573520329,783,78,0,2,36200,0,DKU006#
DEVICE,1642573520531,1642573520361,794,79,0,2,36200,0,DKU006#
DEVICE,1642573520563,1642573520393,793,79,0,2,36200,0,DKU006#
DEVICE,1642573520595,1642573520425,789,78,0,2,36200,0,DKU006#
DEVICE,1642573520626,1642573520456,794,79,0,2,36200,0,DKU006#
DEVICE,1642573520675,1642573520505,784,78,0,2,36200,0,DKU006#
DEVICE,1642573520691,1642573520521,810,81,0,2,36200,0,DKU006#
DEVICE,1642573520723,1642573520553,808,80,0,2,36200,0,DKU006#
DEVICE,1642573520755,1642573520585,814,81,0,2,36200,0,DKU006#
DEVICE,1642573520787,1642573520617,820,82,0,2,36200,0,DKU006#
DEVICE,1642573520819,1642573520649,795,79,0,2,36200,0,DKU006#
DEVICE,1642573520851,1642573520681,818,81,0,2,36200,0,DKU006#
DEVICE,1642573520883,1642573520713,794,79,0,2,36200,0,DKU006#
DEVICE,1642573520914,1642573520744,792,79,0,2,36200,0,DKU006#
DEVICE,1642573520946,1642573520776,801,80,0,2,36200,0,DKU006#
DEVICE,1642573520978,1642573520808,806,80,0,2,36200,0,DKU006#
DEVICE,1642573521010,1642573520840,807,80,0,2,36200,0,DKU006#
DEVICE,1642573521042,1642573520872,809,80,0,2,36200,0,DKU006#
DEVICE,1642573521074,1642573520904,816,81,0,2,36200,0,DKU006#
DEVICE,1642573521107,1642573520937,799,79,0,2,36200,0,DKU006#
DEVICE,1642573521138,1642573520968,803,80,0,2,36200,0,DKU006#
DEVICE,1642573521170,1642573521000,798,79,0,2,36200,0,DKU006#
DEVICE,1642573521202,1642573521032,808,80,0,2,36200,0,DKU006#
DEVICE,1642573521234,1642573521064,800,80,0,2,36200,0,DKU006#
DEVICE,1642573521266,1642573521096,798,79,0,2,36200,0,DKU006#
DEVICE,1642573521298,1642573521128,809,80,0,2,36200,0,DKU006#
DEVICE,1642573521330,1642573521160,806,80,0,2,36200,0,DKU006#
DEVICE,1642573521362,1642573521192,804,80,0,2,36200,0,DKU006#
DEVICE,1642573521394,1642573521224,806,80,0,2,36200,0,DKU006#
DEVICE,1642573521426,1642573521256,814,81,0,2,36200,0,DKU006#
DEVICE,1642573521458,1642573521288,805,80,0,2,36200,0,DKU006#
DEVICE,1642573521491,1642573521321,804,80,0,2,36200,0,DKU006#
DEVICE,1642573521522,1642573521352,790,79,0,2,36200,0,DKU006#
DEVICE,1642573521554,1642573521384,808,80,0,2,36200,0,DKU006#
DEVICE,1642573521586,1642573521416,815,81,0,2,36200,0,DKU006#
DEVICE,1642573521618,1642573521448,810,81,0,2,36200,0,DKU006#
DEVICE,1642573521666,1642573521496,820,82,0,2,36243,0,DKU006#
DEVICE,1642573521681,1642573521511,803,80,0,2,36243,0,DKU006#
DEVICE,1642573521714,1642573521544,795,79,0,2,36243,0,DKU006#
DEVICE,1642573521746,1642573521576,787,78,0,2,36243,0,DKU006#
DEVICE,1642573521778,1642573521608,799,79,0,2,36243,0,DKU006#
DEVICE,1642573521810,1642573521640,797,79,0,2,36243,0,DKU006#
DEVICE,1642573521841,1642573521671,796,79,0,2,36243,0,DKU006#
DEVICE,1642573521874,1642573521704,792,79,0,2,36243,0,DKU006#
DEVICE,1642573521906,1642573521736,801,80,0,2,36243,0,DKU006#
DEVICE,1642573521938,1642573521768,807,80,0,2,36243,0,DKU006#
DEVICE,1642573521970,1642573521800,785,78,0,2,36243,0,DKU006#
DEVICE,1642573522002,1642573521832,796,79,0,2,36243,0,DKU006#
DEVICE,1642573522034,1642573521864,816,81,0,2,36243,0,DKU006#
DEVICE,1642573522065,1642573521895,802,80,0,2,36243,0,DKU006#
DEVICE,1642573522097,1642573521927,803,80,0,2,36243,0,DKU006#
DEVICE,1642573522129,1642573521959,797,79,0,2,36243,0,DKU006#
DEVICE,1642573522161,1642573521991,794,79,0,2,36243,0,DKU006#
DEVICE,1642573522193,1642573522023,794,79,0,2,36243,0,DKU006#
DEVICE,1642573522225,1642573522055,795,79,0,2,36243,0,DKU006#
DEVICE,1642573522257,1642573522087,802,80,0,2,36243,0,DKU006#
DEVICE,1642573522289,1642573522119,806,80,0,2,36243,0,DKU006#
DEVICE,1642573522321,1642573522151,788,78,0,2,36243,0,DKU006#
DEVICE,1642573522353,1642573522183,796,79,0,2,36243,0,DKU006#
DEVICE,1642573522385,1642573522215,774,77,0,2,36243,0,DKU006#
DEVICE,1642573522416,1642573522246,777,77,0,2,36243,0,DKU006#
DEVICE,1642573522449,1642573522279,775,77,0,2,36243,0,DKU006#
DEVICE,1642573522481,1642573522311,765,76,0,2,36243,0,DKU006#
DEVICE,1642573522513,1642573522343,754,75,0,2,36243,0,DKU006#
DEVICE,1642573522545,1642573522375,751,75,0,2,36243,0,DKU006#
DEVICE,1642573522577,1642573522407,745,74,0,2,36243,0,DKU006#
DEVICE,1642573522608,1642573522438,730,73,5,2,36243,0,DKU006#
DEVICE,1642573522641,1642573522471,712,71,5,2,36243,0,DKU006#
DEVICE,1642573522673,1642573522503,720,72,5,2,36243,0,DKU006#
DEVICE,1642573522705,1642573522535,710,71,5,2,36243,0,DKU006#
DEVICE,1642573522737,1642573522567,689,68,5,2,36243,0,DKU006#
DEVICE,1642573522769,1642573522599,668,66,5,2,36243,0,DKU006#
DEVICE,1642573522801,1642573522631,684,68,5,2,36243,0,DKU006#
DEVICE,1642573522833,1642573522663,666,66,5,2,36243,0,DKU006#
DEVICE,1642573522865,1642573522695,653,65,5,2,36243,0,DKU006#
DEVICE,1642573522897,1642573522727,652,65,5,2,36243,0,DKU006#
DEVICE,1642573522929,1642573522759,638,63,5,2,36243,0,DKU006#
DEVICE,1642573522960,1642573522790,621,62,5,2,36243,0,DKU006#
DEVICE,1642573522992,1642573522822,628,62,5,2,36243,0,DKU006#
DEVICE,1642573523024,1642573522854,622,62,5,2,36243,0,DKU006#
DEVICE,1642573523057,1642573522887,605,60,5,2,36243,0,DKU006#
DEVICE,1642573523089,1642573522919,624,62,5,2,36243,0,DKU006#
DEVICE,1642573523121,1642573522951,629,62,5,2,36243,0,DKU006#
DEVICE,1642573523152,1642573522982,641,64,5,2,36243,0,DKU006#
DEVICE,1642573523184,1642573523014,644,64,5,2,36243,0,DKU006#
DEVICE,1642573523216,1642573523046,653,65,5,2,36243,0,DKU006#
DEVICE,1642573523248,1642573523078,667,66,5,2,36243,0,DKU006#
DEVICE,1642573523280,1642573523110,658,65,5,2,36243,0,DKU006#
DEVICE,1642573523312,1642573523142,661,66,5,2,36243,0,DKU006#
DEVICE,1642573523344,1642573523174,675,67,5,2,36243,0,DKU006#
DEVICE,1642573523376,1642573523206,686,68,5,2,36243,0,DKU006#
DEVICE,1642573523408,1642573523238,684,68,5,2,36243,0,DKU006#
DEVICE,1642573523440,1642573523270,704,70,5,2,36243,0,DKU006#
DEVICE,1642573523472,1642573523302,714,71,5,2,36243,0,DKU006#
DEVICE,1642573523504,1642573523334,718,71,5,2,36243,0,DKU006#
DEVICE,1642573523536,1642573523366,715,71,5,2,36243,0,DKU006#
DEVICE,1642573523568,1642573523398,718,71,5,2,36243,0,DKU006#
DEVICE,1642573523600,1642573523430,736,73,5,2,36243,0,DKU006#
DEVICE,1642573523632,1642573523462,737,73,5,2,36243,0,DKU006#
DEVICE,1642573523664,1642573523494,732,73,5,2,36243,0,DKU006#
DEVICE,1642573523696,1642573523526,749,74,5,2,36243,0,DKU006#
DEVICE,1642573523728,1642573523558,743,74,5,2,36243,0,DKU006#
DEVICE,1642573523760,1642573523590,758,75,0,2,36243,0,DKU006#
DEVICE,1642573523791,1642573523621,761,76,0,2,36243,0,DKU006#
DEVICE,1642573523823,1642573523653,763,76,0,2,36243,0,DKU006#
DEVICE,1642573523856,1642573523686,762,76,0,2,36243,0,DKU006#
DEVICE,1642573523888,1642573523718,761,76,0,2,36243,0,DKU006#
DEVICE,1642573523920,1642573523750,777,77,0,2,36243,0,DKU006#
DEVICE,1642573523952,1642573523782,767,76,0,2,36243,0,DKU006#
DEVICE,1642573523984,1642573523814,776,77,0,2,36243,0,DKU006#
DEVICE,1642573524015,1642573523845,772,77,0,2,36243,0,DKU006#
DEVICE,1642573524047,1642573523877,747,74,0,2,36243,0,DKU006#
DEVICE,1642573524079,1642573523909,751,75,0,2,36243,0,DKU006#
DEVICE,1642573524111,1642573523941,736,73,0,2,36243,0,DKU006#
DEVICE,1642573524143,1642573523973,741,74,5,2,36243,0,DKU006#
DEVICE,1642573524175,1642573524005,727,72,5,2,36243,0,DKU006#
DEVICE,1642573524207,1642573524037,723,72,5,2,36243,0,DKU006#
DEVICE,1642573524239,1642573524069,706,70,5,2,36243,0,DKU006#
DEVICE,1642573524271,1642573524101,704,70,5,2,36243,0,DKU006#
DEVICE,1642573524303,1642573524133,685,68,5,2,36243,0,DKU006#
DEVICE,1642573524335,1642573524165,673,67,5,2,36243,0,DKU006#
DEVICE,1642573524367,1642573524197,664,66,5,2,36243,0,DKU006#
DEVICE,1642573524399,1642573524229,642,64,5,2,36243,0,DKU006#
DEVICE,1642573524431,1642573524261,636,63,5,2,36243,0,DKU006#
DEVICE,1642573524463,1642573524293,643,64,5,2,36243,0,DKU006#
DEVICE,1642573524495,1642573524325,628,62,5,2,36243,0,DKU006#
DEVICE,1642573524527,1642573524357,622,62,5,2,36243,0,DKU006#
DEVICE,1642573524559,1642573524389,620,62,5,2,36243,0,DKU006#
DEVICE,1642573524591,1642573524421,623,62,5,2,36243,0,DKU006#
DEVICE,1642573524623,1642573524453,626,62,5,2,36243,0,DKU006#
DEVICE,1642573524655,1642573524485,629,62,5,2,36243,0,DKU006#
DEVICE,1642573524687,1642573524517,638,63,5,2,36243,0,DKU006#
DEVICE,1642573524719,1642573524549,653,65,5,2,36243,0,DKU006#
DEVICE,1642573524751,1642573524581,655,65,5,2,36243,0,DKU006#
DEVICE,1642573524783,1642573524613,668,66,5,2,36243,0,DKU006#
DEVICE,1642573524815,1642573524645,669,66,5,2,36243,0,DKU006#
DEVICE,1642573524847,1642573524677,685,68,5,2,36243,0,DKU006#
DEVICE,1642573524879,1642573524709,696,69,5,2,36243,0,DKU006#
DEVICE,1642573524911,1642573524741,691,69,5,2,36243,0,DKU006#
DEVICE,1642573524943,1642573524773,710,71,5,2,36243,0,DKU006#
DEVICE,1642573524974,1642573524804,715,71,5,2,36243,0,DKU006#
DEVICE,1642573525007,1642573524837,729,72,5,2,36243,0,DKU006#
DEVICE,1642573525039,1642573524869,726,72,5,2,36243,0,DKU006#
DEVICE,1642573525070,1642573524900,736,73,5,2,36243,0,DKU006#
DEVICE,1642573525103,1642573524933,740,74,5,2,36243,0,DKU006#
DEVICE,1642573525135,1642573524965,752,75,0,2,36243,0,DKU006#
DEVICE,1642573525166,1642573524996,744,74,0,2,36243,0,DKU006#
DEVICE,1642573525198,1642573525028,754,75,0,2,36243,0,DKU006#
DEVICE,1642573525230,1642573525060,750,75,0,2,36243,0,DKU006#
DEVICE,1642573525262,1642573525092,768,76,0,2,36243,0,DKU006#
DEVICE,1642573525294,1642573525124,774,77,0,2,36243,0,DKU006#
DEVICE,1642573525326,1642573525156,764,76,0,2,36243,0,DKU006#
DEVICE,1642573525358,1642573525188,780,78,0,2,36243,0,DKU006#
DEVICE,1642573525390,1642573525220,767,76,0,2,36243,0,DKU006#
DEVICE,1642573525422,1642573525252,773,77,0,2,36243,0,DKU006#
DEVICE,1642573525454,1642573525284,803,80,0,2,36243,0,DKU006#
DEVICE,1642573525486,1642573525316,772,77,0,2,36243,0,DKU006#
DEVICE,1642573525518,1642573525348,777,77,0,2,36243,0,DKU006#
DEVICE,1642573525550,1642573525380,787,78,0,2,36243,0,DKU006#
DEVICE,1642573525582,1642573525412,787,78,0,2,36243,0,DKU006#
DEVICE,1642573525614,1642573525444,783,78,0,2,36243,0,DKU006#
DEVICE,1642573525646,1642573525476,788,78,0,2,36243,0,DKU006#
DEVICE,1642573525678,1642573525508,784,78,0,2,36243,0,DKU006#
DEVICE,1642573525710,1642573525540,748,74,0,2,36243,0,DKU006#
DEVICE,1642573525742,1642573525572,760,76,0,2,36243,0,DKU006#
DEVICE,1642573525774,1642573525604,746,74,0,2,36243,0,DKU006#
DEVICE,1642573525806,1642573525636,738,73,5,2,36243,0,DKU006#
DEVICE,1642573525838,1642573525668,732,73,5,2,36243,0,DKU006#
DEVICE,1642573525870,1642573525700,720,72,5,2,36243,0,DKU006#
DEVICE,1642573525902,1642573525732,712,71,5,2,36243,0,DKU006#
DEVICE,1642573525934,1642573525764,707,70,5,2,36243,0,DKU006#
DEVICE,1642573525966,1642573525796,695,69,5,2,36243,0,DKU006#
DEVICE,1642573525998,1642573525828,683,68,5,2,36243,0,DKU006#
DEVICE,1642573526030,1642573525860,670,67,5,2,36243,0,DKU006#
DEVICE,1642573526062,1642573525892,656,65,5,2,36243,0,DKU006#
DEVICE,1642573526094,1642573525924,660,66,5,2,36243,0,DKU006#
DEVICE,1642573526126,1642573525956,645,64,5,2,36243,0,DKU006#
DEVICE,1642573526158,1642573525988,645,64,5,2,36243,0,DKU006#
DEVICE,1642573526190,1642573526020,628,62,5,2,36243,0,DKU006#
DEVICE,1642573526222,1642573526052,629,62,5,2,36243,0,DKU006#
DEVICE,1642573526254,1642573526084,619,61,5,2,36243,0,DKU006#
DEVICE,1642573526286,1642573526116,634,63,5,2,36243,0,DKU006#
DEVICE,1642573526317,1642573526147,627,62,5,2,36243,0,DKU006#
DEVICE,1642573526349,1642573526179,644,64,5,2,36243,0,DKU006#
DEVICE,1642573526381,1642573526211,648,64,5,2,36243,0,DKU006#
DEVICE,1642573526413,1642573526243,657,65,5,2,36243,0,DKU006#
DEVICE,1642573526445,1642573526275,662,66,5,2,36243,0,DKU006#
DEVICE,1642573526477,1642573526307,664,66,5,2,36243,0,DKU006#
DEVICE,1642573526509,1642573526339,676,67,5,2,36243,0,DKU006#
DEVICE,1642573526541,1642573526371,700,70,5,2,36243,0,DKU006#
DEVICE,1642573526573,1642573526403,698,69,5,2,36243,0,DKU006#
DEVICE,1642573526605,1642573526435,708,70,5,2,36243,0,DKU006#
DEVICE,1642573526637,1642573526467,705,70,5,2,36243,0,DKU006#
DEVICE,1642573526669,1642573526499,724,72,5,2,36243,0,DKU006#
DEVICE,1642573526701,1642573526531,726,72,5,2,36243,0,DKU006#
DEVICE,1642573526733,1642573526563,742,74,5,2,36243,0,DKU006#
DEVICE,1642573526765,1642573526595,748,74,5,2,36243,0,DKU006#
DEVICE,1642573526797,1642573526627,743,74,5,2,36243,0,DKU006#
DEVICE,1642573526829,1642573526659,767,76,0,2,36243,0,DKU006#
DEVICE,1642573526861,1642573526691,769,76,0,2,36243,0,DKU006#
DEVICE,1642573526893,1642573526723,749,74,0,2,36243,0,DKU006#
DEVICE,1642573526925,1642573526755,762,76,0,2,36243,0,DKU006#
DEVICE,1642573526957,1642573526787,776,77,0,2,36243,0,DKU006#
DEVICE,1642573526989,1642573526819,781,78,0,2,36243,0,DKU006#
DEVICE,1642573527020,1642573526850,776,77,0,2,36243,0,DKU006#
DEVICE,1642573527053,1642573526883,774,77,0,2,36243,0,DKU006#
DEVICE,1642573527085,1642573526915,788,78,0,2,36243,0,DKU006#
DEVICE,1642573527117,1642573526947,777,77,0,2,36243,0,DKU006#
DEVICE,1642573527149,1642573526979,771,77,0,2,36243,0,DKU006#
DEVICE,1642573527181,1642573527011,817,81,0,2,36243,0,DKU006#
DEVICE,1642573527213,1642573527043,795,79,0,2,36243,0,DKU006#
DEVICE,1642573527245,1642573527075,805,80,0,2,36243,0,DKU006#
DEVICE,1642573527276,1642573527106,806,80,0,2,36243,0,DKU006#
DEVICE,1642573527308,1642573527138,804,80,0,2,36243,0,DKU006#
DEVICE,1642573527340,1642573527170,803,80,0,2,36243,0,DKU006#
DEVICE,1642573527373,1642573527203,779,77,0,2,36243,0,DKU006#
DEVICE,1642573527405,1642573527235,804,80,0,2,36243,0,DKU006#
DEVICE,1642573527436,1642573527266,796,79,0,2,36243,0,DKU006#
DEVICE,1642573527468,1642573527298,785,78,0,2,36243,0,DKU006#
DEVICE,1642573527501,1642573527331,786,78,0,2,36243,0,DKU006#
DEVICE,1642573527532,1642573527362,803,80,0,2,36243,0,DKU006#
DEVICE,1642573527564,1642573527394,782,78,0,2,36243,0,DKU006#
DEVICE,1642573527596,1642573527426,808,80,0,2,36243,0,DKU006#
DEVICE,1642573527628,1642573527458,806,80,0,2,36243,0,DKU006#
DEVICE,1642573527660,1642573527490,795,79,0,2,36243,0,DKU006#
DEVICE,1642573527692,1642573527522,799,79,0,2,36243,0,DKU006#
DEVICE,1642573527724,1642573527554,805,80,0,2,36243,0,DKU006#
DEVICE,1642573527756,1642573527586,804,80,0,2,36243,0,DKU006#
DEVICE,1642573527788,1642573527618,814,81,0,2,36243,0,DKU006#
DEVICE,1642573527820,1642573527650,800,80,0,2,36243,0,DKU006#
DEVICE,1642573527852,1642573527682,791,79,0,2,36243,0,DKU006#
DEVICE,1642573527884,1642573527714,804,80,0,2,36243,0,DKU006#
DEVICE,1642573527916,1642573527746,796,79,0,2,36243,0,DKU006#
DEVICE,1642573527948,1642573527778,794,79,0,2,36243,0,DKU006#
DEVICE,1642573527980,1642573527810,805,80,0,2,36243,0,DKU006#
DEVICE,1642573528012,1642573527842,796,79,0,2,36243,0,DKU006#
DEVICE,1642573528044,1642573527874,797,79,0,2,36243,0,DKU006#
DEVICE,1642573528076,1642573527906,812,81,0,2,36243,0,DKU006#
DEVICE,1642573528107,1642573527937,796,79,0,2,36243,0,DKU006#
DEVICE,1642573528140,1642573527970,803,80,0,2,36243,0,DKU006#
DEVICE,1642573528172,1642573528002,799,79,0,2,36243,0,DKU006#
DEVICE,1642573528204,1642573528034,823,82,0,2,36243,0,DKU006#
DEVICE,1642573528236,1642573528066,810,81,0,2,36243,0,DKU006#
DEVICE,1642573528268,1642573528098,790,79,0,2,36243,0,DKU006#
DEVICE,1642573528300,1642573528130,796,79,0,2,36243,0,DKU006#
DEVICE,1642573528332,1642573528162,794,79,0,2,36243,0,DKU006#
DEVICE,1642573528364,1642573528194,800,80,0,2,36243,0,DKU006#
DEVICE,1642573528396,1642573528226,812,81,0,2,36243,0,DKU006#
DEVICE,1642573528428,1642573528258,796,79,0,2,36243,0,DKU006#
DEVICE,1642573528459,1642573528289,798,79,0,2,36243,0,DKU006#
DEVICE,1642573528491,1642573528321,791,79,0,2,36243,0,DKU006#
DEVICE,1642573528524,1642573528354,805,80,0,2,36243,0,DKU006#
DEVICE,1642573528556,1642573528386,794,79,0,2,36243,0,DKU006#
DEVICE,1642573528587,1642573528417,793,79,0,2,36243,0,DKU006#
DEVICE,1642573528620,1642573528450,815,81,0,2,36243,0,DKU006#
DEVICE,1642573528652,1642573528482,814,81,0,2,36243,0,DKU006#
DEVICE,1642573528683,1642573528513,774,77,0,2,36243,0,DKU006#
DEVICE,1642573528715,1642573528545,789,78,0,2,36243,0,DKU006#
DEVICE,1642573528747,1642573528577,807,80,0,2,36243,0,DKU006#
DEVICE,1642573528779,1642573528609,797,79,0,2,36243,0,DKU006#
DEVICE,1642573528811,1642573528641,820,82,0,2,36243,0,DKU006#
DEVICE,1642573528843,1642573528673,791,79,0,2,36243,0,DKU006#
DEVICE,1642573528875,1642573528705,797,79,0,2,36243,0,DKU006#
DEVICE,1642573528907,1642573528737,821,82,0,2,36243,0,DKU006#
DEVICE,1642573528939,1642573528769,806,80,0,2,36243,0,DKU006#
DEVICE,1642573528971,1642573528801,794,79,0,2,36243,0,DKU006#
DEVICE,1642573529003,1642573528833,788,78,0,2,36243,0,DKU006#
DEVICE,1642573529035,1642573528865,795,79,0,2,36243,0,DKU006#
DEVICE,1642573529067,1642573528897,780,78,0,2,36243,0,DKU006#
DEVICE,1642573529099,1642573528929,790,79,0,2,36243,0,DKU006#
DEVICE,1642573529131,1642573528961,788,78,0,2,36243,0,DKU006#
DEVICE,1642573529163,1642573528993,802,80,0,2,36243,0,DKU006#
DEVICE,1642573529195,1642573529025,811,81,0,2,36243,0,DKU006#
DEVICE,1642573529227,1642573529057,785,78,0,2,36243,0,DKU006#
DEVICE,1642573529258,1642573529088,807,80,0,2,33750,0,DKU006#
DEVICE,1642573529290,1642573529120,801,80,0,2,33750,0,DKU006#
DEVICE,1642573529323,1642573529153,804,80,0,2,33750,0,DKU006#
DEVICE,1642573529355,1642573529185,795,79,0,2,33750,0,DKU006#
DEVICE,1642573529387,1642573529217,797,79,0,2,33750,0,DKU006#
DEVICE,1642573529419,1642573529249,785,78,0,2,33750,0,DKU006#
DEVICE,1642573529451,1642573529281,789,78,0,2,33750,0,DKU006#
DEVICE,1642573529483,1642573529313,808,80,0,2,33750,0,DKU006#
DEVICE,1642573529515,1642573529345,796,79,0,2,33750,0,DKU006#
DEVICE,1642573529546,1642573529376,787,78,0,2,33750,0,DKU006#
DEVICE,1642573529578,1642573529408,799,79,0,2,33750,0,DKU006#
DEVICE,1642573529610,1642573529440,799,79,0,2,33750,0,DKU006#
DEVICE,1642573529642,1642573529472,796,79,0,2,33750,0,DKU006#
DEVICE,1642573529674,1642573529504,792,79,0,2,33750,0,DKU006#
DEVICE,1642573529706,1642573529536,796,79,0,2,33750,0,DKU006#
DEVICE,1642573529739,1642573529569,787,78,0,2,33750,0,DKU006#
DEVICE,1642573529771,1642573529601,787,78,0,2,33750,0,DKU006#
DEVICE,1642573529803,1642573529633,779,77,0,2,33750,0,DKU006#
DEVICE,1642573529834,1642573529664,793,79,0,2,33750,0,DKU006#
DEVICE,1642573529866,1642573529696,800,80,0,2,33750,0,DKU006#
DEVICE,1642573529898,1642573529728,798,79,0,2,33750,0,DKU006#
DEVICE,1642573529930,1642573529760,796,79,0,2,33750,0,DKU006#
DEVICE,1642573529962,1642573529792,790,79,0,2,33750,0,DKU006#
DEVICE,1642573529994,1642573529824,796,79,0,2,33750,0,DKU006#
DEVICE,1642573530026,1642573529856,784,78,0,2,33750,0,DKU006#
DEVICE,1642573530058,1642573529888,793,79,0,2,33750,0,DKU006#
DEVICE,1642573530090,1642573529920,789,78,0,2,33750,0,DKU006#
DEVICE,1642573530122,1642573529952,798,79,0,2,33750,0,DKU006#
DEVICE,1642573530154,1642573529984,809,80,0,2,33750,0,DKU006#
DEVICE,1642573530186,1642573530016,809,80,0,2,33750,0,DKU006#
DEVICE,1642573530218,1642573530048,801,80,0,2,33750,0,DKU006#
DEVICE,1642573530250,1642573530080,798,79,0,2,33750,0,DKU006#
DEVICE,1642573530282,1642573530112,788,78,0,2,33937,0,DKU006#
DEVICE,1642573530314,1642573530144,787,78,0,2,33937,0,DKU006#
DEVICE,1642573530346,1642573530176,788,78,0,2,33937,0,DKU006#
DEVICE,1642573530378,1642573530208,814,81,0,2,33937,0,DKU006#
DEVICE,1642573530410,1642573530240,783,78,0,2,33937,0,DKU006#
DEVICE,1642573530442,1642573530272,784,78,0,2,33937,0,DKU006#
DEVICE,1642573530474,1642573530304,815,81,0,2,33937,0,DKU006#
DEVICE,1642573530506,1642573530336,810,81,0,2,33937,0,DKU006#
DEVICE,1642573530537,1642573530367,792,79,0,2,33937,0,DKU006#
DEVICE,1642573530570,1642573530400,792,79,0,2,33937,0,DKU006#
DEVICE,1642573530602,1642573530432,790,79,0,2,33937,0,DKU006#
DEVICE,1642573530618,1642573530448,789,78,0,2,33937,0,DKU006#
DEVICE,1642573530665,1642573530495,797,79,0,2,33937,0,DKU006#
DEVICE,1642573530697,1642573530527,792,79,0,2,33937,0,DKU006#
DEVICE,1642573530713,1642573530543,800,80,0,2,33937,0,DKU006#
DEVICE,1642573530762,1642573530592,787,78,0,2,33937,0,DKU006#
DEVICE,1642573530778,1642573530608,807,80,0,2,33937,0,DKU006#
DEVICE,1642573530809,1642573530639,809,80,0,2,33937,0,DKU006#
DEVICE,1642573530841,1642573530671,799,79,0,2,33937,0,DKU006#
DEVICE,1642573530873,1642573530703,794,79,0,2,33937,0,DKU006#
DEVICE,1642573530905,1642573530735,805,80,0,2,33937,0,DKU006#
DEVICE,1642573530937,1642573530767,792,79,0,2,33937,0,DKU006#
DEVICE,1642573530969,1642573530799,783,78,0,2,33937,0,DKU006#
DEVICE,1642573531001,1642573530831,781,78,0,2,33937,0,DKU006#
DEVICE,1642573531033,1642573530863,803,80,0,2,33937,0,DKU006#
DEVICE,1642573531065,1642573530895,772,77,0,2,33937,0,DKU006#
DEVICE,1642573531097,1642573530927,804,80,0,2,33937,0,DKU006#
DEVICE,1642573531129,1642573530959,789,78,0,2,33937,0,DKU006#
DEVICE,1642573531161,1642573530991,790,79,0,2,33937,0,DKU006#
DEVICE,1642573531193,1642573531023,804,80,0,2,33937,0,DKU006#
DEVICE,1642573531225,1642573531055,800,80,0,2,33937,0,DKU006#
DEVICE,1642573531273,1642573531103,819,81,0,2,34050,0,DKU006#
DEVICE,1642573531289,1642573531119,789,78,0,2,34050,0,DKU006#
DEVICE,1642573531321,1642573531151,790,79,0,2,34050,0,DKU006#
DEVICE,1642573531353,1642573531183,798,79,0,2,34050,0,DKU006#
DEVICE,1642573531385,1642573531215,802,80,0,2,34050,0,DKU006#
DEVICE,1642573531417,1642573531247,779,77,0,2,34050,0,DKU006#
DEVICE,1642573531449,1642573531279,793,79,0,2,34050,0,DKU006#
DEVICE,1642573531481,1642573531311,811,81,0,2,34050,0,DKU006#
DEVICE,1642573531513,1642573531343,787,78,0,2,34050,0,DKU006#
DEVICE,1642573531545,1642573531375,784,78,0,2,34050,0,DKU006#
DEVICE,1642573531577,1642573531407,814,81,0,2,34050,0,DKU006#
DEVICE,1642573531609,1642573531439,805,80,0,2,34050,0,DKU006#
DEVICE,1642573531640,1642573531470,787,78,0,2,34050,0,DKU006#
DEVICE,1642573531673,1642573531503,812,81,0,2,34050,0,DKU006#
DEVICE,1642573531705,1642573531535,816,81,0,2,34050,0,DKU006#
DEVICE,1642573531736,1642573531566,789,78,0,2,34050,0,DKU006#
DEVICE,1642573531769,1642573531599,807,80,0,2,34050,0,DKU006#
DEVICE,1642573531801,1642573531631,806,80,0,2,34050,0,DKU006#
DEVICE,1642573531833,1642573531663,814,81,0,2,34050,0,DKU006#
DEVICE,1642573531864,1642573531694,780,78,0,2,34050,0,DKU006#
DEVICE,1642573531897,1642573531727,804,80,0,2,34050,0,DKU006#
DEVICE,1642573531928,1642573531758,790,79,0,2,34050,0,DKU006#
DEVICE,1642573531960,1642573531790,806,80,0,2,34050,0,DKU006#
DEVICE,1642573531992,1642573531822,794,79,0,2,34050,0,DKU006#
DEVICE,1642573532024,1642573531854,806,80,0,2,34050,0,DKU006#
DEVICE,1642573532056,1642573531886,799,79,0,2,34050,0,DKU006#
DEVICE,1642573532089,1642573531919,791,79,0,2,34050,0,DKU006#
DEVICE,1642573532120,1642573531950,782,78,0,2,34050,0,DKU006#
DEVICE,1642573532152,1642573531982,813,81,0,2,34050,0,DKU006#
DEVICE,1642573532184,1642573532014,795,79,0,2,34050,0,DKU006#
DEVICE,1642573532216,1642573532046,813,81,0,2,34050,0,DKU006#
DEVICE,1642573532264,1642573532094,784,78,0,2,34112,0,DKU006#
DEVICE,1642573532280,1642573532110,791,79,0,2,34112,0,DKU006#
DEVICE,1642573532312,1642573532142,804,80,0,2,34112,0,DKU006#
DEVICE,1642573532344,1642573532174,815,81,0,2,34112,0,DKU006#
DEVICE,1642573532376,1642573532206,794,79,0,2,34112,0,DKU006#
DEVICE,1642573532408,1642573532238,803,80,0,2,34112,0,DKU006#
DEVICE,1642573532440,1642573532270,795,79,0,2,34112,0,DKU006#
DEVICE,1642573532472,1642573532302,804,80,0,2,34112,0,DKU006#
DEVICE,1642573532504,1642573532334,805,80,0,2,34112,0,DKU006#
DEVICE,1642573532536,1642573532366,801,80,0,2,34112,0,DKU006#
DEVICE,1642573532568,1642573532398,796,79,0,2,34112,0,DKU006#
DEVICE,1642573532600,1642573532430,790,79,0,2,34112,0,DKU006#
DEVICE,1642573532631,1642573532461,795,79,0,2,34112,0,DKU006#
DEVICE,1642573532663,1642573532493,801,80,0,2,34112,0,DKU006#
DEVICE,1642573532695,1642573532525,797,79,0,2,34112,0,DKU006#
DEVICE,1642573532727,1642573532557,795,79,0,2,34112,0,DKU006#
DEVICE,1642573532759,1642573532589,795,79,0,2,34112,0,DKU006#
DEVICE,1642573532791,1642573532621,787,78,0,2,34112,0,DKU006#
DEVICE,1642573532823,1642573532653,799,79,0,2,34112,0,DKU006#
DEVICE,1642573532855,1642573532685,803,80,0,2,34112,0,DKU006#
DEVICE,1642573532888,1642573532718,787,78,0,2,34112,0,DKU006#
DEVICE,1642573532919,1642573532749,798,79,0,2,34112,0,DKU006#
DEVICE,1642573532951,1642573532781,817,81,0,2,34112,0,DKU006#
DEVICE,1642573532983,1642573532813,790,79,0,2,34112,0,DKU006#
DEVICE,1642573533015,1642573532845,800,80,0,2,34112,0,DKU006#
DEVICE,1642573533047,1642573532877,808,80,0,2,34112,0,DKU006#
DEVICE,1642573533079,1642573532909,785,78,0,2,34112,0,DKU006#
DEVICE,1642573533111,1642573532941,796,79,0,2,34112,0,DKU006#
DEVICE,1642573533143,1642573532973,816,81,0,2,34112,0,DKU006#
DEVICE,1642573533175,1642573533005,805,80,0,2,34112,0,DKU006#
DEVICE,1642573533207,1642573533037,785,78,0,2,34112,0,DKU006#
DEVICE,1642573533239,1642573533069,791,79,0,2,34112,0,DKU006#
DEVICE,1642573533287,1642573533117,793,79,0,2,34162,0,DKU006#
DEVICE,1642573533303,1642573533133,793,79,0,2,34162,0,DKU006#
DEVICE,1642573533335,1642573533165,795,79,0,2,34162,0,DKU006#
DEVICE,1642573533367,1642573533197,796,79,0,2,34162,0,DKU006#
DEVICE,1642573533399,1642573533229,785,78,0,2,34162,0,DKU006#
DEVICE,1642573533431,1642573533261,791,79,0,2,34162,0,DKU006#
DEVICE,1642573533463,1642573533293,802,80,0,2,34162,0,DKU006#
DEVICE,1642573533495,1642573533325,795,79,0,2,34162,0,DKU006#
DEVICE,1642573533527,1642573533357,800,80,0,2,34162,0,DKU006#
DEVICE,1642573533559,1642573533389,802,80,0,2,34162,0,DKU006#
DEVICE,1642573533590,1642573533420,800,80,0,2,34162,0,DKU006#
DEVICE,1642573533622,1642573533452,781,78,0,2,34162,0,DKU006#
DEVICE,1642573533655,1642573533485,794,79,0,2,34162,0,DKU006#
DEVICE,1642573533687,1642573533517,793,79,0,2,34162,0,DKU006#
DEVICE,1642573533719,1642573533549,791,79,0,2,34162,0,DKU006#
DEVICE,1642573533751,1642573533581,794,79,0,2,34162,0,DKU006#
DEVICE,1642573533783,1642573533613,803,80,0,2,34162,0,DKU006#
DEVICE,1642573533814,1642573533644,780,78,0,2,34162,0,DKU006#
DEVICE,1642573533847,1642573533677,804,80,0,2,34162,0,DKU006#
DEVICE,1642573533878,1642573533708,804,80,0,2,34162,0,DKU006#
DEVICE,1642573533910,1642573533740,780,78,0,2,34162,0,DKU006#
DEVICE,1642573533942,1642573533772,782,78,0,2,34162,0,DKU006#
DEVICE,1642573533974,1642573533804,785,78,0,2,34162,0,DKU006#
DEVICE,1642573534006,1642573533836,791,79,0,2,34162,0,DKU006#
DEVICE,1642573534038,1642573533868,777,77,0,2,34162,0,DKU006#
DEVICE,1642573534070,1642573533900,802,80,0,2,34162,0,DKU006#
DEVICE,1642573534102,1642573533932,806,80,0,2,34162,0,DKU006#
DEVICE,1642573534134,1642573533964,799,79,0,2,34162,0,DKU006#
DEVICE,1642573534166,1642573533996,777,77,0,2,34162,0,DKU006#
DEVICE,1642573534198,1642573534028,788,78,0,2,34162,0,DKU006#
DEVICE,1642573534230,1642573534060,789,78,0,2,34162,0,DKU006#
DEVICE,1642573534278,1642573534108,800,80,0,2,34200,0,DKU006#
DEVICE,1642573534294,1642573534124,803,80,0,2,34200,0,DKU006#
DEVICE,1642573534326,1642573534156,792,79,0,2,34200,0,DKU006#
DEVICE,1642573534358,1642573534188,799,79,0,2,34200,0,DKU006#
DEVICE,1642573534390,1642573534220,778,77,0,2,34200,0,DKU006#
DEVICE,1642573534422,1642573534252,806,80,0,2,34200,0,DKU006#
DEVICE,1642573534454,1642573534284,812,81,0,2,34200,0,DKU006#
DEVICE,1642573534486,1642573534316,797,79,0,2,34200,0,DKU006#
DEVICE,1642573534518,1642573534348,790,79,0,2,34200,0,DKU006#
DEVICE,1642573534550,1642573534380,791,79,0,2,34200,0,DKU006#
DEVICE,1642573534582,1642573534412,796,79,0,2,34200,0,DKU006#
DEVICE,1642573534614,1642573534444,781,78,0,2,34200,0,DKU006#
DEVICE,1642573534646,1642573534476,793,79,0,2,34200,0,DKU006#
DEVICE,1642573534678,1642573534508,790,79,0,2,34200,0,DKU006#
DEVICE,1642573534709,1642573534539,789,78,0,2,34200,0,DKU006#
DEVICE,1642573534741,1642573534571,794,79,0,2,34200,0,DKU006#
DEVICE,1642573534773,1642573534603,792,79,0,2,34200,0,DKU006#
DEVICE,1642573534806,1642573534636,801,80,0,2,34200,0,DKU006#
DEVICE,1642573534838,1642573534668,803,80,0,2,34200,0,DKU006#
DEVICE,1642573534870,1642573534700,798,79,0,2,34200,0,DKU006#
DEVICE,1642573534902,1642573534732,802,80,0,2,34200,0,DKU006#
DEVICE,1642573534934,1642573534764,797,79,0,2,34200,0,DKU006#
DEVICE,1642573534965,1642573534795,774,77,0,2,34200,0,DKU006#
DEVICE,1642573534997,1642573534827,794,79,0,2,34200,0,DKU006#
DEVICE,1642573535029,1642573534859,794,79,0,2,34200,0,DKU006#
DEVICE,1642573535061,1642573534891,782,78,0,2,34200,0,DKU006#
DEVICE,1642573535093,1642573534923,788,78,0,2,34200,0,DKU006#
DEVICE,1642573535125,1642573534955,798,79,0,2,34200,0,DKU006#
DEVICE,1642573535157,1642573534987,792,79,0,2,34200,0,DKU006#
DEVICE,1642573535189,1642573535019,787,78,0,2,34200,0,DKU006#
DEVICE,1642573535221,1642573535051,791,79,0,2,34200,0,DKU006#
DEVICE,1642573535269,1642573535099,789,78,0,2,34175,0,DKU006#
DEVICE,1642573535285,1642573535115,810,81,0,2,34175,0,DKU006#
DEVICE,1642573535317,1642573535147,800,80,0,2,34175,0,DKU006#
DEVICE,1642573535349,1642573535179,806,80,0,2,34175,0,DKU006#
DEVICE,1642573535381,1642573535211,799,79,0,2,34175,0,DKU006#
DEVICE,1642573535413,1642573535243,785,78,0,2,34175,0,DKU006#
DEVICE,1642573535445,1642573535275,786,78,0,2,34175,0,DKU006#
DEVICE,1642573535477,1642573535307,799,79,0,2,34175,0,DKU006#
DEVICE,1642573535509,1642573535339,803,80,0,2,34175,0,DKU006#
DEVICE,1642573535541,1642573535371,788,78,0,2,34175,0,DKU006#
DEVICE,1642573535573,1642573535403,803,80,0,2,34175,0,DKU006#
DEVICE,1642573535605,1642573535435,790,79,0,2,34175,0,DKU006#
DEVICE,1642573535637,1642573535467,804,80,0,2,34175,0,DKU006#
DEVICE,1642573535669,1642573535499,803,80,0,2,34175,0,DKU006#
DEVICE,1642573535701,1642573535531,791,79,0,2,34175,0,DKU006#
DEVICE,1642573535732,1642573535562,800,80,0,2,34175,0,DKU006#
DEVICE,1642573535765,1642573535595,797,79,0,2,34175,0,DKU006#
DEVICE,1642573535796,1642573535626,799,79,0,2,34175,0,DKU006#
DEVICE,1642573535828,1642573535658,796,79,0,2,34175,0,DKU006#
DEVICE,1642573535860,1642573535690,800,80,0,2,34175,0,DKU006#
DEVICE,1642573535892,1642573535722,790,79,0,2,34175,0,DKU006#
DEVICE,1642573535924,1642573535754,787,78,0,2,34175,0,DKU006#
DEVICE,1642573535956,1642573535786,808,80,0,2,34175,0,DKU006#
DEVICE,1642573535988,1642573535818,803,80,0,2,34175,0,DKU006#
DEVICE,1642573536021,1642573535851,792,79,0,2,34175,0,DKU006#
DEVICE,1642573536052,1642573535882,809,80,0,2,34175,0,DKU006#
