DeviceName,PTPTime,UnixTime,protocool,CurrentDeviceTime,DistanceMM,DistanceCM,Weight,Count,DistanceADC,WeightADCDeviceName(Current)
DEVICE,1655358546766,1655358546473,4,1655358546473,43,4,5,0,0,0
DEVICE,1655358546798,1655358546505,4,1655358546505,43,4,5,0,0,0
DEVICE,1655358546829,1655358546536,4,1655358546536,43,4,5,0,0,0
DEVICE,1655358546862,1655358546569,4,1655358546569,43,4,5,0,0,0
DEVICE,1655358546894,1655358546601,4,1655358546601,42,4,5,0,0,0
DEVICE,1655358546926,1655358546633,4,1655358546633,43,4,5,0,0,0
DEVICE,1655358546959,1655358546666,4,1655358546666,43,4,5,0,0,0
DEVICE,1655358546990,1655358546697,4,1655358546697,43,4,5,0,0,0
DEVICE,1655358547022,1655358546729,4,1655358546729,42,4,5,0,0,0
DEVICE,1655358547054,1655358546761,4,1655358546761,42,4,5,0,0,0
DEVICE,1655358547086,1655358546793,4,1655358546793,45,4,5,0,0,0
DEVICE,1655358547117,1655358546824,4,1655358546824,42,4,5,0,0,0
DEVICE,1655358547150,1655358546857,4,1655358546857,43,4,5,0,0,0
DEVICE,1655358547182,1655358546889,4,1655358546889,44,4,5,0,0,0
DEVICE,1655358547214,1655358546921,4,1655358546921,42,4,5,0,0,0
DEVICE,1655358547246,1655358546953,4,1655358546953,43,4,5,0,0,0
DEVICE,1655358547278,1655358546985,4,1655358546985,42,4,5,0,0,0
DEVICE,1655358547309,1655358547016,4,1655358547016,43,4,5,0,0,0
DEVICE,1655358547342,1655358547049,4,1655358547049,46,4,5,0,0,0
DEVICE,1655358547374,1655358547081,4,1655358547081,41,4,5,0,0,0
DEVICE,1655358547406,1655358547113,4,1655358547113,42,4,5,0,0,0
DEVICE,1655358547438,1655358547145,4,1655358547145,44,4,5,0,0,0
DEVICE,1655358547470,1655358547177,4,1655358547177,43,4,5,0,0,0
DEVICE,1655358547502,1655358547209,4,1655358547209,45,4,5,0,0,0
DEVICE,1655358547533,1655358547240,4,1655358547240,43,4,5,0,0,0
DEVICE,1655358547678,1655358547385,4,1655358547385,44,4,5,0,0,0
DEVICE,1655358547710,1655358547417,4,1655358547417,42,4,5,0,0,0
DEVICE,1655358547742,1655358547449,4,1655358547449,43,4,5,0,0,0
DEVICE,1655358547774,1655358547481,4,1655358547481,42,4,5,0,0,0
DEVICE,1655358547806,1655358547513,4,1655358547513,43,4,5,0,0,0
DEVICE,1655358547566,1655358547273,4,1655358547273,41,4,5,0,0,0
DEVICE,1655358547598,1655358547305,4,1655358547305,41,4,5,0,0,0
DEVICE,1655358547613,1655358547320,4,1655358547320,42,4,5,0,0,0
DEVICE,1655358547646,1655358547353,4,1655358547353,43,4,5,0,0,0
DEVICE,1655358547838,1655358547545,4,1655358547545,43,4,5,0,0,0
DEVICE,1655358547870,1655358547577,4,1655358547577,42,4,5,0,0,0
DEVICE,1655358547901,1655358547608,4,1655358547608,43,4,5,0,0,0
DEVICE,1655358547934,1655358547641,4,1655358547641,43,4,5,0,0,0
DEVICE,1655358547965,1655358547672,4,1655358547672,42,4,5,0,0,0
DEVICE,1655358547997,1655358547704,4,1655358547704,43,4,5,0,0,0
DEVICE,1655358548030,1655358547737,4,1655358547737,43,4,5,0,0,0
DEVICE,1655358548061,1655358547768,4,1655358547768,43,4,5,0,0,0
DEVICE,1655358548094,1655358547801,4,1655358547801,42,4,5,0,0,0
DEVICE,1655358548125,1655358547832,4,1655358547832,43,4,5,0,0,0
DEVICE,1655358548158,1655358547865,4,1655358547865,44,4,5,0,0,0
DEVICE,1655358548190,1655358547897,4,1655358547897,44,4,5,0,0,0
DEVICE,1655358548221,1655358547928,4,1655358547928,41,4,5,0,0,0
DEVICE,1655358548253,1655358547960,4,1655358547960,43,4,5,0,0,0
DEVICE,1655358548285,1655358547992,4,1655358547992,42,4,5,0,0,0
DEVICE,1655358548318,1655358548025,4,1655358548025,41,4,5,0,0,0
DEVICE,1655358548349,1655358548056,4,1655358548056,42,4,5,0,0,0
DEVICE,1655358548381,1655358548088,4,1655358548088,44,4,5,0,0,0
DEVICE,1655358548413,1655358548120,4,1655358548120,42,4,5,0,0,0
DEVICE,1655358548446,1655358548153,4,1655358548153,44,4,5,0,0,0
DEVICE,1655358548478,1655358548185,4,1655358548185,43,4,5,0,0,0
DEVICE,1655358548509,1655358548216,4,1655358548216,42,4,5,0,0,0
DEVICE,1655358548541,1655358548248,4,1655358548248,43,4,5,0,0,0
DEVICE,1655358548574,1655358548281,4,1655358548281,42,4,5,0,0,0
DEVICE,1655358548606,1655358548313,4,1655358548313,44,4,5,0,0,0
DEVICE,1655358548638,1655358548345,4,1655358548345,44,4,5,0,0,0
DEVICE,1655358548669,1655358548376,4,1655358548376,41,4,5,0,0,0
DEVICE,1655358548702,1655358548409,4,1655358548409,43,4,5,0,0,0
DEVICE,1655358548733,1655358548440,4,1655358548440,43,4,5,0,0,0
DEVICE,1655358548765,1655358548472,4,1655358548472,45,4,5,0,0,0
DEVICE,1655358548797,1655358548504,4,1655358548504,43,4,5,0,0,0
DEVICE,1655358548829,1655358548536,4,1655358548536,44,4,5,0,0,0
DEVICE,1655358548861,1655358548568,4,1655358548568,44,4,5,0,0,0
DEVICE,1655358548893,1655358548600,4,1655358548600,42,4,5,0,0,0
DEVICE,1655358548925,1655358548632,4,1655358548632,42,4,5,0,0,0
DEVICE,1655358548957,1655358548664,4,1655358548664,44,4,5,0,0,0
DEVICE,1655358548989,1655358548696,4,1655358548696,42,4,5,0,0,0
DEVICE,1655358549021,1655358548728,4,1655358548728,43,4,5,0,0,0
DEVICE,1655358549053,1655358548760,4,1655358548760,41,4,5,0,0,0
DEVICE,1655358549149,1655358548856,4,1655358548856,43,4,5,0,0,0
DEVICE,1655358549085,1655358548792,4,1655358548792,44,4,5,0,0,0
DEVICE,1655358549117,1655358548824,4,1655358548824,42,4,5,0,0,0
DEVICE,1655358549181,1655358548888,4,1655358548888,41,4,5,0,0,0
DEVICE,1655358549213,1655358548920,4,1655358548920,41,4,5,0,0,0
DEVICE,1655358549245,1655358548952,4,1655358548952,40,4,5,0,0,0
DEVICE,1655358549277,1655358548984,4,1655358548984,43,4,5,0,0,0
DEVICE,1655358549309,1655358549016,4,1655358549016,41,4,5,0,0,0
DEVICE,1655358549325,1655358549032,4,1655358549032,43,4,5,0,0,0
DEVICE,1655358549357,1655358549064,4,1655358549064,40,4,5,0,0,0
DEVICE,1655358549389,1655358549096,4,1655358549096,42,4,5,0,0,0
DEVICE,1655358549421,1655358549128,4,1655358549128,43,4,5,0,0,0
DEVICE,1655358549453,1655358549160,4,1655358549160,43,4,5,0,0,0
DEVICE,1655358549485,1655358549192,4,1655358549192,41,4,5,0,0,0
DEVICE,1655358549517,1655358549224,4,1655358549224,42,4,5,0,0,0
DEVICE,1655358549549,1655358549256,4,1655358549256,43,4,5,0,0,0
DEVICE,1655358549581,1655358549288,4,1655358549288,43,4,5,0,0,0
DEVICE,1655358549613,1655358549320,4,1655358549320,43,4,5,0,0,0
DEVICE,1655358549645,1655358549352,4,1655358549352,46,4,5,0,0,0
DEVICE,1655358549677,1655358549384,4,1655358549384,43,4,5,0,0,0
DEVICE,1655358549709,1655358549416,4,1655358549416,42,4,5,0,0,0
DEVICE,1655358549741,1655358549448,4,1655358549448,44,4,5,0,0,0
DEVICE,1655358549773,1655358549480,4,1655358549480,42,4,5,0,0,0
DEVICE,1655358549805,1655358549512,4,1655358549512,44,4,5,0,0,0
DEVICE,1655358549837,1655358549544,4,1655358549544,40,4,5,0,0,0
DEVICE,1655358549868,1655358549575,4,1655358549575,42,4,5,0,0,0
DEVICE,1655358549901,1655358549608,4,1655358549608,42,4,5,0,0,0
DEVICE,1655358549933,1655358549640,4,1655358549640,42,4,5,0,0,0
DEVICE,1655358549965,1655358549672,4,1655358549672,43,4,5,0,0,0
DEVICE,1655358549997,1655358549704,4,1655358549704,42,4,5,0,0,0
DEVICE,1655358550029,1655358549736,4,1655358549736,44,4,5,0,0,0
DEVICE,1655358550061,1655358549768,4,1655358549768,44,4,5,0,0,0
DEVICE,1655358550093,1655358549800,4,1655358549800,41,4,5,0,0,0
DEVICE,1655358550125,1655358549832,4,1655358549832,41,4,5,0,0,0
DEVICE,1655358550157,1655358549864,4,1655358549864,41,4,5,0,0,0
DEVICE,1655358550189,1655358549896,4,1655358549896,43,4,5,0,0,0
DEVICE,1655358550220,1655358549927,4,1655358549927,43,4,5,0,0,0
DEVICE,1655358550252,1655358549959,4,1655358549959,45,4,5,0,0,0
DEVICE,1655358550284,1655358549991,4,1655358549991,45,4,5,0,0,0
DEVICE,1655358550317,1655358550024,4,1655358550024,44,4,5,0,0,0
DEVICE,1655358550348,1655358550055,4,1655358550055,44,4,5,0,0,0
DEVICE,1655358550381,1655358550088,4,1655358550088,43,4,5,0,0,0
DEVICE,1655358550412,1655358550119,4,1655358550119,45,4,5,0,0,0
DEVICE,1655358550444,1655358550151,4,1655358550151,42,4,5,0,0,0
DEVICE,1655358550476,1655358550183,4,1655358550183,42,4,5,0,0,0
DEVICE,1655358550509,1655358550216,4,1655358550216,44,4,5,0,0,0
DEVICE,1655358550541,1655358550248,4,1655358550248,44,4,5,0,0,0
DEVICE,1655358550573,1655358550280,4,1655358550280,41,4,5,0,0,0
DEVICE,1655358550605,1655358550312,4,1655358550312,43,4,5,0,0,0
DEVICE,1655358550637,1655358550344,4,1655358550344,41,4,5,0,0,0
DEVICE,1655358550669,1655358550376,4,1655358550376,42,4,5,0,0,0
DEVICE,1655358550701,1655358550408,4,1655358550408,43,4,5,0,0,0
DEVICE,1655358550732,1655358550439,4,1655358550439,44,4,5,0,0,0
DEVICE,1655358550765,1655358550472,4,1655358550472,42,4,5,0,0,0
DEVICE,1655358550797,1655358550504,4,1655358550504,44,4,5,0,0,0
DEVICE,1655358550829,1655358550536,4,1655358550536,43,4,5,0,0,0
DEVICE,1655358550861,1655358550568,4,1655358550568,42,4,5,0,0,0
DEVICE,1655358550893,1655358550600,4,1655358550600,44,4,5,0,0,0
DEVICE,1655358550925,1655358550632,4,1655358550632,42,4,5,0,0,0
DEVICE,1655358550956,1655358550663,4,1655358550663,42,4,5,0,0,0
DEVICE,1655358550972,1655358550679,4,1655358550679,44,4,5,0,0,0
DEVICE,1655358551004,1655358550711,4,1655358550711,40,4,5,0,0,0
DEVICE,1655358551036,1655358550743,4,1655358550743,44,4,5,0,0,0
DEVICE,1655358551068,1655358550775,4,1655358550775,43,4,5,0,0,0
DEVICE,1655358551100,1655358550807,4,1655358550807,41,4,5,0,0,0
DEVICE,1655358551133,1655358550840,4,1655358550840,42,4,5,0,0,0
DEVICE,1655358551164,1655358550871,4,1655358550871,43,4,5,0,0,0
DEVICE,1655358551196,1655358550903,4,1655358550903,41,4,5,0,0,0
DEVICE,1655358551229,1655358550936,4,1655358550936,43,4,5,0,0,0
DEVICE,1655358551260,1655358550967,4,1655358550967,42,4,5,0,0,0
DEVICE,1655358551292,1655358550999,4,1655358550999,44,4,5,0,0,0
DEVICE,1655358551324,1655358551031,4,1655358551031,44,4,5,0,0,0
DEVICE,1655358551356,1655358551063,4,1655358551063,45,4,5,0,0,0
DEVICE,1655358551389,1655358551096,4,1655358551096,42,4,5,0,0,0
DEVICE,1655358551420,1655358551127,4,1655358551127,44,4,5,0,0,0
DEVICE,1655358551453,1655358551160,4,1655358551160,44,4,5,0,0,0
DEVICE,1655358551484,1655358551191,4,1655358551191,42,4,5,0,0,0
DEVICE,1655358551516,1655358551223,4,1655358551223,42,4,5,0,0,0
DEVICE,1655358551548,1655358551255,4,1655358551255,43,4,5,0,0,0
DEVICE,1655358551581,1655358551288,4,1655358551288,44,4,5,0,0,0
DEVICE,1655358551612,1655358551319,4,1655358551319,43,4,5,0,0,0
DEVICE,1655358551644,1655358551351,4,1655358551351,43,4,5,0,0,0
DEVICE,1655358551676,1655358551383,4,1655358551383,43,4,5,0,0,0
DEVICE,1655358551708,1655358551415,4,1655358551415,41,4,5,0,0,0
DEVICE,1655358551740,1655358551447,4,1655358551447,42,4,5,0,0,0
DEVICE,1655358551772,1655358551479,4,1655358551479,43,4,5,0,0,0
DEVICE,1655358551804,1655358551511,4,1655358551511,43,4,5,0,0,0
DEVICE,1655358551836,1655358551543,4,1655358551543,44,4,5,0,0,0
DEVICE,1655358551868,1655358551575,4,1655358551575,44,4,5,0,0,0
DEVICE,1655358551900,1655358551607,4,1655358551607,43,4,5,0,0,0
DEVICE,1655358551932,1655358551639,4,1655358551639,43,4,5,0,0,0
DEVICE,1655358551965,1655358551672,4,1655358551672,42,4,5,0,0,0
DEVICE,1655358551996,1655358551703,4,1655358551703,43,4,5,0,0,0
DEVICE,1655358552027,1655358551734,4,1655358551734,42,4,5,0,0,0
DEVICE,1655358552060,1655358551767,4,1655358551767,43,4,5,0,0,0
DEVICE,1655358552092,1655358551799,4,1655358551799,43,4,5,0,0,0
DEVICE,1655358552124,1655358551831,4,1655358551831,42,4,5,0,0,0
DEVICE,1655358552156,1655358551863,4,1655358551863,46,4,5,0,0,0
DEVICE,1655358552188,1655358551895,4,1655358551895,43,4,5,0,0,0
DEVICE,1655358552220,1655358551927,4,1655358551927,44,4,5,0,0,0
DEVICE,1655358552252,1655358551959,4,1655358551959,43,4,5,0,0,0
DEVICE,1655358552284,1655358551991,4,1655358551991,41,4,5,0,0,0
DEVICE,1655358552316,1655358552023,4,1655358552023,42,4,5,0,0,0
DEVICE,1655358552348,1655358552055,4,1655358552055,44,4,5,0,0,0
DEVICE,1655358552380,1655358552087,4,1655358552087,41,4,5,0,0,0
DEVICE,1655358552411,1655358552118,4,1655358552118,43,4,5,0,0,0
DEVICE,1655358552443,1655358552150,4,1655358552150,43,4,5,0,0,0
DEVICE,1655358552476,1655358552183,4,1655358552183,42,4,5,0,0,0
DEVICE,1655358552508,1655358552215,4,1655358552215,40,4,5,0,0,0
DEVICE,1655358552539,1655358552246,4,1655358552246,43,4,5,0,0,0
DEVICE,1655358552571,1655358552278,4,1655358552278,44,4,5,0,0,0
DEVICE,1655358552604,1655358552311,4,1655358552311,42,4,5,0,0,0
DEVICE,1655358552636,1655358552343,4,1655358552343,43,4,5,0,0,0
DEVICE,1655358552668,1655358552375,4,1655358552375,44,4,5,0,0,0
DEVICE,1655358552684,1655358552391,4,1655358552391,44,4,5,0,0,0
DEVICE,1655358552716,1655358552423,4,1655358552423,42,4,5,0,0,0
DEVICE,1655358552748,1655358552455,4,1655358552455,42,4,5,0,0,0
DEVICE,1655358552780,1655358552487,4,1655358552487,40,4,5,0,0,0
DEVICE,1655358552811,1655358552518,4,1655358552518,44,4,5,0,0,0
DEVICE,1655358552843,1655358552550,4,1655358552550,41,4,5,0,0,0
DEVICE,1655358552876,1655358552583,4,1655358552583,41,4,5,0,0,0
DEVICE,1655358552908,1655358552615,4,1655358552615,42,4,5,0,0,0
DEVICE,1655358552940,1655358552647,4,1655358552647,43,4,5,0,0,0
DEVICE,1655358552972,1655358552679,4,1655358552679,42,4,5,0,0,0
DEVICE,1655358553003,1655358552710,4,1655358552710,42,4,5,0,0,0
DEVICE,1655358553035,1655358552742,4,1655358552742,45,4,5,0,0,0
DEVICE,1655358553067,1655358552774,4,1655358552774,45,4,5,0,0,0
DEVICE,1655358553099,1655358552806,4,1655358552806,44,4,5,0,0,0
DEVICE,1655358553132,1655358552839,4,1655358552839,42,4,5,0,0,0
DEVICE,1655358553163,1655358552870,4,1655358552870,44,4,5,0,0,0
DEVICE,1655358553195,1655358552902,4,1655358552902,43,4,5,0,0,0
DEVICE,1655358553227,1655358552934,4,1655358552934,42,4,5,0,0,0
DEVICE,1655358553260,1655358552967,4,1655358552967,42,4,5,0,0,0
DEVICE,1655358553292,1655358552999,4,1655358552999,43,4,5,0,0,0
DEVICE,1655358553323,1655358553030,4,1655358553030,44,4,5,0,0,0
DEVICE,1655358553355,1655358553062,4,1655358553062,43,4,5,0,0,0
DEVICE,1655358553388,1655358553095,4,1655358553095,45,4,5,0,0,0
DEVICE,1655358553420,1655358553127,4,1655358553127,41,4,5,0,0,0
DEVICE,1655358553452,1655358553159,4,1655358553159,44,4,5,0,0,0
DEVICE,1655358553483,1655358553190,4,1655358553190,42,4,5,0,0,0
DEVICE,1655358553515,1655358553222,4,1655358553222,45,4,5,0,0,0
DEVICE,1655358553548,1655358553255,4,1655358553255,41,4,5,0,0,0
DEVICE,1655358553579,1655358553286,4,1655358553286,40,4,5,0,0,0
DEVICE,1655358553611,1655358553318,4,1655358553318,40,4,5,0,0,0
DEVICE,1655358553643,1655358553350,4,1655358553350,42,4,5,0,0,0
DEVICE,1655358553675,1655358553382,4,1655358553382,42,4,5,0,0,0
DEVICE,1655358553707,1655358553414,4,1655358553414,45,4,5,0,0,0
DEVICE,1655358553739,1655358553446,4,1655358553446,44,4,5,0,0,0
DEVICE,1655358553771,1655358553478,4,1655358553478,44,4,5,0,0,0
DEVICE,1655358553803,1655358553510,4,1655358553510,43,4,5,0,0,0
DEVICE,1655358553835,1655358553542,4,1655358553542,44,4,5,0,0,0
DEVICE,1655358553867,1655358553574,4,1655358553574,43,4,5,0,0,0
DEVICE,1655358553899,1655358553606,4,1655358553606,42,4,5,0,0,0
DEVICE,1655358553931,1655358553638,4,1655358553638,44,4,5,0,0,0
DEVICE,1655358553963,1655358553670,4,1655358553670,41,4,5,0,0,0
DEVICE,1655358553995,1655358553702,4,1655358553702,42,4,5,0,0,0
DEVICE,1655358554028,1655358553735,4,1655358553735,44,4,5,0,0,0
DEVICE,1655358554059,1655358553766,4,1655358553766,44,4,5,0,0,0
DEVICE,1655358554091,1655358553798,4,1655358553798,44,4,5,0,0,0
DEVICE,1655358554124,1655358553831,4,1655358553831,44,4,5,0,0,0
DEVICE,1655358554155,1655358553862,4,1655358553862,44,4,5,0,0,0
DEVICE,1655358554187,1655358553894,4,1655358553894,43,4,5,0,0,0
DEVICE,1655358554219,1655358553926,4,1655358553926,45,4,5,0,0,0
DEVICE,1655358554251,1655358553958,4,1655358553958,43,4,5,0,0,0
DEVICE,1655358554283,1655358553990,4,1655358553990,43,4,5,0,0,0
DEVICE,1655358554315,1655358554022,4,1655358554022,43,4,5,0,0,0
DEVICE,1655358554347,1655358554054,4,1655358554054,45,4,5,0,0,0
DEVICE,1655358554379,1655358554086,4,1655358554086,44,4,5,0,0,0
DEVICE,1655358554395,1655358554102,4,1655358554102,41,4,5,0,0,0
DEVICE,1655358554427,1655358554134,4,1655358554134,44,4,5,0,0,0
DEVICE,1655358554459,1655358554166,4,1655358554166,41,4,5,0,0,0
DEVICE,1655358554491,1655358554198,4,1655358554198,42,4,5,0,0,0
DEVICE,1655358554523,1655358554230,4,1655358554230,42,4,5,0,0,0
DEVICE,1655358554555,1655358554262,4,1655358554262,42,4,5,0,0,0
DEVICE,1655358554587,1655358554294,4,1655358554294,43,4,5,0,0,0
DEVICE,1655358554619,1655358554326,4,1655358554326,44,4,5,0,0,0
DEVICE,1655358554651,1655358554358,4,1655358554358,43,4,5,0,0,0
DEVICE,1655358554683,1655358554390,4,1655358554390,43,4,5,0,0,0
DEVICE,1655358554715,1655358554422,4,1655358554422,43,4,5,0,0,0
DEVICE,1655358554747,1655358554454,4,1655358554454,40,4,5,0,0,0
DEVICE,1655358554779,1655358554486,4,1655358554486,42,4,5,0,0,0
DEVICE,1655358554811,1655358554518,4,1655358554518,42,4,5,0,0,0
DEVICE,1655358554843,1655358554550,4,1655358554550,45,4,5,0,0,0
DEVICE,1655358554875,1655358554582,4,1655358554582,42,4,5,0,0,0
DEVICE,1655358554907,1655358554614,4,1655358554614,42,4,5,0,0,0
DEVICE,1655358554939,1655358554646,4,1655358554646,45,4,5,0,0,0
DEVICE,1655358554970,1655358554677,4,1655358554677,44,4,5,0,0,0
DEVICE,1655358555002,1655358554709,4,1655358554709,41,4,5,0,0,0
DEVICE,1655358555035,1655358554742,4,1655358554742,42,4,5,0,0,0
DEVICE,1655358555067,1655358554774,4,1655358554774,41,4,5,0,0,0
DEVICE,1655358555099,1655358554806,4,1655358554806,42,4,5,0,0,0
DEVICE,1655358555131,1655358554838,4,1655358554838,41,4,5,0,0,0
DEVICE,1655358555163,1655358554870,4,1655358554870,44,4,5,0,0,0
DEVICE,1655358555195,1655358554902,4,1655358554902,40,4,5,0,0,0
DEVICE,1655358555227,1655358554934,4,1655358554934,42,4,5,0,0,0
DEVICE,1655358555259,1655358554966,4,1655358554966,43,4,5,0,0,0
DEVICE,1655358555290,1655358554997,4,1655358554997,44,4,5,0,0,0
DEVICE,1655358555323,1655358555030,4,1655358555030,42,4,5,0,0,0
DEVICE,1655358555354,1655358555061,4,1655358555061,42,4,5,0,0,0
DEVICE,1655358555387,1655358555094,4,1655358555094,43,4,5,0,0,0
DEVICE,1655358555418,1655358555125,4,1655358555125,43,4,5,0,0,0
DEVICE,1655358555451,1655358555158,4,1655358555158,42,4,5,0,0,0
DEVICE,1655358555482,1655358555189,4,1655358555189,44,4,5,0,0,0
DEVICE,1655358555515,1655358555222,4,1655358555222,42,4,5,0,0,0
DEVICE,1655358555546,1655358555253,4,1655358555253,41,4,5,0,0,0
DEVICE,1655358555579,1655358555286,4,1655358555286,41,4,5,0,0,0
DEVICE,1655358555610,1655358555317,4,1655358555317,43,4,5,0,0,0
DEVICE,1655358555643,1655358555350,4,1655358555350,42,4,5,0,0,0
DEVICE,1655358555675,1655358555382,4,1655358555382,45,4,5,0,0,0
DEVICE,1655358555707,1655358555414,4,1655358555414,41,4,5,0,0,0
DEVICE,1655358555738,1655358555445,4,1655358555445,44,4,5,0,0,0
DEVICE,1655358555770,1655358555477,4,1655358555477,43,4,5,0,0,0
DEVICE,1655358555802,1655358555509,4,1655358555509,42,4,5,0,0,0
DEVICE,1655358555834,1655358555541,4,1655358555541,42,4,5,0,0,0
DEVICE,1655358555867,1655358555574,4,1655358555574,43,4,5,0,0,0
DEVICE,1655358555898,1655358555605,4,1655358555605,42,4,5,0,0,0
DEVICE,1655358555931,1655358555638,4,1655358555638,42,4,5,0,0,0
DEVICE,1655358555962,1655358555669,4,1655358555669,44,4,5,0,0,0
DEVICE,1655358555994,1655358555701,4,1655358555701,43,4,5,0,0,0
DEVICE,1655358556026,1655358555733,4,1655358555733,42,4,5,0,0,0
DEVICE,1655358556058,1655358555765,4,1655358555765,42,4,5,0,0,0
DEVICE,1655358556090,1655358555797,4,1655358555797,45,4,5,0,0,0
DEVICE,1655358556106,1655358555813,4,1655358555813,40,4,5,0,0,0
DEVICE,1655358556138,1655358555845,4,1655358555845,43,4,5,0,0,0
DEVICE,1655358556170,1655358555877,4,1655358555877,45,4,5,0,0,0
DEVICE,1655358556202,1655358555909,4,1655358555909,41,4,5,0,0,0
DEVICE,1655358556234,1655358555941,4,1655358555941,44,4,5,0,0,0
DEVICE,1655358556266,1655358555973,4,1655358555973,43,4,5,0,0,0
DEVICE,1655358556298,1655358556005,4,1655358556005,43,4,5,0,0,0
DEVICE,1655358556330,1655358556037,4,1655358556037,43,4,5,0,0,0
DEVICE,1655358556362,1655358556069,4,1655358556069,43,4,5,0,0,0
DEVICE,1655358556394,1655358556101,4,1655358556101,41,4,5,0,0,0
DEVICE,1655358556427,1655358556134,4,1655358556134,43,4,5,0,0,0
DEVICE,1655358556458,1655358556165,4,1655358556165,42,4,5,0,0,0
DEVICE,1655358556490,1655358556197,4,1655358556197,43,4,5,0,0,0
DEVICE,1655358556522,1655358556229,4,1655358556229,42,4,5,0,0,0
DEVICE,1655358556554,1655358556261,4,1655358556261,43,4,5,0,0,0
DEVICE,1655358556586,1655358556293,4,1655358556293,44,4,5,0,0,0
DEVICE,1655358556618,1655358556325,4,1655358556325,43,4,5,0,0,0
DEVICE,1655358556650,1655358556357,4,1655358556357,41,4,5,0,0,0
DEVICE,1655358556682,1655358556389,4,1655358556389,43,4,5,0,0,0
DEVICE,1655358556714,1655358556421,4,1655358556421,43,4,5,0,0,0
DEVICE,1655358556746,1655358556453,4,1655358556453,42,4,5,0,0,0
DEVICE,1655358556778,1655358556485,4,1655358556485,43,4,5,0,0,0
DEVICE,1655358556810,1655358556517,4,1655358556517,42,4,5,0,0,0
DEVICE,1655358556842,1655358556549,4,1655358556549,42,4,5,0,0,0
DEVICE,1655358556874,1655358556581,4,1655358556581,41,4,5,0,0,0
DEVICE,1655358556906,1655358556613,4,1655358556613,45,4,5,0,0,0
DEVICE,1655358556938,1655358556645,4,1655358556645,44,4,5,0,0,0
DEVICE,1655358556970,1655358556677,4,1655358556677,45,4,5,0,0,0
DEVICE,1655358557002,1655358556709,4,1655358556709,42,4,5,0,0,0
DEVICE,1655358557034,1655358556741,4,1655358556741,44,4,5,0,0,0
DEVICE,1655358557066,1655358556773,4,1655358556773,41,4,5,0,0,0
DEVICE,1655358557098,1655358556805,4,1655358556805,41,4,5,0,0,0
DEVICE,1655358557130,1655358556837,4,1655358556837,43,4,5,0,0,0
DEVICE,1655358557162,1655358556869,4,1655358556869,42,4,5,0,0,0
DEVICE,1655358557194,1655358556901,4,1655358556901,41,4,5,0,0,0
DEVICE,1655358557226,1655358556933,4,1655358556933,43,4,5,0,0,0
DEVICE,1655358557258,1655358556965,4,1655358556965,43,4,5,0,0,0
DEVICE,1655358557289,1655358556996,4,1655358556996,44,4,5,0,0,0
DEVICE,1655358557322,1655358557029,4,1655358557029,44,4,5,0,0,0
DEVICE,1655358557354,1655358557061,4,1655358557061,44,4,5,0,0,0
DEVICE,1655358557386,1655358557093,4,1655358557093,44,4,5,0,0,0
DEVICE,1655358557417,1655358557124,4,1655358557124,40,4,5,0,0,0
DEVICE,1655358557450,1655358557157,4,1655358557157,42,4,5,0,0,0
DEVICE,1655358557482,1655358557189,4,1655358557189,40,4,5,0,0,0
DEVICE,1655358557513,1655358557220,4,1655358557220,44,4,5,0,0,0
DEVICE,1655358557546,1655358557253,4,1655358557253,43,4,5,0,0,0
DEVICE,1655358557578,1655358557285,4,1655358557285,44,4,5,0,0,0
DEVICE,1655358557609,1655358557316,4,1655358557316,42,4,5,0,0,0
DEVICE,1655358557642,1655358557349,4,1655358557349,44,4,5,0,0,0
DEVICE,1655358557673,1655358557380,4,1655358557380,43,4,5,0,0,0
DEVICE,1655358557705,1655358557412,4,1655358557412,43,4,5,0,0,0
DEVICE,1655358557738,1655358557445,4,1655358557445,41,4,5,0,0,0
DEVICE,1655358557770,1655358557477,4,1655358557477,43,4,5,0,0,0
DEVICE,1655358557786,1655358557493,4,1655358557493,43,4,5,0,0,0
DEVICE,1655358557817,1655358557524,4,1655358557524,46,4,5,0,0,0
DEVICE,1655358557849,1655358557556,4,1655358557556,42,4,5,0,0,0
DEVICE,1655358557882,1655358557589,4,1655358557589,45,4,5,0,0,0
DEVICE,1655358557914,1655358557621,4,1655358557621,44,4,5,0,0,0
DEVICE,1655358557945,1655358557652,4,1655358557652,42,4,5,0,0,0
DEVICE,1655358557977,1655358557684,4,1655358557684,41,4,5,0,0,0
DEVICE,1655358558010,1655358557717,4,1655358557717,44,4,5,0,0,0
DEVICE,1655358558042,1655358557749,4,1655358557749,45,4,5,0,0,0
DEVICE,1655358558074,1655358557781,4,1655358557781,41,4,5,0,0,0
DEVICE,1655358558106,1655358557813,4,1655358557813,42,4,5,0,0,0
DEVICE,1655358558137,1655358557844,4,1655358557844,43,4,5,0,0,0
DEVICE,1655358558169,1655358557876,4,1655358557876,44,4,5,0,0,0
DEVICE,1655358558202,1655358557909,4,1655358557909,41,4,5,0,0,0
DEVICE,1655358558233,1655358557940,4,1655358557940,46,4,5,0,0,0
DEVICE,1655358558266,1655358557973,4,1655358557973,43,4,5,0,0,0
DEVICE,1655358558298,1655358558005,4,1655358558005,42,4,5,0,0,0
DEVICE,1655358558330,1655358558037,4,1655358558037,44,4,5,0,0,0
DEVICE,1655358558361,1655358558068,4,1655358558068,41,4,5,0,0,0
DEVICE,1655358558394,1655358558101,4,1655358558101,42,4,5,0,0,0
DEVICE,1655358558426,1655358558133,4,1655358558133,39,3,5,0,0,0
DEVICE,1655358558458,1655358558165,4,1655358558165,43,4,5,0,0,0
DEVICE,1655358558489,1655358558196,4,1655358558196,39,3,5,0,0,0
DEVICE,1655358558521,1655358558228,4,1655358558228,43,4,5,0,0,0
DEVICE,1655358558554,1655358558261,4,1655358558261,41,4,5,0,0,0
DEVICE,1655358558585,1655358558292,4,1655358558292,44,4,5,0,0,0
DEVICE,1655358558618,1655358558325,4,1655358558325,43,4,5,0,0,0
DEVICE,1655358558649,1655358558356,4,1655358558356,44,4,5,0,0,0
DEVICE,1655358558680,1655358558387,4,1655358558387,41,4,5,0,0,0
DEVICE,1655358558713,1655358558420,4,1655358558420,45,4,5,0,0,0
DEVICE,1655358558745,1655358558452,4,1655358558452,42,4,5,0,0,0
DEVICE,1655358558777,1655358558484,4,1655358558484,44,4,5,0,0,0
DEVICE,1655358558809,1655358558516,4,1655358558516,42,4,5,0,0,0
DEVICE,1655358558842,1655358558549,4,1655358558549,42,4,5,0,0,0
DEVICE,1655358558874,1655358558581,4,1655358558581,43,4,5,0,0,0
DEVICE,1655358558905,1655358558612,4,1655358558612,43,4,5,0,0,0
DEVICE,1655358558937,1655358558644,4,1655358558644,40,4,5,0,0,0
DEVICE,1655358558969,1655358558676,4,1655358558676,42,4,5,0,0,0
DEVICE,1655358559002,1655358558709,4,1655358558709,42,4,5,0,0,0
DEVICE,1655358559034,1655358558741,4,1655358558741,42,4,5,0,0,0
DEVICE,1655358559065,1655358558772,4,1655358558772,43,4,5,0,0,0
DEVICE,1655358559098,1655358558805,4,1655358558805,42,4,5,0,0,0
DEVICE,1655358559130,1655358558837,4,1655358558837,42,4,5,0,0,0
DEVICE,1655358559161,1655358558868,4,1655358558868,42,4,5,0,0,0
DEVICE,1655358559193,1655358558900,4,1655358558900,43,4,5,0,0,0
DEVICE,1655358559225,1655358558932,4,1655358558932,43,4,5,0,0,0
DEVICE,1655358559257,1655358558964,4,1655358558964,43,4,5,0,0,0
DEVICE,1655358559289,1655358558996,4,1655358558996,43,4,5,0,0,0
DEVICE,1655358559321,1655358559028,4,1655358559028,42,4,5,0,0,0
DEVICE,1655358559353,1655358559060,4,1655358559060,42,4,5,0,0,0
DEVICE,1655358559385,1655358559092,4,1655358559092,41,4,5,0,0,0
DEVICE,1655358559417,1655358559124,4,1655358559124,44,4,5,0,0,0
DEVICE,1655358559433,1655358559140,4,1655358559140,44,4,5,0,0,0
DEVICE,1655358559465,1655358559172,4,1655358559172,43,4,5,0,0,0
DEVICE,1655358559497,1655358559204,4,1655358559204,43,4,5,0,0,0
DEVICE,1655358559529,1655358559236,4,1655358559236,41,4,5,0,0,0
DEVICE,1655358559561,1655358559268,4,1655358559268,43,4,5,0,0,0
DEVICE,1655358559593,1655358559300,4,1655358559300,43,4,5,0,0,0
DEVICE,1655358559625,1655358559332,4,1655358559332,41,4,5,0,0,0
DEVICE,1655358559657,1655358559364,4,1655358559364,43,4,5,0,0,0
DEVICE,1655358559689,1655358559396,4,1655358559396,40,4,5,0,0,0
DEVICE,1655358559721,1655358559428,4,1655358559428,43,4,5,0,0,0
DEVICE,1655358559753,1655358559460,4,1655358559460,44,4,5,0,0,0
DEVICE,1655358559785,1655358559492,4,1655358559492,42,4,5,0,0,0
DEVICE,1655358559817,1655358559524,4,1655358559524,44,4,5,0,0,0
DEVICE,1655358559849,1655358559556,4,1655358559556,44,4,5,0,0,0
DEVICE,1655358559881,1655358559588,4,1655358559588,45,4,5,0,0,0
DEVICE,1655358559913,1655358559620,4,1655358559620,45,4,5,0,0,0
DEVICE,1655358559945,1655358559652,4,1655358559652,43,4,5,0,0,0
DEVICE,1655358559977,1655358559684,4,1655358559684,42,4,5,0,0,0
DEVICE,1655358560008,1655358559715,4,1655358559715,43,4,5,0,0,0
DEVICE,1655358560041,1655358559748,4,1655358559748,43,4,5,0,0,0
DEVICE,1655358560073,1655358559780,4,1655358559780,42,4,5,0,0,0
DEVICE,1655358560105,1655358559812,4,1655358559812,40,4,5,0,0,0
DEVICE,1655358560137,1655358559844,4,1655358559844,43,4,5,0,0,0
DEVICE,1655358560169,1655358559876,4,1655358559876,43,4,5,0,0,0
DEVICE,1655358560201,1655358559908,4,1655358559908,43,4,5,0,0,0
DEVICE,1655358560232,1655358559939,4,1655358559939,44,4,5,0,0,0
DEVICE,1655358560265,1655358559972,4,1655358559972,43,4,5,0,0,0
DEVICE,1655358560297,1655358560004,4,1655358560004,42,4,5,0,0,0
DEVICE,1655358560329,1655358560036,4,1655358560036,41,4,5,0,0,0
DEVICE,1655358560361,1655358560068,4,1655358560068,41,4,5,0,0,0
DEVICE,1655358560393,1655358560100,4,1655358560100,41,4,5,0,0,0
DEVICE,1655358560425,1655358560132,4,1655358560132,43,4,5,0,0,0
DEVICE,1655358560457,1655358560164,4,1655358560164,42,4,5,0,0,0
DEVICE,1655358560488,1655358560195,4,1655358560195,44,4,5,0,0,0
DEVICE,1655358560521,1655358560228,4,1655358560228,43,4,5,0,0,0
DEVICE,1655358560552,1655358560259,4,1655358560259,41,4,5,0,0,0
DEVICE,1655358560585,1655358560292,4,1655358560292,42,4,5,0,0,0
DEVICE,1655358560616,1655358560323,4,1655358560323,43,4,5,0,0,0
DEVICE,1655358560648,1655358560355,4,1655358560355,43,4,5,0,0,0
DEVICE,1655358560680,1655358560387,4,1655358560387,43,4,5,0,0,0
DEVICE,1655358560713,1655358560420,4,1655358560420,43,4,5,0,0,0
DEVICE,1655358560745,1655358560452,4,1655358560452,43,4,5,0,0,0
DEVICE,1655358560777,1655358560484,4,1655358560484,42,4,5,0,0,0
DEVICE,1655358560808,1655358560515,4,1655358560515,44,4,5,0,0,0
DEVICE,1655358560841,1655358560548,4,1655358560548,42,4,5,0,0,0
DEVICE,1655358560873,1655358560580,4,1655358560580,44,4,5,0,0,0
DEVICE,1655358560905,1655358560612,4,1655358560612,41,4,5,0,0,0
DEVICE,1655358560936,1655358560643,4,1655358560643,43,4,5,0,0,0
DEVICE,1655358560969,1655358560676,4,1655358560676,44,4,5,0,0,0
DEVICE,1655358561001,1655358560708,4,1655358560708,43,4,5,0,0,0
DEVICE,1655358561032,1655358560739,4,1655358560739,42,4,5,0,0,0
DEVICE,1655358561064,1655358560771,4,1655358560771,43,4,5,0,0,0
DEVICE,1655358561097,1655358560804,4,1655358560804,44,4,5,0,0,0
DEVICE,1655358561112,1655358560819,4,1655358560819,41,4,5,0,0,0
DEVICE,1655358561161,1655358560868,4,1655358560868,44,4,5,0,0,0
DEVICE,1655358561177,1655358560884,4,1655358560884,44,4,5,0,0,0
DEVICE,1655358561209,1655358560916,4,1655358560916,43,4,5,0,0,0
DEVICE,1655358561240,1655358560947,4,1655358560947,44,4,5,0,0,0
DEVICE,1655358561272,1655358560979,4,1655358560979,44,4,5,0,0,0
DEVICE,1655358561304,1655358561011,4,1655358561011,43,4,5,0,0,0
DEVICE,1655358561337,1655358561044,4,1655358561044,40,4,5,0,0,0
DEVICE,1655358561368,1655358561075,4,1655358561075,44,4,5,0,0,0
DEVICE,1655358561401,1655358561108,4,1655358561108,42,4,5,0,0,0
DEVICE,1655358561432,1655358561139,4,1655358561139,42,4,5,0,0,0
DEVICE,1655358561465,1655358561172,4,1655358561172,45,4,5,0,0,0
DEVICE,1655358561496,1655358561203,4,1655358561203,44,4,5,0,0,0
DEVICE,1655358561529,1655358561236,4,1655358561236,41,4,5,0,0,0
DEVICE,1655358561561,1655358561268,4,1655358561268,44,4,5,0,0,0
DEVICE,1655358561592,1655358561299,4,1655358561299,41,4,5,0,0,0
DEVICE,1655358561624,1655358561331,4,1655358561331,42,4,5,0,0,0
DEVICE,1655358561656,1655358561363,4,1655358561363,40,4,5,0,0,0
DEVICE,1655358561688,1655358561395,4,1655358561395,43,4,5,0,0,0
DEVICE,1655358561721,1655358561428,4,1655358561428,44,4,5,0,0,0
DEVICE,1655358561753,1655358561460,4,1655358561460,44,4,5,0,0,0
DEVICE,1655358561784,1655358561491,4,1655358561491,43,4,5,0,0,0
DEVICE,1655358561816,1655358561523,4,1655358561523,45,4,5,0,0,0
DEVICE,1655358561848,1655358561555,4,1655358561555,41,4,5,0,0,0
DEVICE,1655358561880,1655358561587,4,1655358561587,41,4,5,0,0,0
DEVICE,1655358561912,1655358561619,4,1655358561619,42,4,5,0,0,0
DEVICE,1655358561944,1655358561651,4,1655358561651,42,4,5,0,0,0
DEVICE,1655358561976,1655358561683,4,1655358561683,43,4,5,0,0,0
DEVICE,1655358562008,1655358561715,4,1655358561715,43,4,5,0,0,0
DEVICE,1655358562040,1655358561747,4,1655358561747,45,4,5,0,0,0
DEVICE,1655358562073,1655358561780,4,1655358561780,41,4,5,0,0,0
DEVICE,1655358562105,1655358561812,4,1655358561812,45,4,5,0,0,0
DEVICE,1655358562136,1655358561843,4,1655358561843,39,3,5,0,0,0
DEVICE,1655358562168,1655358561875,4,1655358561875,41,4,5,0,0,0
DEVICE,1655358562200,1655358561907,4,1655358561907,43,4,5,0,0,0
DEVICE,1655358562232,1655358561939,4,1655358561939,43,4,5,0,0,0
DEVICE,1655358562264,1655358561971,4,1655358561971,43,4,5,0,0,0
DEVICE,1655358562296,1655358562003,4,1655358562003,44,4,5,0,0,0
DEVICE,1655358562328,1655358562035,4,1655358562035,45,4,5,0,0,0
DEVICE,1655358562360,1655358562067,4,1655358562067,42,4,5,0,0,0
DEVICE,1655358562392,1655358562099,4,1655358562099,45,4,5,0,0,0
DEVICE,1655358562424,1655358562131,4,1655358562131,42,4,5,0,0,0
DEVICE,1655358562456,1655358562163,4,1655358562163,43,4,5,0,0,0
DEVICE,1655358562488,1655358562195,4,1655358562195,42,4,5,0,0,0
DEVICE,1655358562520,1655358562227,4,1655358562227,40,4,5,0,0,0
DEVICE,1655358562552,1655358562259,4,1655358562259,45,4,5,0,0,0
DEVICE,1655358562584,1655358562291,4,1655358562291,44,4,5,0,0,0
DEVICE,1655358562616,1655358562323,4,1655358562323,42,4,5,0,0,0
DEVICE,1655358562647,1655358562354,4,1655358562354,43,4,5,0,0,0
DEVICE,1655358562680,1655358562387,4,1655358562387,42,4,5,0,0,0
DEVICE,1655358562712,1655358562419,4,1655358562419,44,4,5,0,0,0
DEVICE,1655358562743,1655358562450,4,1655358562450,41,4,5,0,0,0
DEVICE,1655358562775,1655358562482,4,1655358562482,42,4,5,0,0,0
DEVICE,1655358562808,1655358562515,4,1655358562515,41,4,5,0,0,0
DEVICE,1655358562839,1655358562546,4,1655358562546,44,4,5,0,0,0
DEVICE,1655358562855,1655358562562,4,1655358562562,45,4,5,0,0,0
DEVICE,1655358562888,1655358562595,4,1655358562595,45,4,5,0,0,0
DEVICE,1655358562920,1655358562627,4,1655358562627,42,4,5,0,0,0
DEVICE,1655358562952,1655358562659,4,1655358562659,42,4,5,0,0,0
DEVICE,1655358562984,1655358562691,4,1655358562691,42,4,5,0,0,0
DEVICE,1655358563016,1655358562723,4,1655358562723,43,4,5,0,0,0
DEVICE,1655358563048,1655358562755,4,1655358562755,43,4,5,0,0,0
DEVICE,1655358563080,1655358562787,4,1655358562787,45,4,5,0,0,0
DEVICE,1655358563111,1655358562818,4,1655358562818,41,4,5,0,0,0
DEVICE,1655358563144,1655358562851,4,1655358562851,45,4,5,0,0,0
DEVICE,1655358563175,1655358562882,4,1655358562882,44,4,5,0,0,0
DEVICE,1655358563208,1655358562915,4,1655358562915,43,4,5,0,0,0
DEVICE,1655358563240,1655358562947,4,1655358562947,42,4,5,0,0,0
DEVICE,1655358563272,1655358562979,4,1655358562979,44,4,5,0,0,0
DEVICE,1655358563303,1655358563010,4,1655358563010,41,4,5,0,0,0
DEVICE,1655358563335,1655358563042,4,1655358563042,43,4,5,0,0,0
DEVICE,1655358563367,1655358563074,4,1655358563074,43,4,5,0,0,0
DEVICE,1655358563399,1655358563106,4,1655358563106,43,4,5,0,0,0
DEVICE,1655358563431,1655358563138,4,1655358563138,44,4,5,0,0,0
DEVICE,1655358563464,1655358563171,4,1655358563171,41,4,5,0,0,0
DEVICE,1655358563495,1655358563202,4,1655358563202,43,4,5,0,0,0
DEVICE,1655358563527,1655358563234,4,1655358563234,45,4,5,0,0,0
DEVICE,1655358563559,1655358563266,4,1655358563266,43,4,5,0,0,0
DEVICE,1655358563591,1655358563298,4,1655358563298,40,4,5,0,0,0
DEVICE,1655358563623,1655358563330,4,1655358563330,40,4,5,0,0,0
DEVICE,1655358563655,1655358563362,4,1655358563362,43,4,5,0,0,0
DEVICE,1655358563687,1655358563394,4,1655358563394,43,4,5,0,0,0
DEVICE,1655358563720,1655358563427,4,1655358563427,42,4,5,0,0,0
DEVICE,1655358563751,1655358563458,4,1655358563458,42,4,5,0,0,0
DEVICE,1655358563783,1655358563490,4,1655358563490,43,4,5,0,0,0
DEVICE,1655358563815,1655358563522,4,1655358563522,45,4,5,0,0,0
DEVICE,1655358563847,1655358563554,4,1655358563554,43,4,5,0,0,0
DEVICE,1655358563880,1655358563587,4,1655358563587,41,4,5,0,0,0
DEVICE,1655358563912,1655358563619,4,1655358563619,41,4,5,0,0,0
DEVICE,1655358563943,1655358563650,4,1655358563650,43,4,5,0,0,0
DEVICE,1655358563975,1655358563682,4,1655358563682,41,4,5,0,0,0
DEVICE,1655358564007,1655358563714,4,1655358563714,41,4,5,0,0,0
DEVICE,1655358564039,1655358563746,4,1655358563746,43,4,5,0,0,0
DEVICE,1655358564071,1655358563778,4,1655358563778,43,4,5,0,0,0
DEVICE,1655358564103,1655358563810,4,1655358563810,42,4,5,0,0,0
DEVICE,1655358564136,1655358563843,4,1655358563843,44,4,5,0,0,0
DEVICE,1655358564168,1655358563875,4,1655358563875,44,4,5,0,0,0
DEVICE,1655358564199,1655358563906,4,1655358563906,43,4,5,0,0,0
DEVICE,1655358564231,1655358563938,4,1655358563938,42,4,5,0,0,0
DEVICE,1655358564264,1655358563971,4,1655358563971,42,4,5,0,0,0
DEVICE,1655358564295,1655358564002,4,1655358564002,44,4,5,0,0,0
DEVICE,1655358564327,1655358564034,4,1655358564034,45,4,5,0,0,0
DEVICE,1655358564359,1655358564066,4,1655358564066,42,4,5,0,0,0
DEVICE,1655358564391,1655358564098,4,1655358564098,43,4,5,0,0,0
DEVICE,1655358564423,1655358564130,4,1655358564130,41,4,5,0,0,0
DEVICE,1655358564455,1655358564162,4,1655358564162,44,4,5,0,0,0
DEVICE,1655358564487,1655358564194,4,1655358564194,43,4,5,0,0,0
DEVICE,1655358564503,1655358564210,4,1655358564210,45,4,5,0,0,0
DEVICE,1655358564535,1655358564242,4,1655358564242,45,4,5,0,0,0
DEVICE,1655358564567,1655358564274,4,1655358564274,41,4,5,0,0,0
DEVICE,1655358564599,1655358564306,4,1655358564306,41,4,5,0,0,0
DEVICE,1655358564631,1655358564338,4,1655358564338,43,4,5,0,0,0
DEVICE,1655358564663,1655358564370,4,1655358564370,43,4,5,0,0,0
DEVICE,1655358564695,1655358564402,4,1655358564402,43,4,5,0,0,0
DEVICE,1655358564727,1655358564434,4,1655358564434,44,4,5,0,0,0
DEVICE,1655358564759,1655358564466,4,1655358564466,43,4,5,0,0,0
DEVICE,1655358564791,1655358564498,4,1655358564498,41,4,5,0,0,0
DEVICE,1655358564823,1655358564530,4,1655358564530,40,4,5,0,0,0
DEVICE,1655358564856,1655358564563,4,1655358564563,43,4,5,0,0,0
DEVICE,1655358564887,1655358564594,4,1655358564594,42,4,5,0,0,0
DEVICE,1655358564919,1655358564626,4,1655358564626,42,4,5,0,0,0
DEVICE,1655358564951,1655358564658,4,1655358564658,41,4,5,0,0,0
DEVICE,1655358564983,1655358564690,4,1655358564690,41,4,5,0,0,0
DEVICE,1655358565015,1655358564722,4,1655358564722,43,4,5,0,0,0
DEVICE,1655358565047,1655358564754,4,1655358564754,42,4,5,0,0,0
DEVICE,1655358565078,1655358564785,4,1655358564785,44,4,5,0,0,0
DEVICE,1655358565111,1655358564818,4,1655358564818,42,4,5,0,0,0
DEVICE,1655358565142,1655358564849,4,1655358564849,41,4,5,0,0,0
DEVICE,1655358565175,1655358564882,4,1655358564882,44,4,5,0,0,0
DEVICE,1655358565207,1655358564914,4,1655358564914,43,4,5,0,0,0
DEVICE,1655358565239,1655358564946,4,1655358564946,45,4,5,0,0,0
DEVICE,1655358565270,1655358564977,4,1655358564977,44,4,5,0,0,0
DEVICE,1655358565303,1655358565010,4,1655358565010,42,4,5,0,0,0
DEVICE,1655358565335,1655358565042,4,1655358565042,42,4,5,0,0,0
DEVICE,1655358565367,1655358565074,4,1655358565074,44,4,5,0,0,0
DEVICE,1655358565399,1655358565106,4,1655358565106,41,4,5,0,0,0
DEVICE,1655358565430,1655358565137,4,1655358565137,43,4,5,0,0,0
DEVICE,1655358565462,1655358565169,4,1655358565169,43,4,5,0,0,0
DEVICE,1655358565495,1655358565202,4,1655358565202,44,4,5,0,0,0
DEVICE,1655358565527,1655358565234,4,1655358565234,43,4,5,0,0,0
DEVICE,1655358565559,1655358565266,4,1655358565266,45,4,5,0,0,0
DEVICE,1655358565591,1655358565298,4,1655358565298,44,4,5,0,0,0
DEVICE,1655358565622,1655358565329,4,1655358565329,43,4,5,0,0,0
DEVICE,1655358565655,1655358565362,4,1655358565362,43,4,5,0,0,0
DEVICE,1655358565686,1655358565393,4,1655358565393,41,4,5,0,0,0
DEVICE,1655358565719,1655358565426,4,1655358565426,44,4,5,0,0,0
DEVICE,1655358565751,1655358565458,4,1655358565458,44,4,5,0,0,0
DEVICE,1655358565783,1655358565490,4,1655358565490,42,4,5,0,0,0
DEVICE,1655358565814,1655358565521,4,1655358565521,44,4,5,0,0,0
DEVICE,1655358565847,1655358565554,4,1655358565554,43,4,5,0,0,0
DEVICE,1655358565879,1655358565586,4,1655358565586,45,4,5,0,0,0
DEVICE,1655358565910,1655358565617,4,1655358565617,44,4,5,0,0,0
DEVICE,1655358565942,1655358565649,4,1655358565649,42,4,5,0,0,0
DEVICE,1655358565974,1655358565681,4,1655358565681,43,4,5,0,0,0
DEVICE,1655358566006,1655358565713,4,1655358565713,44,4,5,0,0,0
DEVICE,1655358566038,1655358565745,4,1655358565745,43,4,5,0,0,0
DEVICE,1655358566070,1655358565777,4,1655358565777,41,4,5,0,0,0
DEVICE,1655358566102,1655358565809,4,1655358565809,46,4,5,0,0,0
DEVICE,1655358566134,1655358565841,4,1655358565841,45,4,5,0,0,0
DEVICE,1655358566166,1655358565873,4,1655358565873,41,4,5,0,0,0
DEVICE,1655358566198,1655358565905,4,1655358565905,43,4,5,0,0,0
DEVICE,1655358566214,1655358565921,4,1655358565921,46,4,5,0,0,0
DEVICE,1655358566247,1655358565954,4,1655358565954,43,4,5,0,0,0
DEVICE,1655358566278,1655358565985,4,1655358565985,43,4,5,0,0,0
DEVICE,1655358566311,1655358566018,4,1655358566018,44,4,5,0,0,0
DEVICE,1655358566343,1655358566050,4,1655358566050,40,4,5,0,0,0
DEVICE,1655358566374,1655358566081,4,1655358566081,43,4,5,0,0,0
DEVICE,1655358566406,1655358566113,4,1655358566113,42,4,5,0,0,0
DEVICE,1655358566439,1655358566146,4,1655358566146,44,4,5,0,0,0
DEVICE,1655358566470,1655358566177,4,1655358566177,43,4,5,0,0,0
DEVICE,1655358566502,1655358566209,4,1655358566209,46,4,5,0,0,0
DEVICE,1655358566534,1655358566241,4,1655358566241,44,4,5,0,0,0
DEVICE,1655358566566,1655358566273,4,1655358566273,41,4,5,0,0,0
DEVICE,1655358566598,1655358566305,4,1655358566305,43,4,5,0,0,0
DEVICE,1655358566631,1655358566338,4,1655358566338,42,4,5,0,0,0
DEVICE,1655358566662,1655358566369,4,1655358566369,41,4,5,0,0,0
DEVICE,1655358566694,1655358566401,4,1655358566401,43,4,5,0,0,0
DEVICE,1655358566726,1655358566433,4,1655358566433,42,4,5,0,0,0
DEVICE,1655358566757,1655358566464,4,1655358566464,42,4,5,0,0,0
DEVICE,1655358566790,1655358566497,4,1655358566497,42,4,5,0,0,0
DEVICE,1655358566822,1655358566529,4,1655358566529,44,4,5,0,0,0
DEVICE,1655358566854,1655358566561,4,1655358566561,45,4,5,0,0,0
DEVICE,1655358566886,1655358566593,4,1655358566593,42,4,5,0,0,0
DEVICE,1655358566919,1655358566626,4,1655358566626,43,4,5,0,0,0
DEVICE,1655358566950,1655358566657,4,1655358566657,43,4,5,0,0,0
DEVICE,1655358566982,1655358566689,4,1655358566689,42,4,5,0,0,0
DEVICE,1655358567015,1655358566722,4,1655358566722,41,4,5,0,0,0
DEVICE,1655358567046,1655358566753,4,1655358566753,43,4,5,0,0,0
DEVICE,1655358567078,1655358566785,4,1655358566785,42,4,5,0,0,0
DEVICE,1655358567110,1655358566817,4,1655358566817,41,4,5,0,0,0
DEVICE,1655358567142,1655358566849,4,1655358566849,42,4,5,0,0,0
DEVICE,1655358567174,1655358566881,4,1655358566881,45,4,5,0,0,0
DEVICE,1655358567206,1655358566913,4,1655358566913,42,4,5,0,0,0
DEVICE,1655358567238,1655358566945,4,1655358566945,43,4,5,0,0,0
DEVICE,1655358567270,1655358566977,4,1655358566977,43,4,5,0,0,0
DEVICE,1655358567302,1655358567009,4,1655358567009,43,4,5,0,0,0
DEVICE,1655358567334,1655358567041,4,1655358567041,44,4,5,0,0,0
DEVICE,1655358567366,1655358567073,4,1655358567073,42,4,5,0,0,0
DEVICE,1655358567397,1655358567104,4,1655358567104,43,4,5,0,0,0
DEVICE,1655358567430,1655358567137,4,1655358567137,44,4,5,0,0,0
DEVICE,1655358567462,1655358567169,4,1655358567169,42,4,5,0,0,0
DEVICE,1655358567494,1655358567201,4,1655358567201,42,4,5,0,0,0
DEVICE,1655358567526,1655358567233,4,1655358567233,41,4,5,0,0,0
DEVICE,1655358567558,1655358567265,4,1655358567265,42,4,5,0,0,0
DEVICE,1655358567590,1655358567297,4,1655358567297,44,4,5,0,0,0
DEVICE,1655358567621,1655358567328,4,1655358567328,41,4,5,0,0,0
DEVICE,1655358567654,1655358567361,4,1655358567361,44,4,5,0,0,0
DEVICE,1655358567685,1655358567392,4,1655358567392,44,4,5,0,0,0
DEVICE,1655358567718,1655358567425,4,1655358567425,43,4,5,0,0,0
DEVICE,1655358567750,1655358567457,4,1655358567457,42,4,5,0,0,0
DEVICE,1655358567782,1655358567489,4,1655358567489,45,4,5,0,0,0
DEVICE,1655358567813,1655358567520,4,1655358567520,41,4,5,0,0,0
DEVICE,1655358567846,1655358567553,4,1655358567553,43,4,5,0,0,0
DEVICE,1655358567878,1655358567585,4,1655358567585,45,4,5,0,0,0
DEVICE,1655358567893,1655358567600,4,1655358567600,45,4,5,0,0,0
DEVICE,1655358567926,1655358567633,4,1655358567633,42,4,5,0,0,0
DEVICE,1655358567958,1655358567665,4,1655358567665,44,4,5,0,0,0
DEVICE,1655358567989,1655358567696,4,1655358567696,42,4,5,0,0,0
DEVICE,1655358568022,1655358567729,4,1655358567729,47,4,5,0,0,0
DEVICE,1655358568053,1655358567760,4,1655358567760,42,4,5,0,0,0
DEVICE,1655358568086,1655358567793,4,1655358567793,44,4,5,0,0,0
DEVICE,1655358568118,1655358567825,4,1655358567825,44,4,5,0,0,0
DEVICE,1655358568150,1655358567857,4,1655358567857,44,4,5,0,0,0
DEVICE,1655358568182,1655358567889,4,1655358567889,42,4,5,0,0,0
