DeviceName,PTPTime,UnixTime,protocool,CurrentDeviceTime,DistanceMM,DistanceCM,Weight,Count,DistanceADC,WeightADCDeviceName(Current)
DEVICE,1655187693868,1649994418725,4,1649994418725,802,80,0,0,0,0
DEVICE,1655187693900,1649994418757,4,1649994418757,795,79,0,0,0,0
DEVICE,1655187693932,1649994418789,4,1649994418789,790,79,0,0,0,0
DEVICE,1655187693964,1649994418821,4,1649994418821,783,78,0,0,0,0
DEVICE,1655187693996,1649994418853,4,1649994418853,800,80,0,0,0,0
DEVICE,1655187694028,1649994418885,4,1649994418885,788,78,0,0,0,0
DEVICE,1655187694060,1649994418917,4,1649994418917,799,79,0,0,0,0
DEVICE,1655187694092,1649994418949,4,1649994418949,798,79,0,0,0,0
DEVICE,1655187694124,1649994418981,4,1649994418981,799,79,0,0,0,0
DEVICE,1655187694156,1649994419013,4,1649994419013,811,81,0,0,0,0
DEVICE,1655187694188,1649994419045,4,1649994419045,796,79,0,0,0,0
DEVICE,1655187694220,1649994419077,4,1649994419077,803,80,0,0,0,0
DEVICE,1655187694252,1649994419109,4,1649994419109,828,82,0,0,0,0
DEVICE,1655187694283,1649994419140,4,1649994419140,800,80,0,0,0,0
DEVICE,1655187694315,1649994419172,4,1649994419172,807,80,0,0,0,0
DEVICE,1655187694347,1649994419204,4,1649994419204,794,79,0,0,0,0
DEVICE,1655187694379,1649994419236,4,1649994419236,794,79,0,0,0,0
DEVICE,1655187694411,1649994419268,4,1649994419268,797,79,0,0,0,0
DEVICE,1655187694443,1649994419300,4,1649994419300,784,78,0,0,0,0
DEVICE,1655187694476,1649994419333,4,1649994419333,799,79,0,0,0,0
DEVICE,1655187694508,1649994419365,4,1649994419365,779,77,0,0,0,0
DEVICE,1655187694540,1649994419397,4,1649994419397,790,79,0,0,0,0
DEVICE,1655187694572,1649994419429,4,1649994419429,786,78,0,0,0,0
DEVICE,1655187694603,1649994419460,4,1649994419460,795,79,0,0,0,0
DEVICE,1655187694636,1649994419493,4,1649994419493,784,78,0,0,0,0
DEVICE,1655187694667,1649994419524,4,1649994419524,784,78,0,0,0,0
DEVICE,1655187694699,1649994419556,4,1649994419556,792,79,0,0,0,0
DEVICE,1655187694731,1649994419588,4,1649994419588,800,80,0,0,0,0
DEVICE,1655187694763,1649994419620,4,1649994419620,780,78,0,0,0,0
DEVICE,1655187694795,1649994419652,4,1649994419652,802,80,0,0,0,0
DEVICE,1655187694827,1649994419684,4,1649994419684,798,79,0,0,0,0
DEVICE,1655187694875,1649994419732,4,1649994419732,799,79,0,0,33731,0
DEVICE,1655187694891,1649994419748,4,1649994419748,809,80,0,0,33731,0
DEVICE,1655187694923,1649994419780,4,1649994419780,792,79,0,0,33731,0
DEVICE,1655187694955,1649994419812,4,1649994419812,786,78,0,0,33731,0
DEVICE,1655187694987,1649994419844,4,1649994419844,790,79,0,0,33731,0
DEVICE,1655187695019,1649994419876,4,1649994419876,813,81,0,0,33731,0
DEVICE,1655187695051,1649994419908,4,1649994419908,798,79,0,0,33731,0
DEVICE,1655187695083,1649994419940,4,1649994419940,790,79,0,0,33731,0
DEVICE,1655187695115,1649994419972,4,1649994419972,782,78,0,0,33731,0
DEVICE,1655187695147,1649994420004,4,1649994420004,798,79,0,0,33731,0
DEVICE,1655187695179,1649994420036,4,1649994420036,809,80,0,0,33731,0
DEVICE,1655187695211,1649994420068,4,1649994420068,797,79,0,0,33731,0
DEVICE,1655187695243,1649994420100,4,1649994420100,806,80,0,0,33731,0
DEVICE,1655187695274,1649994420131,4,1649994420131,805,80,0,0,33731,0
DEVICE,1655187695307,1649994420164,4,1649994420164,799,79,0,0,33731,0
DEVICE,1655187695339,1649994420196,4,1649994420196,791,79,0,0,33731,0
DEVICE,1655187695371,1649994420228,4,1649994420228,796,79,0,0,33731,0
DEVICE,1655187695403,1649994420260,4,1649994420260,799,79,0,0,33731,0
DEVICE,1655187695435,1649994420292,4,1649994420292,803,80,0,0,33731,0
DEVICE,1655187695467,1649994420324,4,1649994420324,791,79,0,0,33731,0
DEVICE,1655187695499,1649994420356,4,1649994420356,800,80,0,0,33731,0
DEVICE,1655187695531,1649994420388,4,1649994420388,804,80,0,0,33731,0
DEVICE,1655187695563,1649994420420,4,1649994420420,797,79,0,0,33731,0
DEVICE,1655187695595,1649994420452,4,1649994420452,795,79,0,0,33731,0
DEVICE,1655187695627,1649994420484,4,1649994420484,804,80,0,0,33731,0
DEVICE,1655187695659,1649994420516,4,1649994420516,821,82,0,0,33731,0
DEVICE,1655187695691,1649994420548,4,1649994420548,803,80,0,0,33731,0
DEVICE,1655187695723,1649994420580,4,1649994420580,793,79,0,0,33731,0
DEVICE,1655187695755,1649994420612,4,1649994420612,803,80,0,0,33731,0
DEVICE,1655187695787,1649994420644,4,1649994420644,805,80,0,0,33731,0
DEVICE,1655187695819,1649994420676,4,1649994420676,806,80,0,0,33731,0
DEVICE,1655187695851,1649994420708,4,1649994420708,808,80,0,0,33762,0
DEVICE,1655187695883,1649994420740,4,1649994420740,796,79,0,0,33762,0
DEVICE,1655187695915,1649994420772,4,1649994420772,788,78,0,0,33762,0
DEVICE,1655187695947,1649994420804,4,1649994420804,775,77,0,0,33762,0
DEVICE,1655187695979,1649994420836,4,1649994420836,809,80,0,0,33762,0
DEVICE,1655187696011,1649994420868,4,1649994420868,786,78,0,0,33762,0
DEVICE,1655187696043,1649994420900,4,1649994420900,809,80,0,0,33762,0
DEVICE,1655187696075,1649994420932,4,1649994420932,803,80,0,0,33762,0
DEVICE,1655187696107,1649994420964,4,1649994420964,800,80,0,0,33762,0
DEVICE,1655187696139,1649994420996,4,1649994420996,784,78,0,0,33762,0
DEVICE,1655187696171,1649994421028,4,1649994421028,780,78,0,0,33762,0
DEVICE,1655187696203,1649994421060,4,1649994421060,803,80,0,0,33762,0
DEVICE,1655187696235,1649994421092,4,1649994421092,808,80,0,0,33762,0
DEVICE,1655187696267,1649994421124,4,1649994421124,801,80,0,0,33762,0
DEVICE,1655187696298,1649994421155,4,1649994421155,802,80,0,0,33762,0
DEVICE,1655187696331,1649994421188,4,1649994421188,807,80,0,0,33762,0
DEVICE,1655187696363,1649994421220,4,1649994421220,800,80,0,0,33762,0
DEVICE,1655187696394,1649994421251,4,1649994421251,800,80,0,0,33762,0
DEVICE,1655187696426,1649994421283,4,1649994421283,797,79,0,0,33762,0
DEVICE,1655187696459,1649994421316,4,1649994421316,810,81,0,0,33762,0
DEVICE,1655187696491,1649994421348,4,1649994421348,805,80,0,0,33762,0
DEVICE,1655187696523,1649994421380,4,1649994421380,810,81,0,0,33762,0
DEVICE,1655187696555,1649994421412,4,1649994421412,809,80,0,0,33762,0
DEVICE,1655187696586,1649994421443,4,1649994421443,803,80,0,0,33762,0
DEVICE,1655187696618,1649994421475,4,1649994421475,806,80,0,0,33762,0
DEVICE,1655187696650,1649994421507,4,1649994421507,798,79,0,0,33762,0
DEVICE,1655187696682,1649994421539,4,1649994421539,809,80,0,0,33762,0
DEVICE,1655187696714,1649994421571,4,1649994421571,807,80,0,0,33762,0
DEVICE,1655187696746,1649994421603,4,1649994421603,818,81,0,0,33762,0
DEVICE,1655187696778,1649994421635,4,1649994421635,802,80,0,0,33762,0
DEVICE,1655187696810,1649994421667,4,1649994421667,783,78,0,0,33762,0
DEVICE,1655187696843,1649994421700,4,1649994421700,801,80,0,0,33762,0
DEVICE,1655187696875,1649994421732,4,1649994421732,799,79,0,0,33800,0
DEVICE,1655187696906,1649994421763,4,1649994421763,787,78,0,0,33800,0
DEVICE,1655187696938,1649994421795,4,1649994421795,804,80,0,0,33800,0
DEVICE,1655187696970,1649994421827,4,1649994421827,799,79,0,0,33800,0
DEVICE,1655187697002,1649994421859,4,1649994421859,795,79,0,0,33800,0
DEVICE,1655187697034,1649994421891,4,1649994421891,790,79,0,0,33800,0
DEVICE,1655187697066,1649994421923,4,1649994421923,786,78,0,0,33800,0
DEVICE,1655187697098,1649994421955,4,1649994421955,788,78,0,0,33800,0
DEVICE,1655187697130,1649994421987,4,1649994421987,807,80,0,0,33800,0
DEVICE,1655187697226,1649994422083,4,1649994422083,791,79,0,0,33800,0
DEVICE,1655187697162,1649994422019,4,1649994422019,787,78,0,0,33800,0
DEVICE,1655187697196,1649994422053,4,1649994422053,811,81,0,0,33800,0
DEVICE,1655187697258,1649994422115,4,1649994422115,784,78,0,0,33800,0
DEVICE,1655187697290,1649994422147,4,1649994422147,795,79,0,0,33800,0
DEVICE,1655187697322,1649994422179,4,1649994422179,797,79,0,0,33800,0
DEVICE,1655187697354,1649994422211,4,1649994422211,796,79,0,0,33800,0
DEVICE,1655187697386,1649994422243,4,1649994422243,803,80,0,0,33800,0
DEVICE,1655187697418,1649994422275,4,1649994422275,798,79,0,0,33800,0
DEVICE,1655187697450,1649994422307,4,1649994422307,804,80,0,0,33800,0
DEVICE,1655187697482,1649994422339,4,1649994422339,796,79,0,0,33800,0
DEVICE,1655187697514,1649994422371,4,1649994422371,803,80,0,0,33800,0
DEVICE,1655187697546,1649994422403,4,1649994422403,797,79,0,0,33800,0
DEVICE,1655187697578,1649994422435,4,1649994422435,795,79,0,0,33800,0
DEVICE,1655187697610,1649994422467,4,1649994422467,805,80,0,0,33800,0
DEVICE,1655187697642,1649994422499,4,1649994422499,797,79,0,0,33800,0
DEVICE,1655187697658,1649994422515,4,1649994422515,802,80,0,0,33800,0
DEVICE,1655187697690,1649994422547,4,1649994422547,801,80,0,0,33800,0
DEVICE,1655187697722,1649994422579,4,1649994422579,812,81,0,0,33800,0
DEVICE,1655187697754,1649994422611,4,1649994422611,805,80,0,0,33800,0
DEVICE,1655187697786,1649994422643,4,1649994422643,790,79,0,0,33800,0
DEVICE,1655187697818,1649994422675,4,1649994422675,797,79,0,0,33800,0
DEVICE,1655187697866,1649994422723,4,1649994422723,795,79,0,0,33800,0
DEVICE,1655187697882,1649994422739,4,1649994422739,798,79,0,0,33800,0
DEVICE,1655187697914,1649994422771,4,1649994422771,790,79,0,0,33800,0
DEVICE,1655187697946,1649994422803,4,1649994422803,814,81,0,0,33800,0
DEVICE,1655187697978,1649994422835,4,1649994422835,789,78,0,0,33800,0
DEVICE,1655187698010,1649994422867,4,1649994422867,797,79,0,0,33800,0
DEVICE,1655187698042,1649994422899,4,1649994422899,801,80,0,0,33800,0
DEVICE,1655187698074,1649994422931,4,1649994422931,801,80,0,0,33800,0
DEVICE,1655187698106,1649994422963,4,1649994422963,801,80,0,0,33800,0
DEVICE,1655187698138,1649994422995,4,1649994422995,797,79,0,0,33800,0
DEVICE,1655187698170,1649994423027,4,1649994423027,786,78,0,0,33800,0
DEVICE,1655187698202,1649994423059,4,1649994423059,800,80,0,0,33800,0
DEVICE,1655187698234,1649994423091,4,1649994423091,798,79,0,0,33800,0
DEVICE,1655187698266,1649994423123,4,1649994423123,805,80,0,0,33800,0
DEVICE,1655187698298,1649994423155,4,1649994423155,789,78,0,0,33800,0
DEVICE,1655187698330,1649994423187,4,1649994423187,791,79,0,0,33800,0
DEVICE,1655187698362,1649994423219,4,1649994423219,774,77,0,0,33800,0
DEVICE,1655187698394,1649994423251,4,1649994423251,791,79,0,0,33800,0
DEVICE,1655187698426,1649994423283,4,1649994423283,769,76,0,0,33800,0
DEVICE,1655187698458,1649994423315,4,1649994423315,773,77,0,0,33800,0
DEVICE,1655187698490,1649994423347,4,1649994423347,757,75,0,0,33800,0
DEVICE,1655187698522,1649994423379,4,1649994423379,745,74,0,0,33800,0
DEVICE,1655187698554,1649994423411,4,1649994423411,725,72,5,0,33800,0
DEVICE,1655187698586,1649994423443,4,1649994423443,736,73,5,0,33800,0
DEVICE,1655187698618,1649994423475,4,1649994423475,722,72,5,0,33800,0
DEVICE,1655187698650,1649994423507,4,1649994423507,697,69,5,0,33800,0
DEVICE,1655187698682,1649994423539,4,1649994423539,695,69,5,0,33800,0
DEVICE,1655187698714,1649994423571,4,1649994423571,672,67,5,0,33800,0
DEVICE,1655187698746,1649994423603,4,1649994423603,655,65,5,0,33800,0
DEVICE,1655187698777,1649994423634,4,1649994423634,648,64,5,1,33800,0
DEVICE,1655187698809,1649994423666,4,1649994423666,631,63,15,1,33800,2981
DEVICE,1655187698842,1649994423699,4,1649994423699,602,60,15,1,33800,3043
DEVICE,1655187698874,1649994423731,4,1649994423731,595,59,15,1,33800,3043
DEVICE,1655187698906,1649994423763,4,1649994423763,585,58,15,1,33800,3043
DEVICE,1655187698937,1649994423794,4,1649994423794,558,55,15,1,33800,3043
DEVICE,1655187698970,1649994423827,4,1649994423827,544,54,15,1,33800,3043
DEVICE,1655187699001,1649994423858,4,1649994423858,519,51,15,1,33800,3043
DEVICE,1655187699033,1649994423890,4,1649994423890,518,51,15,1,33800,3043
DEVICE,1655187699065,1649994423922,4,1649994423922,503,50,15,1,33800,3043
DEVICE,1655187699097,1649994423954,4,1649994423954,502,50,15,1,33800,3041
DEVICE,1655187699129,1649994423986,4,1649994423986,489,48,15,1,33800,3039
DEVICE,1655187699161,1649994424018,4,1649994424018,492,49,15,1,33800,3033
DEVICE,1655187699193,1649994424050,4,1649994424050,493,49,15,1,33800,3022
DEVICE,1655187699226,1649994424083,4,1649994424083,496,49,15,1,33800,3010
DEVICE,1655187699257,1649994424114,4,1649994424114,517,51,15,1,33800,3002
DEVICE,1655187699290,1649994424147,4,1649994424147,529,52,15,1,33800,3000
DEVICE,1655187699321,1649994424178,4,1649994424178,543,54,15,1,33800,3000
DEVICE,1655187699353,1649994424210,4,1649994424210,556,55,15,1,33800,3000
DEVICE,1655187699385,1649994424242,4,1649994424242,580,58,15,1,33800,3000
DEVICE,1655187699417,1649994424274,4,1649994424274,608,60,15,1,33800,3000
DEVICE,1655187699449,1649994424306,4,1649994424306,610,61,15,1,33800,3000
DEVICE,1655187699481,1649994424338,4,1649994424338,629,62,15,1,33800,3002
DEVICE,1655187699513,1649994424370,4,1649994424370,642,64,15,1,33800,3006
DEVICE,1655187699545,1649994424402,4,1649994424402,645,64,15,1,33800,3012
DEVICE,1655187699578,1649994424435,4,1649994424435,677,67,15,1,33800,3020
DEVICE,1655187699610,1649994424467,4,1649994424467,690,69,15,1,33800,3029
DEVICE,1655187699641,1649994424498,4,1649994424498,691,69,15,1,33800,3037
DEVICE,1655187699673,1649994424530,4,1649994424530,700,70,15,1,33800,3041
DEVICE,1655187699705,1649994424562,4,1649994424562,717,71,15,1,33800,3043
DEVICE,1655187699737,1649994424594,4,1649994424594,736,73,15,1,33800,3043
DEVICE,1655187699769,1649994424626,4,1649994424626,730,73,15,1,33800,3043
DEVICE,1655187699801,1649994424658,4,1649994424658,736,73,15,1,33800,3043
DEVICE,1655187699833,1649994424690,4,1649994424690,737,73,15,1,33800,3043
DEVICE,1655187699865,1649994424722,4,1649994424722,765,76,0,1,33800,3043
DEVICE,1655187699897,1649994424754,4,1649994424754,757,75,0,1,33800,3043
DEVICE,1655187699929,1649994424786,4,1649994424786,762,76,0,1,33800,2029
DEVICE,1655187699961,1649994424818,4,1649994424818,769,76,0,1,33800,1014
DEVICE,1655187699993,1649994424850,4,1649994424850,751,75,0,1,33800,0
DEVICE,1655187700025,1649994424882,4,1649994424882,770,77,0,1,33800,0
DEVICE,1655187700057,1649994424914,4,1649994424914,768,76,0,1,33800,0
DEVICE,1655187700089,1649994424946,4,1649994424946,761,76,0,1,33800,0
DEVICE,1655187700121,1649994424978,4,1649994424978,745,74,0,1,33800,0
DEVICE,1655187700153,1649994425010,4,1649994425010,728,72,5,1,33800,0
DEVICE,1655187700185,1649994425042,4,1649994425042,726,72,5,1,33800,0
DEVICE,1655187700217,1649994425074,4,1649994425074,714,71,5,1,33800,0
DEVICE,1655187700249,1649994425106,4,1649994425106,697,69,5,1,33800,0
DEVICE,1655187700280,1649994425137,4,1649994425137,684,68,5,1,33800,0
DEVICE,1655187700313,1649994425170,4,1649994425170,680,68,5,1,33800,0
DEVICE,1655187700345,1649994425202,4,1649994425202,663,66,5,1,33800,0
DEVICE,1655187700377,1649994425234,4,1649994425234,635,63,5,2,33800,0
DEVICE,1655187700409,1649994425266,4,1649994425266,622,62,15,2,33800,3137
DEVICE,1655187700441,1649994425298,4,1649994425298,617,61,15,2,33800,3137
DEVICE,1655187700473,1649994425330,4,1649994425330,598,59,15,2,33800,3137
DEVICE,1655187700505,1649994425362,4,1649994425362,582,58,15,2,33800,3137
DEVICE,1655187700537,1649994425394,4,1649994425394,568,56,15,2,33800,3131
DEVICE,1655187700569,1649994425426,4,1649994425426,557,55,15,2,33800,3118
DEVICE,1655187700601,1649994425458,4,1649994425458,556,55,15,2,33800,3102
DEVICE,1655187700632,1649994425489,4,1649994425489,544,54,15,2,33800,3091
DEVICE,1655187700664,1649994425521,4,1649994425521,523,52,15,2,33800,3085
DEVICE,1655187700697,1649994425554,4,1649994425554,523,52,15,2,33800,3083
DEVICE,1655187700729,1649994425586,4,1649994425586,520,52,15,2,33800,3081
DEVICE,1655187700760,1649994425617,4,1649994425617,521,52,15,2,33800,3081
DEVICE,1655187700793,1649994425650,4,1649994425650,520,52,15,2,33800,3083
DEVICE,1655187700825,1649994425682,4,1649994425682,524,52,15,2,33800,3085
DEVICE,1655187700857,1649994425714,4,1649994425714,539,53,15,2,33800,3087
DEVICE,1655187700888,1649994425745,4,1649994425745,546,54,15,2,33800,3089
DEVICE,1655187700920,1649994425777,4,1649994425777,563,56,15,2,33800,3093
DEVICE,1655187700953,1649994425810,4,1649994425810,580,58,15,2,33800,3097
DEVICE,1655187700984,1649994425841,4,1649994425841,595,59,15,2,33800,3102
DEVICE,1655187701016,1649994425873,4,1649994425873,601,60,15,2,33800,3106
DEVICE,1655187701048,1649994425905,4,1649994425905,626,62,15,2,33800,3110
DEVICE,1655187701080,1649994425937,4,1649994425937,634,63,15,2,33800,3112
DEVICE,1655187701112,1649994425969,4,1649994425969,654,65,15,2,33800,3112
DEVICE,1655187701144,1649994426001,4,1649994426001,662,66,15,2,33800,3112
DEVICE,1655187701177,1649994426034,4,1649994426034,669,66,15,2,33800,3112
DEVICE,1655187701208,1649994426065,4,1649994426065,673,67,15,2,33800,3112
DEVICE,1655187701241,1649994426098,4,1649994426098,692,69,15,2,33800,3114
DEVICE,1655187701272,1649994426129,4,1649994426129,699,69,15,2,33800,3120
DEVICE,1655187701304,1649994426161,4,1649994426161,708,70,15,2,33800,3127
DEVICE,1655187701336,1649994426193,4,1649994426193,716,71,15,2,33800,3131
DEVICE,1655187701368,1649994426225,4,1649994426225,721,72,15,2,33800,3131
DEVICE,1655187701400,1649994426257,4,1649994426257,710,71,15,2,33800,3131
DEVICE,1655187701432,1649994426289,4,1649994426289,721,72,15,2,33800,3131
DEVICE,1655187701464,1649994426321,4,1649994426321,716,71,15,2,33800,3131
DEVICE,1655187701496,1649994426353,4,1649994426353,733,73,15,2,33800,3131
DEVICE,1655187701528,1649994426385,4,1649994426385,741,74,15,2,33800,3131
DEVICE,1655187701560,1649994426417,4,1649994426417,730,73,15,2,33800,3131
DEVICE,1655187701592,1649994426449,4,1649994426449,730,73,15,2,33800,3131
DEVICE,1655187701624,1649994426481,4,1649994426481,707,70,15,2,33800,3131
DEVICE,1655187701656,1649994426513,4,1649994426513,702,70,15,2,33800,3131
DEVICE,1655187701688,1649994426545,4,1649994426545,699,69,15,2,33800,3131
DEVICE,1655187701720,1649994426577,4,1649994426577,679,67,15,2,33800,3131
DEVICE,1655187701752,1649994426609,4,1649994426609,657,65,15,2,33800,3131
DEVICE,1655187701784,1649994426641,4,1649994426641,663,66,15,2,33800,3131
DEVICE,1655187701816,1649994426673,4,1649994426673,646,64,15,3,33800,3131
DEVICE,1655187701848,1649994426705,4,1649994426705,630,63,15,3,33800,3156
DEVICE,1655187701880,1649994426737,4,1649994426737,622,62,15,3,33800,3156
DEVICE,1655187701912,1649994426769,4,1649994426769,598,59,15,3,33800,3156
DEVICE,1655187701944,1649994426801,4,1649994426801,587,58,15,3,33800,3156
DEVICE,1655187701976,1649994426833,4,1649994426833,579,57,15,3,33800,3156
DEVICE,1655187702008,1649994426865,4,1649994426865,558,55,15,3,33800,3156
DEVICE,1655187702040,1649994426897,4,1649994426897,552,55,15,3,33800,3156
DEVICE,1655187702072,1649994426929,4,1649994426929,532,53,15,3,33800,3156
DEVICE,1655187702104,1649994426961,4,1649994426961,522,52,15,3,33800,3156
DEVICE,1655187702136,1649994426993,4,1649994426993,526,52,15,3,33800,3156
DEVICE,1655187702168,1649994427025,4,1649994427025,517,51,15,3,33800,3156
DEVICE,1655187702200,1649994427057,4,1649994427057,525,52,15,3,33800,3156
DEVICE,1655187702216,1649994427073,4,1649994427073,523,52,15,3,33800,3156
DEVICE,1655187702248,1649994427105,4,1649994427105,541,54,15,3,33800,3154
DEVICE,1655187702280,1649994427137,4,1649994427137,560,56,15,3,33800,3152
DEVICE,1655187702312,1649994427169,4,1649994427169,574,57,15,3,33800,3147
DEVICE,1655187702344,1649994427201,4,1649994427201,598,59,15,3,33800,3139
DEVICE,1655187702376,1649994427233,4,1649994427233,611,61,15,3,33800,3131
DEVICE,1655187702408,1649994427265,4,1649994427265,630,63,15,3,33800,3122
DEVICE,1655187702440,1649994427297,4,1649994427297,652,65,15,3,33800,3120
DEVICE,1655187702472,1649994427329,4,1649994427329,655,65,15,3,33800,3118
DEVICE,1655187702504,1649994427361,4,1649994427361,697,69,15,3,33800,3118
DEVICE,1655187702536,1649994427393,4,1649994427393,715,71,15,3,33800,3122
DEVICE,1655187702568,1649994427425,4,1649994427425,727,72,15,3,33800,3127
DEVICE,1655187702600,1649994427457,4,1649994427457,722,72,15,3,33800,3131
DEVICE,1655187702632,1649994427489,4,1649994427489,741,74,15,3,33800,3131
DEVICE,1655187702664,1649994427521,4,1649994427521,748,74,15,3,33800,3131
DEVICE,1655187702695,1649994427552,4,1649994427552,772,77,0,3,33800,3131
DEVICE,1655187702728,1649994427585,4,1649994427585,754,75,0,3,33800,3131
DEVICE,1655187702760,1649994427617,4,1649994427617,767,76,0,3,33800,2087
DEVICE,1655187702791,1649994427648,4,1649994427648,754,75,0,3,33800,1043
DEVICE,1655187702824,1649994427681,4,1649994427681,775,77,0,3,33800,0
DEVICE,1655187702856,1649994427713,4,1649994427713,759,75,0,3,33800,0
DEVICE,1655187702888,1649994427745,4,1649994427745,752,75,0,3,33800,0
DEVICE,1655187702920,1649994427777,4,1649994427777,740,74,0,3,33800,0
DEVICE,1655187702952,1649994427809,4,1649994427809,737,73,5,3,33800,0
DEVICE,1655187702984,1649994427841,4,1649994427841,721,72,5,3,33800,0
DEVICE,1655187703016,1649994427873,4,1649994427873,710,71,5,3,33800,0
DEVICE,1655187703048,1649994427905,4,1649994427905,686,68,5,3,33800,0
DEVICE,1655187703079,1649994427936,4,1649994427936,661,66,5,3,33800,0
DEVICE,1655187703111,1649994427968,4,1649994427968,654,65,5,3,33800,0
DEVICE,1655187703143,1649994428000,4,1649994428000,633,63,5,3,33800,0
DEVICE,1655187703176,1649994428033,4,1649994428033,619,61,15,4,33800,3218
DEVICE,1655187703207,1649994428064,4,1649994428064,602,60,15,4,33800,3218
DEVICE,1655187703240,1649994428097,4,1649994428097,587,58,15,4,33800,3218
DEVICE,1655187703272,1649994428129,4,1649994428129,580,58,15,4,33800,3218
DEVICE,1655187703304,1649994428161,4,1649994428161,560,56,15,4,33800,3218
DEVICE,1655187703335,1649994428192,4,1649994428192,542,54,15,4,33800,3216
DEVICE,1655187703367,1649994428224,4,1649994428224,534,53,15,4,33800,3214
DEVICE,1655187703399,1649994428256,4,1649994428256,526,52,15,4,33800,3212
DEVICE,1655187703433,1649994428290,4,1649994428290,522,52,15,4,33800,3212
DEVICE,1655187703463,1649994428320,4,1649994428320,532,53,15,4,33800,3212
DEVICE,1655187703495,1649994428352,4,1649994428352,535,53,15,4,33800,3212
DEVICE,1655187703527,1649994428384,4,1649994428384,550,55,15,4,33800,3212
DEVICE,1655187703559,1649994428416,4,1649994428416,560,56,15,4,33800,3212
DEVICE,1655187703591,1649994428448,4,1649994428448,569,56,15,4,33800,3210
DEVICE,1655187703623,1649994428480,4,1649994428480,582,58,15,4,33800,3204
DEVICE,1655187703655,1649994428512,4,1649994428512,603,60,15,4,33800,3195
DEVICE,1655187703687,1649994428544,4,1649994428544,621,62,15,4,33800,3189
DEVICE,1655187703719,1649994428576,4,1649994428576,648,64,15,4,33800,3187
DEVICE,1655187703751,1649994428608,4,1649994428608,668,66,15,4,33800,3187
DEVICE,1655187703783,1649994428640,4,1649994428640,669,66,15,4,33800,3187
DEVICE,1655187703815,1649994428672,4,1649994428672,705,70,15,4,33800,3187
DEVICE,1655187703847,1649994428704,4,1649994428704,721,72,15,4,33800,3187
DEVICE,1655187703879,1649994428736,4,1649994428736,721,72,15,4,33800,3187
DEVICE,1655187703911,1649994428768,4,1649994428768,730,73,15,4,33800,3187
DEVICE,1655187703943,1649994428800,4,1649994428800,740,74,15,4,33800,3187
DEVICE,1655187703975,1649994428832,4,1649994428832,739,73,15,4,33800,3187
DEVICE,1655187704007,1649994428864,4,1649994428864,753,75,0,4,33800,3187
DEVICE,1655187704039,1649994428896,4,1649994428896,756,75,0,4,33800,3187
DEVICE,1655187704071,1649994428928,4,1649994428928,759,75,0,4,33800,2125
DEVICE,1655187704103,1649994428960,4,1649994428960,766,76,0,4,33800,1062
DEVICE,1655187704135,1649994428992,4,1649994428992,766,76,0,4,33800,0
DEVICE,1655187704167,1649994429024,4,1649994429024,746,74,0,4,33800,0
DEVICE,1655187704199,1649994429056,4,1649994429056,750,75,0,4,33800,0
DEVICE,1655187704231,1649994429088,4,1649994429088,737,73,0,4,33800,0
DEVICE,1655187704263,1649994429120,4,1649994429120,734,73,5,4,33800,0
DEVICE,1655187704295,1649994429152,4,1649994429152,731,73,5,4,33800,0
DEVICE,1655187704327,1649994429184,4,1649994429184,716,71,5,4,33800,0
DEVICE,1655187704359,1649994429216,4,1649994429216,702,70,5,4,33800,0
DEVICE,1655187704391,1649994429248,4,1649994429248,687,68,5,4,33800,0
DEVICE,1655187704423,1649994429280,4,1649994429280,675,67,5,4,33800,0
DEVICE,1655187704455,1649994429312,4,1649994429312,652,65,5,4,33800,0
DEVICE,1655187704486,1649994429343,4,1649994429343,644,64,5,4,33800,0
DEVICE,1655187704518,1649994429375,4,1649994429375,633,63,15,5,33800,3262
DEVICE,1655187704551,1649994429408,4,1649994429408,617,61,15,5,33800,3262
DEVICE,1655187704583,1649994429440,4,1649994429440,603,60,15,5,33800,3262
DEVICE,1655187704615,1649994429472,4,1649994429472,585,58,15,5,33800,3262
DEVICE,1655187704647,1649994429504,4,1649994429504,584,58,15,5,33800,3262
DEVICE,1655187704679,1649994429536,4,1649994429536,568,56,15,5,33800,3262
DEVICE,1655187704711,1649994429568,4,1649994429568,556,55,15,5,33800,3264
DEVICE,1655187704743,1649994429600,4,1649994429600,548,54,15,5,33800,3270
DEVICE,1655187704775,1649994429632,4,1649994429632,553,55,15,5,33800,3277
DEVICE,1655187704807,1649994429664,4,1649994429664,558,55,15,5,33800,3281
DEVICE,1655187704838,1649994429695,4,1649994429695,562,56,15,5,33800,3281
DEVICE,1655187704870,1649994429727,4,1649994429727,575,57,15,5,33800,3281
DEVICE,1655187704902,1649994429759,4,1649994429759,585,58,15,5,33800,3281
DEVICE,1655187704934,1649994429791,4,1649994429791,595,59,15,5,33800,3281
DEVICE,1655187704967,1649994429824,4,1649994429824,620,62,15,5,33800,3279
DEVICE,1655187704999,1649994429856,4,1649994429856,644,64,15,5,33800,3277
DEVICE,1655187705031,1649994429888,4,1649994429888,655,65,15,5,33800,3275
DEVICE,1655187705063,1649994429920,4,1649994429920,665,66,15,5,33800,3275
DEVICE,1655187705095,1649994429952,4,1649994429952,704,70,15,5,33800,3277
DEVICE,1655187705126,1649994429983,4,1649994429983,692,69,15,5,33800,3279
DEVICE,1655187705159,1649994430016,4,1649994430016,708,70,15,5,33800,3281
DEVICE,1655187705191,1649994430048,4,1649994430048,716,71,15,5,33800,3281
DEVICE,1655187705222,1649994430079,4,1649994430079,728,72,15,5,33800,3281
DEVICE,1655187705255,1649994430112,4,1649994430112,728,72,15,5,33800,3281
DEVICE,1655187705287,1649994430144,4,1649994430144,760,76,0,5,33800,3281
DEVICE,1655187705318,1649994430175,4,1649994430175,751,75,0,5,33800,3281
DEVICE,1655187705351,1649994430208,4,1649994430208,772,77,0,5,33800,2187
DEVICE,1655187705382,1649994430239,4,1649994430239,775,77,0,5,33800,1093
DEVICE,1655187705414,1649994430271,4,1649994430271,780,78,0,5,33800,0
DEVICE,1655187705446,1649994430303,4,1649994430303,761,76,0,5,33800,0
DEVICE,1655187705478,1649994430335,4,1649994430335,771,77,0,5,33800,0
DEVICE,1655187705510,1649994430367,4,1649994430367,769,76,0,5,33800,0
DEVICE,1655187705542,1649994430399,4,1649994430399,746,74,0,5,33800,0
DEVICE,1655187705574,1649994430431,4,1649994430431,748,74,5,5,33800,0
DEVICE,1655187705606,1649994430463,4,1649994430463,738,73,5,5,33800,0
DEVICE,1655187705638,1649994430495,4,1649994430495,744,74,5,5,33800,0
DEVICE,1655187705670,1649994430527,4,1649994430527,732,73,5,5,33800,0
DEVICE,1655187705702,1649994430559,4,1649994430559,696,69,5,5,33800,0
DEVICE,1655187705734,1649994430591,4,1649994430591,688,68,5,5,33800,0
DEVICE,1655187705766,1649994430623,4,1649994430623,673,67,5,5,33800,0
DEVICE,1655187705799,1649994430656,4,1649994430656,657,65,5,5,33800,0
DEVICE,1655187705830,1649994430687,4,1649994430687,649,64,5,5,33800,0
DEVICE,1655187705862,1649994430719,4,1649994430719,631,63,15,6,33800,3287
DEVICE,1655187705894,1649994430751,4,1649994430751,610,61,15,6,33800,3275
DEVICE,1655187705926,1649994430783,4,1649994430783,595,59,15,6,33800,3275
DEVICE,1655187705958,1649994430815,4,1649994430815,582,58,15,6,33800,3275
DEVICE,1655187705990,1649994430847,4,1649994430847,570,57,15,6,33800,3275
DEVICE,1655187706022,1649994430879,4,1649994430879,568,56,15,6,33800,3268
DEVICE,1655187706054,1649994430911,4,1649994430911,558,55,15,6,33800,3258
DEVICE,1655187706086,1649994430943,4,1649994430943,557,55,15,6,33800,3245
DEVICE,1655187706118,1649994430975,4,1649994430975,563,56,15,6,33800,3237
DEVICE,1655187706150,1649994431007,4,1649994431007,565,56,15,6,33800,3231
DEVICE,1655187706182,1649994431039,4,1649994431039,580,58,15,6,33800,3227
DEVICE,1655187706278,1649994431135,4,1649994431135,618,61,15,6,33800,3225
DEVICE,1655187706214,1649994431071,4,1649994431071,594,59,15,6,33800,3225
DEVICE,1655187706246,1649994431103,4,1649994431103,599,59,15,6,33800,3225
DEVICE,1655187706310,1649994431167,4,1649994431167,619,61,15,6,33800,3227
DEVICE,1655187706342,1649994431199,4,1649994431199,638,63,15,6,33800,3233
DEVICE,1655187706374,1649994431231,4,1649994431231,673,67,15,6,33800,3243
DEVICE,1655187706406,1649994431263,4,1649994431263,679,67,15,6,33800,3254
DEVICE,1655187706438,1649994431295,4,1649994431295,691,69,15,6,33800,3262
DEVICE,1655187706470,1649994431327,4,1649994431327,713,71,15,6,33800,3270
DEVICE,1655187706502,1649994431359,4,1649994431359,723,72,15,6,33800,3277
DEVICE,1655187706534,1649994431391,4,1649994431391,719,71,15,6,33800,3281
DEVICE,1655187706566,1649994431423,4,1649994431423,746,74,15,6,33800,3281
DEVICE,1655187706598,1649994431455,4,1649994431455,759,75,0,6,33800,3281
DEVICE,1655187706630,1649994431487,4,1649994431487,764,76,0,6,33800,3281
DEVICE,1655187706661,1649994431518,4,1649994431518,763,76,0,6,33800,2187
DEVICE,1655187706774,1649994431631,4,1649994431631,769,76,0,6,33800,0
DEVICE,1655187706694,1649994431551,4,1649994431551,767,76,0,6,33800,1093
DEVICE,1655187706710,1649994431567,4,1649994431567,749,74,0,6,33800,0
DEVICE,1655187706742,1649994431599,4,1649994431599,764,76,0,6,33800,0
DEVICE,1655187706806,1649994431663,4,1649994431663,761,76,0,6,33800,0
DEVICE,1655187706838,1649994431695,4,1649994431695,744,74,0,6,33800,0
DEVICE,1655187706870,1649994431727,4,1649994431727,746,74,5,6,33800,0
DEVICE,1655187706902,1649994431759,4,1649994431759,738,73,5,6,33800,0
DEVICE,1655187706934,1649994431791,4,1649994431791,704,70,5,6,33800,0
DEVICE,1655187706966,1649994431823,4,1649994431823,698,69,5,6,33800,0
DEVICE,1655187706998,1649994431855,4,1649994431855,689,68,5,6,33800,0
DEVICE,1655187707030,1649994431887,4,1649994431887,666,66,5,6,33800,0
DEVICE,1655187707062,1649994431919,4,1649994431919,664,66,5,6,33800,0
DEVICE,1655187707094,1649994431951,4,1649994431951,651,65,5,6,33800,0
DEVICE,1655187707126,1649994431983,4,1649994431983,625,62,5,6,33800,0
DEVICE,1655187707158,1649994432015,4,1649994432015,604,60,15,7,33800,3306
DEVICE,1655187707190,1649994432047,4,1649994432047,596,59,15,7,33800,3300
DEVICE,1655187707222,1649994432079,4,1649994432079,577,57,15,7,33800,3300
DEVICE,1655187707254,1649994432111,4,1649994432111,569,56,15,7,33800,3300
DEVICE,1655187707286,1649994432143,4,1649994432143,556,55,15,7,33800,3300
DEVICE,1655187707318,1649994432175,4,1649994432175,543,54,15,7,33800,3300
DEVICE,1655187707350,1649994432207,4,1649994432207,547,54,15,7,33800,3297
DEVICE,1655187707381,1649994432238,4,1649994432238,555,55,15,7,33800,3293
DEVICE,1655187707413,1649994432270,4,1649994432270,555,55,15,7,33800,3289
DEVICE,1655187707445,1649994432302,4,1649994432302,566,56,15,7,33800,3287
DEVICE,1655187707477,1649994432334,4,1649994432334,582,58,15,7,33800,3287
DEVICE,1655187707510,1649994432367,4,1649994432367,588,58,15,7,33800,3287
DEVICE,1655187707542,1649994432399,4,1649994432399,610,61,15,7,33800,3289
DEVICE,1655187707574,1649994432431,4,1649994432431,629,62,15,7,33800,3295
DEVICE,1655187707605,1649994432462,4,1649994432462,647,64,15,7,33800,3304
DEVICE,1655187707637,1649994432494,4,1649994432494,665,66,15,7,33800,3312
DEVICE,1655187707669,1649994432526,4,1649994432526,686,68,15,7,33800,3322
DEVICE,1655187707701,1649994432558,4,1649994432558,693,69,15,7,33800,3335
DEVICE,1655187707733,1649994432590,4,1649994432590,722,72,15,7,33800,3345
DEVICE,1655187707765,1649994432622,4,1649994432622,715,71,15,7,33800,3350
DEVICE,1655187707798,1649994432655,4,1649994432655,733,73,15,7,33800,3350
DEVICE,1655187707829,1649994432686,4,1649994432686,756,75,0,7,33800,3350
DEVICE,1655187707861,1649994432718,4,1649994432718,749,74,0,7,33800,3350
DEVICE,1655187707893,1649994432750,4,1649994432750,763,76,0,7,33800,2233
DEVICE,1655187707925,1649994432782,4,1649994432782,764,76,0,7,33800,2233
DEVICE,1655187707957,1649994432814,4,1649994432814,760,76,0,7,33800,1116
DEVICE,1655187707989,1649994432846,4,1649994432846,774,77,0,7,33800,0
DEVICE,1655187708021,1649994432878,4,1649994432878,757,75,0,7,33800,0
DEVICE,1655187708053,1649994432910,4,1649994432910,758,75,0,7,33800,0
DEVICE,1655187708085,1649994432942,4,1649994432942,738,73,0,7,33800,0
DEVICE,1655187708117,1649994432974,4,1649994432974,737,73,5,7,33800,0
DEVICE,1655187708149,1649994433006,4,1649994433006,731,73,5,7,33800,0
DEVICE,1655187708181,1649994433038,4,1649994433038,724,72,5,7,33800,0
DEVICE,1655187708213,1649994433070,4,1649994433070,689,68,5,7,33800,0
DEVICE,1655187708245,1649994433102,4,1649994433102,689,68,5,7,33800,0
DEVICE,1655187708277,1649994433134,4,1649994433134,683,68,5,7,33800,0
DEVICE,1655187708309,1649994433166,4,1649994433166,658,65,5,7,33800,0
DEVICE,1655187708341,1649994433198,4,1649994433198,643,64,5,7,33800,0
DEVICE,1655187708373,1649994433230,4,1649994433230,619,61,15,8,33800,3412
DEVICE,1655187708405,1649994433262,4,1649994433262,612,61,15,8,33800,3412
DEVICE,1655187708437,1649994433294,4,1649994433294,586,58,15,8,33800,3412
DEVICE,1655187708469,1649994433326,4,1649994433326,576,57,15,8,33800,3412
DEVICE,1655187708501,1649994433358,4,1649994433358,546,54,15,8,33800,3412
DEVICE,1655187708533,1649994433390,4,1649994433390,536,53,15,8,33800,3412
DEVICE,1655187708565,1649994433422,4,1649994433422,542,54,15,8,33800,3412
DEVICE,1655187708597,1649994433454,4,1649994433454,529,52,15,8,33800,3412
DEVICE,1655187708629,1649994433486,4,1649994433486,531,53,15,8,33800,3412
DEVICE,1655187708661,1649994433518,4,1649994433518,532,53,15,8,33800,3412
DEVICE,1655187708692,1649994433549,4,1649994433549,541,54,15,8,33800,3412
DEVICE,1655187708725,1649994433582,4,1649994433582,548,54,15,8,33800,3412
DEVICE,1655187708756,1649994433613,4,1649994433613,569,56,15,8,33800,3412
DEVICE,1655187708789,1649994433646,4,1649994433646,584,58,15,8,33800,3410
DEVICE,1655187708821,1649994433678,4,1649994433678,597,59,15,8,33800,3404
DEVICE,1655187708853,1649994433710,4,1649994433710,607,60,15,8,33800,3395
DEVICE,1655187708885,1649994433742,4,1649994433742,634,63,15,8,33800,3389
DEVICE,1655187708917,1649994433774,4,1649994433774,652,65,15,8,33800,3385
DEVICE,1655187708949,1649994433806,4,1649994433806,674,67,15,8,33800,3381
DEVICE,1655187708981,1649994433838,4,1649994433838,688,68,15,8,33800,3377
DEVICE,1655187709013,1649994433870,4,1649994433870,720,72,15,8,33800,3375
DEVICE,1655187709051,1649994433908,4,1649994433908,694,69,15,8,33800,3375
DEVICE,1655187709077,1649994433934,4,1649994433934,727,72,15,8,33800,3375
DEVICE,1655187709109,1649994433966,4,1649994433966,737,73,15,8,33800,3375
DEVICE,1655187709141,1649994433998,4,1649994433998,747,74,15,8,33800,3375
DEVICE,1655187709173,1649994434030,4,1649994434030,762,76,0,8,33800,3375
DEVICE,1655187709205,1649994434062,4,1649994434062,763,76,0,8,33800,3375
DEVICE,1655187709237,1649994434094,4,1649994434094,762,76,0,8,33800,2250
DEVICE,1655187709269,1649994434126,4,1649994434126,766,76,0,8,33800,1125
DEVICE,1655187709301,1649994434158,4,1649994434158,750,75,0,8,33800,0
DEVICE,1655187709333,1649994434190,4,1649994434190,741,74,0,8,33800,0
DEVICE,1655187709365,1649994434222,4,1649994434222,747,74,5,8,33800,0
DEVICE,1655187709397,1649994434254,4,1649994434254,733,73,5,8,33800,0
DEVICE,1655187709429,1649994434286,4,1649994434286,722,72,5,8,33800,0
DEVICE,1655187709460,1649994434317,4,1649994434317,726,72,5,8,33800,0
DEVICE,1655187709492,1649994434349,4,1649994434349,702,70,5,8,33800,0
DEVICE,1655187709525,1649994434382,4,1649994434382,695,69,5,8,33800,0
DEVICE,1655187709557,1649994434414,4,1649994434414,677,67,5,8,33800,0
DEVICE,1655187709589,1649994434446,4,1649994434446,669,66,5,8,33800,0
DEVICE,1655187709621,1649994434478,4,1649994434478,630,63,5,8,33800,0
DEVICE,1655187709653,1649994434510,4,1649994434510,626,62,15,9,33800,3431
DEVICE,1655187709684,1649994434541,4,1649994434541,624,62,15,9,33800,3418
DEVICE,1655187709716,1649994434573,4,1649994434573,598,59,15,9,33800,3418
DEVICE,1655187709748,1649994434605,4,1649994434605,587,58,15,9,33800,3418
DEVICE,1655187709780,1649994434637,4,1649994434637,581,58,15,9,33800,3418
DEVICE,1655187709812,1649994434669,4,1649994434669,557,55,15,9,33800,3414
DEVICE,1655187709844,1649994434701,4,1649994434701,567,56,15,9,33800,3408
DEVICE,1655187709876,1649994434733,4,1649994434733,554,55,15,9,33800,3402
DEVICE,1655187709908,1649994434765,4,1649994434765,552,55,15,9,33800,3400
DEVICE,1655187709940,1649994434797,4,1649994434797,542,54,15,9,33800,3400
DEVICE,1655187709972,1649994434829,4,1649994434829,556,55,15,9,33800,3400
DEVICE,1655187710004,1649994434861,4,1649994434861,566,56,15,9,33800,3400
DEVICE,1655187710036,1649994434893,4,1649994434893,571,57,15,9,33800,3400
DEVICE,1655187710068,1649994434925,4,1649994434925,581,58,15,9,33800,3400
DEVICE,1655187710100,1649994434957,4,1649994434957,602,60,15,9,33800,3402
DEVICE,1655187710132,1649994434989,4,1649994434989,628,62,15,9,33800,3406
DEVICE,1655187710164,1649994435021,4,1649994435021,632,63,15,9,33800,3410
DEVICE,1655187710196,1649994435053,4,1649994435053,654,65,15,9,33800,3412
DEVICE,1655187710228,1649994435085,4,1649994435085,672,67,15,9,33800,3412
DEVICE,1655187710260,1649994435117,4,1649994435117,701,70,15,9,33800,3414
DEVICE,1655187710292,1649994435149,4,1649994435149,702,70,15,9,33800,3416
DEVICE,1655187710324,1649994435181,4,1649994435181,721,72,15,9,33800,3418
DEVICE,1655187710356,1649994435213,4,1649994435213,731,73,15,9,33800,3418
DEVICE,1655187710388,1649994435245,4,1649994435245,728,72,15,9,33800,3418
DEVICE,1655187710420,1649994435277,4,1649994435277,744,74,15,9,33800,3418
DEVICE,1655187710452,1649994435309,4,1649994435309,753,75,0,9,33800,3418
DEVICE,1655187710484,1649994435341,4,1649994435341,758,75,0,9,33800,3418
DEVICE,1655187710516,1649994435373,4,1649994435373,778,77,0,9,33800,2279
DEVICE,1655187710548,1649994435405,4,1649994435405,755,75,0,9,33800,1139
DEVICE,1655187710580,1649994435437,4,1649994435437,738,73,0,9,33800,0
DEVICE,1655187710612,1649994435469,4,1649994435469,750,75,0,9,33800,0
DEVICE,1655187710644,1649994435501,4,1649994435501,747,74,0,9,33800,0
DEVICE,1655187710675,1649994435532,4,1649994435532,740,74,5,9,33800,0
DEVICE,1655187710708,1649994435565,4,1649994435565,720,72,5,9,33800,0
DEVICE,1655187710740,1649994435597,4,1649994435597,708,70,5,9,33800,0
DEVICE,1655187710772,1649994435629,4,1649994435629,700,70,5,9,33800,0
DEVICE,1655187710804,1649994435661,4,1649994435661,690,69,5,9,33800,0
DEVICE,1655187710836,1649994435693,4,1649994435693,672,67,5,9,33800,0
DEVICE,1655187710868,1649994435725,4,1649994435725,667,66,5,9,33800,0
DEVICE,1655187710900,1649994435757,4,1649994435757,654,65,5,9,33800,0
DEVICE,1655187710932,1649994435789,4,1649994435789,626,62,5,9,33800,0
DEVICE,1655187710964,1649994435821,4,1649994435821,621,62,15,10,33800,3387
DEVICE,1655187710996,1649994435853,4,1649994435853,603,60,15,10,33800,3387
DEVICE,1655187711028,1649994435885,4,1649994435885,594,59,15,10,33800,3387
DEVICE,1655187711060,1649994435917,4,1649994435917,574,57,15,10,33800,3387
DEVICE,1655187711092,1649994435949,4,1649994435949,564,56,15,10,33800,3387
DEVICE,1655187711124,1649994435981,4,1649994435981,558,55,15,10,33800,3387
DEVICE,1655187711156,1649994436013,4,1649994436013,543,54,15,10,33800,3387
DEVICE,1655187711188,1649994436045,4,1649994436045,542,54,15,10,33800,3387
DEVICE,1655187711220,1649994436077,4,1649994436077,548,54,15,10,33800,3387
DEVICE,1655187711252,1649994436109,4,1649994436109,543,54,15,10,33800,3387
DEVICE,1655187711284,1649994436141,4,1649994436141,566,56,15,10,33800,3389
DEVICE,1655187711316,1649994436173,4,1649994436173,570,57,15,10,33800,3393
DEVICE,1655187711348,1649994436205,4,1649994436205,584,58,15,10,33800,3397
DEVICE,1655187711364,1649994436221,4,1649994436221,598,59,15,10,33800,3402
DEVICE,1655187711395,1649994436252,4,1649994436252,613,61,15,10,33800,3408
DEVICE,1655187711428,1649994436285,4,1649994436285,631,63,15,10,33800,3416
DEVICE,1655187711459,1649994436316,4,1649994436316,647,64,15,10,33800,3425
DEVICE,1655187711492,1649994436349,4,1649994436349,672,67,15,10,33800,3429
DEVICE,1655187711524,1649994436381,4,1649994436381,684,68,15,10,33800,3431
DEVICE,1655187711556,1649994436413,4,1649994436413,694,69,15,10,33800,3431
DEVICE,1655187711587,1649994436444,4,1649994436444,713,71,15,10,33800,3431
DEVICE,1655187711620,1649994436477,4,1649994436477,738,73,15,10,33800,3431
DEVICE,1655187711651,1649994436508,4,1649994436508,751,75,0,10,33800,3431
DEVICE,1655187711683,1649994436540,4,1649994436540,749,74,0,10,33800,3431
DEVICE,1655187711715,1649994436572,4,1649994436572,783,78,0,10,33800,2287
DEVICE,1655187711747,1649994436604,4,1649994436604,773,77,0,10,33800,1143
DEVICE,1655187711779,1649994436636,4,1649994436636,760,76,0,10,33800,1143
DEVICE,1655187711811,1649994436668,4,1649994436668,766,76,0,10,33800,0
DEVICE,1655187711843,1649994436700,4,1649994436700,758,75,0,10,33800,0
DEVICE,1655187711875,1649994436732,4,1649994436732,767,76,0,10,33800,0
DEVICE,1655187711908,1649994436765,4,1649994436765,743,74,0,10,33800,0
DEVICE,1655187711940,1649994436797,4,1649994436797,727,72,5,10,33800,0
DEVICE,1655187711971,1649994436828,4,1649994436828,722,72,5,10,33800,0
DEVICE,1655187712067,1649994436924,4,1649994436924,676,67,5,10,33800,0
DEVICE,1655187712003,1649994436860,4,1649994436860,710,71,5,10,33800,0
DEVICE,1655187712035,1649994436892,4,1649994436892,686,68,5,10,33800,0
DEVICE,1655187712099,1649994436956,4,1649994436956,666,66,5,10,33800,0
DEVICE,1655187712131,1649994436988,4,1649994436988,638,63,5,10,33800,0
DEVICE,1655187712163,1649994437020,4,1649994437020,626,62,15,11,33800,3425
DEVICE,1655187712195,1649994437052,4,1649994437052,612,61,15,11,33800,3425
DEVICE,1655187712227,1649994437084,4,1649994437084,588,58,15,11,33800,3425
DEVICE,1655187712259,1649994437116,4,1649994437116,575,57,15,11,33800,3425
DEVICE,1655187712292,1649994437149,4,1649994437149,565,56,15,11,33800,3425
DEVICE,1655187712323,1649994437180,4,1649994437180,555,55,15,11,33800,3425
DEVICE,1655187712355,1649994437212,4,1649994437212,547,54,15,11,33800,3425
DEVICE,1655187712387,1649994437244,4,1649994437244,533,53,15,11,33800,3425
DEVICE,1655187712419,1649994437276,4,1649994437276,537,53,15,11,33800,3425
DEVICE,1655187712451,1649994437308,4,1649994437308,542,54,15,11,33800,3425
DEVICE,1655187712483,1649994437340,4,1649994437340,547,54,15,11,33800,3425
DEVICE,1655187712515,1649994437372,4,1649994437372,554,55,15,11,33800,3425
DEVICE,1655187712547,1649994437404,4,1649994437404,573,57,15,11,33800,3420
DEVICE,1655187712579,1649994437436,4,1649994437436,588,58,15,11,33800,3412
DEVICE,1655187712611,1649994437468,4,1649994437468,601,60,15,11,33800,3402
DEVICE,1655187712643,1649994437500,4,1649994437500,624,62,15,11,33800,3393
DEVICE,1655187712675,1649994437532,4,1649994437532,645,64,15,11,33800,3389
DEVICE,1655187712707,1649994437564,4,1649994437564,658,65,15,11,33800,3387
DEVICE,1655187712739,1649994437596,4,1649994437596,675,67,15,11,33800,3387
DEVICE,1655187712771,1649994437628,4,1649994437628,675,67,15,11,33800,3389
DEVICE,1655187712803,1649994437660,4,1649994437660,692,69,15,11,33800,3391
DEVICE,1655187712835,1649994437692,4,1649994437692,714,71,15,11,33800,3395
DEVICE,1655187712867,1649994437724,4,1649994437724,727,72,15,11,33800,3397
DEVICE,1655187712899,1649994437756,4,1649994437756,738,73,15,11,33800,3400
DEVICE,1655187712931,1649994437788,4,1649994437788,752,75,0,11,33800,3400
DEVICE,1655187712963,1649994437820,4,1649994437820,755,75,0,11,33800,3400
DEVICE,1655187712995,1649994437852,4,1649994437852,753,75,0,11,33800,2266
DEVICE,1655187713027,1649994437884,4,1649994437884,762,76,0,11,33800,1133
DEVICE,1655187713059,1649994437916,4,1649994437916,756,75,0,11,33800,0
DEVICE,1655187713091,1649994437948,4,1649994437948,767,76,0,11,33800,0
DEVICE,1655187713123,1649994437980,4,1649994437980,768,76,0,11,33800,0
DEVICE,1655187713155,1649994438012,4,1649994438012,743,74,0,11,33800,0
DEVICE,1655187713187,1649994438044,4,1649994438044,753,75,0,11,33800,0
DEVICE,1655187713219,1649994438076,4,1649994438076,756,75,0,11,33800,0
DEVICE,1655187713251,1649994438108,4,1649994438108,728,72,0,11,33800,0
DEVICE,1655187713283,1649994438140,4,1649994438140,722,72,5,11,33800,0
DEVICE,1655187713315,1649994438172,4,1649994438172,701,70,5,11,33800,0
DEVICE,1655187713346,1649994438203,4,1649994438203,696,69,5,11,33800,0
DEVICE,1655187713379,1649994438236,4,1649994438236,671,67,5,11,33800,0
DEVICE,1655187713411,1649994438268,4,1649994438268,661,66,5,11,33800,0
DEVICE,1655187713442,1649994438299,4,1649994438299,650,65,5,11,33800,0
DEVICE,1655187713475,1649994438332,4,1649994438332,614,61,5,11,33800,0
DEVICE,1655187713507,1649994438364,4,1649994438364,613,61,15,12,33800,3393
DEVICE,1655187713539,1649994438396,4,1649994438396,594,59,15,12,33800,3400
DEVICE,1655187713571,1649994438428,4,1649994438428,582,58,15,12,33800,3400
DEVICE,1655187713602,1649994438459,4,1649994438459,573,57,15,12,33800,3400
DEVICE,1655187713634,1649994438491,4,1649994438491,562,56,15,12,33800,3400
DEVICE,1655187713666,1649994438523,4,1649994438523,555,55,15,12,33800,3400
DEVICE,1655187713698,1649994438555,4,1649994438555,547,54,15,12,33800,3400
DEVICE,1655187713730,1649994438587,4,1649994438587,551,55,15,12,33800,3397
DEVICE,1655187713762,1649994438619,4,1649994438619,557,55,15,12,33800,3395
DEVICE,1655187713794,1649994438651,4,1649994438651,570,57,15,12,33800,3393
DEVICE,1655187713826,1649994438683,4,1649994438683,582,58,15,12,33800,3391
DEVICE,1655187713859,1649994438716,4,1649994438716,603,60,15,12,33800,3389
DEVICE,1655187713890,1649994438747,4,1649994438747,609,60,15,12,33800,3387
DEVICE,1655187713922,1649994438779,4,1649994438779,634,63,15,12,33800,3387
DEVICE,1655187713954,1649994438811,4,1649994438811,638,63,15,12,33800,3387
DEVICE,1655187713986,1649994438843,4,1649994438843,664,66,15,12,33800,3387
DEVICE,1655187714018,1649994438875,4,1649994438875,682,68,15,12,33800,3387
DEVICE,1655187714050,1649994438907,4,1649994438907,697,69,15,12,33800,3389
DEVICE,1655187714083,1649994438940,4,1649994438940,711,71,15,12,33800,3393
DEVICE,1655187714114,1649994438971,4,1649994438971,715,71,15,12,33800,3397
DEVICE,1655187714147,1649994439004,4,1649994439004,725,72,15,12,33800,3400
DEVICE,1655187714179,1649994439036,4,1649994439036,746,74,15,12,33800,3400
DEVICE,1655187714210,1649994439067,4,1649994439067,745,74,15,12,33800,3400
DEVICE,1655187714242,1649994439099,4,1649994439099,749,74,15,12,33800,3400
DEVICE,1655187714274,1649994439131,4,1649994439131,779,77,0,12,33800,3400
DEVICE,1655187714306,1649994439163,4,1649994439163,767,76,0,12,33800,3400
DEVICE,1655187714338,1649994439195,4,1649994439195,763,76,0,12,33800,2266
DEVICE,1655187714370,1649994439227,4,1649994439227,769,76,0,12,33800,1133
DEVICE,1655187714402,1649994439259,4,1649994439259,753,75,0,12,33800,0
DEVICE,1655187714434,1649994439291,4,1649994439291,759,75,0,12,33800,0
DEVICE,1655187714466,1649994439323,4,1649994439323,729,72,0,12,33800,0
DEVICE,1655187714498,1649994439355,4,1649994439355,739,73,5,12,33800,0
DEVICE,1655187714530,1649994439387,4,1649994439387,713,71,5,12,33800,0
DEVICE,1655187714562,1649994439419,4,1649994439419,696,69,5,12,33800,0
DEVICE,1655187714594,1649994439451,4,1649994439451,687,68,5,12,33800,0
DEVICE,1655187714626,1649994439483,4,1649994439483,682,68,5,12,33800,0
DEVICE,1655187714658,1649994439515,4,1649994439515,664,66,5,12,33800,0
DEVICE,1655187714689,1649994439546,4,1649994439546,635,63,5,12,33800,0
DEVICE,1655187714722,1649994439579,4,1649994439579,629,62,15,13,33800,3362
DEVICE,1655187714754,1649994439611,4,1649994439611,604,60,15,13,33800,3362
DEVICE,1655187714786,1649994439643,4,1649994439643,585,58,15,13,33800,3362
DEVICE,1655187714818,1649994439675,4,1649994439675,574,57,15,13,33800,3362
DEVICE,1655187714850,1649994439707,4,1649994439707,567,56,15,13,33800,3362
DEVICE,1655187714882,1649994439739,4,1649994439739,555,55,15,13,33800,3362
DEVICE,1655187714914,1649994439771,4,1649994439771,543,54,15,13,33800,3362
DEVICE,1655187714946,1649994439803,4,1649994439803,537,53,15,13,33800,3362
DEVICE,1655187714978,1649994439835,4,1649994439835,542,54,15,13,33800,3360
DEVICE,1655187715010,1649994439867,4,1649994439867,546,54,15,13,33800,3356
DEVICE,1655187715042,1649994439899,4,1649994439899,548,54,15,13,33800,3352
DEVICE,1655187715074,1649994439931,4,1649994439931,563,56,15,13,33800,3350
DEVICE,1655187715106,1649994439963,4,1649994439963,578,57,15,13,33800,3350
DEVICE,1655187715138,1649994439995,4,1649994439995,588,58,15,13,33800,3350
DEVICE,1655187715170,1649994440027,4,1649994440027,602,60,15,13,33800,3352
DEVICE,1655187715202,1649994440059,4,1649994440059,625,62,15,13,33800,3356
DEVICE,1655187715234,1649994440091,4,1649994440091,625,62,15,13,33800,3360
DEVICE,1655187715266,1649994440123,4,1649994440123,657,65,15,13,33800,3364
DEVICE,1655187715298,1649994440155,4,1649994440155,674,67,15,13,33800,3370
DEVICE,1655187715330,1649994440187,4,1649994440187,681,68,15,13,33800,3379
DEVICE,1655187715362,1649994440219,4,1649994440219,699,69,15,13,33800,3385
DEVICE,1655187715394,1649994440251,4,1649994440251,716,71,15,13,33800,3387
DEVICE,1655187715425,1649994440282,4,1649994440282,726,72,15,13,33800,3387
DEVICE,1655187715458,1649994440315,4,1649994440315,732,73,15,13,33800,3387
DEVICE,1655187715490,1649994440347,4,1649994440347,734,73,15,13,33800,3387
DEVICE,1655187715522,1649994440379,4,1649994440379,760,76,0,13,33800,3387
DEVICE,1655187715554,1649994440411,4,1649994440411,746,74,0,13,33800,3387
DEVICE,1655187715586,1649994440443,4,1649994440443,766,76,0,13,33800,2258
DEVICE,1655187715618,1649994440475,4,1649994440475,766,76,0,13,33800,1129
DEVICE,1655187715650,1649994440507,4,1649994440507,752,75,0,13,33800,0
DEVICE,1655187715681,1649994440538,4,1649994440538,760,76,0,13,33800,0
DEVICE,1655187715713,1649994440570,4,1649994440570,732,73,0,13,33800,0
DEVICE,1655187715746,1649994440603,4,1649994440603,745,74,5,13,33800,0
DEVICE,1655187715777,1649994440634,4,1649994440634,733,73,5,13,33800,0
DEVICE,1655187715794,1649994440651,4,1649994440651,709,70,5,13,33800,0
DEVICE,1655187715825,1649994440682,4,1649994440682,699,69,5,13,33800,0
DEVICE,1655187715873,1649994440730,4,1649994440730,673,67,5,13,33800,0
DEVICE,1655187715890,1649994440747,4,1649994440747,664,66,5,13,33800,0
DEVICE,1655187715921,1649994440778,4,1649994440778,653,65,5,13,33800,0
DEVICE,1655187715954,1649994440811,4,1649994440811,630,63,5,13,33800,0
DEVICE,1655187715985,1649994440842,4,1649994440842,612,61,15,14,33800,3400
DEVICE,1655187716018,1649994440875,4,1649994440875,603,60,15,14,33800,3406
DEVICE,1655187716049,1649994440906,4,1649994440906,589,58,15,14,33800,3406
DEVICE,1655187716081,1649994440938,4,1649994440938,572,57,15,14,33800,3406
DEVICE,1655187716113,1649994440970,4,1649994440970,560,56,15,14,33800,3406
DEVICE,1655187716145,1649994441002,4,1649994441002,554,55,15,14,33800,3406
DEVICE,1655187716177,1649994441034,4,1649994441034,539,53,15,14,33800,3406
DEVICE,1655187716209,1649994441066,4,1649994441066,538,53,15,14,33800,3406
DEVICE,1655187716241,1649994441098,4,1649994441098,548,54,15,14,33800,3406
DEVICE,1655187716273,1649994441130,4,1649994441130,540,54,15,14,33800,3406
DEVICE,1655187716305,1649994441162,4,1649994441162,550,55,15,14,33800,3406
DEVICE,1655187716337,1649994441194,4,1649994441194,560,56,15,14,33800,3404
DEVICE,1655187716369,1649994441226,4,1649994441226,590,59,15,14,33800,3402
DEVICE,1655187716401,1649994441258,4,1649994441258,599,59,15,14,33800,3400
DEVICE,1655187716433,1649994441290,4,1649994441290,621,62,15,14,33800,3400
DEVICE,1655187716465,1649994441322,4,1649994441322,647,64,15,14,33800,3400
DEVICE,1655187716497,1649994441354,4,1649994441354,662,66,15,14,33800,3400
DEVICE,1655187716529,1649994441386,4,1649994441386,674,67,15,14,33800,3400
DEVICE,1655187716561,1649994441418,4,1649994441418,702,70,15,14,33800,3400
DEVICE,1655187716593,1649994441450,4,1649994441450,716,71,15,14,33800,3397
DEVICE,1655187716626,1649994441483,4,1649994441483,733,73,15,14,33800,3395
DEVICE,1655187716657,1649994441514,4,1649994441514,731,73,15,14,33800,3393
DEVICE,1655187716689,1649994441546,4,1649994441546,744,74,15,14,33800,3393
DEVICE,1655187716721,1649994441578,4,1649994441578,756,75,0,14,33800,3393
DEVICE,1655187716753,1649994441610,4,1649994441610,756,75,0,14,33800,3393
DEVICE,1655187716785,1649994441642,4,1649994441642,770,77,0,14,33800,2262
DEVICE,1655187716817,1649994441674,4,1649994441674,773,77,0,14,33800,1131
DEVICE,1655187716849,1649994441706,4,1649994441706,757,75,0,14,33800,0
DEVICE,1655187716881,1649994441738,4,1649994441738,768,76,0,14,33800,0
DEVICE,1655187716913,1649994441770,4,1649994441770,733,73,0,14,33800,0
DEVICE,1655187716945,1649994441802,4,1649994441802,748,74,5,14,33800,0
DEVICE,1655187716977,1649994441834,4,1649994441834,723,72,5,14,33800,0
DEVICE,1655187717009,1649994441866,4,1649994441866,729,72,5,14,33800,0
DEVICE,1655187717041,1649994441898,4,1649994441898,702,70,5,14,33800,0
DEVICE,1655187717073,1649994441930,4,1649994441930,698,69,5,14,33800,0
DEVICE,1655187717105,1649994441962,4,1649994441962,678,67,5,14,33800,0
DEVICE,1655187717137,1649994441994,4,1649994441994,653,65,5,14,33800,0
DEVICE,1655187717169,1649994442026,4,1649994442026,648,64,5,14,33800,0
DEVICE,1655187717201,1649994442058,4,1649994442058,627,62,15,15,33800,3387
DEVICE,1655187717233,1649994442090,4,1649994442090,613,61,15,15,33800,3387
DEVICE,1655187717265,1649994442122,4,1649994442122,611,61,15,15,33800,3387
DEVICE,1655187717297,1649994442154,4,1649994442154,594,59,15,15,33800,3387
DEVICE,1655187717329,1649994442186,4,1649994442186,579,57,15,15,33800,3387
DEVICE,1655187717361,1649994442218,4,1649994442218,559,55,15,15,33800,3387
DEVICE,1655187717393,1649994442250,4,1649994442250,548,54,15,15,33800,3387
DEVICE,1655187717425,1649994442282,4,1649994442282,566,56,15,15,33800,3385
DEVICE,1655187717456,1649994442313,4,1649994442313,553,55,15,15,33800,3383
DEVICE,1655187717489,1649994442346,4,1649994442346,555,55,15,15,33800,3381
DEVICE,1655187717521,1649994442378,4,1649994442378,581,58,15,15,33800,3381
DEVICE,1655187717553,1649994442410,4,1649994442410,584,58,15,15,33800,3381
DEVICE,1655187717585,1649994442442,4,1649994442442,597,59,15,15,33800,3381
DEVICE,1655187717617,1649994442474,4,1649994442474,612,61,15,15,33800,3381
DEVICE,1655187717649,1649994442506,4,1649994442506,633,63,15,15,33800,3383
DEVICE,1655187717681,1649994442538,4,1649994442538,655,65,15,15,33800,3385
DEVICE,1655187717713,1649994442570,4,1649994442570,678,67,15,15,33800,3387
DEVICE,1655187717745,1649994442602,4,1649994442602,682,68,15,15,33800,3389
DEVICE,1655187717777,1649994442634,4,1649994442634,702,70,15,15,33800,3393
DEVICE,1655187717808,1649994442665,4,1649994442665,732,73,15,15,33800,3397
DEVICE,1655187717841,1649994442698,4,1649994442698,740,74,15,15,33800,3400
DEVICE,1655187717873,1649994442730,4,1649994442730,732,73,15,15,33800,3400
DEVICE,1655187717905,1649994442762,4,1649994442762,745,74,15,15,33800,3400
DEVICE,1655187717937,1649994442794,4,1649994442794,773,77,0,15,33800,3400
DEVICE,1655187717969,1649994442826,4,1649994442826,779,77,0,15,33800,3400
DEVICE,1655187718001,1649994442858,4,1649994442858,758,75,0,15,33800,2266
DEVICE,1655187718032,1649994442889,4,1649994442889,769,76,0,15,33800,1133
DEVICE,1655187718064,1649994442921,4,1649994442921,774,77,0,15,33800,0
DEVICE,1655187718096,1649994442953,4,1649994442953,759,75,0,15,33800,0
DEVICE,1655187718128,1649994442985,4,1649994442985,760,76,0,15,33800,0
DEVICE,1655187718160,1649994443017,4,1649994443017,738,73,0,15,33800,0
DEVICE,1655187718192,1649994443049,4,1649994443049,730,73,5,15,33800,0
DEVICE,1655187718225,1649994443082,4,1649994443082,725,72,5,15,33800,0
DEVICE,1655187718256,1649994443113,4,1649994443113,713,71,5,15,33800,0
DEVICE,1655187718289,1649994443146,4,1649994443146,695,69,5,15,33800,0
DEVICE,1655187718321,1649994443178,4,1649994443178,689,68,5,15,33800,0
DEVICE,1655187718352,1649994443209,4,1649994443209,658,65,5,15,33800,0
DEVICE,1655187718384,1649994443241,4,1649994443241,636,63,5,15,33800,0
DEVICE,1655187718416,1649994443273,4,1649994443273,638,63,15,16,33800,3375
DEVICE,1655187718448,1649994443305,4,1649994443305,621,62,15,16,33800,3381
DEVICE,1655187718480,1649994443337,4,1649994443337,601,60,15,16,33800,3381
DEVICE,1655187718512,1649994443369,4,1649994443369,578,57,15,16,33800,3381
DEVICE,1655187718544,1649994443401,4,1649994443401,569,56,15,16,33800,3381
DEVICE,1655187718576,1649994443433,4,1649994443433,559,55,15,16,33800,3383
DEVICE,1655187718608,1649994443465,4,1649994443465,554,55,15,16,33800,3385
DEVICE,1655187718640,1649994443497,4,1649994443497,551,55,15,16,33800,3387
DEVICE,1655187718672,1649994443529,4,1649994443529,541,54,15,16,33800,3387
DEVICE,1655187718704,1649994443561,4,1649994443561,549,54,15,16,33800,3387
DEVICE,1655187718736,1649994443593,4,1649994443593,553,55,15,16,33800,3385
DEVICE,1655187718768,1649994443625,4,1649994443625,564,56,15,16,33800,3381
DEVICE,1655187718800,1649994443657,4,1649994443657,574,57,15,16,33800,3377
DEVICE,1655187718832,1649994443689,4,1649994443689,591,59,15,16,33800,3372
DEVICE,1655187718864,1649994443721,4,1649994443721,604,60,15,16,33800,3370
DEVICE,1655187718896,1649994443753,4,1649994443753,635,63,15,16,33800,3368
DEVICE,1655187718928,1649994443785,4,1649994443785,648,64,15,16,33800,3368
DEVICE,1655187718960,1649994443817,4,1649994443817,660,66,15,16,33800,3368
DEVICE,1655187718992,1649994443849,4,1649994443849,681,68,15,16,33800,3370
DEVICE,1655187719024,1649994443881,4,1649994443881,707,70,15,16,33800,3379
DEVICE,1655187719056,1649994443913,4,1649994443913,706,70,15,16,33800,3391
DEVICE,1655187719088,1649994443945,4,1649994443945,724,72,15,16,33800,3402
DEVICE,1655187719120,1649994443977,4,1649994443977,746,74,15,16,33800,3406
DEVICE,1655187719152,1649994444009,4,1649994444009,760,76,0,16,33800,3406
DEVICE,1655187719184,1649994444041,4,1649994444041,763,76,0,16,33800,3406
DEVICE,1655187719216,1649994444073,4,1649994444073,752,75,0,16,33800,2270
DEVICE,1655187719248,1649994444105,4,1649994444105,769,76,0,16,33800,1135
DEVICE,1655187719280,1649994444137,4,1649994444137,755,75,0,16,33800,0
DEVICE,1655187719312,1649994444169,4,1649994444169,759,75,0,16,33800,0
DEVICE,1655187719344,1649994444201,4,1649994444201,754,75,0,16,33800,0
DEVICE,1655187719376,1649994444233,4,1649994444233,741,74,0,16,33800,0
DEVICE,1655187719408,1649994444265,4,1649994444265,736,73,5,16,33800,0
DEVICE,1655187719440,1649994444297,4,1649994444297,733,73,5,16,33800,0
DEVICE,1655187719472,1649994444329,4,1649994444329,722,72,5,16,33800,0
DEVICE,1655187719504,1649994444361,4,1649994444361,699,69,5,16,33800,0
DEVICE,1655187719536,1649994444393,4,1649994444393,706,70,5,16,33800,0
DEVICE,1655187719568,1649994444425,4,1649994444425,680,68,5,16,33800,0
DEVICE,1655187719600,1649994444457,4,1649994444457,658,65,5,16,33800,0
DEVICE,1655187719632,1649994444489,4,1649994444489,647,64,5,16,33800,0
DEVICE,1655187719663,1649994444520,4,1649994444520,629,62,15,17,33800,3400
DEVICE,1655187719695,1649994444552,4,1649994444552,598,59,15,17,33800,3393
DEVICE,1655187719728,1649994444585,4,1649994444585,587,58,15,17,33800,3393
DEVICE,1655187719760,1649994444617,4,1649994444617,575,57,15,17,33800,3393
DEVICE,1655187719792,1649994444649,4,1649994444649,565,56,15,17,33800,3393
DEVICE,1655187719824,1649994444681,4,1649994444681,561,56,15,17,33800,3391
DEVICE,1655187719856,1649994444713,4,1649994444713,549,54,15,17,33800,3389
DEVICE,1655187719888,1649994444745,4,1649994444745,541,54,15,17,33800,3387
DEVICE,1655187719920,1649994444777,4,1649994444777,551,55,15,17,33800,3387
DEVICE,1655187719952,1649994444809,4,1649994444809,566,56,15,17,33800,3387
DEVICE,1655187719984,1649994444841,4,1649994444841,564,56,15,17,33800,3389
DEVICE,1655187720015,1649994444872,4,1649994444872,579,57,15,17,33800,3393
DEVICE,1655187720048,1649994444905,4,1649994444905,601,60,15,17,33800,3400
DEVICE,1655187720079,1649994444936,4,1649994444936,621,62,15,17,33800,3408
DEVICE,1655187720111,1649994444968,4,1649994444968,632,63,15,17,33800,3418
DEVICE,1655187720143,1649994445000,4,1649994445000,659,65,15,17,33800,3431
DEVICE,1655187720175,1649994445032,4,1649994445032,675,67,15,17,33800,3439
DEVICE,1655187720207,1649994445064,4,1649994445064,693,69,15,17,33800,3443
DEVICE,1655187720240,1649994445097,4,1649994445097,710,71,15,17,33800,3443
DEVICE,1655187720272,1649994445129,4,1649994445129,724,72,15,17,33800,3443
DEVICE,1655187720304,1649994445161,4,1649994445161,724,72,15,17,33800,3443
DEVICE,1655187720336,1649994445193,4,1649994445193,739,73,15,17,33800,3443
DEVICE,1655187720367,1649994445224,4,1649994445224,745,74,15,17,33800,3443
DEVICE,1655187720399,1649994445256,4,1649994445256,753,75,0,17,33800,3443
DEVICE,1655187720431,1649994445288,4,1649994445288,772,77,0,17,33800,3443
DEVICE,1655187720462,1649994445319,4,1649994445319,784,78,0,17,33800,2295
DEVICE,1655187720479,1649994445336,4,1649994445336,775,77,0,17,33800,1147
DEVICE,1655187720511,1649994445368,4,1649994445368,789,78,0,17,33800,0
DEVICE,1655187720543,1649994445400,4,1649994445400,785,78,0,17,33800,0
DEVICE,1655187720575,1649994445432,4,1649994445432,763,76,0,17,33800,0
DEVICE,1655187720607,1649994445464,4,1649994445464,762,76,0,17,33800,0
DEVICE,1655187720639,1649994445496,4,1649994445496,740,74,0,17,33800,0
DEVICE,1655187720672,1649994445529,4,1649994445529,718,71,5,17,33800,0
DEVICE,1655187720704,1649994445561,4,1649994445561,731,73,5,17,33800,0
DEVICE,1655187720736,1649994445593,4,1649994445593,705,70,5,17,33800,0
DEVICE,1655187720767,1649994445624,4,1649994445624,699,69,5,17,33800,0
DEVICE,1655187720800,1649994445657,4,1649994445657,688,68,5,17,33800,0
DEVICE,1655187720831,1649994445688,4,1649994445688,675,67,5,17,33800,0
DEVICE,1655187720863,1649994445720,4,1649994445720,650,65,5,17,33800,0
DEVICE,1655187720895,1649994445752,4,1649994445752,635,63,5,17,33800,0
DEVICE,1655187720927,1649994445784,4,1649994445784,619,61,15,18,33800,3462
DEVICE,1655187720960,1649994445817,4,1649994445817,593,59,15,18,33800,3462
DEVICE,1655187720991,1649994445848,4,1649994445848,590,59,15,18,33800,3462
DEVICE,1655187721023,1649994445880,4,1649994445880,574,57,15,18,33800,3462
DEVICE,1655187721055,1649994445912,4,1649994445912,567,56,15,18,33800,3462
DEVICE,1655187721087,1649994445944,4,1649994445944,547,54,15,18,33800,3462
DEVICE,1655187721119,1649994445976,4,1649994445976,554,55,15,18,33800,3462
DEVICE,1655187721151,1649994446008,4,1649994446008,550,55,15,18,33800,3462
DEVICE,1655187721182,1649994446039,4,1649994446039,559,55,15,18,33800,3460
DEVICE,1655187721215,1649994446072,4,1649994446072,569,56,15,18,33800,3456
DEVICE,1655187721247,1649994446104,4,1649994446104,572,57,15,18,33800,3452
DEVICE,1655187721279,1649994446136,4,1649994446136,594,59,15,18,33800,3447
DEVICE,1655187721311,1649994446168,4,1649994446168,603,60,15,18,33800,3441
DEVICE,1655187721343,1649994446200,4,1649994446200,627,62,15,18,33800,3433
DEVICE,1655187721375,1649994446232,4,1649994446232,645,64,15,18,33800,3427
DEVICE,1655187721407,1649994446264,4,1649994446264,658,65,15,18,33800,3422
DEVICE,1655187721439,1649994446296,4,1649994446296,678,67,15,18,33800,3418
DEVICE,1655187721471,1649994446328,4,1649994446328,705,70,15,18,33800,3414
DEVICE,1655187721505,1649994446362,4,1649994446362,718,71,15,18,33800,3412
DEVICE,1655187721535,1649994446392,4,1649994446392,726,72,15,18,33800,3412
DEVICE,1655187721567,1649994446424,4,1649994446424,740,74,15,18,33800,3412
DEVICE,1655187721599,1649994446456,4,1649994446456,759,75,0,18,33800,3412
DEVICE,1655187721631,1649994446488,4,1649994446488,761,76,0,18,33800,3412
DEVICE,1655187721663,1649994446520,4,1649994446520,773,77,0,18,33800,2275
DEVICE,1655187721694,1649994446551,4,1649994446551,773,77,0,18,33800,1137
DEVICE,1655187721726,1649994446583,4,1649994446583,773,77,0,18,33800,0
DEVICE,1655187721759,1649994446616,4,1649994446616,771,77,0,18,33800,0
DEVICE,1655187721791,1649994446648,4,1649994446648,770,77,0,18,33800,0
DEVICE,1655187721823,1649994446680,4,1649994446680,755,75,0,18,33800,0
DEVICE,1655187721855,1649994446712,4,1649994446712,761,76,0,18,33800,0
DEVICE,1655187721887,1649994446744,4,1649994446744,749,74,0,18,33800,0
DEVICE,1655187721919,1649994446776,4,1649994446776,733,73,5,18,33800,0
DEVICE,1655187721951,1649994446808,4,1649994446808,717,71,5,18,33800,0
DEVICE,1655187721983,1649994446840,4,1649994446840,701,70,5,18,33800,0
DEVICE,1655187722015,1649994446872,4,1649994446872,688,68,5,18,33800,0
DEVICE,1655187722047,1649994446904,4,1649994446904,684,68,5,18,33800,0
DEVICE,1655187722079,1649994446936,4,1649994446936,663,66,5,18,33800,0
DEVICE,1655187722111,1649994446968,4,1649994446968,647,64,5,18,33800,0
DEVICE,1655187722143,1649994447000,4,1649994447000,637,63,15,19,33800,3387
DEVICE,1655187722175,1649994447032,4,1649994447032,616,61,15,19,33800,3387
DEVICE,1655187722207,1649994447064,4,1649994447064,602,60,15,19,33800,3387
DEVICE,1655187722239,1649994447096,4,1649994447096,592,59,15,19,33800,3387
DEVICE,1655187722271,1649994447128,4,1649994447128,586,58,15,19,33800,3387
DEVICE,1655187722302,1649994447159,4,1649994447159,562,56,15,19,33800,3387
DEVICE,1655187722335,1649994447192,4,1649994447192,559,55,15,19,33800,3389
DEVICE,1655187722367,1649994447224,4,1649994447224,560,56,15,19,33800,3393
DEVICE,1655187722399,1649994447256,4,1649994447256,557,55,15,19,33800,3397
DEVICE,1655187722430,1649994447287,4,1649994447287,565,56,15,19,33800,3400
DEVICE,1655187722462,1649994447319,4,1649994447319,582,58,15,19,33800,3400
DEVICE,1655187722494,1649994447351,4,1649994447351,583,58,15,19,33800,3400
DEVICE,1655187722526,1649994447383,4,1649994447383,598,59,15,19,33800,3402
DEVICE,1655187722558,1649994447415,4,1649994447415,625,62,15,19,33800,3406
DEVICE,1655187722590,1649994447447,4,1649994447447,636,63,15,19,33800,3410
DEVICE,1655187722622,1649994447479,4,1649994447479,657,65,15,19,33800,3412
DEVICE,1655187722655,1649994447512,4,1649994447512,665,66,15,19,33800,3414
DEVICE,1655187722686,1649994447543,4,1649994447543,698,69,15,19,33800,3418
DEVICE,1655187722718,1649994447575,4,1649994447575,697,69,15,19,33800,3422
DEVICE,1655187722751,1649994447608,4,1649994447608,723,72,15,19,33800,3425
DEVICE,1655187722782,1649994447639,4,1649994447639,738,73,15,19,33800,3425
DEVICE,1655187722814,1649994447671,4,1649994447671,749,74,15,19,33800,3425
DEVICE,1655187722846,1649994447703,4,1649994447703,754,75,0,19,33800,3425
DEVICE,1655187722878,1649994447735,4,1649994447735,768,76,0,19,33800,3425
DEVICE,1655187722910,1649994447767,4,1649994447767,778,77,0,19,33800,2283
DEVICE,1655187722942,1649994447799,4,1649994447799,777,77,0,19,33800,1141
DEVICE,1655187722975,1649994447832,4,1649994447832,770,77,0,19,33800,0
DEVICE,1655187723007,1649994447864,4,1649994447864,760,76,0,19,33800,0
DEVICE,1655187723038,1649994447895,4,1649994447895,760,76,0,19,33800,0
DEVICE,1655187723070,1649994447927,4,1649994447927,744,74,0,19,33800,0
DEVICE,1655187723102,1649994447959,4,1649994447959,739,73,5,19,33800,0
DEVICE,1655187723134,1649994447991,4,1649994447991,745,74,5,19,33800,0
DEVICE,1655187723166,1649994448023,4,1649994448023,716,71,5,19,33800,0
DEVICE,1655187723198,1649994448055,4,1649994448055,700,70,5,19,33800,0
DEVICE,1655187723230,1649994448087,4,1649994448087,703,70,5,19,33800,0
DEVICE,1655187723262,1649994448119,4,1649994448119,678,67,5,19,33800,0
DEVICE,1655187723294,1649994448151,4,1649994448151,665,66,5,19,33800,0
DEVICE,1655187723326,1649994448183,4,1649994448183,635,63,5,19,33800,0
DEVICE,1655187723358,1649994448215,4,1649994448215,619,61,15,20,33800,3418
DEVICE,1655187723390,1649994448247,4,1649994448247,608,60,15,20,33800,3412
DEVICE,1655187723422,1649994448279,4,1649994448279,594,59,15,20,33800,3412
DEVICE,1655187723454,1649994448311,4,1649994448311,591,59,15,20,33800,3412
DEVICE,1655187723486,1649994448343,4,1649994448343,573,57,15,20,33800,3412
DEVICE,1655187723518,1649994448375,4,1649994448375,559,55,15,20,33800,3412
DEVICE,1655187723550,1649994448407,4,1649994448407,562,56,15,20,33800,3410
DEVICE,1655187723582,1649994448439,4,1649994448439,555,55,15,20,33800,3406
DEVICE,1655187723614,1649994448471,4,1649994448471,559,55,15,20,33800,3402
DEVICE,1655187723646,1649994448503,4,1649994448503,563,56,15,20,33800,3400
DEVICE,1655187723678,1649994448535,4,1649994448535,560,56,15,20,33800,3400
DEVICE,1655187723709,1649994448566,4,1649994448566,586,58,15,20,33800,3400
DEVICE,1655187723741,1649994448598,4,1649994448598,595,59,15,20,33800,3400
DEVICE,1655187723773,1649994448630,4,1649994448630,619,61,15,20,33800,3400
DEVICE,1655187723807,1649994448664,4,1649994448664,636,63,15,20,33800,3400
DEVICE,1655187723839,1649994448696,4,1649994448696,648,64,15,20,33800,3400
DEVICE,1655187723870,1649994448727,4,1649994448727,664,66,15,20,33800,3402
DEVICE,1655187723902,1649994448759,4,1649994448759,695,69,15,20,33800,3406
DEVICE,1655187723934,1649994448791,4,1649994448791,724,72,15,20,33800,3410
DEVICE,1655187723966,1649994448823,4,1649994448823,725,72,15,20,33800,3412
DEVICE,1655187723998,1649994448855,4,1649994448855,740,74,15,20,33800,3412
DEVICE,1655187724030,1649994448887,4,1649994448887,751,75,0,20,33800,3412
DEVICE,1655187724062,1649994448919,4,1649994448919,772,77,0,20,33800,3412
DEVICE,1655187724094,1649994448951,4,1649994448951,772,77,0,20,33800,2275
DEVICE,1655187724126,1649994448983,4,1649994448983,785,78,0,20,33800,1137
DEVICE,1655187724157,1649994449014,4,1649994449014,789,78,0,20,33800,0
DEVICE,1655187724190,1649994449047,4,1649994449047,798,79,0,20,33800,0
DEVICE,1655187724222,1649994449079,4,1649994449079,801,80,0,20,33800,0
DEVICE,1655187724253,1649994449110,4,1649994449110,805,80,0,20,33800,0
DEVICE,1655187724286,1649994449143,4,1649994449143,790,79,0,20,33800,0
DEVICE,1655187724318,1649994449175,4,1649994449175,794,79,0,20,33800,0
DEVICE,1655187724350,1649994449207,4,1649994449207,799,79,0,20,33800,0
DEVICE,1655187724381,1649994449238,4,1649994449238,787,78,0,20,33800,0
DEVICE,1655187724414,1649994449271,4,1649994449271,793,79,0,20,33800,0
DEVICE,1655187724445,1649994449302,4,1649994449302,794,79,0,20,33800,0
DEVICE,1655187724478,1649994449335,4,1649994449335,786,78,0,20,33800,0
DEVICE,1655187724509,1649994449366,4,1649994449366,797,79,0,20,33800,0
DEVICE,1655187724542,1649994449399,4,1649994449399,794,79,0,20,33800,0
DEVICE,1655187724573,1649994449430,4,1649994449430,791,79,0,20,33800,0
DEVICE,1655187724606,1649994449463,4,1649994449463,795,79,0,20,33800,0
DEVICE,1655187724637,1649994449494,4,1649994449494,794,79,0,20,33800,0
DEVICE,1655187724670,1649994449527,4,1649994449527,808,80,0,20,33800,0
DEVICE,1655187724701,1649994449558,4,1649994449558,773,77,0,20,33800,0
DEVICE,1655187724733,1649994449590,4,1649994449590,797,79,0,20,33800,0
DEVICE,1655187724766,1649994449623,4,1649994449623,802,80,0,20,33800,0
DEVICE,1655187724797,1649994449654,4,1649994449654,792,79,0,20,33800,0
DEVICE,1655187724829,1649994449686,4,1649994449686,805,80,0,20,33800,0
DEVICE,1655187724861,1649994449718,4,1649994449718,794,79,0,20,33800,0
DEVICE,1655187724877,1649994449734,4,1649994449734,818,81,0,20,33800,0
DEVICE,1655187724909,1649994449766,4,1649994449766,815,81,0,20,33800,0
DEVICE,1655187724941,1649994449798,4,1649994449798,804,80,0,20,33800,0
DEVICE,1655187724973,1649994449830,4,1649994449830,803,80,0,20,33800,0
DEVICE,1655187725005,1649994449862,4,1649994449862,790,79,0,20,33800,0
DEVICE,1655187725037,1649994449894,4,1649994449894,799,79,0,20,33800,0
DEVICE,1655187725069,1649994449926,4,1649994449926,800,80,0,20,33800,0
DEVICE,1655187725101,1649994449958,4,1649994449958,812,81,0,20,33800,0
DEVICE,1655187725133,1649994449990,4,1649994449990,790,79,0,20,33800,0
DEVICE,1655187725165,1649994450022,4,1649994450022,812,81,0,20,33800,0
DEVICE,1655187725197,1649994450054,4,1649994450054,794,79,0,20,33800,0
DEVICE,1655187725229,1649994450086,4,1649994450086,814,81,0,20,33800,0
DEVICE,1655187725261,1649994450118,4,1649994450118,807,80,0,20,33800,0
DEVICE,1655187725293,1649994450150,4,1649994450150,786,78,0,20,33800,0
DEVICE,1655187725325,1649994450182,4,1649994450182,796,79,0,20,33800,0
DEVICE,1655187725357,1649994450214,4,1649994450214,795,79,0,20,33800,0
DEVICE,1655187725389,1649994450246,4,1649994450246,801,80,0,20,33800,0
DEVICE,1655187725421,1649994450278,4,1649994450278,796,79,0,20,33800,0
DEVICE,1655187725453,1649994450310,4,1649994450310,794,79,0,20,33800,0
DEVICE,1655187725485,1649994450342,4,1649994450342,804,80,0,20,33800,0
