DeviceName,PTPTime,UnixTime,protocool,CurrentDeviceTime,DistanceMM,DistanceCM,Weight,Count,DistanceADC,WeightADC,DeviceName(Current)
DEVICE,1646991640035,1646991640591,4,1646991640591,54,5,10,0,0,0,ELT003#
DEVICE,1646991640066,1646991640622,4,1646991640622,54,5,10,0,0,0,ELT003#
DEVICE,1646991640098,1646991640654,4,1646991640654,53,5,10,0,0,0,ELT003#
DEVICE,1646991640130,1646991640686,4,1646991640686,52,5,10,0,0,0,ELT003#
DEVICE,1646991640162,1646991640718,4,1646991640718,55,5,10,0,0,0,ELT003#
DEVICE,1646991640194,1646991640750,4,1646991640750,54,5,10,0,0,0,ELT003#
DEVICE,1646991640226,1646991640782,4,1646991640782,52,5,10,0,0,0,ELT003#
DEVICE,1646991640258,1646991640814,4,1646991640814,53,5,10,0,0,0,ELT003#
DEVICE,1646991640291,1646991640847,4,1646991640847,52,5,10,0,0,0,ELT003#
DEVICE,1646991640322,1646991640878,4,1646991640878,53,5,10,0,0,0,ELT003#
DEVICE,1646991640354,1646991640910,4,1646991640910,55,5,10,0,0,0,ELT003#
DEVICE,1646991640386,1646991640942,4,1646991640942,52,5,10,0,0,0,ELT003#
DEVICE,1646991640418,1646991640974,4,1646991640974,54,5,10,0,0,0,ELT003#
DEVICE,1646991640450,1646991641006,4,1646991641006,53,5,10,0,0,0,ELT003#
DEVICE,1646991640482,1646991641038,4,1646991641038,53,5,10,0,0,0,ELT003#
DEVICE,1646991640514,1646991641070,4,1646991641070,55,5,10,0,0,0,ELT003#
DEVICE,1646991640546,1646991641102,4,1646991641102,53,5,10,0,0,0,ELT003#
DEVICE,1646991640578,1646991641134,4,1646991641134,52,5,10,0,0,0,ELT003#
DEVICE,1646991640610,1646991641166,4,1646991641166,53,5,10,0,0,0,ELT003#
DEVICE,1646991640641,1646991641197,4,1646991641197,57,5,10,0,0,0,ELT003#
DEVICE,1646991640674,1646991641230,4,1646991641230,49,4,10,0,0,0,ELT003#
DEVICE,1646991640706,1646991641262,4,1646991641262,55,5,10,0,0,0,ELT003#
DEVICE,1646991640722,1646991641278,4,1646991641278,54,5,10,0,0,0,ELT003#
DEVICE,1646991640754,1646991641310,4,1646991641310,54,5,10,0,0,0,ELT003#
DEVICE,1646991640786,1646991641342,4,1646991641342,55,5,10,0,0,0,ELT003#
DEVICE,1646991640818,1646991641374,4,1646991641374,52,5,10,0,0,0,ELT003#
DEVICE,1646991640850,1646991641406,4,1646991641406,54,5,10,0,0,0,ELT003#
DEVICE,1646991640882,1646991641438,4,1646991641438,53,5,10,0,0,0,ELT003#
DEVICE,1646991640914,1646991641470,4,1646991641470,53,5,10,0,0,0,ELT003#
DEVICE,1646991640946,1646991641502,4,1646991641502,53,5,10,0,0,0,ELT003#
DEVICE,1646991640978,1646991641534,4,1646991641534,54,5,10,0,0,0,ELT003#
DEVICE,1646991641010,1646991641566,4,1646991641566,54,5,10,0,0,0,ELT003#
DEVICE,1646991641042,1646991641598,4,1646991641598,57,5,10,0,0,0,ELT003#
DEVICE,1646991641074,1646991641630,4,1646991641630,52,5,10,0,0,0,ELT003#
DEVICE,1646991641106,1646991641662,4,1646991641662,55,5,10,0,0,0,ELT003#
DEVICE,1646991641138,1646991641694,4,1646991641694,54,5,10,0,0,0,ELT003#
DEVICE,1646991641170,1646991641726,4,1646991641726,51,5,10,0,0,0,ELT003#
DEVICE,1646991641202,1646991641758,4,1646991641758,54,5,10,0,0,0,ELT003#
DEVICE,1646991641234,1646991641790,4,1646991641790,54,5,10,0,0,0,ELT003#
DEVICE,1646991641266,1646991641822,4,1646991641822,55,5,10,0,0,0,ELT003#
DEVICE,1646991641298,1646991641854,4,1646991641854,55,5,10,0,0,0,ELT003#
DEVICE,1646991641330,1646991641886,4,1646991641886,51,5,10,0,0,0,ELT003#
DEVICE,1646991641362,1646991641918,4,1646991641918,53,5,10,0,0,0,ELT003#
DEVICE,1646991641394,1646991641950,4,1646991641950,55,5,10,0,0,0,ELT003#
DEVICE,1646991641426,1646991641982,4,1646991641982,54,5,10,0,0,0,ELT003#
DEVICE,1646991641458,1646991642014,4,1646991642014,54,5,10,0,0,0,ELT003#
DEVICE,1646991641490,1646991642046,4,1646991642046,55,5,10,0,0,0,ELT003#
DEVICE,1646991641522,1646991642078,4,1646991642078,54,5,10,0,0,0,ELT003#
DEVICE,1646991641554,1646991642110,4,1646991642110,50,5,10,0,0,0,ELT003#
DEVICE,1646991641586,1646991642142,4,1646991642142,54,5,10,0,0,0,ELT003#
DEVICE,1646991641618,1646991642174,4,1646991642174,54,5,10,0,0,0,ELT003#
DEVICE,1646991641650,1646991642206,4,1646991642206,53,5,10,0,0,0,ELT003#
DEVICE,1646991641681,1646991642237,4,1646991642237,53,5,10,0,0,0,ELT003#
DEVICE,1646991641714,1646991642270,4,1646991642270,50,5,10,0,0,0,ELT003#
DEVICE,1646991641746,1646991642302,4,1646991642302,53,5,10,0,0,0,ELT003#
DEVICE,1646991641778,1646991642334,4,1646991642334,55,5,10,0,0,0,ELT003#
DEVICE,1646991641810,1646991642366,4,1646991642366,56,5,10,0,0,0,ELT003#
DEVICE,1646991641842,1646991642398,4,1646991642398,53,5,10,0,0,0,ELT003#
DEVICE,1646991641874,1646991642430,4,1646991642430,52,5,10,0,0,0,ELT003#
DEVICE,1646991641906,1646991642462,4,1646991642462,53,5,10,0,0,0,ELT003#
DEVICE,1646991641938,1646991642494,4,1646991642494,50,5,10,0,0,0,ELT003#
DEVICE,1646991641970,1646991642526,4,1646991642526,54,5,10,0,0,0,ELT003#
DEVICE,1646991642002,1646991642558,4,1646991642558,54,5,10,0,0,0,ELT003#
DEVICE,1646991642033,1646991642589,4,1646991642589,52,5,10,0,0,0,ELT003#
DEVICE,1646991642065,1646991642621,4,1646991642621,53,5,10,0,0,0,ELT003#
DEVICE,1646991642097,1646991642653,4,1646991642653,56,5,10,0,0,0,ELT003#
DEVICE,1646991642129,1646991642685,4,1646991642685,54,5,10,0,0,0,ELT003#
DEVICE,1646991642161,1646991642717,4,1646991642717,51,5,10,0,0,0,ELT003#
DEVICE,1646991642193,1646991642749,4,1646991642749,52,5,10,0,0,0,ELT003#
DEVICE,1646991642225,1646991642781,4,1646991642781,54,5,10,0,0,0,ELT003#
DEVICE,1646991642257,1646991642813,4,1646991642813,52,5,10,0,0,0,ELT003#
DEVICE,1646991642289,1646991642845,4,1646991642845,53,5,10,0,0,0,ELT003#
DEVICE,1646991642321,1646991642877,4,1646991642877,54,5,10,0,0,0,ELT003#
DEVICE,1646991642353,1646991642909,4,1646991642909,52,5,10,0,0,0,ELT003#
DEVICE,1646991642385,1646991642941,4,1646991642941,54,5,10,0,0,0,ELT003#
DEVICE,1646991642417,1646991642973,4,1646991642973,54,5,10,0,0,0,ELT003#
DEVICE,1646991642449,1646991643005,4,1646991643005,56,5,10,0,0,0,ELT003#
DEVICE,1646991642481,1646991643037,4,1646991643037,52,5,10,0,0,0,ELT003#
DEVICE,1646991642497,1646991643053,4,1646991643053,54,5,10,0,0,0,ELT003#
DEVICE,1646991642529,1646991643085,4,1646991643085,52,5,10,0,0,0,ELT003#
DEVICE,1646991642561,1646991643117,4,1646991643117,53,5,10,0,0,0,ELT003#
DEVICE,1646991642593,1646991643149,4,1646991643149,54,5,10,0,0,0,ELT003#
DEVICE,1646991642625,1646991643181,4,1646991643181,56,5,10,0,0,0,ELT003#
DEVICE,1646991642657,1646991643213,4,1646991643213,52,5,10,0,0,0,ELT003#
DEVICE,1646991642689,1646991643245,4,1646991643245,56,5,10,0,0,0,ELT003#
DEVICE,1646991642721,1646991643277,4,1646991643277,54,5,10,0,0,0,ELT003#
DEVICE,1646991642753,1646991643309,4,1646991643309,54,5,10,0,0,0,ELT003#
DEVICE,1646991642785,1646991643341,4,1646991643341,54,5,10,0,0,0,ELT003#
DEVICE,1646991642817,1646991643373,4,1646991643373,52,5,10,0,0,0,ELT003#
DEVICE,1646991642849,1646991643405,4,1646991643405,55,5,10,0,0,0,ELT003#
DEVICE,1646991642881,1646991643437,4,1646991643437,54,5,10,0,0,0,ELT003#
DEVICE,1646991642913,1646991643469,4,1646991643469,53,5,10,0,0,0,ELT003#
DEVICE,1646991642945,1646991643501,4,1646991643501,55,5,10,0,0,0,ELT003#
DEVICE,1646991642977,1646991643533,4,1646991643533,52,5,10,0,0,0,ELT003#
DEVICE,1646991643009,1646991643565,4,1646991643565,54,5,10,0,0,0,ELT003#
DEVICE,1646991643041,1646991643597,4,1646991643597,55,5,10,0,0,0,ELT003#
DEVICE,1646991643073,1646991643629,4,1646991643629,52,5,10,0,0,0,ELT003#
DEVICE,1646991643105,1646991643661,4,1646991643661,55,5,10,0,0,0,ELT003#
DEVICE,1646991643137,1646991643693,4,1646991643693,55,5,10,0,0,0,ELT003#
DEVICE,1646991643169,1646991643725,4,1646991643725,54,5,10,0,0,0,ELT003#
DEVICE,1646991643201,1646991643757,4,1646991643757,54,5,10,0,0,0,ELT003#
DEVICE,1646991643233,1646991643789,4,1646991643789,54,5,10,0,0,0,ELT003#
DEVICE,1646991643265,1646991643821,4,1646991643821,55,5,10,0,0,0,ELT003#
DEVICE,1646991643297,1646991643853,4,1646991643853,51,5,10,0,0,0,ELT003#
DEVICE,1646991643329,1646991643885,4,1646991643885,53,5,10,0,0,0,ELT003#
DEVICE,1646991643361,1646991643917,4,1646991643917,53,5,10,0,0,0,ELT003#
DEVICE,1646991643393,1646991643949,4,1646991643949,53,5,10,0,0,0,ELT003#
DEVICE,1646991643425,1646991643981,4,1646991643981,52,5,10,0,0,0,ELT003#
DEVICE,1646991643457,1646991644013,4,1646991644013,53,5,10,0,0,0,ELT003#
DEVICE,1646991643489,1646991644045,4,1646991644045,54,5,10,0,0,0,ELT003#
DEVICE,1646991643521,1646991644077,4,1646991644077,53,5,10,0,0,0,ELT003#
DEVICE,1646991643553,1646991644109,4,1646991644109,56,5,10,0,0,0,ELT003#
DEVICE,1646991643585,1646991644141,4,1646991644141,54,5,10,0,0,0,ELT003#
DEVICE,1646991643617,1646991644173,4,1646991644173,53,5,10,0,0,0,ELT003#
DEVICE,1646991643649,1646991644205,4,1646991644205,54,5,10,0,0,0,ELT003#
DEVICE,1646991643681,1646991644237,4,1646991644237,55,5,10,0,0,0,ELT003#
DEVICE,1646991643713,1646991644269,4,1646991644269,54,5,10,0,0,0,ELT003#
DEVICE,1646991643744,1646991644300,4,1646991644300,52,5,10,0,0,0,ELT003#
DEVICE,1646991643777,1646991644333,4,1646991644333,55,5,10,0,0,0,ELT003#
DEVICE,1646991643809,1646991644365,4,1646991644365,53,5,10,0,0,0,ELT003#
DEVICE,1646991643841,1646991644397,4,1646991644397,52,5,10,0,0,0,ELT003#
DEVICE,1646991643873,1646991644429,4,1646991644429,54,5,10,0,0,0,ELT003#
DEVICE,1646991643905,1646991644461,4,1646991644461,54,5,10,0,0,0,ELT003#
DEVICE,1646991643937,1646991644493,4,1646991644493,53,5,10,0,0,0,ELT003#
DEVICE,1646991643969,1646991644525,4,1646991644525,53,5,10,0,0,0,ELT003#
DEVICE,1646991644001,1646991644557,4,1646991644557,53,5,10,0,0,0,ELT003#
DEVICE,1646991644033,1646991644589,4,1646991644589,55,5,10,0,0,0,ELT003#
DEVICE,1646991644065,1646991644621,4,1646991644621,51,5,10,0,0,0,ELT003#
DEVICE,1646991644097,1646991644653,4,1646991644653,53,5,10,0,0,0,ELT003#
DEVICE,1646991644129,1646991644685,4,1646991644685,54,5,10,0,0,0,ELT003#
DEVICE,1646991644161,1646991644717,4,1646991644717,52,5,10,0,0,0,ELT003#
DEVICE,1646991644193,1646991644749,4,1646991644749,56,5,10,0,0,0,ELT003#
DEVICE,1646991644225,1646991644781,4,1646991644781,53,5,10,0,0,0,ELT003#
DEVICE,1646991644257,1646991644813,4,1646991644813,52,5,10,0,0,0,ELT003#
DEVICE,1646991644289,1646991644845,4,1646991644845,52,5,10,0,0,0,ELT003#
DEVICE,1646991644305,1646991644861,4,1646991644861,53,5,10,0,0,0,ELT003#
DEVICE,1646991644337,1646991644893,4,1646991644893,53,5,10,0,0,0,ELT003#
DEVICE,1646991644369,1646991644925,4,1646991644925,52,5,10,0,0,0,ELT003#
DEVICE,1646991644401,1646991644957,4,1646991644957,53,5,10,0,0,0,ELT003#
DEVICE,1646991644433,1646991644989,4,1646991644989,52,5,10,0,0,0,ELT003#
DEVICE,1646991644465,1646991645021,4,1646991645021,54,5,10,0,0,0,ELT003#
DEVICE,1646991644497,1646991645053,4,1646991645053,54,5,10,0,0,0,ELT003#
DEVICE,1646991644529,1646991645085,4,1646991645085,53,5,10,0,0,0,ELT003#
DEVICE,1646991644561,1646991645117,4,1646991645117,55,5,10,0,0,0,ELT003#
DEVICE,1646991644593,1646991645149,4,1646991645149,53,5,10,0,0,0,ELT003#
DEVICE,1646991644625,1646991645181,4,1646991645181,51,5,10,0,0,0,ELT003#
DEVICE,1646991644656,1646991645212,4,1646991645212,53,5,10,0,0,0,ELT003#
DEVICE,1646991644689,1646991645245,4,1646991645245,54,5,10,0,0,0,ELT003#
DEVICE,1646991644721,1646991645277,4,1646991645277,55,5,10,0,0,0,ELT003#
DEVICE,1646991644753,1646991645309,4,1646991645309,53,5,10,0,0,0,ELT003#
DEVICE,1646991644785,1646991645341,4,1646991645341,52,5,10,0,0,0,ELT003#
DEVICE,1646991644817,1646991645373,4,1646991645373,54,5,10,0,0,0,ELT003#
DEVICE,1646991644849,1646991645405,4,1646991645405,52,5,10,0,0,0,ELT003#
DEVICE,1646991644881,1646991645437,4,1646991645437,54,5,10,0,0,0,ELT003#
DEVICE,1646991644913,1646991645469,4,1646991645469,52,5,10,0,0,0,ELT003#
DEVICE,1646991644945,1646991645501,4,1646991645501,55,5,10,0,0,0,ELT003#
DEVICE,1646991644977,1646991645533,4,1646991645533,54,5,10,0,0,0,ELT003#
DEVICE,1646991645008,1646991645564,4,1646991645564,54,5,10,0,0,0,ELT003#
DEVICE,1646991645040,1646991645596,4,1646991645596,51,5,10,0,0,0,ELT003#
DEVICE,1646991645073,1646991645629,4,1646991645629,53,5,10,0,0,0,ELT003#
DEVICE,1646991645105,1646991645661,4,1646991645661,53,5,10,0,0,0,ELT003#
DEVICE,1646991645136,1646991645692,4,1646991645692,54,5,10,0,0,0,ELT003#
DEVICE,1646991645168,1646991645724,4,1646991645724,53,5,10,0,0,0,ELT003#
DEVICE,1646991645200,1646991645756,4,1646991645756,55,5,10,0,0,0,ELT003#
DEVICE,1646991645233,1646991645789,4,1646991645789,54,5,10,0,0,0,ELT003#
DEVICE,1646991645264,1646991645820,4,1646991645820,54,5,10,0,0,0,ELT003#
DEVICE,1646991645296,1646991645852,4,1646991645852,52,5,10,0,0,0,ELT003#
DEVICE,1646991645328,1646991645884,4,1646991645884,54,5,10,0,0,0,ELT003#
DEVICE,1646991645360,1646991645916,4,1646991645916,55,5,10,0,0,0,ELT003#
DEVICE,1646991645392,1646991645948,4,1646991645948,52,5,10,0,0,0,ELT003#
DEVICE,1646991645424,1646991645980,4,1646991645980,52,5,10,0,0,0,ELT003#
DEVICE,1646991645456,1646991646012,4,1646991646012,53,5,10,0,0,0,ELT003#
DEVICE,1646991645488,1646991646044,4,1646991646044,54,5,10,0,0,0,ELT003#
DEVICE,1646991645520,1646991646076,4,1646991646076,53,5,10,0,0,0,ELT003#
DEVICE,1646991645552,1646991646108,4,1646991646108,53,5,10,0,0,0,ELT003#
DEVICE,1646991645584,1646991646140,4,1646991646140,56,5,10,0,0,0,ELT003#
DEVICE,1646991645616,1646991646172,4,1646991646172,52,5,10,0,0,0,ELT003#
DEVICE,1646991645648,1646991646204,4,1646991646204,52,5,10,0,0,0,ELT003#
DEVICE,1646991645680,1646991646236,4,1646991646236,52,5,10,0,0,0,ELT003#
DEVICE,1646991645712,1646991646268,4,1646991646268,52,5,10,0,0,0,ELT003#
DEVICE,1646991645744,1646991646300,4,1646991646300,53,5,10,0,0,0,ELT003#
DEVICE,1646991645776,1646991646332,4,1646991646332,54,5,10,0,0,0,ELT003#
DEVICE,1646991645808,1646991646364,4,1646991646364,54,5,10,0,0,0,ELT003#
DEVICE,1646991645840,1646991646396,4,1646991646396,56,5,10,0,0,0,ELT003#
DEVICE,1646991645872,1646991646428,4,1646991646428,52,5,10,0,0,0,ELT003#
DEVICE,1646991645904,1646991646460,4,1646991646460,52,5,10,0,0,0,ELT003#
DEVICE,1646991645936,1646991646492,4,1646991646492,52,5,10,0,0,0,ELT003#
DEVICE,1646991645968,1646991646524,4,1646991646524,52,5,10,0,0,0,ELT003#
DEVICE,1646991646000,1646991646556,4,1646991646556,53,5,10,0,0,0,ELT003#
DEVICE,1646991646032,1646991646588,4,1646991646588,55,5,10,0,0,0,ELT003#
DEVICE,1646991646064,1646991646620,4,1646991646620,54,5,10,0,0,0,ELT003#
DEVICE,1646991646080,1646991646636,4,1646991646636,52,5,10,0,0,0,ELT003#
DEVICE,1646991646112,1646991646668,4,1646991646668,53,5,10,0,0,0,ELT003#
DEVICE,1646991646144,1646991646700,4,1646991646700,54,5,10,0,0,0,ELT003#
DEVICE,1646991646176,1646991646732,4,1646991646732,54,5,10,0,0,0,ELT003#
DEVICE,1646991646208,1646991646764,4,1646991646764,52,5,10,0,0,0,ELT003#
DEVICE,1646991646240,1646991646796,4,1646991646796,52,5,10,0,0,0,ELT003#
DEVICE,1646991646272,1646991646828,4,1646991646828,54,5,10,0,0,0,ELT003#
DEVICE,1646991646304,1646991646860,4,1646991646860,53,5,10,0,0,0,ELT003#
DEVICE,1646991646336,1646991646892,4,1646991646892,53,5,10,0,0,0,ELT003#
DEVICE,1646991646368,1646991646924,4,1646991646924,52,5,10,0,0,0,ELT003#
DEVICE,1646991646400,1646991646956,4,1646991646956,55,5,10,0,0,0,ELT003#
DEVICE,1646991646432,1646991646988,4,1646991646988,54,5,10,0,0,0,ELT003#
DEVICE,1646991646464,1646991647020,4,1646991647020,53,5,10,0,0,0,ELT003#
DEVICE,1646991646496,1646991647052,4,1646991647052,52,5,10,0,0,0,ELT003#
DEVICE,1646991646528,1646991647084,4,1646991647084,52,5,10,0,0,0,ELT003#
DEVICE,1646991646560,1646991647116,4,1646991647116,52,5,10,0,0,0,ELT003#
DEVICE,1646991646592,1646991647148,4,1646991647148,53,5,10,0,0,0,ELT003#
DEVICE,1646991646624,1646991647180,4,1646991647180,55,5,10,0,0,0,ELT003#
DEVICE,1646991646656,1646991647212,4,1646991647212,50,5,10,0,0,0,ELT003#
DEVICE,1646991646688,1646991647244,4,1646991647244,55,5,10,0,0,0,ELT003#
DEVICE,1646991646720,1646991647276,4,1646991647276,54,5,10,0,0,0,ELT003#
DEVICE,1646991646752,1646991647308,4,1646991647308,54,5,10,0,0,0,ELT003#
DEVICE,1646991646784,1646991647340,4,1646991647340,54,5,10,0,0,0,ELT003#
DEVICE,1646991646816,1646991647372,4,1646991647372,56,5,10,0,0,0,ELT003#
DEVICE,1646991646848,1646991647404,4,1646991647404,54,5,10,0,0,0,ELT003#
DEVICE,1646991646880,1646991647436,4,1646991647436,51,5,10,0,0,0,ELT003#
DEVICE,1646991646912,1646991647468,4,1646991647468,52,5,10,0,0,0,ELT003#
DEVICE,1646991646944,1646991647500,4,1646991647500,53,5,10,0,0,0,ELT003#
DEVICE,1646991646976,1646991647532,4,1646991647532,54,5,10,0,0,0,ELT003#
DEVICE,1646991647008,1646991647564,4,1646991647564,56,5,10,0,0,0,ELT003#
DEVICE,1646991647040,1646991647596,4,1646991647596,52,5,10,0,0,0,ELT003#
DEVICE,1646991647072,1646991647628,4,1646991647628,54,5,10,0,0,0,ELT003#
DEVICE,1646991647104,1646991647660,4,1646991647660,55,5,10,0,0,0,ELT003#
DEVICE,1646991647136,1646991647692,4,1646991647692,55,5,10,0,0,0,ELT003#
DEVICE,1646991647168,1646991647724,4,1646991647724,54,5,10,0,0,0,ELT003#
DEVICE,1646991647200,1646991647756,4,1646991647756,55,5,10,0,0,0,ELT003#
DEVICE,1646991647232,1646991647788,4,1646991647788,52,5,10,0,0,0,ELT003#
DEVICE,1646991647264,1646991647820,4,1646991647820,56,5,10,0,0,0,ELT003#
DEVICE,1646991647296,1646991647852,4,1646991647852,54,5,10,0,0,0,ELT003#
DEVICE,1646991647328,1646991647884,4,1646991647884,53,5,10,0,0,0,ELT003#
DEVICE,1646991647360,1646991647916,4,1646991647916,53,5,10,0,0,0,ELT003#
DEVICE,1646991647392,1646991647948,4,1646991647948,54,5,10,0,0,0,ELT003#
DEVICE,1646991647424,1646991647980,4,1646991647980,52,5,10,0,0,0,ELT003#
