DeviceName,PTPTime,UnixTime,protocool,CurrentDeviceTime,DistanceMM,DistanceCM,Weight,Count,DistanceADC,WeightADC,DeviceName(Current)
DEVICE,1646993107050,1646993107583,4,1646993107583,51,5,10,0,0,0,ELT003#
DEVICE,1646993107081,1646993107614,4,1646993107614,51,5,10,0,0,0,ELT003#
DEVICE,1646993107113,1646993107646,4,1646993107646,51,5,10,0,0,0,ELT003#
DEVICE,1646993107161,1646993107694,4,1646993107694,51,5,10,0,0,0,ELT003#
DEVICE,1646993107194,1646993107727,4,1646993107727,50,5,10,0,0,0,ELT003#
DEVICE,1646993107226,1646993107759,4,1646993107759,50,5,10,0,0,0,ELT003#
DEVICE,1646993107258,1646993107791,4,1646993107791,49,4,10,0,0,0,ELT003#
DEVICE,1646993107322,1646993107855,4,1646993107855,49,4,10,0,0,0,ELT003#
DEVICE,1646993107369,1646993107902,4,1646993107902,51,5,10,0,0,0,ELT003#
DEVICE,1646993107401,1646993107934,4,1646993107934,49,4,10,0,0,0,ELT003#
DEVICE,1646993107433,1646993107966,4,1646993107966,52,5,10,0,0,0,ELT003#
DEVICE,1646993107466,1646993107999,4,1646993107999,52,5,10,0,0,0,ELT003#
DEVICE,1646993107498,1646993108031,4,1646993108031,49,4,10,0,0,0,ELT003#
DEVICE,1646993107529,1646993108062,4,1646993108062,50,5,10,0,0,0,ELT003#
DEVICE,1646993107561,1646993108094,4,1646993108094,50,5,10,0,0,0,ELT003#
DEVICE,1646993107609,1646993108142,4,1646993108142,52,5,10,0,0,0,ELT003#
DEVICE,1646993107641,1646993108174,4,1646993108174,51,5,10,0,0,0,ELT003#
DEVICE,1646993107673,1646993108206,4,1646993108206,50,5,10,0,0,0,ELT003#
DEVICE,1646993107705,1646993108238,4,1646993108238,50,5,10,0,0,0,ELT003#
DEVICE,1646993107736,1646993108269,4,1646993108269,50,5,10,0,0,0,ELT003#
DEVICE,1646993107768,1646993108301,4,1646993108301,49,4,10,0,0,0,ELT003#
DEVICE,1646993107816,1646993108349,4,1646993108349,52,5,10,0,0,0,ELT003#
DEVICE,1646993107849,1646993108382,4,1646993108382,50,5,10,0,0,0,ELT003#
DEVICE,1646993107880,1646993108413,4,1646993108413,51,5,10,0,0,0,ELT003#
DEVICE,1646993107912,1646993108445,4,1646993108445,49,4,10,0,0,0,ELT003#
DEVICE,1646993107944,1646993108477,4,1646993108477,50,5,10,0,0,0,ELT003#
DEVICE,1646993107976,1646993108509,4,1646993108509,49,4,10,0,0,0,ELT003#
DEVICE,1646993108008,1646993108541,4,1646993108541,50,5,10,0,0,0,ELT003#
DEVICE,1646993108057,1646993108590,4,1646993108590,51,5,10,0,0,0,ELT003#
DEVICE,1646993108089,1646993108622,4,1646993108622,51,5,10,0,0,0,ELT003#
DEVICE,1646993108120,1646993108653,4,1646993108653,49,4,10,0,0,0,ELT003#
DEVICE,1646993108152,1646993108685,4,1646993108685,49,4,10,0,0,0,ELT003#
DEVICE,1646993108184,1646993108717,4,1646993108717,49,4,10,0,0,0,ELT003#
DEVICE,1646993108216,1646993108749,4,1646993108749,50,5,10,0,0,0,ELT003#
DEVICE,1646993108264,1646993108797,4,1646993108797,52,5,10,0,0,0,ELT003#
DEVICE,1646993108296,1646993108829,4,1646993108829,51,5,10,0,0,0,ELT003#
DEVICE,1646993108328,1646993108861,4,1646993108861,52,5,10,0,0,0,ELT003#
DEVICE,1646993108360,1646993108893,4,1646993108893,50,5,10,0,0,0,ELT003#
DEVICE,1646993108392,1646993108925,4,1646993108925,50,5,10,0,0,0,ELT003#
DEVICE,1646993108424,1646993108957,4,1646993108957,53,5,10,0,0,0,ELT003#
DEVICE,1646993108456,1646993108989,4,1646993108989,50,5,10,0,0,0,ELT003#
DEVICE,1646993108504,1646993109037,4,1646993109037,48,4,10,0,0,0,ELT003#
DEVICE,1646993108536,1646993109069,4,1646993109069,52,5,10,0,0,0,ELT003#
DEVICE,1646993108568,1646993109101,4,1646993109101,52,5,10,0,0,0,ELT003#
DEVICE,1646993108600,1646993109133,4,1646993109133,51,5,10,0,0,0,ELT003#
DEVICE,1646993108632,1646993109165,4,1646993109165,50,5,10,0,0,0,ELT003#
DEVICE,1646993108664,1646993109197,4,1646993109197,49,4,10,0,0,0,ELT003#
DEVICE,1646993108712,1646993109245,4,1646993109245,48,4,10,0,0,0,ELT003#
DEVICE,1646993108744,1646993109277,4,1646993109277,50,5,10,0,0,0,ELT003#
DEVICE,1646993108776,1646993109309,4,1646993109309,50,5,10,0,0,0,ELT003#
DEVICE,1646993108808,1646993109341,4,1646993109341,49,4,10,0,0,0,ELT003#
DEVICE,1646993108840,1646993109373,4,1646993109373,50,5,10,0,0,0,ELT003#
DEVICE,1646993108872,1646993109405,4,1646993109405,49,4,10,0,0,0,ELT003#
DEVICE,1646993108904,1646993109437,4,1646993109437,49,4,10,0,0,0,ELT003#
DEVICE,1646993108953,1646993109486,4,1646993109486,50,5,10,0,0,0,ELT003#
DEVICE,1646993108984,1646993109517,4,1646993109517,51,5,10,0,0,0,ELT003#
DEVICE,1646993109016,1646993109549,4,1646993109549,51,5,10,0,0,0,ELT003#
DEVICE,1646993109048,1646993109581,4,1646993109581,50,5,10,0,0,0,ELT003#
DEVICE,1646993109080,1646993109613,4,1646993109613,51,5,10,0,0,0,ELT003#
DEVICE,1646993109112,1646993109645,4,1646993109645,50,5,10,0,0,0,ELT003#
DEVICE,1646993109160,1646993109693,4,1646993109693,50,5,10,0,0,0,ELT003#
DEVICE,1646993109192,1646993109725,4,1646993109725,47,4,10,0,0,0,ELT003#
DEVICE,1646993109224,1646993109757,4,1646993109757,50,5,10,0,0,0,ELT003#
DEVICE,1646993109256,1646993109789,4,1646993109789,49,4,10,0,0,0,ELT003#
DEVICE,1646993109288,1646993109821,4,1646993109821,52,5,10,0,0,0,ELT003#
DEVICE,1646993109320,1646993109853,4,1646993109853,51,5,10,0,0,0,ELT003#
DEVICE,1646993109352,1646993109885,4,1646993109885,50,5,10,0,0,0,ELT003#
DEVICE,1646993109400,1646993109933,4,1646993109933,50,5,10,0,0,0,ELT003#
DEVICE,1646993109433,1646993109966,4,1646993109966,49,4,10,0,0,0,ELT003#
DEVICE,1646993109464,1646993109997,4,1646993109997,52,5,10,0,0,0,ELT003#
DEVICE,1646993109496,1646993110029,4,1646993110029,50,5,10,0,0,0,ELT003#
DEVICE,1646993109528,1646993110061,4,1646993110061,48,4,10,0,0,0,ELT003#
DEVICE,1646993109560,1646993110093,4,1646993110093,49,4,10,0,0,0,ELT003#
DEVICE,1646993109592,1646993110125,4,1646993110125,50,5,10,0,0,0,ELT003#
DEVICE,1646993109640,1646993110173,4,1646993110173,51,5,10,0,0,0,ELT003#
DEVICE,1646993109672,1646993110205,4,1646993110205,50,5,10,0,0,0,ELT003#
DEVICE,1646993109704,1646993110237,4,1646993110237,49,4,10,0,0,0,ELT003#
DEVICE,1646993109736,1646993110269,4,1646993110269,50,5,10,0,0,0,ELT003#
DEVICE,1646993109768,1646993110301,4,1646993110301,51,5,10,0,0,0,ELT003#
DEVICE,1646993109800,1646993110333,4,1646993110333,52,5,10,0,0,0,ELT003#
DEVICE,1646993109848,1646993110381,4,1646993110381,51,5,10,0,0,0,ELT003#
DEVICE,1646993109880,1646993110413,4,1646993110413,50,5,10,0,0,0,ELT003#
DEVICE,1646993109911,1646993110444,4,1646993110444,50,5,10,0,0,0,ELT003#
DEVICE,1646993109944,1646993110477,4,1646993110477,50,5,10,0,0,0,ELT003#
DEVICE,1646993109976,1646993110509,4,1646993110509,49,4,10,0,0,0,ELT003#
DEVICE,1646993110008,1646993110541,4,1646993110541,51,5,10,0,0,0,ELT003#
DEVICE,1646993110040,1646993110573,4,1646993110573,47,4,10,0,0,0,ELT003#
DEVICE,1646993110089,1646993110622,4,1646993110622,52,5,10,0,0,0,ELT003#
DEVICE,1646993110120,1646993110653,4,1646993110653,52,5,10,0,0,0,ELT003#
DEVICE,1646993110152,1646993110685,4,1646993110685,52,5,10,0,0,0,ELT003#
DEVICE,1646993110184,1646993110717,4,1646993110717,50,5,10,0,0,0,ELT003#
DEVICE,1646993110216,1646993110749,4,1646993110749,48,4,10,0,0,0,ELT003#
DEVICE,1646993110248,1646993110781,4,1646993110781,49,4,10,0,0,0,ELT003#
DEVICE,1646993110296,1646993110829,4,1646993110829,52,5,10,0,0,0,ELT003#
DEVICE,1646993110328,1646993110861,4,1646993110861,50,5,10,0,0,0,ELT003#
DEVICE,1646993110360,1646993110893,4,1646993110893,47,4,10,0,0,0,ELT003#
DEVICE,1646993110392,1646993110925,4,1646993110925,49,4,10,0,0,0,ELT003#
DEVICE,1646993110424,1646993110957,4,1646993110957,50,5,10,0,0,0,ELT003#
DEVICE,1646993110455,1646993110988,4,1646993110988,52,5,10,0,0,0,ELT003#
DEVICE,1646993110487,1646993111020,4,1646993111020,50,5,10,0,0,0,ELT003#
DEVICE,1646993110536,1646993111069,4,1646993111069,50,5,10,0,0,0,ELT003#
DEVICE,1646993110568,1646993111101,4,1646993111101,53,5,10,0,0,0,ELT003#
DEVICE,1646993110599,1646993111132,4,1646993111132,49,4,10,0,0,0,ELT003#
DEVICE,1646993110631,1646993111164,4,1646993111164,48,4,10,0,0,0,ELT003#
DEVICE,1646993110663,1646993111196,4,1646993111196,49,4,10,0,0,0,ELT003#
DEVICE,1646993110695,1646993111228,4,1646993111228,51,5,10,0,0,0,ELT003#
DEVICE,1646993110743,1646993111276,4,1646993111276,51,5,10,0,0,0,ELT003#
DEVICE,1646993110776,1646993111309,4,1646993111309,52,5,10,0,0,0,ELT003#
DEVICE,1646993110807,1646993111340,4,1646993111340,51,5,10,0,0,0,ELT003#
DEVICE,1646993110839,1646993111372,4,1646993111372,51,5,10,0,0,0,ELT003#
DEVICE,1646993110871,1646993111404,4,1646993111404,51,5,10,0,0,0,ELT003#
DEVICE,1646993110903,1646993111436,4,1646993111436,50,5,10,0,0,0,ELT003#
DEVICE,1646993110935,1646993111468,4,1646993111468,51,5,10,0,0,0,ELT003#
DEVICE,1646993110983,1646993111516,4,1646993111516,51,5,10,0,0,0,ELT003#
DEVICE,1646993111015,1646993111548,4,1646993111548,49,4,10,0,0,0,ELT003#
DEVICE,1646993111047,1646993111580,4,1646993111580,50,5,10,0,0,0,ELT003#
DEVICE,1646993111079,1646993111612,4,1646993111612,50,5,10,0,0,0,ELT003#
DEVICE,1646993111111,1646993111644,4,1646993111644,49,4,10,0,0,0,ELT003#
DEVICE,1646993111143,1646993111676,4,1646993111676,53,5,10,0,0,0,ELT003#
