DeviceName,PTPTime,UnixTime,protocool,CurrentDeviceTime,DistanceMM,DistanceCM,Weight,Count,DistanceADC,WeightADC,DeviceName(Current)
DEVICE,1646643261841,1646643262996,4,1646643262996,50,5,10,0,0,0,ELT003#
DEVICE,1646643261872,1646643263027,4,1646643263027,52,5,10,0,0,0,ELT003#
DEVICE,1646643261905,1646643263060,4,1646643263060,55,5,10,0,0,0,ELT003#
DEVICE,1646643261936,1646643263091,4,1646643263091,54,5,10,0,0,0,ELT003#
DEVICE,1646643261969,1646643263124,4,1646643263124,53,5,10,0,0,0,ELT003#
DEVICE,1646643262001,1646643263156,4,1646643263156,52,5,10,0,0,0,ELT003#
DEVICE,1646643262033,1646643263188,4,1646643263188,53,5,10,0,0,0,ELT003#
DEVICE,1646643262064,1646643263219,4,1646643263219,52,5,10,0,0,0,ELT003#
DEVICE,1646643262097,1646643263252,4,1646643263252,53,5,10,0,0,0,ELT003#
DEVICE,1646643262129,1646643263284,4,1646643263284,50,5,10,0,0,0,ELT003#
DEVICE,1646643262160,1646643263315,4,1646643263315,52,5,10,0,0,0,ELT003#
DEVICE,1646643262193,1646643263348,4,1646643263348,52,5,10,0,0,0,ELT003#
DEVICE,1646643262225,1646643263380,4,1646643263380,53,5,10,0,0,0,ELT003#
DEVICE,1646643262257,1646643263412,4,1646643263412,53,5,10,0,0,0,ELT003#
DEVICE,1646643262289,1646643263444,4,1646643263444,52,5,10,0,0,0,ELT003#
DEVICE,1646643262321,1646643263476,4,1646643263476,51,5,10,0,0,0,ELT003#
DEVICE,1646643262353,1646643263508,4,1646643263508,54,5,10,0,0,0,ELT003#
DEVICE,1646643262385,1646643263540,4,1646643263540,50,5,10,0,0,0,ELT003#
DEVICE,1646643262417,1646643263572,4,1646643263572,51,5,10,0,0,0,ELT003#
DEVICE,1646643262449,1646643263604,4,1646643263604,51,5,10,0,0,0,ELT003#
DEVICE,1646643262481,1646643263636,4,1646643263636,50,5,10,0,0,0,ELT003#
DEVICE,1646643262513,1646643263668,4,1646643263668,53,5,10,0,0,0,ELT003#
DEVICE,1646643262544,1646643263699,4,1646643263699,50,5,10,0,0,0,ELT003#
DEVICE,1646643262577,1646643263732,4,1646643263732,52,5,10,0,0,0,ELT003#
DEVICE,1646643262608,1646643263763,4,1646643263763,51,5,10,0,0,0,ELT003#
DEVICE,1646643262639,1646643263794,4,1646643263794,52,5,10,0,0,0,ELT003#
DEVICE,1646643262672,1646643263827,4,1646643263827,53,5,10,0,0,0,ELT003#
DEVICE,1646643262704,1646643263859,4,1646643263859,53,5,10,0,0,0,ELT003#
DEVICE,1646643262735,1646643263890,4,1646643263890,52,5,10,0,0,0,ELT003#
DEVICE,1646643262768,1646643263923,4,1646643263923,49,4,10,0,0,0,ELT003#
DEVICE,1646643262799,1646643263954,4,1646643263954,49,4,10,0,0,0,ELT003#
DEVICE,1646643262831,1646643263986,4,1646643263986,51,5,10,0,0,0,ELT003#
DEVICE,1646643262863,1646643264018,4,1646643264018,50,5,10,0,0,0,ELT003#
DEVICE,1646643262895,1646643264050,4,1646643264050,53,5,10,0,0,0,ELT003#
DEVICE,1646643262927,1646643264082,4,1646643264082,52,5,10,0,0,0,ELT003#
DEVICE,1646643262959,1646643264114,4,1646643264114,54,5,10,0,0,0,ELT003#
DEVICE,1646643262991,1646643264146,4,1646643264146,53,5,10,0,0,0,ELT003#
DEVICE,1646643263023,1646643264178,4,1646643264178,54,5,10,0,0,0,ELT003#
DEVICE,1646643263055,1646643264210,4,1646643264210,52,5,10,0,0,0,ELT003#
DEVICE,1646643263071,1646643264226,4,1646643264226,54,5,10,0,0,0,ELT003#
DEVICE,1646643263103,1646643264258,4,1646643264258,51,5,10,0,0,0,ELT003#
DEVICE,1646643263135,1646643264290,4,1646643264290,52,5,10,0,0,0,ELT003#
DEVICE,1646643263167,1646643264322,4,1646643264322,49,4,10,0,0,0,ELT003#
DEVICE,1646643263199,1646643264354,4,1646643264354,52,5,10,0,0,0,ELT003#
DEVICE,1646643263231,1646643264386,4,1646643264386,51,5,10,0,0,0,ELT003#
DEVICE,1646643263264,1646643264419,4,1646643264419,52,5,10,0,0,0,ELT003#
DEVICE,1646643263295,1646643264450,4,1646643264450,52,5,10,0,0,0,ELT003#
DEVICE,1646643263327,1646643264482,4,1646643264482,53,5,10,0,0,0,ELT003#
DEVICE,1646643263359,1646643264514,4,1646643264514,52,5,10,0,0,0,ELT003#
DEVICE,1646643263391,1646643264546,4,1646643264546,50,5,10,0,0,0,ELT003#
DEVICE,1646643263423,1646643264578,4,1646643264578,52,5,10,0,0,0,ELT003#
DEVICE,1646643263455,1646643264610,4,1646643264610,53,5,10,0,0,0,ELT003#
DEVICE,1646643263487,1646643264642,4,1646643264642,51,5,10,0,0,0,ELT003#
DEVICE,1646643263519,1646643264674,4,1646643264674,52,5,10,0,0,0,ELT003#
DEVICE,1646643263551,1646643264706,4,1646643264706,48,4,10,0,0,0,ELT003#
DEVICE,1646643263583,1646643264738,4,1646643264738,52,5,10,0,0,0,ELT003#
DEVICE,1646643263615,1646643264770,4,1646643264770,52,5,10,0,0,0,ELT003#
DEVICE,1646643263647,1646643264802,4,1646643264802,52,5,10,0,0,0,ELT003#
DEVICE,1646643263679,1646643264834,4,1646643264834,53,5,10,0,0,0,ELT003#
DEVICE,1646643263711,1646643264866,4,1646643264866,51,5,10,0,0,0,ELT003#
DEVICE,1646643263743,1646643264898,4,1646643264898,51,5,10,0,0,0,ELT003#
DEVICE,1646643263775,1646643264930,4,1646643264930,51,5,10,0,0,0,ELT003#
DEVICE,1646643263807,1646643264962,4,1646643264962,53,5,10,0,0,0,ELT003#
DEVICE,1646643263839,1646643264994,4,1646643264994,51,5,10,0,0,0,ELT003#
DEVICE,1646643263871,1646643265026,4,1646643265026,52,5,10,0,0,0,ELT003#
DEVICE,1646643263903,1646643265058,4,1646643265058,55,5,10,0,0,0,ELT003#
DEVICE,1646643263935,1646643265090,4,1646643265090,52,5,10,0,0,0,ELT003#
DEVICE,1646643263967,1646643265122,4,1646643265122,54,5,10,0,0,0,ELT003#
DEVICE,1646643263999,1646643265154,4,1646643265154,49,4,10,0,0,0,ELT003#
DEVICE,1646643264031,1646643265186,4,1646643265186,51,5,10,0,0,0,ELT003#
DEVICE,1646643264063,1646643265218,4,1646643265218,52,5,10,0,0,0,ELT003#
DEVICE,1646643264095,1646643265250,4,1646643265250,52,5,10,0,0,0,ELT003#
DEVICE,1646643264127,1646643265282,4,1646643265282,52,5,10,0,0,0,ELT003#
DEVICE,1646643264158,1646643265313,4,1646643265313,50,5,10,0,0,0,ELT003#
DEVICE,1646643264191,1646643265346,4,1646643265346,53,5,10,0,0,0,ELT003#
DEVICE,1646643264223,1646643265378,4,1646643265378,49,4,10,0,0,0,ELT003#
DEVICE,1646643264256,1646643265411,4,1646643265411,53,5,10,0,0,0,ELT003#
DEVICE,1646643264288,1646643265443,4,1646643265443,54,5,10,0,0,0,ELT003#
DEVICE,1646643264319,1646643265474,4,1646643265474,52,5,10,0,0,0,ELT003#
DEVICE,1646643264350,1646643265505,4,1646643265505,53,5,10,0,0,0,ELT003#
DEVICE,1646643264382,1646643265537,4,1646643265537,53,5,10,0,0,0,ELT003#
DEVICE,1646643264414,1646643265569,4,1646643265569,51,5,10,0,0,0,ELT003#
DEVICE,1646643264446,1646643265601,4,1646643265601,52,5,10,0,0,0,ELT003#
DEVICE,1646643264478,1646643265633,4,1646643265633,51,5,10,0,0,0,ELT003#
DEVICE,1646643264510,1646643265665,4,1646643265665,53,5,10,0,0,0,ELT003#
DEVICE,1646643264542,1646643265697,4,1646643265697,49,4,10,0,0,0,ELT003#
DEVICE,1646643264574,1646643265729,4,1646643265729,49,4,10,0,0,0,ELT003#
DEVICE,1646643264606,1646643265761,4,1646643265761,51,5,10,0,0,0,ELT003#
DEVICE,1646643264638,1646643265793,4,1646643265793,52,5,10,0,0,0,ELT003#
DEVICE,1646643264670,1646643265825,4,1646643265825,51,5,10,0,0,0,ELT003#
DEVICE,1646643264702,1646643265857,4,1646643265857,53,5,10,0,0,0,ELT003#
DEVICE,1646643264734,1646643265889,4,1646643265889,50,5,10,0,0,0,ELT003#
DEVICE,1646643264766,1646643265921,4,1646643265921,54,5,10,0,0,0,ELT003#
DEVICE,1646643264798,1646643265953,4,1646643265953,52,5,10,0,0,0,ELT003#
DEVICE,1646643264830,1646643265985,4,1646643265985,49,4,10,0,0,0,ELT003#
DEVICE,1646643264862,1646643266017,4,1646643266017,52,5,10,0,0,0,ELT003#
DEVICE,1646643264894,1646643266049,4,1646643266049,51,5,10,0,0,0,ELT003#
DEVICE,1646643264926,1646643266081,4,1646643266081,52,5,10,0,0,0,ELT003#
DEVICE,1646643264958,1646643266113,4,1646643266113,51,5,10,0,0,0,ELT003#
DEVICE,1646643264990,1646643266145,4,1646643266145,53,5,10,0,0,0,ELT003#
DEVICE,1646643265022,1646643266177,4,1646643266177,53,5,10,0,0,0,ELT003#
DEVICE,1646643265038,1646643266193,4,1646643266193,51,5,10,0,0,0,ELT003#
DEVICE,1646643265086,1646643266241,4,1646643266241,53,5,10,0,0,0,ELT003#
DEVICE,1646643265103,1646643266258,4,1646643266258,51,5,10,0,0,0,ELT003#
DEVICE,1646643265134,1646643266289,4,1646643266289,53,5,10,0,0,0,ELT003#
DEVICE,1646643265166,1646643266321,4,1646643266321,53,5,10,0,0,0,ELT003#
DEVICE,1646643265198,1646643266353,4,1646643266353,51,5,10,0,0,0,ELT003#
DEVICE,1646643265230,1646643266385,4,1646643266385,52,5,10,0,0,0,ELT003#
DEVICE,1646643265262,1646643266417,4,1646643266417,50,5,10,0,0,0,ELT003#
DEVICE,1646643265294,1646643266449,4,1646643266449,51,5,10,0,0,0,ELT003#
DEVICE,1646643265326,1646643266481,4,1646643266481,51,5,10,0,0,0,ELT003#
DEVICE,1646643265358,1646643266513,4,1646643266513,52,5,10,0,0,0,ELT003#
DEVICE,1646643265390,1646643266545,4,1646643266545,51,5,10,0,0,0,ELT003#
DEVICE,1646643265422,1646643266577,4,1646643266577,51,5,10,0,0,0,ELT003#
DEVICE,1646643265454,1646643266609,4,1646643266609,52,5,10,0,0,0,ELT003#
DEVICE,1646643265486,1646643266641,4,1646643266641,49,4,10,0,0,0,ELT003#
DEVICE,1646643265518,1646643266673,4,1646643266673,52,5,10,0,0,0,ELT003#
DEVICE,1646643265550,1646643266705,4,1646643266705,54,5,10,0,0,0,ELT003#
DEVICE,1646643265582,1646643266737,4,1646643266737,53,5,10,0,0,0,ELT003#
DEVICE,1646643265614,1646643266769,4,1646643266769,50,5,10,0,0,0,ELT003#
DEVICE,1646643265646,1646643266801,4,1646643266801,49,4,10,0,0,0,ELT003#
DEVICE,1646643265678,1646643266833,4,1646643266833,51,5,10,0,0,0,ELT003#
DEVICE,1646643265710,1646643266865,4,1646643266865,51,5,10,0,0,0,ELT003#
DEVICE,1646643265742,1646643266897,4,1646643266897,51,5,10,0,0,0,ELT003#
DEVICE,1646643265774,1646643266929,4,1646643266929,50,5,10,0,0,0,ELT003#
DEVICE,1646643265806,1646643266961,4,1646643266961,53,5,10,0,0,0,ELT003#
DEVICE,1646643265837,1646643266992,4,1646643266992,51,5,10,0,0,0,ELT003#
DEVICE,1646643265870,1646643267025,4,1646643267025,51,5,10,0,0,0,ELT003#
DEVICE,1646643265901,1646643267056,4,1646643267056,54,5,10,0,0,0,ELT003#
DEVICE,1646643265933,1646643267088,4,1646643267088,51,5,10,0,0,0,ELT003#
DEVICE,1646643265965,1646643267120,4,1646643267120,52,5,10,0,0,0,ELT003#
DEVICE,1646643265997,1646643267152,4,1646643267152,51,5,10,0,0,0,ELT003#
DEVICE,1646643266029,1646643267184,4,1646643267184,53,5,10,0,0,0,ELT003#
DEVICE,1646643266061,1646643267216,4,1646643267216,51,5,10,0,0,0,ELT003#
DEVICE,1646643266093,1646643267248,4,1646643267248,50,5,10,0,0,0,ELT003#
DEVICE,1646643266125,1646643267280,4,1646643267280,51,5,10,0,0,0,ELT003#
DEVICE,1646643266157,1646643267312,4,1646643267312,51,5,10,0,0,0,ELT003#
DEVICE,1646643266189,1646643267344,4,1646643267344,53,5,10,0,0,0,ELT003#
DEVICE,1646643266221,1646643267376,4,1646643267376,52,5,10,0,0,0,ELT003#
DEVICE,1646643266253,1646643267408,4,1646643267408,53,5,10,0,0,0,ELT003#
DEVICE,1646643266285,1646643267440,4,1646643267440,53,5,10,0,0,0,ELT003#
DEVICE,1646643266317,1646643267472,4,1646643267472,52,5,10,0,0,0,ELT003#
DEVICE,1646643266349,1646643267504,4,1646643267504,51,5,10,0,0,0,ELT003#
DEVICE,1646643266382,1646643267537,4,1646643267537,52,5,10,0,0,0,ELT003#
DEVICE,1646643266413,1646643267568,4,1646643267568,50,5,10,0,0,0,ELT003#
DEVICE,1646643266445,1646643267600,4,1646643267600,52,5,10,0,0,0,ELT003#
DEVICE,1646643266477,1646643267632,4,1646643267632,53,5,10,0,0,0,ELT003#
DEVICE,1646643266509,1646643267664,4,1646643267664,51,5,10,0,0,0,ELT003#
DEVICE,1646643266541,1646643267696,4,1646643267696,53,5,10,0,0,0,ELT003#
DEVICE,1646643266573,1646643267728,4,1646643267728,51,5,10,0,0,0,ELT003#
DEVICE,1646643266605,1646643267760,4,1646643267760,53,5,10,0,0,0,ELT003#
DEVICE,1646643266637,1646643267792,4,1646643267792,50,5,10,0,0,0,ELT003#
DEVICE,1646643266669,1646643267824,4,1646643267824,51,5,10,0,0,0,ELT003#
DEVICE,1646643266701,1646643267856,4,1646643267856,52,5,10,0,0,0,ELT003#
DEVICE,1646643266733,1646643267888,4,1646643267888,51,5,10,0,0,0,ELT003#
DEVICE,1646643266765,1646643267920,4,1646643267920,51,5,10,0,0,0,ELT003#
DEVICE,1646643266797,1646643267952,4,1646643267952,52,5,10,0,0,0,ELT003#
DEVICE,1646643266829,1646643267984,4,1646643267984,52,5,10,0,0,0,ELT003#
DEVICE,1646643266861,1646643268016,4,1646643268016,52,5,10,0,0,0,ELT003#
DEVICE,1646643266893,1646643268048,4,1646643268048,52,5,10,0,0,0,ELT003#
DEVICE,1646643266925,1646643268080,4,1646643268080,51,5,10,0,0,0,ELT003#
DEVICE,1646643266957,1646643268112,4,1646643268112,52,5,10,0,0,0,ELT003#
DEVICE,1646643266989,1646643268144,4,1646643268144,52,5,10,0,0,0,ELT003#
DEVICE,1646643267021,1646643268176,4,1646643268176,54,5,10,0,0,0,ELT003#
DEVICE,1646643267053,1646643268208,4,1646643268208,52,5,10,0,0,0,ELT003#
DEVICE,1646643267070,1646643268225,4,1646643268225,52,5,10,0,0,0,ELT003#
DEVICE,1646643267101,1646643268256,4,1646643268256,55,5,10,0,0,0,ELT003#
DEVICE,1646643267133,1646643268288,4,1646643268288,53,5,10,0,0,0,ELT003#
DEVICE,1646643267165,1646643268320,4,1646643268320,52,5,10,0,0,0,ELT003#
DEVICE,1646643267197,1646643268352,4,1646643268352,51,5,10,0,0,0,ELT003#
DEVICE,1646643267229,1646643268384,4,1646643268384,54,5,10,0,0,0,ELT003#
DEVICE,1646643267260,1646643268415,4,1646643268415,52,5,10,0,0,0,ELT003#
DEVICE,1646643267293,1646643268448,4,1646643268448,52,5,10,0,0,0,ELT003#
DEVICE,1646643267324,1646643268479,4,1646643268479,51,5,10,0,0,0,ELT003#
DEVICE,1646643267356,1646643268511,4,1646643268511,49,4,10,0,0,0,ELT003#
DEVICE,1646643267388,1646643268543,4,1646643268543,53,5,10,0,0,0,ELT003#
DEVICE,1646643267420,1646643268575,4,1646643268575,50,5,10,0,0,0,ELT003#
DEVICE,1646643267452,1646643268607,4,1646643268607,51,5,10,0,0,0,ELT003#
DEVICE,1646643267484,1646643268639,4,1646643268639,53,5,10,0,0,0,ELT003#
DEVICE,1646643267516,1646643268671,4,1646643268671,52,5,10,0,0,0,ELT003#
DEVICE,1646643267548,1646643268703,4,1646643268703,52,5,10,0,0,0,ELT003#
DEVICE,1646643267580,1646643268735,4,1646643268735,51,5,10,0,0,0,ELT003#
DEVICE,1646643267612,1646643268767,4,1646643268767,50,5,10,0,0,0,ELT003#
DEVICE,1646643267644,1646643268799,4,1646643268799,53,5,10,0,0,0,ELT003#
DEVICE,1646643267676,1646643268831,4,1646643268831,52,5,10,0,0,0,ELT003#
DEVICE,1646643267708,1646643268863,4,1646643268863,51,5,10,0,0,0,ELT003#
DEVICE,1646643267740,1646643268895,4,1646643268895,52,5,10,0,0,0,ELT003#
DEVICE,1646643267772,1646643268927,4,1646643268927,52,5,10,0,0,0,ELT003#
DEVICE,1646643267804,1646643268959,4,1646643268959,51,5,10,0,0,0,ELT003#
DEVICE,1646643267836,1646643268991,4,1646643268991,51,5,10,0,0,0,ELT003#
DEVICE,1646643267868,1646643269023,4,1646643269023,53,5,10,0,0,0,ELT003#
DEVICE,1646643267900,1646643269055,4,1646643269055,52,5,10,0,0,0,ELT003#
DEVICE,1646643267932,1646643269087,4,1646643269087,52,5,10,0,0,0,ELT003#
DEVICE,1646643267964,1646643269119,4,1646643269119,51,5,10,0,0,0,ELT003#
DEVICE,1646643267996,1646643269151,4,1646643269151,54,5,10,0,0,0,ELT003#
DEVICE,1646643268028,1646643269183,4,1646643269183,52,5,10,0,0,0,ELT003#
DEVICE,1646643268060,1646643269215,4,1646643269215,52,5,10,0,0,0,ELT003#
DEVICE,1646643268092,1646643269247,4,1646643269247,53,5,10,0,0,0,ELT003#
DEVICE,1646643268124,1646643269279,4,1646643269279,51,5,10,0,0,0,ELT003#
DEVICE,1646643268156,1646643269311,4,1646643269311,49,4,10,0,0,0,ELT003#
DEVICE,1646643268188,1646643269343,4,1646643269343,51,5,10,0,0,0,ELT003#
DEVICE,1646643268220,1646643269375,4,1646643269375,50,5,10,0,0,0,ELT003#
DEVICE,1646643268253,1646643269408,4,1646643269408,53,5,10,0,0,0,ELT003#
DEVICE,1646643268284,1646643269439,4,1646643269439,51,5,10,0,0,0,ELT003#
DEVICE,1646643268316,1646643269471,4,1646643269471,53,5,10,0,0,0,ELT003#
DEVICE,1646643268348,1646643269503,4,1646643269503,54,5,10,0,0,0,ELT003#
DEVICE,1646643268379,1646643269534,4,1646643269534,51,5,10,0,0,0,ELT003#
DEVICE,1646643268412,1646643269567,4,1646643269567,53,5,10,0,0,0,ELT003#
DEVICE,1646643268444,1646643269599,4,1646643269599,52,5,10,0,0,0,ELT003#
DEVICE,1646643268476,1646643269631,4,1646643269631,52,5,10,0,0,0,ELT003#
DEVICE,1646643268508,1646643269663,4,1646643269663,54,5,10,0,0,0,ELT003#
DEVICE,1646643268540,1646643269695,4,1646643269695,53,5,10,0,0,0,ELT003#
DEVICE,1646643268572,1646643269727,4,1646643269727,54,5,10,0,0,0,ELT003#
DEVICE,1646643268604,1646643269759,4,1646643269759,51,5,10,0,0,0,ELT003#
DEVICE,1646643268636,1646643269791,4,1646643269791,52,5,10,0,0,0,ELT003#
DEVICE,1646643268668,1646643269823,4,1646643269823,51,5,10,0,0,0,ELT003#
DEVICE,1646643268700,1646643269855,4,1646643269855,52,5,10,0,0,0,ELT003#
DEVICE,1646643268732,1646643269887,4,1646643269887,51,5,10,0,0,0,ELT003#
DEVICE,1646643268763,1646643269918,4,1646643269918,53,5,10,0,0,0,ELT003#
DEVICE,1646643268795,1646643269950,4,1646643269950,50,5,10,0,0,0,ELT003#
DEVICE,1646643268827,1646643269982,4,1646643269982,54,5,10,0,0,0,ELT003#
DEVICE,1646643268859,1646643270014,4,1646643270014,52,5,10,0,0,0,ELT003#
DEVICE,1646643268891,1646643270046,4,1646643270046,53,5,10,0,0,0,ELT003#
DEVICE,1646643268923,1646643270078,4,1646643270078,50,5,10,0,0,0,ELT003#
DEVICE,1646643268955,1646643270110,4,1646643270110,53,5,10,0,0,0,ELT003#
DEVICE,1646643268987,1646643270142,4,1646643270142,53,5,10,0,0,0,ELT003#
DEVICE,1646643269019,1646643270174,4,1646643270174,54,5,10,0,0,0,ELT003#
DEVICE,1646643269051,1646643270206,4,1646643270206,51,5,10,0,0,0,ELT003#
DEVICE,1646643269067,1646643270222,4,1646643270222,51,5,10,0,0,0,ELT003#
DEVICE,1646643269099,1646643270254,4,1646643270254,50,5,10,0,0,0,ELT003#
DEVICE,1646643269131,1646643270286,4,1646643270286,52,5,10,0,0,0,ELT003#
DEVICE,1646643269163,1646643270318,4,1646643270318,52,5,10,0,0,0,ELT003#
DEVICE,1646643269195,1646643270350,4,1646643270350,51,5,10,0,0,0,ELT003#
DEVICE,1646643269227,1646643270382,4,1646643270382,53,5,10,0,0,0,ELT003#
DEVICE,1646643269259,1646643270414,4,1646643270414,52,5,10,0,0,0,ELT003#
DEVICE,1646643269291,1646643270446,4,1646643270446,54,5,10,0,0,0,ELT003#
DEVICE,1646643269323,1646643270478,4,1646643270478,53,5,10,0,0,0,ELT003#
DEVICE,1646643269355,1646643270510,4,1646643270510,51,5,10,0,0,0,ELT003#
DEVICE,1646643269387,1646643270542,4,1646643270542,51,5,10,0,0,0,ELT003#
DEVICE,1646643269419,1646643270574,4,1646643270574,53,5,10,0,0,0,ELT003#
DEVICE,1646643269451,1646643270606,4,1646643270606,52,5,10,0,0,0,ELT003#
DEVICE,1646643269483,1646643270638,4,1646643270638,54,5,10,0,0,0,ELT003#
DEVICE,1646643269515,1646643270670,4,1646643270670,52,5,10,0,0,0,ELT003#
DEVICE,1646643269547,1646643270702,4,1646643270702,53,5,10,0,0,0,ELT003#
DEVICE,1646643269579,1646643270734,4,1646643270734,50,5,10,0,0,0,ELT003#
DEVICE,1646643269611,1646643270766,4,1646643270766,52,5,10,0,0,0,ELT003#
DEVICE,1646643269643,1646643270798,4,1646643270798,51,5,10,0,0,0,ELT003#
DEVICE,1646643269675,1646643270830,4,1646643270830,51,5,10,0,0,0,ELT003#
DEVICE,1646643269707,1646643270862,4,1646643270862,50,5,10,0,0,0,ELT003#
DEVICE,1646643269739,1646643270894,4,1646643270894,52,5,10,0,0,0,ELT003#
DEVICE,1646643269771,1646643270926,4,1646643270926,53,5,10,0,0,0,ELT003#
DEVICE,1646643269803,1646643270958,4,1646643270958,49,4,10,0,0,0,ELT003#
DEVICE,1646643269835,1646643270990,4,1646643270990,52,5,10,0,0,0,ELT003#
DEVICE,1646643269867,1646643271022,4,1646643271022,51,5,10,0,0,0,ELT003#
DEVICE,1646643269899,1646643271054,4,1646643271054,53,5,10,0,0,0,ELT003#
DEVICE,1646643269931,1646643271086,4,1646643271086,53,5,10,0,0,0,ELT003#
DEVICE,1646643269962,1646643271117,4,1646643271117,52,5,10,0,0,0,ELT003#
DEVICE,1646643269995,1646643271150,4,1646643271150,52,5,10,0,0,0,ELT003#
DEVICE,1646643270027,1646643271182,4,1646643271182,53,5,10,0,0,0,ELT003#
DEVICE,1646643270059,1646643271214,4,1646643271214,52,5,10,0,0,0,ELT003#
DEVICE,1646643270091,1646643271246,4,1646643271246,52,5,10,0,0,0,ELT003#
DEVICE,1646643270122,1646643271277,4,1646643271277,51,5,10,0,0,0,ELT003#
DEVICE,1646643270154,1646643271309,4,1646643271309,52,5,10,0,0,0,ELT003#
DEVICE,1646643270186,1646643271341,4,1646643271341,51,5,10,0,0,0,ELT003#
DEVICE,1646643270218,1646643271373,4,1646643271373,51,5,10,0,0,0,ELT003#
DEVICE,1646643270250,1646643271405,4,1646643271405,54,5,10,0,0,0,ELT003#
DEVICE,1646643270283,1646643271438,4,1646643271438,50,5,10,0,0,0,ELT003#
DEVICE,1646643270314,1646643271469,4,1646643271469,51,5,10,0,0,0,ELT003#
DEVICE,1646643270346,1646643271501,4,1646643271501,51,5,10,0,0,0,ELT003#
DEVICE,1646643270378,1646643271533,4,1646643271533,53,5,10,0,0,0,ELT003#
DEVICE,1646643270410,1646643271565,4,1646643271565,50,5,10,0,0,0,ELT003#
DEVICE,1646643270442,1646643271597,4,1646643271597,56,5,10,0,0,0,ELT003#
DEVICE,1646643270474,1646643271629,4,1646643271629,53,5,10,0,0,0,ELT003#
DEVICE,1646643270506,1646643271661,4,1646643271661,51,5,10,0,0,0,ELT003#
DEVICE,1646643270538,1646643271693,4,1646643271693,54,5,10,0,0,0,ELT003#
DEVICE,1646643270570,1646643271725,4,1646643271725,50,5,10,0,0,0,ELT003#
DEVICE,1646643270602,1646643271757,4,1646643271757,52,5,10,0,0,0,ELT003#
DEVICE,1646643270634,1646643271789,4,1646643271789,51,5,10,0,0,0,ELT003#
DEVICE,1646643270666,1646643271821,4,1646643271821,50,5,10,0,0,0,ELT003#
DEVICE,1646643270698,1646643271853,4,1646643271853,52,5,10,0,0,0,ELT003#
DEVICE,1646643270730,1646643271885,4,1646643271885,51,5,10,0,0,0,ELT003#
DEVICE,1646643270763,1646643271918,4,1646643271918,50,5,10,0,0,0,ELT003#
DEVICE,1646643270794,1646643271949,4,1646643271949,54,5,10,0,0,0,ELT003#
DEVICE,1646643270826,1646643271981,4,1646643271981,53,5,10,0,0,0,ELT003#
DEVICE,1646643270858,1646643272013,4,1646643272013,52,5,10,0,0,0,ELT003#
DEVICE,1646643270890,1646643272045,4,1646643272045,52,5,10,0,0,0,ELT003#
DEVICE,1646643270922,1646643272077,4,1646643272077,55,5,10,0,0,0,ELT003#
DEVICE,1646643270954,1646643272109,4,1646643272109,53,5,10,0,0,0,ELT003#
DEVICE,1646643270986,1646643272141,4,1646643272141,50,5,10,0,0,0,ELT003#
DEVICE,1646643271018,1646643272173,4,1646643272173,51,5,10,0,0,0,ELT003#
DEVICE,1646643271050,1646643272205,4,1646643272205,51,5,10,0,0,0,ELT003#
DEVICE,1646643271082,1646643272237,4,1646643272237,50,5,10,0,0,0,ELT003#
DEVICE,1646643271098,1646643272253,4,1646643272253,53,5,10,0,0,0,ELT003#
DEVICE,1646643271130,1646643272285,4,1646643272285,52,5,10,0,0,0,ELT003#
DEVICE,1646643271162,1646643272317,4,1646643272317,53,5,10,0,0,0,ELT003#
DEVICE,1646643271194,1646643272349,4,1646643272349,53,5,10,0,0,0,ELT003#
DEVICE,1646643271226,1646643272381,4,1646643272381,50,5,10,0,0,0,ELT003#
DEVICE,1646643271258,1646643272413,4,1646643272413,52,5,10,0,0,0,ELT003#
DEVICE,1646643271289,1646643272444,4,1646643272444,52,5,10,0,0,0,ELT003#
DEVICE,1646643271321,1646643272476,4,1646643272476,52,5,10,0,0,0,ELT003#
DEVICE,1646643271353,1646643272508,4,1646643272508,53,5,10,0,0,0,ELT003#
DEVICE,1646643271385,1646643272540,4,1646643272540,50,5,10,0,0,0,ELT003#
DEVICE,1646643271417,1646643272572,4,1646643272572,54,5,10,0,0,0,ELT003#
DEVICE,1646643271449,1646643272604,4,1646643272604,54,5,10,0,0,0,ELT003#
DEVICE,1646643271481,1646643272636,4,1646643272636,53,5,10,0,0,0,ELT003#
DEVICE,1646643271513,1646643272668,4,1646643272668,50,5,10,0,0,0,ELT003#
DEVICE,1646643271545,1646643272700,4,1646643272700,51,5,10,0,0,0,ELT003#
DEVICE,1646643271577,1646643272732,4,1646643272732,52,5,10,0,0,0,ELT003#
DEVICE,1646643271609,1646643272764,4,1646643272764,51,5,10,0,0,0,ELT003#
DEVICE,1646643271641,1646643272796,4,1646643272796,52,5,10,0,0,0,ELT003#
DEVICE,1646643271673,1646643272828,4,1646643272828,51,5,10,0,0,0,ELT003#
DEVICE,1646643271705,1646643272860,4,1646643272860,53,5,10,0,0,0,ELT003#
DEVICE,1646643271737,1646643272892,4,1646643272892,55,5,10,0,0,0,ELT003#
DEVICE,1646643271769,1646643272924,4,1646643272924,51,5,10,0,0,0,ELT003#
DEVICE,1646643271801,1646643272956,4,1646643272956,52,5,10,0,0,0,ELT003#
DEVICE,1646643271833,1646643272988,4,1646643272988,53,5,10,0,0,0,ELT003#
DEVICE,1646643271865,1646643273020,4,1646643273020,54,5,10,0,0,0,ELT003#
DEVICE,1646643271897,1646643273052,4,1646643273052,51,5,10,0,0,0,ELT003#
DEVICE,1646643271929,1646643273084,4,1646643273084,51,5,10,0,0,0,ELT003#
DEVICE,1646643271961,1646643273116,4,1646643273116,52,5,10,0,0,0,ELT003#
DEVICE,1646643271993,1646643273148,4,1646643273148,51,5,10,0,0,0,ELT003#
DEVICE,1646643272025,1646643273180,4,1646643273180,51,5,10,0,0,0,ELT003#
DEVICE,1646643272057,1646643273212,4,1646643273212,51,5,10,0,0,0,ELT003#
DEVICE,1646643272089,1646643273244,4,1646643273244,51,5,10,0,0,0,ELT003#
DEVICE,1646643272121,1646643273276,4,1646643273276,51,5,10,0,0,0,ELT003#
DEVICE,1646643272153,1646643273308,4,1646643273308,53,5,10,0,0,0,ELT003#
DEVICE,1646643272185,1646643273340,4,1646643273340,51,5,10,0,0,0,ELT003#
DEVICE,1646643272217,1646643273372,4,1646643273372,52,5,10,0,0,0,ELT003#
DEVICE,1646643272249,1646643273404,4,1646643273404,52,5,10,0,0,0,ELT003#
DEVICE,1646643272281,1646643273436,4,1646643273436,50,5,10,0,0,0,ELT003#
DEVICE,1646643272313,1646643273468,4,1646643273468,53,5,10,0,0,0,ELT003#
DEVICE,1646643272345,1646643273500,4,1646643273500,52,5,10,0,0,0,ELT003#
DEVICE,1646643272377,1646643273532,4,1646643273532,52,5,10,0,0,0,ELT003#
DEVICE,1646643272408,1646643273563,4,1646643273563,52,5,10,0,0,0,ELT003#
DEVICE,1646643272440,1646643273595,4,1646643273595,51,5,10,0,0,0,ELT003#
DEVICE,1646643272473,1646643273628,4,1646643273628,49,4,10,0,0,0,ELT003#
DEVICE,1646643272504,1646643273659,4,1646643273659,53,5,10,0,0,0,ELT003#
DEVICE,1646643272536,1646643273691,4,1646643273691,52,5,10,0,0,0,ELT003#
DEVICE,1646643272569,1646643273724,4,1646643273724,52,5,10,0,0,0,ELT003#
DEVICE,1646643272601,1646643273756,4,1646643273756,56,5,10,0,0,0,ELT003#
DEVICE,1646643272633,1646643273788,4,1646643273788,52,5,10,0,0,0,ELT003#
DEVICE,1646643272664,1646643273819,4,1646643273819,49,4,10,0,0,0,ELT003#
DEVICE,1646643272696,1646643273851,4,1646643273851,52,5,10,0,0,0,ELT003#
DEVICE,1646643272728,1646643273883,4,1646643273883,50,5,10,0,0,0,ELT003#
DEVICE,1646643272760,1646643273915,4,1646643273915,50,5,10,0,0,0,ELT003#
DEVICE,1646643272792,1646643273947,4,1646643273947,52,5,10,0,0,0,ELT003#
DEVICE,1646643272824,1646643273979,4,1646643273979,50,5,10,0,0,0,ELT003#
DEVICE,1646643272856,1646643274011,4,1646643274011,51,5,10,0,0,0,ELT003#
DEVICE,1646643272888,1646643274043,4,1646643274043,52,5,10,0,0,0,ELT003#
DEVICE,1646643272920,1646643274075,4,1646643274075,52,5,10,0,0,0,ELT003#
DEVICE,1646643272952,1646643274107,4,1646643274107,52,5,10,0,0,0,ELT003#
DEVICE,1646643272984,1646643274139,4,1646643274139,51,5,10,0,0,0,ELT003#
DEVICE,1646643273016,1646643274171,4,1646643274171,51,5,10,0,0,0,ELT003#
DEVICE,1646643273048,1646643274203,4,1646643274203,52,5,10,0,0,0,ELT003#
DEVICE,1646643273080,1646643274235,4,1646643274235,50,5,10,0,0,0,ELT003#
DEVICE,1646643273112,1646643274267,4,1646643274267,50,5,10,0,0,0,ELT003#
DEVICE,1646643273128,1646643274283,4,1646643274283,50,5,10,0,0,0,ELT003#
DEVICE,1646643273160,1646643274315,4,1646643274315,50,5,10,0,0,0,ELT003#
DEVICE,1646643273192,1646643274347,4,1646643274347,52,5,10,0,0,0,ELT003#
DEVICE,1646643273224,1646643274379,4,1646643274379,53,5,10,0,0,0,ELT003#
DEVICE,1646643273256,1646643274411,4,1646643274411,52,5,10,0,0,0,ELT003#
DEVICE,1646643273288,1646643274443,4,1646643274443,54,5,10,0,0,0,ELT003#
DEVICE,1646643273320,1646643274475,4,1646643274475,50,5,10,0,0,0,ELT003#
DEVICE,1646643273352,1646643274507,4,1646643274507,51,5,10,0,0,0,ELT003#
DEVICE,1646643273384,1646643274539,4,1646643274539,53,5,10,0,0,0,ELT003#
DEVICE,1646643273416,1646643274571,4,1646643274571,52,5,10,0,0,0,ELT003#
DEVICE,1646643273448,1646643274603,4,1646643274603,53,5,10,0,0,0,ELT003#
DEVICE,1646643273480,1646643274635,4,1646643274635,51,5,10,0,0,0,ELT003#
DEVICE,1646643273512,1646643274667,4,1646643274667,49,4,10,0,0,0,ELT003#
DEVICE,1646643273544,1646643274699,4,1646643274699,52,5,10,0,0,0,ELT003#
DEVICE,1646643273576,1646643274731,4,1646643274731,53,5,10,0,0,0,ELT003#
DEVICE,1646643273608,1646643274763,4,1646643274763,52,5,10,0,0,0,ELT003#
DEVICE,1646643273640,1646643274795,4,1646643274795,53,5,10,0,0,0,ELT003#
DEVICE,1646643273672,1646643274827,4,1646643274827,52,5,10,0,0,0,ELT003#
DEVICE,1646643273704,1646643274859,4,1646643274859,54,5,10,0,0,0,ELT003#
DEVICE,1646643273736,1646643274891,4,1646643274891,52,5,10,0,0,0,ELT003#
DEVICE,1646643273768,1646643274923,4,1646643274923,49,4,10,0,0,0,ELT003#
DEVICE,1646643273800,1646643274955,4,1646643274955,52,5,10,0,0,0,ELT003#
DEVICE,1646643273832,1646643274987,4,1646643274987,51,5,10,0,0,0,ELT003#
DEVICE,1646643273863,1646643275018,4,1646643275018,53,5,10,0,0,0,ELT003#
DEVICE,1646643273895,1646643275050,4,1646643275050,53,5,10,0,0,0,ELT003#
DEVICE,1646643273928,1646643275083,4,1646643275083,50,5,10,0,0,0,ELT003#
DEVICE,1646643273959,1646643275114,4,1646643275114,51,5,10,0,0,0,ELT003#
DEVICE,1646643273991,1646643275146,4,1646643275146,54,5,10,0,0,0,ELT003#
DEVICE,1646643274023,1646643275178,4,1646643275178,52,5,10,0,0,0,ELT003#
DEVICE,1646643274055,1646643275210,4,1646643275210,52,5,10,0,0,0,ELT003#
DEVICE,1646643274087,1646643275242,4,1646643275242,53,5,10,0,0,0,ELT003#
DEVICE,1646643274119,1646643275274,4,1646643275274,49,4,10,0,0,0,ELT003#
DEVICE,1646643274151,1646643275306,4,1646643275306,51,5,10,0,0,0,ELT003#
DEVICE,1646643274183,1646643275338,4,1646643275338,52,5,10,0,0,0,ELT003#
DEVICE,1646643274215,1646643275370,4,1646643275370,52,5,10,0,0,0,ELT003#
DEVICE,1646643274247,1646643275402,4,1646643275402,53,5,10,0,0,0,ELT003#
DEVICE,1646643274279,1646643275434,4,1646643275434,54,5,10,0,0,0,ELT003#
DEVICE,1646643274311,1646643275466,4,1646643275466,51,5,10,0,0,0,ELT003#
DEVICE,1646643274343,1646643275498,4,1646643275498,51,5,10,0,0,0,ELT003#
DEVICE,1646643274375,1646643275530,4,1646643275530,52,5,10,0,0,0,ELT003#
DEVICE,1646643274407,1646643275562,4,1646643275562,51,5,10,0,0,0,ELT003#
DEVICE,1646643274439,1646643275594,4,1646643275594,52,5,10,0,0,0,ELT003#
DEVICE,1646643274471,1646643275626,4,1646643275626,52,5,10,0,0,0,ELT003#
DEVICE,1646643274503,1646643275658,4,1646643275658,52,5,10,0,0,0,ELT003#
DEVICE,1646643274535,1646643275690,4,1646643275690,51,5,10,0,0,0,ELT003#
DEVICE,1646643274567,1646643275722,4,1646643275722,51,5,10,0,0,0,ELT003#
DEVICE,1646643274599,1646643275754,4,1646643275754,50,5,10,0,0,0,ELT003#
DEVICE,1646643274631,1646643275786,4,1646643275786,52,5,10,0,0,0,ELT003#
DEVICE,1646643274663,1646643275818,4,1646643275818,53,5,10,0,0,0,ELT003#
DEVICE,1646643274695,1646643275850,4,1646643275850,50,5,10,0,0,0,ELT003#
DEVICE,1646643274727,1646643275882,4,1646643275882,54,5,10,0,0,0,ELT003#
DEVICE,1646643274759,1646643275914,4,1646643275914,53,5,10,0,0,0,ELT003#
DEVICE,1646643274791,1646643275946,4,1646643275946,54,5,10,0,0,0,ELT003#
DEVICE,1646643274823,1646643275978,4,1646643275978,52,5,10,0,0,0,ELT003#
DEVICE,1646643274855,1646643276010,4,1646643276010,51,5,10,0,0,0,ELT003#
DEVICE,1646643274887,1646643276042,4,1646643276042,53,5,10,0,0,0,ELT003#
DEVICE,1646643274919,1646643276074,4,1646643276074,50,5,10,0,0,0,ELT003#
DEVICE,1646643274951,1646643276106,4,1646643276106,52,5,10,0,0,0,ELT003#
DEVICE,1646643274983,1646643276138,4,1646643276138,52,5,10,0,0,0,ELT003#
DEVICE,1646643275015,1646643276170,4,1646643276170,53,5,10,0,0,0,ELT003#
DEVICE,1646643275047,1646643276202,4,1646643276202,51,5,10,0,0,0,ELT003#
DEVICE,1646643275078,1646643276233,4,1646643276233,53,5,10,0,0,0,ELT003#
DEVICE,1646643275111,1646643276266,4,1646643276266,53,5,10,0,0,0,ELT003#
DEVICE,1646643275143,1646643276298,4,1646643276298,51,5,10,0,0,0,ELT003#
DEVICE,1646643275159,1646643276314,4,1646643276314,52,5,10,0,0,0,ELT003#
DEVICE,1646643275190,1646643276345,4,1646643276345,51,5,10,0,0,0,ELT003#
DEVICE,1646643275223,1646643276378,4,1646643276378,52,5,10,0,0,0,ELT003#
DEVICE,1646643275254,1646643276409,4,1646643276409,50,5,10,0,0,0,ELT003#
DEVICE,1646643275286,1646643276441,4,1646643276441,53,5,10,0,0,0,ELT003#
DEVICE,1646643275318,1646643276473,4,1646643276473,52,5,10,0,0,0,ELT003#
DEVICE,1646643275350,1646643276505,4,1646643276505,50,5,10,0,0,0,ELT003#
DEVICE,1646643275382,1646643276537,4,1646643276537,53,5,10,0,0,0,ELT003#
DEVICE,1646643275414,1646643276569,4,1646643276569,52,5,10,0,0,0,ELT003#
DEVICE,1646643275446,1646643276601,4,1646643276601,52,5,10,0,0,0,ELT003#
DEVICE,1646643275478,1646643276633,4,1646643276633,54,5,10,0,0,0,ELT003#
DEVICE,1646643275510,1646643276665,4,1646643276665,52,5,10,0,0,0,ELT003#
DEVICE,1646643275542,1646643276697,4,1646643276697,52,5,10,0,0,0,ELT003#
DEVICE,1646643275574,1646643276729,4,1646643276729,52,5,10,0,0,0,ELT003#
DEVICE,1646643275606,1646643276761,4,1646643276761,51,5,10,0,0,0,ELT003#
DEVICE,1646643275638,1646643276793,4,1646643276793,51,5,10,0,0,0,ELT003#
DEVICE,1646643275670,1646643276825,4,1646643276825,53,5,10,0,0,0,ELT003#
DEVICE,1646643275702,1646643276857,4,1646643276857,51,5,10,0,0,0,ELT003#
DEVICE,1646643275734,1646643276889,4,1646643276889,53,5,10,0,0,0,ELT003#
DEVICE,1646643275766,1646643276921,4,1646643276921,52,5,10,0,0,0,ELT003#
DEVICE,1646643275798,1646643276953,4,1646643276953,50,5,10,0,0,0,ELT003#
DEVICE,1646643275830,1646643276985,4,1646643276985,49,4,10,0,0,0,ELT003#
DEVICE,1646643275863,1646643277018,4,1646643277018,53,5,10,0,0,0,ELT003#
DEVICE,1646643275894,1646643277049,4,1646643277049,52,5,10,0,0,0,ELT003#
DEVICE,1646643275926,1646643277081,4,1646643277081,51,5,10,0,0,0,ELT003#
DEVICE,1646643275958,1646643277113,4,1646643277113,51,5,10,0,0,0,ELT003#
DEVICE,1646643275990,1646643277145,4,1646643277145,52,5,10,0,0,0,ELT003#
DEVICE,1646643276022,1646643277177,4,1646643277177,52,5,10,0,0,0,ELT003#
DEVICE,1646643276054,1646643277209,4,1646643277209,55,5,10,0,0,0,ELT003#
DEVICE,1646643276086,1646643277241,4,1646643277241,50,5,10,0,0,0,ELT003#
DEVICE,1646643276118,1646643277273,4,1646643277273,51,5,10,0,0,0,ELT003#
DEVICE,1646643276150,1646643277305,4,1646643277305,52,5,10,0,0,0,ELT003#
DEVICE,1646643276182,1646643277337,4,1646643277337,53,5,10,0,0,0,ELT003#
DEVICE,1646643276214,1646643277369,4,1646643277369,51,5,10,0,0,0,ELT003#
DEVICE,1646643276246,1646643277401,4,1646643277401,50,5,10,0,0,0,ELT003#
DEVICE,1646643276278,1646643277433,4,1646643277433,52,5,10,0,0,0,ELT003#
DEVICE,1646643276310,1646643277465,4,1646643277465,54,5,10,0,0,0,ELT003#
DEVICE,1646643276342,1646643277497,4,1646643277497,51,5,10,0,0,0,ELT003#
DEVICE,1646643276374,1646643277529,4,1646643277529,52,5,10,0,0,0,ELT003#
DEVICE,1646643276406,1646643277561,4,1646643277561,54,5,10,0,0,0,ELT003#
DEVICE,1646643276438,1646643277593,4,1646643277593,52,5,10,0,0,0,ELT003#
DEVICE,1646643276470,1646643277625,4,1646643277625,50,5,10,0,0,0,ELT003#
DEVICE,1646643276502,1646643277657,4,1646643277657,52,5,10,0,0,0,ELT003#
DEVICE,1646643276534,1646643277689,4,1646643277689,52,5,10,0,0,0,ELT003#
DEVICE,1646643276567,1646643277722,4,1646643277722,52,5,10,0,0,0,ELT003#
DEVICE,1646643276598,1646643277753,4,1646643277753,51,5,10,0,0,0,ELT003#
DEVICE,1646643276630,1646643277785,4,1646643277785,53,5,10,0,0,0,ELT003#
DEVICE,1646643276662,1646643277817,4,1646643277817,52,5,10,0,0,0,ELT003#
DEVICE,1646643276693,1646643277848,4,1646643277848,54,5,10,0,0,0,ELT003#
DEVICE,1646643276726,1646643277881,4,1646643277881,54,5,10,0,0,0,ELT003#
DEVICE,1646643276757,1646643277912,4,1646643277912,54,5,10,0,0,0,ELT003#
DEVICE,1646643276789,1646643277944,4,1646643277944,51,5,10,0,0,0,ELT003#
DEVICE,1646643276821,1646643277976,4,1646643277976,53,5,10,0,0,0,ELT003#
DEVICE,1646643276853,1646643278008,4,1646643278008,53,5,10,0,0,0,ELT003#
DEVICE,1646643276885,1646643278040,4,1646643278040,53,5,10,0,0,0,ELT003#
DEVICE,1646643276917,1646643278072,4,1646643278072,51,5,10,0,0,0,ELT003#
DEVICE,1646643276949,1646643278104,4,1646643278104,51,5,10,0,0,0,ELT003#
DEVICE,1646643276981,1646643278136,4,1646643278136,55,5,10,0,0,0,ELT003#
DEVICE,1646643277013,1646643278168,4,1646643278168,51,5,10,0,0,0,ELT003#
DEVICE,1646643277045,1646643278200,4,1646643278200,51,5,10,0,0,0,ELT003#
DEVICE,1646643277077,1646643278232,4,1646643278232,51,5,10,0,0,0,ELT003#
DEVICE,1646643277109,1646643278264,4,1646643278264,51,5,10,0,0,0,ELT003#
DEVICE,1646643277142,1646643278297,4,1646643278297,53,5,10,0,0,0,ELT003#
DEVICE,1646643277173,1646643278328,4,1646643278328,51,5,10,0,0,0,ELT003#
DEVICE,1646643277189,1646643278344,4,1646643278344,52,5,10,0,0,0,ELT003#
DEVICE,1646643277221,1646643278376,4,1646643278376,52,5,10,0,0,0,ELT003#
DEVICE,1646643277253,1646643278408,4,1646643278408,51,5,10,0,0,0,ELT003#
DEVICE,1646643277285,1646643278440,4,1646643278440,54,5,10,0,0,0,ELT003#
DEVICE,1646643277317,1646643278472,4,1646643278472,50,5,10,0,0,0,ELT003#
DEVICE,1646643277349,1646643278504,4,1646643278504,52,5,10,0,0,0,ELT003#
DEVICE,1646643277381,1646643278536,4,1646643278536,50,5,10,0,0,0,ELT003#
DEVICE,1646643277413,1646643278568,4,1646643278568,53,5,10,0,0,0,ELT003#
DEVICE,1646643277445,1646643278600,4,1646643278600,53,5,10,0,0,0,ELT003#
DEVICE,1646643277477,1646643278632,4,1646643278632,53,5,10,0,0,0,ELT003#
DEVICE,1646643277509,1646643278664,4,1646643278664,52,5,10,0,0,0,ELT003#
DEVICE,1646643277541,1646643278696,4,1646643278696,51,5,10,0,0,0,ELT003#
DEVICE,1646643277574,1646643278729,4,1646643278729,53,5,10,0,0,0,ELT003#
DEVICE,1646643277605,1646643278760,4,1646643278760,52,5,10,0,0,0,ELT003#
DEVICE,1646643277637,1646643278792,4,1646643278792,52,5,10,0,0,0,ELT003#
DEVICE,1646643277669,1646643278824,4,1646643278824,51,5,10,0,0,0,ELT003#
DEVICE,1646643277701,1646643278856,4,1646643278856,52,5,10,0,0,0,ELT003#
DEVICE,1646643277733,1646643278888,4,1646643278888,51,5,10,0,0,0,ELT003#
DEVICE,1646643277765,1646643278920,4,1646643278920,52,5,10,0,0,0,ELT003#
DEVICE,1646643277797,1646643278952,4,1646643278952,52,5,10,0,0,0,ELT003#
DEVICE,1646643277828,1646643278983,4,1646643278983,51,5,10,0,0,0,ELT003#
DEVICE,1646643277861,1646643279016,4,1646643279016,50,5,10,0,0,0,ELT003#
DEVICE,1646643277893,1646643279048,4,1646643279048,53,5,10,0,0,0,ELT003#
DEVICE,1646643277925,1646643279080,4,1646643279080,48,4,10,0,0,0,ELT003#
DEVICE,1646643277957,1646643279112,4,1646643279112,51,5,10,0,0,0,ELT003#
DEVICE,1646643277989,1646643279144,4,1646643279144,51,5,10,0,0,0,ELT003#
DEVICE,1646643278021,1646643279176,4,1646643279176,52,5,10,0,0,0,ELT003#
DEVICE,1646643278053,1646643279208,4,1646643279208,51,5,10,0,0,0,ELT003#
DEVICE,1646643278085,1646643279240,4,1646643279240,52,5,10,0,0,0,ELT003#
DEVICE,1646643278117,1646643279272,4,1646643279272,53,5,10,0,0,0,ELT003#
DEVICE,1646643278149,1646643279304,4,1646643279304,50,5,10,0,0,0,ELT003#
DEVICE,1646643278181,1646643279336,4,1646643279336,52,5,10,0,0,0,ELT003#
DEVICE,1646643278213,1646643279368,4,1646643279368,54,5,10,0,0,0,ELT003#
DEVICE,1646643278245,1646643279400,4,1646643279400,54,5,10,0,0,0,ELT003#
DEVICE,1646643278276,1646643279431,4,1646643279431,51,5,10,0,0,0,ELT003#
DEVICE,1646643278308,1646643279463,4,1646643279463,53,5,10,0,0,0,ELT003#
DEVICE,1646643278340,1646643279495,4,1646643279495,51,5,10,0,0,0,ELT003#
DEVICE,1646643278372,1646643279527,4,1646643279527,52,5,10,0,0,0,ELT003#
DEVICE,1646643278404,1646643279559,4,1646643279559,51,5,10,0,0,0,ELT003#
DEVICE,1646643278436,1646643279591,4,1646643279591,53,5,10,0,0,0,ELT003#
DEVICE,1646643278468,1646643279623,4,1646643279623,51,5,10,0,0,0,ELT003#
DEVICE,1646643278500,1646643279655,4,1646643279655,52,5,10,0,0,0,ELT003#
DEVICE,1646643278532,1646643279687,4,1646643279687,53,5,10,0,0,0,ELT003#
DEVICE,1646643278564,1646643279719,4,1646643279719,52,5,10,0,0,0,ELT003#
DEVICE,1646643278596,1646643279751,4,1646643279751,52,5,10,0,0,0,ELT003#
DEVICE,1646643278629,1646643279784,4,1646643279784,52,5,10,0,0,0,ELT003#
DEVICE,1646643278660,1646643279815,4,1646643279815,52,5,10,0,0,0,ELT003#
DEVICE,1646643278692,1646643279847,4,1646643279847,53,5,10,0,0,0,ELT003#
DEVICE,1646643278724,1646643279879,4,1646643279879,54,5,10,0,0,0,ELT003#
DEVICE,1646643278756,1646643279911,4,1646643279911,50,5,10,0,0,0,ELT003#
DEVICE,1646643278788,1646643279943,4,1646643279943,52,5,10,0,0,0,ELT003#
DEVICE,1646643278820,1646643279975,4,1646643279975,52,5,10,0,0,0,ELT003#
DEVICE,1646643278852,1646643280007,4,1646643280007,52,5,10,0,0,0,ELT003#
DEVICE,1646643278884,1646643280039,4,1646643280039,51,5,10,0,0,0,ELT003#
DEVICE,1646643278916,1646643280071,4,1646643280071,52,5,10,0,0,0,ELT003#
DEVICE,1646643278948,1646643280103,4,1646643280103,53,5,10,0,0,0,ELT003#
DEVICE,1646643278980,1646643280135,4,1646643280135,52,5,10,0,0,0,ELT003#
DEVICE,1646643279012,1646643280167,4,1646643280167,52,5,10,0,0,0,ELT003#
DEVICE,1646643279044,1646643280199,4,1646643280199,51,5,10,0,0,0,ELT003#
DEVICE,1646643279076,1646643280231,4,1646643280231,50,5,10,0,0,0,ELT003#
DEVICE,1646643279108,1646643280263,4,1646643280263,51,5,10,0,0,0,ELT003#
DEVICE,1646643279140,1646643280295,4,1646643280295,52,5,10,0,0,0,ELT003#
DEVICE,1646643279172,1646643280327,4,1646643280327,51,5,10,0,0,0,ELT003#
DEVICE,1646643279188,1646643280343,4,1646643280343,50,5,10,0,0,0,ELT003#
DEVICE,1646643279220,1646643280375,4,1646643280375,54,5,10,0,0,0,ELT003#
DEVICE,1646643279252,1646643280407,4,1646643280407,51,5,10,0,0,0,ELT003#
DEVICE,1646643279284,1646643280439,4,1646643280439,53,5,10,0,0,0,ELT003#
DEVICE,1646643279316,1646643280471,4,1646643280471,53,5,10,0,0,0,ELT003#
DEVICE,1646643279348,1646643280503,4,1646643280503,50,5,10,0,0,0,ELT003#
DEVICE,1646643279380,1646643280535,4,1646643280535,52,5,10,0,0,0,ELT003#
DEVICE,1646643279411,1646643280566,4,1646643280566,51,5,10,0,0,0,ELT003#
DEVICE,1646643279444,1646643280599,4,1646643280599,50,5,10,0,0,0,ELT003#
DEVICE,1646643279476,1646643280631,4,1646643280631,51,5,10,0,0,0,ELT003#
DEVICE,1646643279507,1646643280662,4,1646643280662,53,5,10,0,0,0,ELT003#
DEVICE,1646643279540,1646643280695,4,1646643280695,53,5,10,0,0,0,ELT003#
DEVICE,1646643279572,1646643280727,4,1646643280727,52,5,10,0,0,0,ELT003#
DEVICE,1646643279603,1646643280758,4,1646643280758,53,5,10,0,0,0,ELT003#
DEVICE,1646643279635,1646643280790,4,1646643280790,50,5,10,0,0,0,ELT003#
DEVICE,1646643279668,1646643280823,4,1646643280823,51,5,10,0,0,0,ELT003#
DEVICE,1646643279699,1646643280854,4,1646643280854,53,5,10,0,0,0,ELT003#
DEVICE,1646643279731,1646643280886,4,1646643280886,52,5,10,0,0,0,ELT003#
DEVICE,1646643279763,1646643280918,4,1646643280918,50,5,10,0,0,0,ELT003#
DEVICE,1646643279796,1646643280951,4,1646643280951,52,5,10,0,0,0,ELT003#
DEVICE,1646643279827,1646643280982,4,1646643280982,53,5,10,0,0,0,ELT003#
DEVICE,1646643279859,1646643281014,4,1646643281014,49,4,10,0,0,0,ELT003#
DEVICE,1646643279891,1646643281046,4,1646643281046,53,5,10,0,0,0,ELT003#
DEVICE,1646643279923,1646643281078,4,1646643281078,51,5,10,0,0,0,ELT003#
DEVICE,1646643279955,1646643281110,4,1646643281110,54,5,10,0,0,0,ELT003#
DEVICE,1646643279987,1646643281142,4,1646643281142,50,5,10,0,0,0,ELT003#
DEVICE,1646643280019,1646643281174,4,1646643281174,51,5,10,0,0,0,ELT003#
DEVICE,1646643280051,1646643281206,4,1646643281206,51,5,10,0,0,0,ELT003#
DEVICE,1646643280083,1646643281238,4,1646643281238,52,5,10,0,0,0,ELT003#
DEVICE,1646643280115,1646643281270,4,1646643281270,52,5,10,0,0,0,ELT003#
DEVICE,1646643280147,1646643281302,4,1646643281302,52,5,10,0,0,0,ELT003#
DEVICE,1646643280179,1646643281334,4,1646643281334,51,5,10,0,0,0,ELT003#
DEVICE,1646643280211,1646643281366,4,1646643281366,52,5,10,0,0,0,ELT003#
DEVICE,1646643280243,1646643281398,4,1646643281398,52,5,10,0,0,0,ELT003#
DEVICE,1646643280275,1646643281430,4,1646643281430,51,5,10,0,0,0,ELT003#
DEVICE,1646643280307,1646643281462,4,1646643281462,51,5,10,0,0,0,ELT003#
DEVICE,1646643280339,1646643281494,4,1646643281494,50,5,10,0,0,0,ELT003#
DEVICE,1646643280371,1646643281526,4,1646643281526,50,5,10,0,0,0,ELT003#
DEVICE,1646643280403,1646643281558,4,1646643281558,53,5,10,0,0,0,ELT003#
DEVICE,1646643280435,1646643281590,4,1646643281590,51,5,10,0,0,0,ELT003#
DEVICE,1646643280467,1646643281622,4,1646643281622,51,5,10,0,0,0,ELT003#
DEVICE,1646643280499,1646643281654,4,1646643281654,54,5,10,0,0,0,ELT003#
DEVICE,1646643280531,1646643281686,4,1646643281686,49,4,10,0,0,0,ELT003#
DEVICE,1646643280563,1646643281718,4,1646643281718,53,5,10,0,0,0,ELT003#
DEVICE,1646643280595,1646643281750,4,1646643281750,52,5,10,0,0,0,ELT003#
DEVICE,1646643280627,1646643281782,4,1646643281782,51,5,10,0,0,0,ELT003#
DEVICE,1646643280659,1646643281814,4,1646643281814,52,5,10,0,0,0,ELT003#
DEVICE,1646643280691,1646643281846,4,1646643281846,51,5,10,0,0,0,ELT003#
DEVICE,1646643280723,1646643281878,4,1646643281878,51,5,10,0,0,0,ELT003#
DEVICE,1646643280755,1646643281910,4,1646643281910,53,5,10,0,0,0,ELT003#
DEVICE,1646643280787,1646643281942,4,1646643281942,50,5,10,0,0,0,ELT003#
DEVICE,1646643280819,1646643281974,4,1646643281974,53,5,10,0,0,0,ELT003#
DEVICE,1646643280851,1646643282006,4,1646643282006,53,5,10,0,0,0,ELT003#
DEVICE,1646643280882,1646643282037,4,1646643282037,51,5,10,0,0,0,ELT003#
DEVICE,1646643280915,1646643282070,4,1646643282070,52,5,10,0,0,0,ELT003#
DEVICE,1646643280946,1646643282101,4,1646643282101,53,5,10,0,0,0,ELT003#
DEVICE,1646643280978,1646643282133,4,1646643282133,51,5,10,0,0,0,ELT003#
DEVICE,1646643281010,1646643282165,4,1646643282165,53,5,10,0,0,0,ELT003#
DEVICE,1646643281042,1646643282197,4,1646643282197,52,5,10,0,0,0,ELT003#
DEVICE,1646643281074,1646643282229,4,1646643282229,52,5,10,0,0,0,ELT003#
DEVICE,1646643281106,1646643282261,4,1646643282261,50,5,10,0,0,0,ELT003#
DEVICE,1646643281138,1646643282293,4,1646643282293,51,5,10,0,0,0,ELT003#
DEVICE,1646643281170,1646643282325,4,1646643282325,51,5,10,0,0,0,ELT003#
DEVICE,1646643281202,1646643282357,4,1646643282357,53,5,10,0,0,0,ELT003#
DEVICE,1646643281218,1646643282373,4,1646643282373,51,5,10,0,0,0,ELT003#
DEVICE,1646643281250,1646643282405,4,1646643282405,52,5,10,0,0,0,ELT003#
DEVICE,1646643281282,1646643282437,4,1646643282437,52,5,10,0,0,0,ELT003#
DEVICE,1646643281314,1646643282469,4,1646643282469,51,5,10,0,0,0,ELT003#
DEVICE,1646643281347,1646643282502,4,1646643282502,54,5,10,0,0,0,ELT003#
DEVICE,1646643281378,1646643282533,4,1646643282533,52,5,10,0,0,0,ELT003#
DEVICE,1646643281410,1646643282565,4,1646643282565,51,5,10,0,0,0,ELT003#
DEVICE,1646643281442,1646643282597,4,1646643282597,55,5,10,0,0,0,ELT003#
DEVICE,1646643281474,1646643282629,4,1646643282629,51,5,10,0,0,0,ELT003#
DEVICE,1646643281506,1646643282661,4,1646643282661,53,5,10,0,0,0,ELT003#
DEVICE,1646643281538,1646643282693,4,1646643282693,51,5,10,0,0,0,ELT003#
DEVICE,1646643281570,1646643282725,4,1646643282725,52,5,10,0,0,0,ELT003#
DEVICE,1646643281602,1646643282757,4,1646643282757,51,5,10,0,0,0,ELT003#
DEVICE,1646643281635,1646643282790,4,1646643282790,54,5,10,0,0,0,ELT003#
DEVICE,1646643281666,1646643282821,4,1646643282821,54,5,10,0,0,0,ELT003#
DEVICE,1646643281698,1646643282853,4,1646643282853,52,5,10,0,0,0,ELT003#
DEVICE,1646643281730,1646643282885,4,1646643282885,51,5,10,0,0,0,ELT003#
DEVICE,1646643281762,1646643282917,4,1646643282917,50,5,10,0,0,0,ELT003#
DEVICE,1646643281794,1646643282949,4,1646643282949,54,5,10,0,0,0,ELT003#
DEVICE,1646643281826,1646643282981,4,1646643282981,51,5,10,0,0,0,ELT003#
DEVICE,1646643281858,1646643283013,4,1646643283013,52,5,10,0,0,0,ELT003#
DEVICE,1646643281890,1646643283045,4,1646643283045,51,5,10,0,0,0,ELT003#
DEVICE,1646643281922,1646643283077,4,1646643283077,52,5,10,0,0,0,ELT003#
DEVICE,1646643281954,1646643283109,4,1646643283109,53,5,10,0,0,0,ELT003#
DEVICE,1646643281986,1646643283141,4,1646643283141,50,5,10,0,0,0,ELT003#
DEVICE,1646643282018,1646643283173,4,1646643283173,52,5,10,0,0,0,ELT003#
DEVICE,1646643282050,1646643283205,4,1646643283205,50,5,10,0,0,0,ELT003#
DEVICE,1646643282081,1646643283236,4,1646643283236,50,5,10,0,0,0,ELT003#
DEVICE,1646643282114,1646643283269,4,1646643283269,53,5,10,0,0,0,ELT003#
DEVICE,1646643282146,1646643283301,4,1646643283301,50,5,10,0,0,0,ELT003#
DEVICE,1646643282178,1646643283333,4,1646643283333,51,5,10,0,0,0,ELT003#
DEVICE,1646643282210,1646643283365,4,1646643283365,51,5,10,0,0,0,ELT003#
DEVICE,1646643282242,1646643283397,4,1646643283397,52,5,10,0,0,0,ELT003#
DEVICE,1646643282273,1646643283428,4,1646643283428,51,5,10,0,0,0,ELT003#
DEVICE,1646643282305,1646643283460,4,1646643283460,51,5,10,0,0,0,ELT003#
DEVICE,1646643282337,1646643283492,4,1646643283492,52,5,10,0,0,0,ELT003#
DEVICE,1646643282369,1646643283524,4,1646643283524,53,5,10,0,0,0,ELT003#
DEVICE,1646643282401,1646643283556,4,1646643283556,53,5,10,0,0,0,ELT003#
DEVICE,1646643282433,1646643283588,4,1646643283588,50,5,10,0,0,0,ELT003#
DEVICE,1646643282465,1646643283620,4,1646643283620,52,5,10,0,0,0,ELT003#
DEVICE,1646643282497,1646643283652,4,1646643283652,54,5,10,0,0,0,ELT003#
DEVICE,1646643282529,1646643283684,4,1646643283684,52,5,10,0,0,0,ELT003#
DEVICE,1646643282561,1646643283716,4,1646643283716,52,5,10,0,0,0,ELT003#
DEVICE,1646643282593,1646643283748,4,1646643283748,50,5,10,0,0,0,ELT003#
DEVICE,1646643282625,1646643283780,4,1646643283780,52,5,10,0,0,0,ELT003#
DEVICE,1646643282657,1646643283812,4,1646643283812,51,5,10,0,0,0,ELT003#
DEVICE,1646643282689,1646643283844,4,1646643283844,50,5,10,0,0,0,ELT003#
DEVICE,1646643282721,1646643283876,4,1646643283876,51,5,10,0,0,0,ELT003#
DEVICE,1646643282753,1646643283908,4,1646643283908,52,5,10,0,0,0,ELT003#
DEVICE,1646643282785,1646643283940,4,1646643283940,53,5,10,0,0,0,ELT003#
DEVICE,1646643282817,1646643283972,4,1646643283972,52,5,10,0,0,0,ELT003#
DEVICE,1646643282849,1646643284004,4,1646643284004,53,5,10,0,0,0,ELT003#
DEVICE,1646643282881,1646643284036,4,1646643284036,52,5,10,0,0,0,ELT003#
DEVICE,1646643282913,1646643284068,4,1646643284068,50,5,10,0,0,0,ELT003#
DEVICE,1646643282945,1646643284100,4,1646643284100,53,5,10,0,0,0,ELT003#
DEVICE,1646643282977,1646643284132,4,1646643284132,53,5,10,0,0,0,ELT003#
DEVICE,1646643283009,1646643284164,4,1646643284164,54,5,10,0,0,0,ELT003#
DEVICE,1646643283041,1646643284196,4,1646643284196,52,5,10,0,0,0,ELT003#
DEVICE,1646643283073,1646643284228,4,1646643284228,51,5,10,0,0,0,ELT003#
DEVICE,1646643283105,1646643284260,4,1646643284260,51,5,10,0,0,0,ELT003#
DEVICE,1646643283137,1646643284292,4,1646643284292,52,5,10,0,0,0,ELT003#
DEVICE,1646643283169,1646643284324,4,1646643284324,53,5,10,0,0,0,ELT003#
DEVICE,1646643283201,1646643284356,4,1646643284356,50,5,10,0,0,0,ELT003#
DEVICE,1646643283217,1646643284372,4,1646643284372,54,5,10,0,0,0,ELT003#
DEVICE,1646643283249,1646643284404,4,1646643284404,51,5,10,0,0,0,ELT003#
DEVICE,1646643283281,1646643284436,4,1646643284436,50,5,10,0,0,0,ELT003#
DEVICE,1646643283313,1646643284468,4,1646643284468,52,5,10,0,0,0,ELT003#
DEVICE,1646643283344,1646643284499,4,1646643284499,53,5,10,0,0,0,ELT003#
DEVICE,1646643283377,1646643284532,4,1646643284532,51,5,10,0,0,0,ELT003#
DEVICE,1646643283409,1646643284564,4,1646643284564,50,5,10,0,0,0,ELT003#
DEVICE,1646643283441,1646643284596,4,1646643284596,50,5,10,0,0,0,ELT003#
DEVICE,1646643283473,1646643284628,4,1646643284628,51,5,10,0,0,0,ELT003#
DEVICE,1646643283505,1646643284660,4,1646643284660,50,5,10,0,0,0,ELT003#
DEVICE,1646643283537,1646643284692,4,1646643284692,51,5,10,0,0,0,ELT003#
DEVICE,1646643283569,1646643284724,4,1646643284724,50,5,10,0,0,0,ELT003#
DEVICE,1646643283600,1646643284755,4,1646643284755,51,5,10,0,0,0,ELT003#
DEVICE,1646643283632,1646643284787,4,1646643284787,53,5,10,0,0,0,ELT003#
DEVICE,1646643283664,1646643284819,4,1646643284819,53,5,10,0,0,0,ELT003#
DEVICE,1646643283696,1646643284851,4,1646643284851,51,5,10,0,0,0,ELT003#
DEVICE,1646643283728,1646643284883,4,1646643284883,52,5,10,0,0,0,ELT003#
DEVICE,1646643283760,1646643284915,4,1646643284915,53,5,10,0,0,0,ELT003#
DEVICE,1646643283792,1646643284947,4,1646643284947,52,5,10,0,0,0,ELT003#
DEVICE,1646643283824,1646643284979,4,1646643284979,51,5,10,0,0,0,ELT003#
DEVICE,1646643283856,1646643285011,4,1646643285011,53,5,10,0,0,0,ELT003#
DEVICE,1646643283888,1646643285043,4,1646643285043,54,5,10,0,0,0,ELT003#
DEVICE,1646643283920,1646643285075,4,1646643285075,51,5,10,0,0,0,ELT003#
DEVICE,1646643283952,1646643285107,4,1646643285107,51,5,10,0,0,0,ELT003#
DEVICE,1646643283984,1646643285139,4,1646643285139,52,5,10,0,0,0,ELT003#
DEVICE,1646643284016,1646643285171,4,1646643285171,53,5,10,0,0,0,ELT003#
DEVICE,1646643284048,1646643285203,4,1646643285203,51,5,10,0,0,0,ELT003#
DEVICE,1646643284080,1646643285235,4,1646643285235,52,5,10,0,0,0,ELT003#
DEVICE,1646643284112,1646643285267,4,1646643285267,50,5,10,0,0,0,ELT003#
DEVICE,1646643284144,1646643285299,4,1646643285299,51,5,10,0,0,0,ELT003#
DEVICE,1646643284176,1646643285331,4,1646643285331,52,5,10,0,0,0,ELT003#
DEVICE,1646643284208,1646643285363,4,1646643285363,51,5,10,0,0,0,ELT003#
DEVICE,1646643284240,1646643285395,4,1646643285395,50,5,10,0,0,0,ELT003#
DEVICE,1646643284272,1646643285427,4,1646643285427,51,5,10,0,0,0,ELT003#
DEVICE,1646643284304,1646643285459,4,1646643285459,51,5,10,0,0,0,ELT003#
DEVICE,1646643284336,1646643285491,4,1646643285491,53,5,10,0,0,0,ELT003#
DEVICE,1646643284368,1646643285523,4,1646643285523,49,4,10,0,0,0,ELT003#
DEVICE,1646643284400,1646643285555,4,1646643285555,52,5,10,0,0,0,ELT003#
DEVICE,1646643284432,1646643285587,4,1646643285587,52,5,10,0,0,0,ELT003#
DEVICE,1646643284464,1646643285619,4,1646643285619,50,5,10,0,0,0,ELT003#
DEVICE,1646643284496,1646643285651,4,1646643285651,51,5,10,0,0,0,ELT003#
DEVICE,1646643284527,1646643285682,4,1646643285682,53,5,10,0,0,0,ELT003#
DEVICE,1646643284560,1646643285715,4,1646643285715,53,5,10,0,0,0,ELT003#
DEVICE,1646643284592,1646643285747,4,1646643285747,51,5,10,0,0,0,ELT003#
DEVICE,1646643284624,1646643285779,4,1646643285779,51,5,10,0,0,0,ELT003#
DEVICE,1646643284656,1646643285811,4,1646643285811,52,5,10,0,0,0,ELT003#
DEVICE,1646643284688,1646643285843,4,1646643285843,52,5,10,0,0,0,ELT003#
DEVICE,1646643284720,1646643285875,4,1646643285875,53,5,10,0,0,0,ELT003#
DEVICE,1646643284751,1646643285906,4,1646643285906,54,5,10,0,0,0,ELT003#
DEVICE,1646643284784,1646643285939,4,1646643285939,50,5,10,0,0,0,ELT003#
DEVICE,1646643284815,1646643285970,4,1646643285970,52,5,10,0,0,0,ELT003#
DEVICE,1646643284847,1646643286002,4,1646643286002,51,5,10,0,0,0,ELT003#
DEVICE,1646643284879,1646643286034,4,1646643286034,53,5,10,0,0,0,ELT003#
DEVICE,1646643284911,1646643286066,4,1646643286066,54,5,10,0,0,0,ELT003#
DEVICE,1646643284943,1646643286098,4,1646643286098,52,5,10,0,0,0,ELT003#
DEVICE,1646643284975,1646643286130,4,1646643286130,52,5,10,0,0,0,ELT003#
DEVICE,1646643285007,1646643286162,4,1646643286162,53,5,10,0,0,0,ELT003#
DEVICE,1646643285039,1646643286194,4,1646643286194,52,5,10,0,0,0,ELT003#
DEVICE,1646643285071,1646643286226,4,1646643286226,51,5,10,0,0,0,ELT003#
DEVICE,1646643285103,1646643286258,4,1646643286258,52,5,10,0,0,0,ELT003#
DEVICE,1646643285135,1646643286290,4,1646643286290,51,5,10,0,0,0,ELT003#
DEVICE,1646643285167,1646643286322,4,1646643286322,50,5,10,0,0,0,ELT003#
DEVICE,1646643285199,1646643286354,4,1646643286354,50,5,10,0,0,0,ELT003#
DEVICE,1646643285231,1646643286386,4,1646643286386,52,5,10,0,0,0,ELT003#
DEVICE,1646643285263,1646643286418,4,1646643286418,52,5,10,0,0,0,ELT003#
DEVICE,1646643285279,1646643286434,4,1646643286434,52,5,10,0,0,0,ELT003#
DEVICE,1646643285311,1646643286466,4,1646643286466,51,5,10,0,0,0,ELT003#
DEVICE,1646643285343,1646643286498,4,1646643286498,52,5,10,0,0,0,ELT003#
DEVICE,1646643285375,1646643286530,4,1646643286530,52,5,10,0,0,0,ELT003#
DEVICE,1646643285407,1646643286562,4,1646643286562,52,5,10,0,0,0,ELT003#
DEVICE,1646643285439,1646643286594,4,1646643286594,52,5,10,0,0,0,ELT003#
DEVICE,1646643285471,1646643286626,4,1646643286626,50,5,10,0,0,0,ELT003#
DEVICE,1646643285503,1646643286658,4,1646643286658,51,5,10,0,0,0,ELT003#
DEVICE,1646643285535,1646643286690,4,1646643286690,54,5,10,0,0,0,ELT003#
DEVICE,1646643285567,1646643286722,4,1646643286722,51,5,10,0,0,0,ELT003#
DEVICE,1646643285599,1646643286754,4,1646643286754,51,5,10,0,0,0,ELT003#
DEVICE,1646643285631,1646643286786,4,1646643286786,52,5,10,0,0,0,ELT003#
DEVICE,1646643285663,1646643286818,4,1646643286818,51,5,10,0,0,0,ELT003#
DEVICE,1646643285695,1646643286850,4,1646643286850,53,5,10,0,0,0,ELT003#
DEVICE,1646643285727,1646643286882,4,1646643286882,50,5,10,0,0,0,ELT003#
DEVICE,1646643285759,1646643286914,4,1646643286914,51,5,10,0,0,0,ELT003#
DEVICE,1646643285791,1646643286946,4,1646643286946,52,5,10,0,0,0,ELT003#
DEVICE,1646643285823,1646643286978,4,1646643286978,54,5,10,0,0,0,ELT003#
DEVICE,1646643285855,1646643287010,4,1646643287010,51,5,10,0,0,0,ELT003#
DEVICE,1646643285887,1646643287042,4,1646643287042,50,5,10,0,0,0,ELT003#
DEVICE,1646643285919,1646643287074,4,1646643287074,53,5,10,0,0,0,ELT003#
DEVICE,1646643285951,1646643287106,4,1646643287106,53,5,10,0,0,0,ELT003#
DEVICE,1646643285983,1646643287138,4,1646643287138,53,5,10,0,0,0,ELT003#
DEVICE,1646643286015,1646643287170,4,1646643287170,51,5,10,0,0,0,ELT003#
DEVICE,1646643286047,1646643287202,4,1646643287202,50,5,10,0,0,0,ELT003#
DEVICE,1646643286079,1646643287234,4,1646643287234,51,5,10,0,0,0,ELT003#
DEVICE,1646643286110,1646643287265,4,1646643287265,51,5,10,0,0,0,ELT003#
DEVICE,1646643286142,1646643287297,4,1646643287297,51,5,10,0,0,0,ELT003#
DEVICE,1646643286175,1646643287330,4,1646643287330,51,5,10,0,0,0,ELT003#
DEVICE,1646643286206,1646643287361,4,1646643287361,52,5,10,0,0,0,ELT003#
DEVICE,1646643286238,1646643287393,4,1646643287393,52,5,10,0,0,0,ELT003#
DEVICE,1646643286270,1646643287425,4,1646643287425,51,5,10,0,0,0,ELT003#
DEVICE,1646643286302,1646643287457,4,1646643287457,51,5,10,0,0,0,ELT003#
DEVICE,1646643286334,1646643287489,4,1646643287489,50,5,10,0,0,0,ELT003#
DEVICE,1646643286366,1646643287521,4,1646643287521,50,5,10,0,0,0,ELT003#
DEVICE,1646643286398,1646643287553,4,1646643287553,51,5,10,0,0,0,ELT003#
DEVICE,1646643286430,1646643287585,4,1646643287585,52,5,10,0,0,0,ELT003#
DEVICE,1646643286462,1646643287617,4,1646643287617,52,5,10,0,0,0,ELT003#
DEVICE,1646643286494,1646643287649,4,1646643287649,49,4,10,0,0,0,ELT003#
DEVICE,1646643286527,1646643287682,4,1646643287682,54,5,10,0,0,0,ELT003#
DEVICE,1646643286558,1646643287713,4,1646643287713,53,5,10,0,0,0,ELT003#
DEVICE,1646643286590,1646643287745,4,1646643287745,52,5,10,0,0,0,ELT003#
DEVICE,1646643286622,1646643287777,4,1646643287777,55,5,10,0,0,0,ELT003#
DEVICE,1646643286654,1646643287809,4,1646643287809,52,5,10,0,0,0,ELT003#
DEVICE,1646643286686,1646643287841,4,1646643287841,52,5,10,0,0,0,ELT003#
DEVICE,1646643286718,1646643287873,4,1646643287873,53,5,10,0,0,0,ELT003#
DEVICE,1646643286750,1646643287905,4,1646643287905,50,5,10,0,0,0,ELT003#
DEVICE,1646643286782,1646643287937,4,1646643287937,51,5,10,0,0,0,ELT003#
DEVICE,1646643286814,1646643287969,4,1646643287969,53,5,10,0,0,0,ELT003#
DEVICE,1646643286846,1646643288001,4,1646643288001,53,5,10,0,0,0,ELT003#
DEVICE,1646643286878,1646643288033,4,1646643288033,50,5,10,0,0,0,ELT003#
DEVICE,1646643286910,1646643288065,4,1646643288065,50,5,10,0,0,0,ELT003#
DEVICE,1646643286942,1646643288097,4,1646643288097,52,5,10,0,0,0,ELT003#
DEVICE,1646643286974,1646643288129,4,1646643288129,53,5,10,0,0,0,ELT003#
DEVICE,1646643287006,1646643288161,4,1646643288161,50,5,10,0,0,0,ELT003#
DEVICE,1646643287038,1646643288193,4,1646643288193,50,5,10,0,0,0,ELT003#
DEVICE,1646643287070,1646643288225,4,1646643288225,50,5,10,0,0,0,ELT003#
DEVICE,1646643287102,1646643288257,4,1646643288257,51,5,10,0,0,0,ELT003#
DEVICE,1646643287134,1646643288289,4,1646643288289,53,5,10,0,0,0,ELT003#
DEVICE,1646643287166,1646643288321,4,1646643288321,53,5,10,0,0,0,ELT003#
DEVICE,1646643287198,1646643288353,4,1646643288353,54,5,10,0,0,0,ELT003#
DEVICE,1646643287230,1646643288385,4,1646643288385,49,4,10,0,0,0,ELT003#
DEVICE,1646643287262,1646643288417,4,1646643288417,53,5,10,0,0,0,ELT003#
DEVICE,1646643287277,1646643288432,4,1646643288432,52,5,10,0,0,0,ELT003#
DEVICE,1646643287326,1646643288481,4,1646643288481,51,5,10,0,0,0,ELT003#
DEVICE,1646643287342,1646643288497,4,1646643288497,50,5,10,0,0,0,ELT003#
DEVICE,1646643287374,1646643288529,4,1646643288529,53,5,10,0,0,0,ELT003#
DEVICE,1646643287406,1646643288561,4,1646643288561,49,4,10,0,0,0,ELT003#
DEVICE,1646643287438,1646643288593,4,1646643288593,52,5,10,0,0,0,ELT003#
DEVICE,1646643287470,1646643288625,4,1646643288625,52,5,10,0,0,0,ELT003#
DEVICE,1646643287502,1646643288657,4,1646643288657,52,5,10,0,0,0,ELT003#
DEVICE,1646643287534,1646643288689,4,1646643288689,51,5,10,0,0,0,ELT003#
DEVICE,1646643287566,1646643288721,4,1646643288721,55,5,10,0,0,0,ELT003#
DEVICE,1646643287597,1646643288752,4,1646643288752,51,5,10,0,0,0,ELT003#
DEVICE,1646643287629,1646643288784,4,1646643288784,52,5,10,0,0,0,ELT003#
DEVICE,1646643287661,1646643288816,4,1646643288816,51,5,10,0,0,0,ELT003#
DEVICE,1646643287694,1646643288849,4,1646643288849,51,5,10,0,0,0,ELT003#
DEVICE,1646643287725,1646643288880,4,1646643288880,52,5,10,0,0,0,ELT003#
DEVICE,1646643287757,1646643288912,4,1646643288912,51,5,10,0,0,0,ELT003#
DEVICE,1646643287789,1646643288944,4,1646643288944,53,5,10,0,0,0,ELT003#
DEVICE,1646643287821,1646643288976,4,1646643288976,50,5,10,0,0,0,ELT003#
DEVICE,1646643287853,1646643289008,4,1646643289008,54,5,10,0,0,0,ELT003#
DEVICE,1646643287885,1646643289040,4,1646643289040,53,5,10,0,0,0,ELT003#
DEVICE,1646643287917,1646643289072,4,1646643289072,49,4,10,0,0,0,ELT003#
DEVICE,1646643287949,1646643289104,4,1646643289104,53,5,10,0,0,0,ELT003#
DEVICE,1646643287981,1646643289136,4,1646643289136,50,5,10,0,0,0,ELT003#
DEVICE,1646643288013,1646643289168,4,1646643289168,51,5,10,0,0,0,ELT003#
DEVICE,1646643288045,1646643289200,4,1646643289200,51,5,10,0,0,0,ELT003#
DEVICE,1646643288078,1646643289233,4,1646643289233,51,5,10,0,0,0,ELT003#
DEVICE,1646643288109,1646643289264,4,1646643289264,52,5,10,0,0,0,ELT003#
DEVICE,1646643288141,1646643289296,4,1646643289296,51,5,10,0,0,0,ELT003#
DEVICE,1646643288173,1646643289328,4,1646643289328,51,5,10,0,0,0,ELT003#
DEVICE,1646643288205,1646643289360,4,1646643289360,50,5,10,0,0,0,ELT003#
DEVICE,1646643288237,1646643289392,4,1646643289392,55,5,10,0,0,0,ELT003#
DEVICE,1646643288269,1646643289424,4,1646643289424,50,5,10,0,0,0,ELT003#
DEVICE,1646643288302,1646643289457,4,1646643289457,52,5,10,0,0,0,ELT003#
DEVICE,1646643288333,1646643289488,4,1646643289488,53,5,10,0,0,0,ELT003#
DEVICE,1646643288365,1646643289520,4,1646643289520,51,5,10,0,0,0,ELT003#
DEVICE,1646643288397,1646643289552,4,1646643289552,53,5,10,0,0,0,ELT003#
DEVICE,1646643288428,1646643289583,4,1646643289583,51,5,10,0,0,0,ELT003#
DEVICE,1646643288460,1646643289615,4,1646643289615,53,5,10,0,0,0,ELT003#
DEVICE,1646643288493,1646643289648,4,1646643289648,51,5,10,0,0,0,ELT003#
DEVICE,1646643288525,1646643289680,4,1646643289680,52,5,10,0,0,0,ELT003#
DEVICE,1646643288557,1646643289712,4,1646643289712,50,5,10,0,0,0,ELT003#
DEVICE,1646643288589,1646643289744,4,1646643289744,51,5,10,0,0,0,ELT003#
DEVICE,1646643288621,1646643289776,4,1646643289776,50,5,10,0,0,0,ELT003#
DEVICE,1646643288653,1646643289808,4,1646643289808,52,5,10,0,0,0,ELT003#
DEVICE,1646643288685,1646643289840,4,1646643289840,54,5,10,0,0,0,ELT003#
DEVICE,1646643288717,1646643289872,4,1646643289872,52,5,10,0,0,0,ELT003#
DEVICE,1646643288749,1646643289904,4,1646643289904,53,5,10,0,0,0,ELT003#
DEVICE,1646643288781,1646643289936,4,1646643289936,52,5,10,0,0,0,ELT003#
DEVICE,1646643288813,1646643289968,4,1646643289968,51,5,10,0,0,0,ELT003#
DEVICE,1646643288845,1646643290000,4,1646643290000,52,5,10,0,0,0,ELT003#
DEVICE,1646643288878,1646643290033,4,1646643290033,50,5,10,0,0,0,ELT003#
DEVICE,1646643288909,1646643290064,4,1646643290064,52,5,10,0,0,0,ELT003#
DEVICE,1646643288940,1646643290095,4,1646643290095,52,5,10,0,0,0,ELT003#
DEVICE,1646643288972,1646643290127,4,1646643290127,52,5,10,0,0,0,ELT003#
DEVICE,1646643289005,1646643290160,4,1646643290160,52,5,10,0,0,0,ELT003#
DEVICE,1646643289036,1646643290191,4,1646643290191,50,5,10,0,0,0,ELT003#
DEVICE,1646643289068,1646643290223,4,1646643290223,51,5,10,0,0,0,ELT003#
DEVICE,1646643289100,1646643290255,4,1646643290255,52,5,10,0,0,0,ELT003#
DEVICE,1646643289132,1646643290287,4,1646643290287,53,5,10,0,0,0,ELT003#
DEVICE,1646643289164,1646643290319,4,1646643290319,55,5,10,0,0,0,ELT003#
DEVICE,1646643289196,1646643290351,4,1646643290351,53,5,10,0,0,0,ELT003#
DEVICE,1646643289228,1646643290383,4,1646643290383,50,5,10,0,0,0,ELT003#
DEVICE,1646643289260,1646643290415,4,1646643290415,50,5,10,0,0,0,ELT003#
DEVICE,1646643289292,1646643290447,4,1646643290447,53,5,10,0,0,0,ELT003#
DEVICE,1646643289308,1646643290463,4,1646643290463,53,5,10,0,0,0,ELT003#
DEVICE,1646643289340,1646643290495,4,1646643290495,51,5,10,0,0,0,ELT003#
DEVICE,1646643289372,1646643290527,4,1646643290527,52,5,10,0,0,0,ELT003#
DEVICE,1646643289404,1646643290559,4,1646643290559,52,5,10,0,0,0,ELT003#
DEVICE,1646643289436,1646643290591,4,1646643290591,51,5,10,0,0,0,ELT003#
DEVICE,1646643289468,1646643290623,4,1646643290623,52,5,10,0,0,0,ELT003#
DEVICE,1646643289501,1646643290656,4,1646643290656,54,5,10,0,0,0,ELT003#
DEVICE,1646643289532,1646643290687,4,1646643290687,51,5,10,0,0,0,ELT003#
DEVICE,1646643289564,1646643290719,4,1646643290719,51,5,10,0,0,0,ELT003#
DEVICE,1646643289596,1646643290751,4,1646643290751,52,5,10,0,0,0,ELT003#
DEVICE,1646643289628,1646643290783,4,1646643290783,52,5,10,0,0,0,ELT003#
DEVICE,1646643289660,1646643290815,4,1646643290815,51,5,10,0,0,0,ELT003#
DEVICE,1646643289692,1646643290847,4,1646643290847,51,5,10,0,0,0,ELT003#
DEVICE,1646643289724,1646643290879,4,1646643290879,51,5,10,0,0,0,ELT003#
DEVICE,1646643289756,1646643290911,4,1646643290911,50,5,10,0,0,0,ELT003#
DEVICE,1646643289788,1646643290943,4,1646643290943,52,5,10,0,0,0,ELT003#
DEVICE,1646643289820,1646643290975,4,1646643290975,52,5,10,0,0,0,ELT003#
DEVICE,1646643289852,1646643291007,4,1646643291007,54,5,10,0,0,0,ELT003#
DEVICE,1646643289884,1646643291039,4,1646643291039,53,5,10,0,0,0,ELT003#
DEVICE,1646643289916,1646643291071,4,1646643291071,50,5,10,0,0,0,ELT003#
DEVICE,1646643289948,1646643291103,4,1646643291103,52,5,10,0,0,0,ELT003#
DEVICE,1646643289980,1646643291135,4,1646643291135,51,5,10,0,0,0,ELT003#
DEVICE,1646643290012,1646643291167,4,1646643291167,51,5,10,0,0,0,ELT003#
DEVICE,1646643290044,1646643291199,4,1646643291199,54,5,10,0,0,0,ELT003#
DEVICE,1646643290076,1646643291231,4,1646643291231,52,5,10,0,0,0,ELT003#
DEVICE,1646643290108,1646643291263,4,1646643291263,53,5,10,0,0,0,ELT003#
DEVICE,1646643290140,1646643291295,4,1646643291295,52,5,10,0,0,0,ELT003#
DEVICE,1646643290172,1646643291327,4,1646643291327,51,5,10,0,0,0,ELT003#
DEVICE,1646643290204,1646643291359,4,1646643291359,51,5,10,0,0,0,ELT003#
DEVICE,1646643290236,1646643291391,4,1646643291391,51,5,10,0,0,0,ELT003#
DEVICE,1646643290268,1646643291423,4,1646643291423,50,5,10,0,0,0,ELT003#
DEVICE,1646643290301,1646643291456,4,1646643291456,54,5,10,0,0,0,ELT003#
DEVICE,1646643290332,1646643291487,4,1646643291487,51,5,10,0,0,0,ELT003#
DEVICE,1646643290364,1646643291519,4,1646643291519,50,5,10,0,0,0,ELT003#
DEVICE,1646643290396,1646643291551,4,1646643291551,50,5,10,0,0,0,ELT003#
DEVICE,1646643290428,1646643291583,4,1646643291583,53,5,10,0,0,0,ELT003#
DEVICE,1646643290460,1646643291615,4,1646643291615,51,5,10,0,0,0,ELT003#
DEVICE,1646643290492,1646643291647,4,1646643291647,51,5,10,0,0,0,ELT003#
DEVICE,1646643290524,1646643291679,4,1646643291679,51,5,10,0,0,0,ELT003#
DEVICE,1646643290556,1646643291711,4,1646643291711,52,5,10,0,0,0,ELT003#
DEVICE,1646643290588,1646643291743,4,1646643291743,51,5,10,0,0,0,ELT003#
DEVICE,1646643290619,1646643291774,4,1646643291774,51,5,10,0,0,0,ELT003#
DEVICE,1646643290651,1646643291806,4,1646643291806,52,5,10,0,0,0,ELT003#
DEVICE,1646643290683,1646643291838,4,1646643291838,53,5,10,0,0,0,ELT003#
DEVICE,1646643290715,1646643291870,4,1646643291870,47,4,10,0,0,0,ELT003#
DEVICE,1646643290747,1646643291902,4,1646643291902,51,5,10,0,0,0,ELT003#
DEVICE,1646643290779,1646643291934,4,1646643291934,53,5,10,0,0,0,ELT003#
DEVICE,1646643290811,1646643291966,4,1646643291966,53,5,10,0,0,0,ELT003#
DEVICE,1646643290843,1646643291998,4,1646643291998,51,5,10,0,0,0,ELT003#
DEVICE,1646643290875,1646643292030,4,1646643292030,52,5,10,0,0,0,ELT003#
DEVICE,1646643290907,1646643292062,4,1646643292062,51,5,10,0,0,0,ELT003#
DEVICE,1646643290939,1646643292094,4,1646643292094,52,5,10,0,0,0,ELT003#
DEVICE,1646643290971,1646643292126,4,1646643292126,51,5,10,0,0,0,ELT003#
DEVICE,1646643291003,1646643292158,4,1646643292158,52,5,10,0,0,0,ELT003#
DEVICE,1646643291035,1646643292190,4,1646643292190,52,5,10,0,0,0,ELT003#
DEVICE,1646643291068,1646643292223,4,1646643292223,53,5,10,0,0,0,ELT003#
DEVICE,1646643291100,1646643292255,4,1646643292255,50,5,10,0,0,0,ELT003#
DEVICE,1646643291131,1646643292286,4,1646643292286,53,5,10,0,0,0,ELT003#
DEVICE,1646643291163,1646643292318,4,1646643292318,52,5,10,0,0,0,ELT003#
DEVICE,1646643291195,1646643292350,4,1646643292350,53,5,10,0,0,0,ELT003#
DEVICE,1646643291227,1646643292382,4,1646643292382,52,5,10,0,0,0,ELT003#
DEVICE,1646643291259,1646643292414,4,1646643292414,53,5,10,0,0,0,ELT003#
DEVICE,1646643291291,1646643292446,4,1646643292446,51,5,10,0,0,0,ELT003#
DEVICE,1646643291307,1646643292462,4,1646643292462,53,5,10,0,0,0,ELT003#
DEVICE,1646643291339,1646643292494,4,1646643292494,54,5,10,0,0,0,ELT003#
DEVICE,1646643291371,1646643292526,4,1646643292526,50,5,10,0,0,0,ELT003#
DEVICE,1646643291403,1646643292558,4,1646643292558,54,5,10,0,0,0,ELT003#
DEVICE,1646643291435,1646643292590,4,1646643292590,53,5,10,0,0,0,ELT003#
DEVICE,1646643291467,1646643292622,4,1646643292622,52,5,10,0,0,0,ELT003#
DEVICE,1646643291499,1646643292654,4,1646643292654,51,5,10,0,0,0,ELT003#
DEVICE,1646643291531,1646643292686,4,1646643292686,53,5,10,0,0,0,ELT003#
DEVICE,1646643291563,1646643292718,4,1646643292718,52,5,10,0,0,0,ELT003#
DEVICE,1646643291595,1646643292750,4,1646643292750,51,5,10,0,0,0,ELT003#
