DeviceName,PTPTime,UnixTime,protocool,CurrentDeviceTime,DistanceMM,DistanceCM,Weight,Count,DistanceADC,WeightADC,DeviceName(Current)
DEVICE,1646642933036,1646642934191,4,1646642934191,51,5,10,0,0,0,ELT003#
DEVICE,1646642939469,1646642940624,4,1646642940624,54,5,10,0,0,0,ELT003#
DEVICE,1646642939500,1646642940655,4,1646642940655,51,5,10,0,0,0,ELT003#
DEVICE,1646642939532,1646642940687,4,1646642940687,53,5,10,0,0,0,ELT003#
DEVICE,1646642939564,1646642940719,4,1646642940719,52,5,10,0,0,0,ELT003#
DEVICE,1646642939596,1646642940751,4,1646642940751,53,5,10,0,0,0,ELT003#
DEVICE,1646642939628,1646642940783,4,1646642940783,50,5,10,0,0,0,ELT003#
DEVICE,1646642939660,1646642940815,4,1646642940815,54,5,10,0,0,0,ELT003#
DEVICE,1646642939692,1646642940847,4,1646642940847,54,5,10,0,0,0,ELT003#
DEVICE,1646642939724,1646642940879,4,1646642940879,52,5,10,0,0,0,ELT003#
DEVICE,1646642939756,1646642940911,4,1646642940911,53,5,10,0,0,0,ELT003#
DEVICE,1646642939789,1646642940944,4,1646642940944,51,5,10,0,0,0,ELT003#
DEVICE,1646642939821,1646642940976,4,1646642940976,52,5,10,0,0,0,ELT003#
DEVICE,1646642939853,1646642941008,4,1646642941008,52,5,10,0,0,0,ELT003#
DEVICE,1646642939884,1646642941039,4,1646642941039,53,5,10,0,0,0,ELT003#
DEVICE,1646642939916,1646642941071,4,1646642941071,52,5,10,0,0,0,ELT003#
DEVICE,1646642939947,1646642941102,4,1646642941102,49,4,10,0,0,0,ELT003#
DEVICE,1646642939979,1646642941134,4,1646642941134,54,5,10,0,0,0,ELT003#
DEVICE,1646642940011,1646642941166,4,1646642941166,52,5,10,0,0,0,ELT003#
DEVICE,1646642940043,1646642941198,4,1646642941198,54,5,10,0,0,0,ELT003#
DEVICE,1646642940075,1646642941230,4,1646642941230,52,5,10,0,0,0,ELT003#
DEVICE,1646642940107,1646642941262,4,1646642941262,52,5,10,0,0,0,ELT003#
DEVICE,1646642940140,1646642941295,4,1646642941295,52,5,10,0,0,0,ELT003#
DEVICE,1646642940171,1646642941326,4,1646642941326,50,5,10,0,0,0,ELT003#
DEVICE,1646642940203,1646642941358,4,1646642941358,52,5,10,0,0,0,ELT003#
DEVICE,1646642940235,1646642941390,4,1646642941390,55,5,10,0,0,0,ELT003#
DEVICE,1646642940267,1646642941422,4,1646642941422,55,5,10,0,0,0,ELT003#
DEVICE,1646642940299,1646642941454,4,1646642941454,52,5,10,0,0,0,ELT003#
DEVICE,1646642940332,1646642941487,4,1646642941487,50,5,10,0,0,0,ELT003#
DEVICE,1646642940363,1646642941518,4,1646642941518,53,5,10,0,0,0,ELT003#
DEVICE,1646642940395,1646642941550,4,1646642941550,52,5,10,0,0,0,ELT003#
DEVICE,1646642940427,1646642941582,4,1646642941582,52,5,10,0,0,0,ELT003#
DEVICE,1646642940459,1646642941614,4,1646642941614,51,5,10,0,0,0,ELT003#
DEVICE,1646642940491,1646642941646,4,1646642941646,53,5,10,0,0,0,ELT003#
DEVICE,1646642940523,1646642941678,4,1646642941678,54,5,10,0,0,0,ELT003#
DEVICE,1646642940555,1646642941710,4,1646642941710,49,4,10,0,0,0,ELT003#
DEVICE,1646642940587,1646642941742,4,1646642941742,52,5,10,0,0,0,ELT003#
DEVICE,1646642940619,1646642941774,4,1646642941774,53,5,10,0,0,0,ELT003#
DEVICE,1646642940651,1646642941806,4,1646642941806,51,5,10,0,0,0,ELT003#
DEVICE,1646642940683,1646642941838,4,1646642941838,53,5,10,0,0,0,ELT003#
DEVICE,1646642940715,1646642941870,4,1646642941870,51,5,10,0,0,0,ELT003#
DEVICE,1646642940747,1646642941902,4,1646642941902,54,5,10,0,0,0,ELT003#
DEVICE,1646642940779,1646642941934,4,1646642941934,53,5,10,0,0,0,ELT003#
DEVICE,1646642940811,1646642941966,4,1646642941966,51,5,10,0,0,0,ELT003#
DEVICE,1646642940843,1646642941998,4,1646642941998,50,5,10,0,0,0,ELT003#
DEVICE,1646642940875,1646642942030,4,1646642942030,51,5,10,0,0,0,ELT003#
DEVICE,1646642940907,1646642942062,4,1646642942062,50,5,10,0,0,0,ELT003#
DEVICE,1646642940939,1646642942094,4,1646642942094,53,5,10,0,0,0,ELT003#
DEVICE,1646642940971,1646642942126,4,1646642942126,53,5,10,0,0,0,ELT003#
DEVICE,1646642941003,1646642942158,4,1646642942158,52,5,10,0,0,0,ELT003#
DEVICE,1646642941035,1646642942190,4,1646642942190,53,5,10,0,0,0,ELT003#
DEVICE,1646642941067,1646642942222,4,1646642942222,51,5,10,0,0,0,ELT003#
DEVICE,1646642941099,1646642942254,4,1646642942254,55,5,10,0,0,0,ELT003#
DEVICE,1646642941131,1646642942286,4,1646642942286,52,5,10,0,0,0,ELT003#
DEVICE,1646642941163,1646642942318,4,1646642942318,55,5,10,0,0,0,ELT003#
DEVICE,1646642941195,1646642942350,4,1646642942350,51,5,10,0,0,0,ELT003#
DEVICE,1646642941226,1646642942381,4,1646642942381,52,5,10,0,0,0,ELT003#
DEVICE,1646642941258,1646642942413,4,1646642942413,52,5,10,0,0,0,ELT003#
DEVICE,1646642941290,1646642942445,4,1646642942445,56,5,10,0,0,0,ELT003#
DEVICE,1646642941322,1646642942477,4,1646642942477,53,5,10,0,0,0,ELT003#
DEVICE,1646642941354,1646642942509,4,1646642942509,54,5,10,0,0,0,ELT003#
DEVICE,1646642941386,1646642942541,4,1646642942541,53,5,10,0,0,0,ELT003#
DEVICE,1646642941402,1646642942557,4,1646642942557,54,5,10,0,0,0,ELT003#
DEVICE,1646642941434,1646642942589,4,1646642942589,49,4,10,0,0,0,ELT003#
DEVICE,1646642941466,1646642942621,4,1646642942621,51,5,10,0,0,0,ELT003#
DEVICE,1646642941498,1646642942653,4,1646642942653,53,5,10,0,0,0,ELT003#
DEVICE,1646642941530,1646642942685,4,1646642942685,52,5,10,0,0,0,ELT003#
DEVICE,1646642941562,1646642942717,4,1646642942717,52,5,10,0,0,0,ELT003#
DEVICE,1646642941594,1646642942749,4,1646642942749,52,5,10,0,0,0,ELT003#
DEVICE,1646642941626,1646642942781,4,1646642942781,54,5,10,0,0,0,ELT003#
DEVICE,1646642941658,1646642942813,4,1646642942813,53,5,10,0,0,0,ELT003#
DEVICE,1646642941690,1646642942845,4,1646642942845,54,5,10,0,0,0,ELT003#
DEVICE,1646642941722,1646642942877,4,1646642942877,53,5,10,0,0,0,ELT003#
DEVICE,1646642941754,1646642942909,4,1646642942909,53,5,10,0,0,0,ELT003#
DEVICE,1646642941786,1646642942941,4,1646642942941,52,5,10,0,0,0,ELT003#
DEVICE,1646642941818,1646642942973,4,1646642942973,52,5,10,0,0,0,ELT003#
DEVICE,1646642941850,1646642943005,4,1646642943005,51,5,10,0,0,0,ELT003#
DEVICE,1646642941882,1646642943037,4,1646642943037,52,5,10,0,0,0,ELT003#
DEVICE,1646642941914,1646642943069,4,1646642943069,53,5,10,0,0,0,ELT003#
DEVICE,1646642941946,1646642943101,4,1646642943101,52,5,10,0,0,0,ELT003#
DEVICE,1646642941978,1646642943133,4,1646642943133,51,5,10,0,0,0,ELT003#
DEVICE,1646642942010,1646642943165,4,1646642943165,50,5,10,0,0,0,ELT003#
DEVICE,1646642942042,1646642943197,4,1646642943197,50,5,10,0,0,0,ELT003#
DEVICE,1646642942074,1646642943229,4,1646642943229,53,5,10,0,0,0,ELT003#
DEVICE,1646642942106,1646642943261,4,1646642943261,51,5,10,0,0,0,ELT003#
DEVICE,1646642942138,1646642943293,4,1646642943293,54,5,10,0,0,0,ELT003#
DEVICE,1646642942170,1646642943325,4,1646642943325,50,5,10,0,0,0,ELT003#
DEVICE,1646642942202,1646642943357,4,1646642943357,52,5,10,0,0,0,ELT003#
DEVICE,1646642942234,1646642943389,4,1646642943389,51,5,10,0,0,0,ELT003#
DEVICE,1646642942266,1646642943421,4,1646642943421,52,5,10,0,0,0,ELT003#
DEVICE,1646642942298,1646642943453,4,1646642943453,53,5,10,0,0,0,ELT003#
DEVICE,1646642942330,1646642943485,4,1646642943485,52,5,10,0,0,0,ELT003#
DEVICE,1646642942362,1646642943517,4,1646642943517,51,5,10,0,0,0,ELT003#
DEVICE,1646642942394,1646642943549,4,1646642943549,54,5,10,0,0,0,ELT003#
DEVICE,1646642942426,1646642943581,4,1646642943581,53,5,10,0,0,0,ELT003#
DEVICE,1646642942457,1646642943612,4,1646642943612,50,5,10,0,0,0,ELT003#
DEVICE,1646642942490,1646642943645,4,1646642943645,51,5,10,0,0,0,ELT003#
DEVICE,1646642942522,1646642943677,4,1646642943677,49,4,10,0,0,0,ELT003#
DEVICE,1646642942554,1646642943709,4,1646642943709,51,5,10,0,0,0,ELT003#
DEVICE,1646642942586,1646642943741,4,1646642943741,53,5,10,0,0,0,ELT003#
DEVICE,1646642942618,1646642943773,4,1646642943773,50,5,10,0,0,0,ELT003#
DEVICE,1646642942650,1646642943805,4,1646642943805,54,5,10,0,0,0,ELT003#
DEVICE,1646642942681,1646642943836,4,1646642943836,53,5,10,0,0,0,ELT003#
DEVICE,1646642942713,1646642943868,4,1646642943868,50,5,10,0,0,0,ELT003#
DEVICE,1646642942745,1646642943900,4,1646642943900,51,5,10,0,0,0,ELT003#
DEVICE,1646642942777,1646642943932,4,1646642943932,55,5,10,0,0,0,ELT003#
DEVICE,1646642942809,1646642943964,4,1646642943964,53,5,10,0,0,0,ELT003#
DEVICE,1646642942841,1646642943996,4,1646642943996,52,5,10,0,0,0,ELT003#
DEVICE,1646642942873,1646642944028,4,1646642944028,53,5,10,0,0,0,ELT003#
DEVICE,1646642942905,1646642944060,4,1646642944060,50,5,10,0,0,0,ELT003#
DEVICE,1646642942937,1646642944092,4,1646642944092,53,5,10,0,0,0,ELT003#
DEVICE,1646642942969,1646642944124,4,1646642944124,50,5,10,0,0,0,ELT003#
DEVICE,1646642943001,1646642944156,4,1646642944156,48,4,10,0,0,0,ELT003#
DEVICE,1646642943033,1646642944188,4,1646642944188,52,5,10,0,0,0,ELT003#
DEVICE,1646642943065,1646642944220,4,1646642944220,50,5,10,0,0,0,ELT003#
DEVICE,1646642943097,1646642944252,4,1646642944252,52,5,10,0,0,0,ELT003#
DEVICE,1646642943129,1646642944284,4,1646642944284,53,5,10,0,0,0,ELT003#
DEVICE,1646642943161,1646642944316,4,1646642944316,50,5,10,0,0,0,ELT003#
DEVICE,1646642943193,1646642944348,4,1646642944348,52,5,10,0,0,0,ELT003#
DEVICE,1646642943225,1646642944380,4,1646642944380,51,5,10,0,0,0,ELT003#
DEVICE,1646642943257,1646642944412,4,1646642944412,52,5,10,0,0,0,ELT003#
DEVICE,1646642943289,1646642944444,4,1646642944444,51,5,10,0,0,0,ELT003#
DEVICE,1646642943321,1646642944476,4,1646642944476,55,5,10,0,0,0,ELT003#
DEVICE,1646642943353,1646642944508,4,1646642944508,53,5,10,0,0,0,ELT003#
DEVICE,1646642943385,1646642944540,4,1646642944540,53,5,10,0,0,0,ELT003#
DEVICE,1646642943417,1646642944572,4,1646642944572,53,5,10,0,0,0,ELT003#
DEVICE,1646642943449,1646642944604,4,1646642944604,53,5,10,0,0,0,ELT003#
DEVICE,1646642943481,1646642944636,4,1646642944636,51,5,10,0,0,0,ELT003#
DEVICE,1646642943513,1646642944668,4,1646642944668,51,5,10,0,0,0,ELT003#
DEVICE,1646642943529,1646642944684,4,1646642944684,52,5,10,0,0,0,ELT003#
DEVICE,1646642943561,1646642944716,4,1646642944716,51,5,10,0,0,0,ELT003#
DEVICE,1646642943593,1646642944748,4,1646642944748,51,5,10,0,0,0,ELT003#
DEVICE,1646642943625,1646642944780,4,1646642944780,53,5,10,0,0,0,ELT003#
DEVICE,1646642943657,1646642944812,4,1646642944812,54,5,10,0,0,0,ELT003#
DEVICE,1646642943689,1646642944844,4,1646642944844,54,5,10,0,0,0,ELT003#
DEVICE,1646642943721,1646642944876,4,1646642944876,55,5,10,0,0,0,ELT003#
DEVICE,1646642943753,1646642944908,4,1646642944908,52,5,10,0,0,0,ELT003#
DEVICE,1646642943785,1646642944940,4,1646642944940,50,5,10,0,0,0,ELT003#
DEVICE,1646642943817,1646642944972,4,1646642944972,52,5,10,0,0,0,ELT003#
DEVICE,1646642943849,1646642945004,4,1646642945004,54,5,10,0,0,0,ELT003#
DEVICE,1646642943881,1646642945036,4,1646642945036,53,5,10,0,0,0,ELT003#
DEVICE,1646642943913,1646642945068,4,1646642945068,53,5,10,0,0,0,ELT003#
DEVICE,1646642943944,1646642945099,4,1646642945099,52,5,10,0,0,0,ELT003#
DEVICE,1646642943976,1646642945131,4,1646642945131,51,5,10,0,0,0,ELT003#
DEVICE,1646642944008,1646642945163,4,1646642945163,52,5,10,0,0,0,ELT003#
DEVICE,1646642944040,1646642945195,4,1646642945195,48,4,10,0,0,0,ELT003#
DEVICE,1646642944072,1646642945227,4,1646642945227,52,5,10,0,0,0,ELT003#
DEVICE,1646642944104,1646642945259,4,1646642945259,52,5,10,0,0,0,ELT003#
DEVICE,1646642944136,1646642945291,4,1646642945291,53,5,10,0,0,0,ELT003#
DEVICE,1646642944168,1646642945323,4,1646642945323,52,5,10,0,0,0,ELT003#
DEVICE,1646642944200,1646642945355,4,1646642945355,53,5,10,0,0,0,ELT003#
DEVICE,1646642944232,1646642945387,4,1646642945387,52,5,10,0,0,0,ELT003#
DEVICE,1646642944264,1646642945419,4,1646642945419,50,5,10,0,0,0,ELT003#
DEVICE,1646642944296,1646642945451,4,1646642945451,50,5,10,0,0,0,ELT003#
DEVICE,1646642944328,1646642945483,4,1646642945483,55,5,10,0,0,0,ELT003#
DEVICE,1646642944360,1646642945515,4,1646642945515,53,5,10,0,0,0,ELT003#
DEVICE,1646642944392,1646642945547,4,1646642945547,50,5,10,0,0,0,ELT003#
DEVICE,1646642944424,1646642945579,4,1646642945579,52,5,10,0,0,0,ELT003#
DEVICE,1646642944456,1646642945611,4,1646642945611,53,5,10,0,0,0,ELT003#
DEVICE,1646642944488,1646642945643,4,1646642945643,52,5,10,0,0,0,ELT003#
DEVICE,1646642944520,1646642945675,4,1646642945675,51,5,10,0,0,0,ELT003#
DEVICE,1646642944552,1646642945707,4,1646642945707,53,5,10,0,0,0,ELT003#
DEVICE,1646642944584,1646642945739,4,1646642945739,52,5,10,0,0,0,ELT003#
DEVICE,1646642944616,1646642945771,4,1646642945771,50,5,10,0,0,0,ELT003#
DEVICE,1646642944648,1646642945803,4,1646642945803,52,5,10,0,0,0,ELT003#
DEVICE,1646642944680,1646642945835,4,1646642945835,52,5,10,0,0,0,ELT003#
DEVICE,1646642944712,1646642945867,4,1646642945867,51,5,10,0,0,0,ELT003#
DEVICE,1646642944744,1646642945899,4,1646642945899,52,5,10,0,0,0,ELT003#
DEVICE,1646642944776,1646642945931,4,1646642945931,50,5,10,0,0,0,ELT003#
DEVICE,1646642944808,1646642945963,4,1646642945963,50,5,10,0,0,0,ELT003#
DEVICE,1646642944840,1646642945995,4,1646642945995,54,5,10,0,0,0,ELT003#
DEVICE,1646642944872,1646642946027,4,1646642946027,52,5,10,0,0,0,ELT003#
DEVICE,1646642944904,1646642946059,4,1646642946059,52,5,10,0,0,0,ELT003#
DEVICE,1646642944936,1646642946091,4,1646642946091,54,5,10,0,0,0,ELT003#
DEVICE,1646642944968,1646642946123,4,1646642946123,50,5,10,0,0,0,ELT003#
DEVICE,1646642945000,1646642946155,4,1646642946155,52,5,10,0,0,0,ELT003#
DEVICE,1646642945032,1646642946187,4,1646642946187,52,5,10,0,0,0,ELT003#
DEVICE,1646642945064,1646642946219,4,1646642946219,54,5,10,0,0,0,ELT003#
DEVICE,1646642945096,1646642946251,4,1646642946251,52,5,10,0,0,0,ELT003#
DEVICE,1646642945128,1646642946283,4,1646642946283,53,5,10,0,0,0,ELT003#
DEVICE,1646642945160,1646642946315,4,1646642946315,51,5,10,0,0,0,ELT003#
DEVICE,1646642945192,1646642946347,4,1646642946347,52,5,10,0,0,0,ELT003#
DEVICE,1646642945224,1646642946379,4,1646642946379,52,5,10,0,0,0,ELT003#
DEVICE,1646642945256,1646642946411,4,1646642946411,52,5,10,0,0,0,ELT003#
DEVICE,1646642945288,1646642946443,4,1646642946443,54,5,10,0,0,0,ELT003#
DEVICE,1646642945319,1646642946474,4,1646642946474,54,5,10,0,0,0,ELT003#
DEVICE,1646642945352,1646642946507,4,1646642946507,52,5,10,0,0,0,ELT003#
DEVICE,1646642945383,1646642946538,4,1646642946538,51,5,10,0,0,0,ELT003#
DEVICE,1646642945415,1646642946570,4,1646642946570,52,5,10,0,0,0,ELT003#
DEVICE,1646642945447,1646642946602,4,1646642946602,52,5,10,0,0,0,ELT003#
DEVICE,1646642945479,1646642946634,4,1646642946634,51,5,10,0,0,0,ELT003#
DEVICE,1646642945511,1646642946666,4,1646642946666,53,5,10,0,0,0,ELT003#
DEVICE,1646642945528,1646642946683,4,1646642946683,52,5,10,0,0,0,ELT003#
DEVICE,1646642945575,1646642946730,4,1646642946730,52,5,10,0,0,0,ELT003#
DEVICE,1646642945591,1646642946746,4,1646642946746,51,5,10,0,0,0,ELT003#
DEVICE,1646642945623,1646642946778,4,1646642946778,52,5,10,0,0,0,ELT003#
DEVICE,1646642945655,1646642946810,4,1646642946810,52,5,10,0,0,0,ELT003#
DEVICE,1646642945687,1646642946842,4,1646642946842,50,5,10,0,0,0,ELT003#
DEVICE,1646642945719,1646642946874,4,1646642946874,55,5,10,0,0,0,ELT003#
DEVICE,1646642945751,1646642946906,4,1646642946906,52,5,10,0,0,0,ELT003#
DEVICE,1646642945783,1646642946938,4,1646642946938,52,5,10,0,0,0,ELT003#
DEVICE,1646642945815,1646642946970,4,1646642946970,51,5,10,0,0,0,ELT003#
DEVICE,1646642945847,1646642947002,4,1646642947002,53,5,10,0,0,0,ELT003#
DEVICE,1646642945879,1646642947034,4,1646642947034,52,5,10,0,0,0,ELT003#
DEVICE,1646642945911,1646642947066,4,1646642947066,53,5,10,0,0,0,ELT003#
DEVICE,1646642945943,1646642947098,4,1646642947098,54,5,10,0,0,0,ELT003#
DEVICE,1646642945975,1646642947130,4,1646642947130,53,5,10,0,0,0,ELT003#
DEVICE,1646642946007,1646642947162,4,1646642947162,49,4,10,0,0,0,ELT003#
DEVICE,1646642946039,1646642947194,4,1646642947194,52,5,10,0,0,0,ELT003#
DEVICE,1646642946071,1646642947226,4,1646642947226,51,5,10,0,0,0,ELT003#
DEVICE,1646642946103,1646642947258,4,1646642947258,51,5,10,0,0,0,ELT003#
DEVICE,1646642946135,1646642947290,4,1646642947290,51,5,10,0,0,0,ELT003#
DEVICE,1646642946167,1646642947322,4,1646642947322,53,5,10,0,0,0,ELT003#
DEVICE,1646642946199,1646642947354,4,1646642947354,51,5,10,0,0,0,ELT003#
DEVICE,1646642946231,1646642947386,4,1646642947386,52,5,10,0,0,0,ELT003#
DEVICE,1646642946263,1646642947418,4,1646642947418,53,5,10,0,0,0,ELT003#
DEVICE,1646642946295,1646642947450,4,1646642947450,52,5,10,0,0,0,ELT003#
DEVICE,1646642946327,1646642947482,4,1646642947482,50,5,10,0,0,0,ELT003#
DEVICE,1646642946359,1646642947514,4,1646642947514,50,5,10,0,0,0,ELT003#
DEVICE,1646642946391,1646642947546,4,1646642947546,54,5,10,0,0,0,ELT003#
DEVICE,1646642946422,1646642947577,4,1646642947577,53,5,10,0,0,0,ELT003#
DEVICE,1646642946455,1646642947610,4,1646642947610,52,5,10,0,0,0,ELT003#
DEVICE,1646642946487,1646642947642,4,1646642947642,52,5,10,0,0,0,ELT003#
DEVICE,1646642946519,1646642947674,4,1646642947674,53,5,10,0,0,0,ELT003#
DEVICE,1646642946551,1646642947706,4,1646642947706,50,5,10,0,0,0,ELT003#
DEVICE,1646642946583,1646642947738,4,1646642947738,56,5,10,0,0,0,ELT003#
DEVICE,1646642946615,1646642947770,4,1646642947770,52,5,10,0,0,0,ELT003#
DEVICE,1646642946647,1646642947802,4,1646642947802,50,5,10,0,0,0,ELT003#
DEVICE,1646642946678,1646642947833,4,1646642947833,54,5,10,0,0,0,ELT003#
DEVICE,1646642946711,1646642947866,4,1646642947866,50,5,10,0,0,0,ELT003#
DEVICE,1646642946742,1646642947897,4,1646642947897,50,5,10,0,0,0,ELT003#
DEVICE,1646642946774,1646642947929,4,1646642947929,53,5,10,0,0,0,ELT003#
DEVICE,1646642946806,1646642947961,4,1646642947961,52,5,10,0,0,0,ELT003#
DEVICE,1646642946838,1646642947993,4,1646642947993,52,5,10,0,0,0,ELT003#
DEVICE,1646642946870,1646642948025,4,1646642948025,53,5,10,0,0,0,ELT003#
DEVICE,1646642946902,1646642948057,4,1646642948057,50,5,10,0,0,0,ELT003#
DEVICE,1646642946934,1646642948089,4,1646642948089,50,5,10,0,0,0,ELT003#
DEVICE,1646642946966,1646642948121,4,1646642948121,50,5,10,0,0,0,ELT003#
DEVICE,1646642946998,1646642948153,4,1646642948153,51,5,10,0,0,0,ELT003#
DEVICE,1646642947030,1646642948185,4,1646642948185,51,5,10,0,0,0,ELT003#
DEVICE,1646642947062,1646642948217,4,1646642948217,52,5,10,0,0,0,ELT003#
DEVICE,1646642947094,1646642948249,4,1646642948249,52,5,10,0,0,0,ELT003#
DEVICE,1646642947126,1646642948281,4,1646642948281,54,5,10,0,0,0,ELT003#
DEVICE,1646642947158,1646642948313,4,1646642948313,52,5,10,0,0,0,ELT003#
DEVICE,1646642947190,1646642948345,4,1646642948345,53,5,10,0,0,0,ELT003#
DEVICE,1646642947222,1646642948377,4,1646642948377,52,5,10,0,0,0,ELT003#
DEVICE,1646642947254,1646642948409,4,1646642948409,53,5,10,0,0,0,ELT003#
DEVICE,1646642947286,1646642948441,4,1646642948441,51,5,10,0,0,0,ELT003#
DEVICE,1646642947318,1646642948473,4,1646642948473,53,5,10,0,0,0,ELT003#
DEVICE,1646642947350,1646642948505,4,1646642948505,52,5,10,0,0,0,ELT003#
DEVICE,1646642947382,1646642948537,4,1646642948537,54,5,10,0,0,0,ELT003#
DEVICE,1646642947414,1646642948569,4,1646642948569,52,5,10,0,0,0,ELT003#
DEVICE,1646642947446,1646642948601,4,1646642948601,52,5,10,0,0,0,ELT003#
DEVICE,1646642947478,1646642948633,4,1646642948633,53,5,10,0,0,0,ELT003#
DEVICE,1646642947510,1646642948665,4,1646642948665,53,5,10,0,0,0,ELT003#
DEVICE,1646642947542,1646642948697,4,1646642948697,54,5,10,0,0,0,ELT003#
DEVICE,1646642947574,1646642948729,4,1646642948729,52,5,10,0,0,0,ELT003#
DEVICE,1646642947606,1646642948761,4,1646642948761,52,5,10,0,0,0,ELT003#
DEVICE,1646642947622,1646642948777,4,1646642948777,54,5,10,0,0,0,ELT003#
DEVICE,1646642947654,1646642948809,4,1646642948809,52,5,10,0,0,0,ELT003#
DEVICE,1646642947686,1646642948841,4,1646642948841,52,5,10,0,0,0,ELT003#
DEVICE,1646642947718,1646642948873,4,1646642948873,53,5,10,0,0,0,ELT003#
DEVICE,1646642947750,1646642948905,4,1646642948905,53,5,10,0,0,0,ELT003#
DEVICE,1646642947782,1646642948937,4,1646642948937,54,5,10,0,0,0,ELT003#
DEVICE,1646642947814,1646642948969,4,1646642948969,52,5,10,0,0,0,ELT003#
DEVICE,1646642947846,1646642949001,4,1646642949001,52,5,10,0,0,0,ELT003#
DEVICE,1646642947878,1646642949033,4,1646642949033,52,5,10,0,0,0,ELT003#
DEVICE,1646642947910,1646642949065,4,1646642949065,52,5,10,0,0,0,ELT003#
DEVICE,1646642947942,1646642949097,4,1646642949097,53,5,10,0,0,0,ELT003#
DEVICE,1646642947973,1646642949128,4,1646642949128,53,5,10,0,0,0,ELT003#
DEVICE,1646642948006,1646642949161,4,1646642949161,54,5,10,0,0,0,ELT003#
DEVICE,1646642948038,1646642949193,4,1646642949193,51,5,10,0,0,0,ELT003#
DEVICE,1646642948069,1646642949224,4,1646642949224,51,5,10,0,0,0,ELT003#
DEVICE,1646642948102,1646642949257,4,1646642949257,52,5,10,0,0,0,ELT003#
DEVICE,1646642948133,1646642949288,4,1646642949288,52,5,10,0,0,0,ELT003#
DEVICE,1646642948166,1646642949321,4,1646642949321,52,5,10,0,0,0,ELT003#
DEVICE,1646642948197,1646642949352,4,1646642949352,53,5,10,0,0,0,ELT003#
DEVICE,1646642948229,1646642949384,4,1646642949384,52,5,10,0,0,0,ELT003#
DEVICE,1646642948261,1646642949416,4,1646642949416,54,5,10,0,0,0,ELT003#
DEVICE,1646642948293,1646642949448,4,1646642949448,53,5,10,0,0,0,ELT003#
DEVICE,1646642948325,1646642949480,4,1646642949480,52,5,10,0,0,0,ELT003#
DEVICE,1646642948357,1646642949512,4,1646642949512,50,5,10,0,0,0,ELT003#
DEVICE,1646642948389,1646642949544,4,1646642949544,51,5,10,0,0,0,ELT003#
DEVICE,1646642948421,1646642949576,4,1646642949576,52,5,10,0,0,0,ELT003#
DEVICE,1646642948453,1646642949608,4,1646642949608,51,5,10,0,0,0,ELT003#
DEVICE,1646642948485,1646642949640,4,1646642949640,51,5,10,0,0,0,ELT003#
DEVICE,1646642948517,1646642949672,4,1646642949672,51,5,10,0,0,0,ELT003#
DEVICE,1646642948549,1646642949704,4,1646642949704,52,5,10,0,0,0,ELT003#
DEVICE,1646642948581,1646642949736,4,1646642949736,51,5,10,0,0,0,ELT003#
DEVICE,1646642948613,1646642949768,4,1646642949768,51,5,10,0,0,0,ELT003#
DEVICE,1646642948645,1646642949800,4,1646642949800,52,5,10,0,0,0,ELT003#
DEVICE,1646642948677,1646642949832,4,1646642949832,54,5,10,0,0,0,ELT003#
DEVICE,1646642948709,1646642949864,4,1646642949864,50,5,10,0,0,0,ELT003#
DEVICE,1646642948741,1646642949896,4,1646642949896,50,5,10,0,0,0,ELT003#
DEVICE,1646642948773,1646642949928,4,1646642949928,52,5,10,0,0,0,ELT003#
DEVICE,1646642948805,1646642949960,4,1646642949960,54,5,10,0,0,0,ELT003#
DEVICE,1646642948837,1646642949992,4,1646642949992,52,5,10,0,0,0,ELT003#
DEVICE,1646642948869,1646642950024,4,1646642950024,52,5,10,0,0,0,ELT003#
DEVICE,1646642948901,1646642950056,4,1646642950056,52,5,10,0,0,0,ELT003#
DEVICE,1646642948933,1646642950088,4,1646642950088,52,5,10,0,0,0,ELT003#
DEVICE,1646642948965,1646642950120,4,1646642950120,50,5,10,0,0,0,ELT003#
DEVICE,1646642948997,1646642950152,4,1646642950152,54,5,10,0,0,0,ELT003#
DEVICE,1646642949029,1646642950184,4,1646642950184,51,5,10,0,0,0,ELT003#
DEVICE,1646642949061,1646642950216,4,1646642950216,52,5,10,0,0,0,ELT003#
DEVICE,1646642949093,1646642950248,4,1646642950248,52,5,10,0,0,0,ELT003#
DEVICE,1646642949125,1646642950280,4,1646642950280,52,5,10,0,0,0,ELT003#
DEVICE,1646642949157,1646642950312,4,1646642950312,53,5,10,0,0,0,ELT003#
DEVICE,1646642949189,1646642950344,4,1646642950344,53,5,10,0,0,0,ELT003#
DEVICE,1646642949221,1646642950376,4,1646642950376,53,5,10,0,0,0,ELT003#
DEVICE,1646642949253,1646642950408,4,1646642950408,51,5,10,0,0,0,ELT003#
DEVICE,1646642949285,1646642950440,4,1646642950440,54,5,10,0,0,0,ELT003#
DEVICE,1646642949317,1646642950472,4,1646642950472,52,5,10,0,0,0,ELT003#
DEVICE,1646642949349,1646642950504,4,1646642950504,51,5,10,0,0,0,ELT003#
DEVICE,1646642949381,1646642950536,4,1646642950536,53,5,10,0,0,0,ELT003#
DEVICE,1646642949413,1646642950568,4,1646642950568,53,5,10,0,0,0,ELT003#
DEVICE,1646642949445,1646642950600,4,1646642950600,53,5,10,0,0,0,ELT003#
DEVICE,1646642949477,1646642950632,4,1646642950632,51,5,10,0,0,0,ELT003#
DEVICE,1646642949509,1646642950664,4,1646642950664,51,5,10,0,0,0,ELT003#
DEVICE,1646642949541,1646642950696,4,1646642950696,52,5,10,0,0,0,ELT003#
DEVICE,1646642949573,1646642950728,4,1646642950728,54,5,10,0,0,0,ELT003#
DEVICE,1646642949605,1646642950760,4,1646642950760,52,5,10,0,0,0,ELT003#
DEVICE,1646642949637,1646642950792,4,1646642950792,54,5,10,0,0,0,ELT003#
DEVICE,1646642949668,1646642950823,4,1646642950823,53,5,10,0,0,0,ELT003#
DEVICE,1646642949684,1646642950839,4,1646642950839,51,5,10,0,0,0,ELT003#
DEVICE,1646642949716,1646642950871,4,1646642950871,50,5,10,0,0,0,ELT003#
DEVICE,1646642949748,1646642950903,4,1646642950903,53,5,10,0,0,0,ELT003#
DEVICE,1646642949781,1646642950936,4,1646642950936,51,5,10,0,0,0,ELT003#
DEVICE,1646642949812,1646642950967,4,1646642950967,49,4,10,0,0,0,ELT003#
DEVICE,1646642949844,1646642950999,4,1646642950999,53,5,10,0,0,0,ELT003#
DEVICE,1646642949876,1646642951031,4,1646642951031,53,5,10,0,0,0,ELT003#
DEVICE,1646642949908,1646642951063,4,1646642951063,53,5,10,0,0,0,ELT003#
DEVICE,1646642949940,1646642951095,4,1646642951095,52,5,10,0,0,0,ELT003#
DEVICE,1646642949972,1646642951127,4,1646642951127,52,5,10,0,0,0,ELT003#
DEVICE,1646642950005,1646642951160,4,1646642951160,52,5,10,0,0,0,ELT003#
DEVICE,1646642950036,1646642951191,4,1646642951191,50,5,10,0,0,0,ELT003#
DEVICE,1646642950069,1646642951224,4,1646642951224,51,5,10,0,0,0,ELT003#
DEVICE,1646642950100,1646642951255,4,1646642951255,52,5,10,0,0,0,ELT003#
DEVICE,1646642950132,1646642951287,4,1646642951287,54,5,10,0,0,0,ELT003#
DEVICE,1646642950164,1646642951319,4,1646642951319,55,5,10,0,0,0,ELT003#
DEVICE,1646642950196,1646642951351,4,1646642951351,51,5,10,0,0,0,ELT003#
DEVICE,1646642950228,1646642951383,4,1646642951383,52,5,10,0,0,0,ELT003#
DEVICE,1646642950260,1646642951415,4,1646642951415,54,5,10,0,0,0,ELT003#
DEVICE,1646642950292,1646642951447,4,1646642951447,50,5,10,0,0,0,ELT003#
DEVICE,1646642950324,1646642951479,4,1646642951479,51,5,10,0,0,0,ELT003#
DEVICE,1646642950356,1646642951511,4,1646642951511,52,5,10,0,0,0,ELT003#
DEVICE,1646642950388,1646642951543,4,1646642951543,51,5,10,0,0,0,ELT003#
DEVICE,1646642950420,1646642951575,4,1646642951575,52,5,10,0,0,0,ELT003#
DEVICE,1646642950452,1646642951607,4,1646642951607,52,5,10,0,0,0,ELT003#
DEVICE,1646642950484,1646642951639,4,1646642951639,52,5,10,0,0,0,ELT003#
DEVICE,1646642950516,1646642951671,4,1646642951671,52,5,10,0,0,0,ELT003#
DEVICE,1646642950548,1646642951703,4,1646642951703,52,5,10,0,0,0,ELT003#
DEVICE,1646642950580,1646642951735,4,1646642951735,51,5,10,0,0,0,ELT003#
DEVICE,1646642950612,1646642951767,4,1646642951767,50,5,10,0,0,0,ELT003#
DEVICE,1646642950644,1646642951799,4,1646642951799,51,5,10,0,0,0,ELT003#
DEVICE,1646642950676,1646642951831,4,1646642951831,52,5,10,0,0,0,ELT003#
DEVICE,1646642950708,1646642951863,4,1646642951863,52,5,10,0,0,0,ELT003#
DEVICE,1646642950740,1646642951895,4,1646642951895,52,5,10,0,0,0,ELT003#
DEVICE,1646642950772,1646642951927,4,1646642951927,52,5,10,0,0,0,ELT003#
DEVICE,1646642950804,1646642951959,4,1646642951959,52,5,10,0,0,0,ELT003#
DEVICE,1646642950836,1646642951991,4,1646642951991,52,5,10,0,0,0,ELT003#
DEVICE,1646642950868,1646642952023,4,1646642952023,54,5,10,0,0,0,ELT003#
DEVICE,1646642950900,1646642952055,4,1646642952055,50,5,10,0,0,0,ELT003#
DEVICE,1646642950932,1646642952087,4,1646642952087,51,5,10,0,0,0,ELT003#
DEVICE,1646642950964,1646642952119,4,1646642952119,52,5,10,0,0,0,ELT003#
DEVICE,1646642950996,1646642952151,4,1646642952151,52,5,10,0,0,0,ELT003#
DEVICE,1646642951028,1646642952183,4,1646642952183,51,5,10,0,0,0,ELT003#
DEVICE,1646642951059,1646642952214,4,1646642952214,52,5,10,0,0,0,ELT003#
DEVICE,1646642951091,1646642952246,4,1646642952246,50,5,10,0,0,0,ELT003#
DEVICE,1646642951124,1646642952279,4,1646642952279,52,5,10,0,0,0,ELT003#
DEVICE,1646642951155,1646642952310,4,1646642952310,50,5,10,0,0,0,ELT003#
DEVICE,1646642951188,1646642952343,4,1646642952343,52,5,10,0,0,0,ELT003#
DEVICE,1646642951219,1646642952374,4,1646642952374,50,5,10,0,0,0,ELT003#
DEVICE,1646642951251,1646642952406,4,1646642952406,54,5,10,0,0,0,ELT003#
DEVICE,1646642951283,1646642952438,4,1646642952438,49,4,10,0,0,0,ELT003#
DEVICE,1646642951315,1646642952470,4,1646642952470,54,5,10,0,0,0,ELT003#
DEVICE,1646642951347,1646642952502,4,1646642952502,53,5,10,0,0,0,ELT003#
DEVICE,1646642951379,1646642952534,4,1646642952534,52,5,10,0,0,0,ELT003#
DEVICE,1646642951411,1646642952566,4,1646642952566,52,5,10,0,0,0,ELT003#
DEVICE,1646642951443,1646642952598,4,1646642952598,49,4,10,0,0,0,ELT003#
DEVICE,1646642951475,1646642952630,4,1646642952630,54,5,10,0,0,0,ELT003#
DEVICE,1646642951507,1646642952662,4,1646642952662,51,5,10,0,0,0,ELT003#
DEVICE,1646642951539,1646642952694,4,1646642952694,53,5,10,0,0,0,ELT003#
DEVICE,1646642951571,1646642952726,4,1646642952726,53,5,10,0,0,0,ELT003#
DEVICE,1646642951603,1646642952758,4,1646642952758,52,5,10,0,0,0,ELT003#
DEVICE,1646642951635,1646642952790,4,1646642952790,52,5,10,0,0,0,ELT003#
DEVICE,1646642951667,1646642952822,4,1646642952822,51,5,10,0,0,0,ELT003#
DEVICE,1646642951699,1646642952854,4,1646642952854,49,4,10,0,0,0,ELT003#
DEVICE,1646642951731,1646642952886,4,1646642952886,51,5,10,0,0,0,ELT003#
DEVICE,1646642951763,1646642952918,4,1646642952918,51,5,10,0,0,0,ELT003#
DEVICE,1646642951795,1646642952950,4,1646642952950,51,5,10,0,0,0,ELT003#
DEVICE,1646642951827,1646642952982,4,1646642952982,50,5,10,0,0,0,ELT003#
DEVICE,1646642951859,1646642953014,4,1646642953014,53,5,10,0,0,0,ELT003#
DEVICE,1646642951875,1646642953030,4,1646642953030,51,5,10,0,0,0,ELT003#
DEVICE,1646642951907,1646642953062,4,1646642953062,52,5,10,0,0,0,ELT003#
DEVICE,1646642951939,1646642953094,4,1646642953094,53,5,10,0,0,0,ELT003#
DEVICE,1646642951971,1646642953126,4,1646642953126,51,5,10,0,0,0,ELT003#
DEVICE,1646642952003,1646642953158,4,1646642953158,53,5,10,0,0,0,ELT003#
DEVICE,1646642952035,1646642953190,4,1646642953190,52,5,10,0,0,0,ELT003#
DEVICE,1646642952066,1646642953221,4,1646642953221,56,5,10,0,0,0,ELT003#
DEVICE,1646642952099,1646642953254,4,1646642953254,52,5,10,0,0,0,ELT003#
DEVICE,1646642952131,1646642953286,4,1646642953286,54,5,10,0,0,0,ELT003#
DEVICE,1646642952163,1646642953318,4,1646642953318,54,5,10,0,0,0,ELT003#
DEVICE,1646642952195,1646642953350,4,1646642953350,49,4,10,0,0,0,ELT003#
DEVICE,1646642952227,1646642953382,4,1646642953382,53,5,10,0,0,0,ELT003#
DEVICE,1646642952259,1646642953414,4,1646642953414,53,5,10,0,0,0,ELT003#
DEVICE,1646642952291,1646642953446,4,1646642953446,54,5,10,0,0,0,ELT003#
DEVICE,1646642952323,1646642953478,4,1646642953478,51,5,10,0,0,0,ELT003#
DEVICE,1646642952355,1646642953510,4,1646642953510,53,5,10,0,0,0,ELT003#
DEVICE,1646642952387,1646642953542,4,1646642953542,50,5,10,0,0,0,ELT003#
DEVICE,1646642952418,1646642953573,4,1646642953573,52,5,10,0,0,0,ELT003#
DEVICE,1646642952451,1646642953606,4,1646642953606,50,5,10,0,0,0,ELT003#
DEVICE,1646642952483,1646642953638,4,1646642953638,51,5,10,0,0,0,ELT003#
DEVICE,1646642952514,1646642953669,4,1646642953669,51,5,10,0,0,0,ELT003#
DEVICE,1646642952547,1646642953702,4,1646642953702,52,5,10,0,0,0,ELT003#
DEVICE,1646642952578,1646642953733,4,1646642953733,52,5,10,0,0,0,ELT003#
DEVICE,1646642952610,1646642953765,4,1646642953765,53,5,10,0,0,0,ELT003#
DEVICE,1646642952642,1646642953797,4,1646642953797,53,5,10,0,0,0,ELT003#
DEVICE,1646642952674,1646642953829,4,1646642953829,54,5,10,0,0,0,ELT003#
DEVICE,1646642952706,1646642953861,4,1646642953861,53,5,10,0,0,0,ELT003#
DEVICE,1646642952738,1646642953893,4,1646642953893,51,5,10,0,0,0,ELT003#
DEVICE,1646642952770,1646642953925,4,1646642953925,50,5,10,0,0,0,ELT003#
DEVICE,1646642952802,1646642953957,4,1646642953957,52,5,10,0,0,0,ELT003#
DEVICE,1646642952834,1646642953989,4,1646642953989,52,5,10,0,0,0,ELT003#
DEVICE,1646642952866,1646642954021,4,1646642954021,51,5,10,0,0,0,ELT003#
DEVICE,1646642952898,1646642954053,4,1646642954053,50,5,10,0,0,0,ELT003#
DEVICE,1646642952930,1646642954085,4,1646642954085,52,5,10,0,0,0,ELT003#
DEVICE,1646642952962,1646642954117,4,1646642954117,53,5,10,0,0,0,ELT003#
DEVICE,1646642952994,1646642954149,4,1646642954149,51,5,10,0,0,0,ELT003#
DEVICE,1646642953026,1646642954181,4,1646642954181,52,5,10,0,0,0,ELT003#
DEVICE,1646642953058,1646642954213,4,1646642954213,49,4,10,0,0,0,ELT003#
DEVICE,1646642953090,1646642954245,4,1646642954245,52,5,10,0,0,0,ELT003#
DEVICE,1646642953122,1646642954277,4,1646642954277,51,5,10,0,0,0,ELT003#
DEVICE,1646642953154,1646642954309,4,1646642954309,53,5,10,0,0,0,ELT003#
DEVICE,1646642953186,1646642954341,4,1646642954341,51,5,10,0,0,0,ELT003#
DEVICE,1646642953218,1646642954373,4,1646642954373,53,5,10,0,0,0,ELT003#
DEVICE,1646642953250,1646642954405,4,1646642954405,54,5,10,0,0,0,ELT003#
DEVICE,1646642953282,1646642954437,4,1646642954437,53,5,10,0,0,0,ELT003#
DEVICE,1646642953314,1646642954469,4,1646642954469,53,5,10,0,0,0,ELT003#
DEVICE,1646642953346,1646642954501,4,1646642954501,52,5,10,0,0,0,ELT003#
DEVICE,1646642953378,1646642954533,4,1646642954533,48,4,10,0,0,0,ELT003#
DEVICE,1646642953410,1646642954565,4,1646642954565,52,5,10,0,0,0,ELT003#
DEVICE,1646642953442,1646642954597,4,1646642954597,52,5,10,0,0,0,ELT003#
DEVICE,1646642953474,1646642954629,4,1646642954629,52,5,10,0,0,0,ELT003#
DEVICE,1646642953506,1646642954661,4,1646642954661,53,5,10,0,0,0,ELT003#
DEVICE,1646642953538,1646642954693,4,1646642954693,54,5,10,0,0,0,ELT003#
DEVICE,1646642953570,1646642954725,4,1646642954725,53,5,10,0,0,0,ELT003#
DEVICE,1646642953602,1646642954757,4,1646642954757,50,5,10,0,0,0,ELT003#
DEVICE,1646642953634,1646642954789,4,1646642954789,52,5,10,0,0,0,ELT003#
DEVICE,1646642953666,1646642954821,4,1646642954821,52,5,10,0,0,0,ELT003#
DEVICE,1646642953697,1646642954852,4,1646642954852,52,5,10,0,0,0,ELT003#
DEVICE,1646642953730,1646642954885,4,1646642954885,53,5,10,0,0,0,ELT003#
DEVICE,1646642953762,1646642954917,4,1646642954917,50,5,10,0,0,0,ELT003#
DEVICE,1646642953794,1646642954949,4,1646642954949,52,5,10,0,0,0,ELT003#
DEVICE,1646642953825,1646642954980,4,1646642954980,52,5,10,0,0,0,ELT003#
DEVICE,1646642953857,1646642955012,4,1646642955012,51,5,10,0,0,0,ELT003#
DEVICE,1646642953889,1646642955044,4,1646642955044,53,5,10,0,0,0,ELT003#
DEVICE,1646642953921,1646642955076,4,1646642955076,51,5,10,0,0,0,ELT003#
DEVICE,1646642953953,1646642955108,4,1646642955108,52,5,10,0,0,0,ELT003#
DEVICE,1646642953985,1646642955140,4,1646642955140,54,5,10,0,0,0,ELT003#
DEVICE,1646642954017,1646642955172,4,1646642955172,52,5,10,0,0,0,ELT003#
DEVICE,1646642954049,1646642955204,4,1646642955204,52,5,10,0,0,0,ELT003#
DEVICE,1646642954065,1646642955220,4,1646642955220,50,5,10,0,0,0,ELT003#
DEVICE,1646642954097,1646642955252,4,1646642955252,52,5,10,0,0,0,ELT003#
DEVICE,1646642954129,1646642955284,4,1646642955284,51,5,10,0,0,0,ELT003#
DEVICE,1646642954161,1646642955316,4,1646642955316,53,5,10,0,0,0,ELT003#
DEVICE,1646642954193,1646642955348,4,1646642955348,52,5,10,0,0,0,ELT003#
DEVICE,1646642954225,1646642955380,4,1646642955380,52,5,10,0,0,0,ELT003#
DEVICE,1646642954257,1646642955412,4,1646642955412,51,5,10,0,0,0,ELT003#
DEVICE,1646642954289,1646642955444,4,1646642955444,53,5,10,0,0,0,ELT003#
DEVICE,1646642954321,1646642955476,4,1646642955476,52,5,10,0,0,0,ELT003#
DEVICE,1646642954353,1646642955508,4,1646642955508,54,5,10,0,0,0,ELT003#
DEVICE,1646642954385,1646642955540,4,1646642955540,50,5,10,0,0,0,ELT003#
DEVICE,1646642954417,1646642955572,4,1646642955572,52,5,10,0,0,0,ELT003#
DEVICE,1646642954449,1646642955604,4,1646642955604,50,5,10,0,0,0,ELT003#
DEVICE,1646642954481,1646642955636,4,1646642955636,51,5,10,0,0,0,ELT003#
DEVICE,1646642954513,1646642955668,4,1646642955668,52,5,10,0,0,0,ELT003#
DEVICE,1646642954545,1646642955700,4,1646642955700,54,5,10,0,0,0,ELT003#
DEVICE,1646642954577,1646642955732,4,1646642955732,54,5,10,0,0,0,ELT003#
DEVICE,1646642954609,1646642955764,4,1646642955764,53,5,10,0,0,0,ELT003#
DEVICE,1646642954641,1646642955796,4,1646642955796,54,5,10,0,0,0,ELT003#
DEVICE,1646642954673,1646642955828,4,1646642955828,53,5,10,0,0,0,ELT003#
DEVICE,1646642954705,1646642955860,4,1646642955860,52,5,10,0,0,0,ELT003#
DEVICE,1646642954737,1646642955892,4,1646642955892,55,5,10,0,0,0,ELT003#
DEVICE,1646642954769,1646642955924,4,1646642955924,51,5,10,0,0,0,ELT003#
DEVICE,1646642954801,1646642955956,4,1646642955956,52,5,10,0,0,0,ELT003#
DEVICE,1646642954833,1646642955988,4,1646642955988,52,5,10,0,0,0,ELT003#
DEVICE,1646642954865,1646642956020,4,1646642956020,52,5,10,0,0,0,ELT003#
DEVICE,1646642954897,1646642956052,4,1646642956052,53,5,10,0,0,0,ELT003#
DEVICE,1646642954929,1646642956084,4,1646642956084,52,5,10,0,0,0,ELT003#
DEVICE,1646642954961,1646642956116,4,1646642956116,52,5,10,0,0,0,ELT003#
DEVICE,1646642954993,1646642956148,4,1646642956148,49,4,10,0,0,0,ELT003#
DEVICE,1646642955025,1646642956180,4,1646642956180,51,5,10,0,0,0,ELT003#
DEVICE,1646642955057,1646642956212,4,1646642956212,52,5,10,0,0,0,ELT003#
DEVICE,1646642955088,1646642956243,4,1646642956243,50,5,10,0,0,0,ELT003#
DEVICE,1646642955120,1646642956275,4,1646642956275,52,5,10,0,0,0,ELT003#
DEVICE,1646642955152,1646642956307,4,1646642956307,52,5,10,0,0,0,ELT003#
DEVICE,1646642955184,1646642956339,4,1646642956339,51,5,10,0,0,0,ELT003#
DEVICE,1646642955216,1646642956371,4,1646642956371,51,5,10,0,0,0,ELT003#
DEVICE,1646642955248,1646642956403,4,1646642956403,53,5,10,0,0,0,ELT003#
DEVICE,1646642955280,1646642956435,4,1646642956435,54,5,10,0,0,0,ELT003#
DEVICE,1646642955312,1646642956467,4,1646642956467,51,5,10,0,0,0,ELT003#
DEVICE,1646642955344,1646642956499,4,1646642956499,53,5,10,0,0,0,ELT003#
DEVICE,1646642955376,1646642956531,4,1646642956531,51,5,10,0,0,0,ELT003#
DEVICE,1646642955408,1646642956563,4,1646642956563,51,5,10,0,0,0,ELT003#
DEVICE,1646642955440,1646642956595,4,1646642956595,53,5,10,0,0,0,ELT003#
DEVICE,1646642955472,1646642956627,4,1646642956627,51,5,10,0,0,0,ELT003#
DEVICE,1646642955504,1646642956659,4,1646642956659,51,5,10,0,0,0,ELT003#
DEVICE,1646642955536,1646642956691,4,1646642956691,53,5,10,0,0,0,ELT003#
DEVICE,1646642955568,1646642956723,4,1646642956723,52,5,10,0,0,0,ELT003#
DEVICE,1646642955600,1646642956755,4,1646642956755,50,5,10,0,0,0,ELT003#
DEVICE,1646642955632,1646642956787,4,1646642956787,52,5,10,0,0,0,ELT003#
DEVICE,1646642955664,1646642956819,4,1646642956819,55,5,10,0,0,0,ELT003#
DEVICE,1646642955696,1646642956851,4,1646642956851,53,5,10,0,0,0,ELT003#
DEVICE,1646642955728,1646642956883,4,1646642956883,50,5,10,0,0,0,ELT003#
DEVICE,1646642955760,1646642956915,4,1646642956915,53,5,10,0,0,0,ELT003#
DEVICE,1646642955791,1646642956946,4,1646642956946,53,5,10,0,0,0,ELT003#
DEVICE,1646642955824,1646642956979,4,1646642956979,53,5,10,0,0,0,ELT003#
DEVICE,1646642955856,1646642957011,4,1646642957011,51,5,10,0,0,0,ELT003#
DEVICE,1646642955888,1646642957043,4,1646642957043,52,5,10,0,0,0,ELT003#
DEVICE,1646642955920,1646642957075,4,1646642957075,53,5,10,0,0,0,ELT003#
DEVICE,1646642955952,1646642957107,4,1646642957107,50,5,10,0,0,0,ELT003#
DEVICE,1646642955984,1646642957139,4,1646642957139,53,5,10,0,0,0,ELT003#
DEVICE,1646642956016,1646642957171,4,1646642957171,51,5,10,0,0,0,ELT003#
DEVICE,1646642956048,1646642957203,4,1646642957203,53,5,10,0,0,0,ELT003#
DEVICE,1646642956080,1646642957235,4,1646642957235,51,5,10,0,0,0,ELT003#
DEVICE,1646642956112,1646642957267,4,1646642957267,50,5,10,0,0,0,ELT003#
DEVICE,1646642956144,1646642957299,4,1646642957299,53,5,10,0,0,0,ELT003#
DEVICE,1646642956176,1646642957331,4,1646642957331,51,5,10,0,0,0,ELT003#
DEVICE,1646642956208,1646642957363,4,1646642957363,50,5,10,0,0,0,ELT003#
DEVICE,1646642956223,1646642957378,4,1646642957378,52,5,10,0,0,0,ELT003#
DEVICE,1646642956256,1646642957411,4,1646642957411,50,5,10,0,0,0,ELT003#
DEVICE,1646642956288,1646642957443,4,1646642957443,53,5,10,0,0,0,ELT003#
DEVICE,1646642956320,1646642957475,4,1646642957475,52,5,10,0,0,0,ELT003#
DEVICE,1646642956352,1646642957507,4,1646642957507,50,5,10,0,0,0,ELT003#
DEVICE,1646642956384,1646642957539,4,1646642957539,51,5,10,0,0,0,ELT003#
DEVICE,1646642956416,1646642957571,4,1646642957571,51,5,10,0,0,0,ELT003#
DEVICE,1646642956447,1646642957602,4,1646642957602,51,5,10,0,0,0,ELT003#
DEVICE,1646642956479,1646642957634,4,1646642957634,53,5,10,0,0,0,ELT003#
DEVICE,1646642956511,1646642957666,4,1646642957666,52,5,10,0,0,0,ELT003#
DEVICE,1646642956543,1646642957698,4,1646642957698,54,5,10,0,0,0,ELT003#
DEVICE,1646642956575,1646642957730,4,1646642957730,54,5,10,0,0,0,ELT003#
DEVICE,1646642956607,1646642957762,4,1646642957762,52,5,10,0,0,0,ELT003#
DEVICE,1646642956639,1646642957794,4,1646642957794,52,5,10,0,0,0,ELT003#
DEVICE,1646642956671,1646642957826,4,1646642957826,50,5,10,0,0,0,ELT003#
DEVICE,1646642956703,1646642957858,4,1646642957858,51,5,10,0,0,0,ELT003#
DEVICE,1646642956735,1646642957890,4,1646642957890,52,5,10,0,0,0,ELT003#
DEVICE,1646642956767,1646642957922,4,1646642957922,53,5,10,0,0,0,ELT003#
DEVICE,1646642956799,1646642957954,4,1646642957954,51,5,10,0,0,0,ELT003#
DEVICE,1646642956831,1646642957986,4,1646642957986,53,5,10,0,0,0,ELT003#
DEVICE,1646642956863,1646642958018,4,1646642958018,52,5,10,0,0,0,ELT003#
DEVICE,1646642956895,1646642958050,4,1646642958050,52,5,10,0,0,0,ELT003#
DEVICE,1646642956927,1646642958082,4,1646642958082,52,5,10,0,0,0,ELT003#
DEVICE,1646642956959,1646642958114,4,1646642958114,54,5,10,0,0,0,ELT003#
DEVICE,1646642956991,1646642958146,4,1646642958146,52,5,10,0,0,0,ELT003#
DEVICE,1646642957023,1646642958178,4,1646642958178,52,5,10,0,0,0,ELT003#
DEVICE,1646642957055,1646642958210,4,1646642958210,53,5,10,0,0,0,ELT003#
DEVICE,1646642957087,1646642958242,4,1646642958242,52,5,10,0,0,0,ELT003#
DEVICE,1646642957119,1646642958274,4,1646642958274,52,5,10,0,0,0,ELT003#
DEVICE,1646642957151,1646642958306,4,1646642958306,52,5,10,0,0,0,ELT003#
DEVICE,1646642957183,1646642958338,4,1646642958338,53,5,10,0,0,0,ELT003#
DEVICE,1646642957215,1646642958370,4,1646642958370,50,5,10,0,0,0,ELT003#
DEVICE,1646642957247,1646642958402,4,1646642958402,53,5,10,0,0,0,ELT003#
DEVICE,1646642957279,1646642958434,4,1646642958434,52,5,10,0,0,0,ELT003#
DEVICE,1646642957310,1646642958465,4,1646642958465,53,5,10,0,0,0,ELT003#
DEVICE,1646642957342,1646642958497,4,1646642958497,53,5,10,0,0,0,ELT003#
DEVICE,1646642957375,1646642958530,4,1646642958530,54,5,10,0,0,0,ELT003#
DEVICE,1646642957407,1646642958562,4,1646642958562,51,5,10,0,0,0,ELT003#
DEVICE,1646642957438,1646642958593,4,1646642958593,52,5,10,0,0,0,ELT003#
DEVICE,1646642957471,1646642958626,4,1646642958626,56,5,10,0,0,0,ELT003#
DEVICE,1646642957503,1646642958658,4,1646642958658,52,5,10,0,0,0,ELT003#
DEVICE,1646642957535,1646642958690,4,1646642958690,54,5,10,0,0,0,ELT003#
DEVICE,1646642957567,1646642958722,4,1646642958722,52,5,10,0,0,0,ELT003#
DEVICE,1646642957599,1646642958754,4,1646642958754,52,5,10,0,0,0,ELT003#
DEVICE,1646642957631,1646642958786,4,1646642958786,49,4,10,0,0,0,ELT003#
DEVICE,1646642957663,1646642958818,4,1646642958818,53,5,10,0,0,0,ELT003#
DEVICE,1646642957695,1646642958850,4,1646642958850,50,5,10,0,0,0,ELT003#
DEVICE,1646642957726,1646642958881,4,1646642958881,52,5,10,0,0,0,ELT003#
DEVICE,1646642957758,1646642958913,4,1646642958913,51,5,10,0,0,0,ELT003#
DEVICE,1646642957790,1646642958945,4,1646642958945,51,5,10,0,0,0,ELT003#
DEVICE,1646642957822,1646642958977,4,1646642958977,50,5,10,0,0,0,ELT003#
DEVICE,1646642957854,1646642959009,4,1646642959009,52,5,10,0,0,0,ELT003#
DEVICE,1646642957886,1646642959041,4,1646642959041,51,5,10,0,0,0,ELT003#
DEVICE,1646642957918,1646642959073,4,1646642959073,53,5,10,0,0,0,ELT003#
DEVICE,1646642957950,1646642959105,4,1646642959105,53,5,10,0,0,0,ELT003#
DEVICE,1646642957982,1646642959137,4,1646642959137,53,5,10,0,0,0,ELT003#
DEVICE,1646642958014,1646642959169,4,1646642959169,50,5,10,0,0,0,ELT003#
DEVICE,1646642958046,1646642959201,4,1646642959201,52,5,10,0,0,0,ELT003#
DEVICE,1646642958078,1646642959233,4,1646642959233,52,5,10,0,0,0,ELT003#
DEVICE,1646642958110,1646642959265,4,1646642959265,51,5,10,0,0,0,ELT003#
DEVICE,1646642958142,1646642959297,4,1646642959297,53,5,10,0,0,0,ELT003#
DEVICE,1646642958174,1646642959329,4,1646642959329,52,5,10,0,0,0,ELT003#
DEVICE,1646642958206,1646642959361,4,1646642959361,51,5,10,0,0,0,ELT003#
DEVICE,1646642958238,1646642959393,4,1646642959393,53,5,10,0,0,0,ELT003#
DEVICE,1646642958270,1646642959425,4,1646642959425,51,5,10,0,0,0,ELT003#
DEVICE,1646642958302,1646642959457,4,1646642959457,51,5,10,0,0,0,ELT003#
DEVICE,1646642958333,1646642959488,4,1646642959488,54,5,10,0,0,0,ELT003#
DEVICE,1646642958365,1646642959520,4,1646642959520,50,5,10,0,0,0,ELT003#
DEVICE,1646642958397,1646642959552,4,1646642959552,54,5,10,0,0,0,ELT003#
DEVICE,1646642958414,1646642959569,4,1646642959569,53,5,10,0,0,0,ELT003#
DEVICE,1646642958446,1646642959601,4,1646642959601,51,5,10,0,0,0,ELT003#
DEVICE,1646642958477,1646642959632,4,1646642959632,51,5,10,0,0,0,ELT003#
DEVICE,1646642958510,1646642959665,4,1646642959665,53,5,10,0,0,0,ELT003#
DEVICE,1646642958542,1646642959697,4,1646642959697,53,5,10,0,0,0,ELT003#
DEVICE,1646642958573,1646642959728,4,1646642959728,53,5,10,0,0,0,ELT003#
DEVICE,1646642958606,1646642959761,4,1646642959761,52,5,10,0,0,0,ELT003#
DEVICE,1646642958638,1646642959793,4,1646642959793,50,5,10,0,0,0,ELT003#
DEVICE,1646642958670,1646642959825,4,1646642959825,51,5,10,0,0,0,ELT003#
DEVICE,1646642958703,1646642959858,4,1646642959858,52,5,10,0,0,0,ELT003#
DEVICE,1646642958735,1646642959890,4,1646642959890,52,5,10,0,0,0,ELT003#
DEVICE,1646642958766,1646642959921,4,1646642959921,52,5,10,0,0,0,ELT003#
DEVICE,1646642958798,1646642959953,4,1646642959953,50,5,10,0,0,0,ELT003#
DEVICE,1646642958830,1646642959985,4,1646642959985,51,5,10,0,0,0,ELT003#
DEVICE,1646642958862,1646642960017,4,1646642960017,52,5,10,0,0,0,ELT003#
DEVICE,1646642958894,1646642960049,4,1646642960049,50,5,10,0,0,0,ELT003#
DEVICE,1646642958926,1646642960081,4,1646642960081,52,5,10,0,0,0,ELT003#
DEVICE,1646642958958,1646642960113,4,1646642960113,51,5,10,0,0,0,ELT003#
DEVICE,1646642958990,1646642960145,4,1646642960145,52,5,10,0,0,0,ELT003#
DEVICE,1646642959022,1646642960177,4,1646642960177,52,5,10,0,0,0,ELT003#
DEVICE,1646642959053,1646642960208,4,1646642960208,51,5,10,0,0,0,ELT003#
DEVICE,1646642959085,1646642960240,4,1646642960240,52,5,10,0,0,0,ELT003#
DEVICE,1646642959118,1646642960273,4,1646642960273,53,5,10,0,0,0,ELT003#
DEVICE,1646642959149,1646642960304,4,1646642960304,54,5,10,0,0,0,ELT003#
DEVICE,1646642959181,1646642960336,4,1646642960336,52,5,10,0,0,0,ELT003#
DEVICE,1646642959213,1646642960368,4,1646642960368,51,5,10,0,0,0,ELT003#
DEVICE,1646642959245,1646642960400,4,1646642960400,54,5,10,0,0,0,ELT003#
DEVICE,1646642959277,1646642960432,4,1646642960432,53,5,10,0,0,0,ELT003#
DEVICE,1646642959309,1646642960464,4,1646642960464,52,5,10,0,0,0,ELT003#
DEVICE,1646642959341,1646642960496,4,1646642960496,55,5,10,0,0,0,ELT003#
DEVICE,1646642959373,1646642960528,4,1646642960528,53,5,10,0,0,0,ELT003#
DEVICE,1646642959405,1646642960560,4,1646642960560,53,5,10,0,0,0,ELT003#
DEVICE,1646642959437,1646642960592,4,1646642960592,52,5,10,0,0,0,ELT003#
DEVICE,1646642959469,1646642960624,4,1646642960624,53,5,10,0,0,0,ELT003#
DEVICE,1646642959501,1646642960656,4,1646642960656,51,5,10,0,0,0,ELT003#
DEVICE,1646642959533,1646642960688,4,1646642960688,50,5,10,0,0,0,ELT003#
DEVICE,1646642959565,1646642960720,4,1646642960720,53,5,10,0,0,0,ELT003#
DEVICE,1646642959597,1646642960752,4,1646642960752,54,5,10,0,0,0,ELT003#
DEVICE,1646642959629,1646642960784,4,1646642960784,52,5,10,0,0,0,ELT003#
DEVICE,1646642959661,1646642960816,4,1646642960816,53,5,10,0,0,0,ELT003#
DEVICE,1646642959693,1646642960848,4,1646642960848,52,5,10,0,0,0,ELT003#
DEVICE,1646642959725,1646642960880,4,1646642960880,52,5,10,0,0,0,ELT003#
DEVICE,1646642959757,1646642960912,4,1646642960912,51,5,10,0,0,0,ELT003#
DEVICE,1646642959788,1646642960943,4,1646642960943,52,5,10,0,0,0,ELT003#
DEVICE,1646642959820,1646642960975,4,1646642960975,51,5,10,0,0,0,ELT003#
DEVICE,1646642959853,1646642961008,4,1646642961008,50,5,10,0,0,0,ELT003#
DEVICE,1646642959885,1646642961040,4,1646642961040,51,5,10,0,0,0,ELT003#
DEVICE,1646642959917,1646642961072,4,1646642961072,54,5,10,0,0,0,ELT003#
DEVICE,1646642959949,1646642961104,4,1646642961104,51,5,10,0,0,0,ELT003#
DEVICE,1646642959981,1646642961136,4,1646642961136,50,5,10,0,0,0,ELT003#
DEVICE,1646642960013,1646642961168,4,1646642961168,54,5,10,0,0,0,ELT003#
DEVICE,1646642960045,1646642961200,4,1646642961200,52,5,10,0,0,0,ELT003#
DEVICE,1646642960077,1646642961232,4,1646642961232,53,5,10,0,0,0,ELT003#
DEVICE,1646642960109,1646642961264,4,1646642961264,54,5,10,0,0,0,ELT003#
DEVICE,1646642960141,1646642961296,4,1646642961296,51,5,10,0,0,0,ELT003#
DEVICE,1646642960173,1646642961328,4,1646642961328,51,5,10,0,0,0,ELT003#
DEVICE,1646642960205,1646642961360,4,1646642961360,52,5,10,0,0,0,ELT003#
DEVICE,1646642960237,1646642961392,4,1646642961392,52,5,10,0,0,0,ELT003#
DEVICE,1646642960269,1646642961424,4,1646642961424,54,5,10,0,0,0,ELT003#
DEVICE,1646642960301,1646642961456,4,1646642961456,52,5,10,0,0,0,ELT003#
DEVICE,1646642960333,1646642961488,4,1646642961488,52,5,10,0,0,0,ELT003#
DEVICE,1646642960365,1646642961520,4,1646642961520,48,4,10,0,0,0,ELT003#
DEVICE,1646642960397,1646642961552,4,1646642961552,53,5,10,0,0,0,ELT003#
DEVICE,1646642960429,1646642961584,4,1646642961584,53,5,10,0,0,0,ELT003#
DEVICE,1646642960460,1646642961615,4,1646642961615,51,5,10,0,0,0,ELT003#
DEVICE,1646642960492,1646642961647,4,1646642961647,52,5,10,0,0,0,ELT003#
DEVICE,1646642960524,1646642961679,4,1646642961679,52,5,10,0,0,0,ELT003#
DEVICE,1646642960541,1646642961696,4,1646642961696,52,5,10,0,0,0,ELT003#
DEVICE,1646642960573,1646642961728,4,1646642961728,52,5,10,0,0,0,ELT003#
DEVICE,1646642960604,1646642961759,4,1646642961759,53,5,10,0,0,0,ELT003#
DEVICE,1646642960636,1646642961791,4,1646642961791,53,5,10,0,0,0,ELT003#
DEVICE,1646642960668,1646642961823,4,1646642961823,53,5,10,0,0,0,ELT003#
DEVICE,1646642960700,1646642961855,4,1646642961855,50,5,10,0,0,0,ELT003#
DEVICE,1646642960732,1646642961887,4,1646642961887,51,5,10,0,0,0,ELT003#
DEVICE,1646642960764,1646642961919,4,1646642961919,52,5,10,0,0,0,ELT003#
DEVICE,1646642960796,1646642961951,4,1646642961951,51,5,10,0,0,0,ELT003#
DEVICE,1646642960828,1646642961983,4,1646642961983,53,5,10,0,0,0,ELT003#
DEVICE,1646642960860,1646642962015,4,1646642962015,51,5,10,0,0,0,ELT003#
DEVICE,1646642960892,1646642962047,4,1646642962047,50,5,10,0,0,0,ELT003#
DEVICE,1646642960924,1646642962079,4,1646642962079,51,5,10,0,0,0,ELT003#
DEVICE,1646642960956,1646642962111,4,1646642962111,51,5,10,0,0,0,ELT003#
DEVICE,1646642960988,1646642962143,4,1646642962143,53,5,10,0,0,0,ELT003#
DEVICE,1646642961020,1646642962175,4,1646642962175,52,5,10,0,0,0,ELT003#
DEVICE,1646642961052,1646642962207,4,1646642962207,52,5,10,0,0,0,ELT003#
DEVICE,1646642961084,1646642962239,4,1646642962239,56,5,10,0,0,0,ELT003#
DEVICE,1646642961116,1646642962271,4,1646642962271,51,5,10,0,0,0,ELT003#
DEVICE,1646642961148,1646642962303,4,1646642962303,53,5,10,0,0,0,ELT003#
DEVICE,1646642961180,1646642962335,4,1646642962335,54,5,10,0,0,0,ELT003#
DEVICE,1646642961212,1646642962367,4,1646642962367,51,5,10,0,0,0,ELT003#
DEVICE,1646642961244,1646642962399,4,1646642962399,55,5,10,0,0,0,ELT003#
DEVICE,1646642961276,1646642962431,4,1646642962431,50,5,10,0,0,0,ELT003#
DEVICE,1646642961308,1646642962463,4,1646642962463,53,5,10,0,0,0,ELT003#
DEVICE,1646642961340,1646642962495,4,1646642962495,49,4,10,0,0,0,ELT003#
DEVICE,1646642961372,1646642962527,4,1646642962527,51,5,10,0,0,0,ELT003#
DEVICE,1646642961404,1646642962559,4,1646642962559,53,5,10,0,0,0,ELT003#
DEVICE,1646642961436,1646642962591,4,1646642962591,50,5,10,0,0,0,ELT003#
DEVICE,1646642961468,1646642962623,4,1646642962623,52,5,10,0,0,0,ELT003#
DEVICE,1646642961500,1646642962655,4,1646642962655,53,5,10,0,0,0,ELT003#
DEVICE,1646642961532,1646642962687,4,1646642962687,52,5,10,0,0,0,ELT003#
DEVICE,1646642961564,1646642962719,4,1646642962719,52,5,10,0,0,0,ELT003#
DEVICE,1646642961596,1646642962751,4,1646642962751,53,5,10,0,0,0,ELT003#
DEVICE,1646642961628,1646642962783,4,1646642962783,55,5,10,0,0,0,ELT003#
DEVICE,1646642961660,1646642962815,4,1646642962815,51,5,10,0,0,0,ELT003#
DEVICE,1646642961692,1646642962847,4,1646642962847,52,5,10,0,0,0,ELT003#
DEVICE,1646642961724,1646642962879,4,1646642962879,54,5,10,0,0,0,ELT003#
DEVICE,1646642961756,1646642962911,4,1646642962911,52,5,10,0,0,0,ELT003#
DEVICE,1646642961788,1646642962943,4,1646642962943,50,5,10,0,0,0,ELT003#
DEVICE,1646642961820,1646642962975,4,1646642962975,52,5,10,0,0,0,ELT003#
DEVICE,1646642961852,1646642963007,4,1646642963007,50,5,10,0,0,0,ELT003#
DEVICE,1646642961884,1646642963039,4,1646642963039,52,5,10,0,0,0,ELT003#
DEVICE,1646642961916,1646642963071,4,1646642963071,51,5,10,0,0,0,ELT003#
DEVICE,1646642961948,1646642963103,4,1646642963103,52,5,10,0,0,0,ELT003#
DEVICE,1646642961980,1646642963135,4,1646642963135,53,5,10,0,0,0,ELT003#
DEVICE,1646642962012,1646642963167,4,1646642963167,49,4,10,0,0,0,ELT003#
DEVICE,1646642962044,1646642963199,4,1646642963199,51,5,10,0,0,0,ELT003#
DEVICE,1646642962076,1646642963231,4,1646642963231,52,5,10,0,0,0,ELT003#
DEVICE,1646642962107,1646642963262,4,1646642963262,54,5,10,0,0,0,ELT003#
DEVICE,1646642962139,1646642963294,4,1646642963294,49,4,10,0,0,0,ELT003#
DEVICE,1646642962171,1646642963326,4,1646642963326,52,5,10,0,0,0,ELT003#
DEVICE,1646642962204,1646642963359,4,1646642963359,53,5,10,0,0,0,ELT003#
DEVICE,1646642962235,1646642963390,4,1646642963390,52,5,10,0,0,0,ELT003#
DEVICE,1646642962267,1646642963422,4,1646642963422,52,5,10,0,0,0,ELT003#
DEVICE,1646642962299,1646642963454,4,1646642963454,52,5,10,0,0,0,ELT003#
DEVICE,1646642962331,1646642963486,4,1646642963486,54,5,10,0,0,0,ELT003#
DEVICE,1646642962363,1646642963518,4,1646642963518,52,5,10,0,0,0,ELT003#
DEVICE,1646642962395,1646642963550,4,1646642963550,52,5,10,0,0,0,ELT003#
DEVICE,1646642962427,1646642963582,4,1646642963582,50,5,10,0,0,0,ELT003#
DEVICE,1646642962459,1646642963614,4,1646642963614,52,5,10,0,0,0,ELT003#
DEVICE,1646642962491,1646642963646,4,1646642963646,49,4,10,0,0,0,ELT003#
DEVICE,1646642962523,1646642963678,4,1646642963678,51,5,10,0,0,0,ELT003#
DEVICE,1646642962555,1646642963710,4,1646642963710,51,5,10,0,0,0,ELT003#
DEVICE,1646642962587,1646642963742,4,1646642963742,51,5,10,0,0,0,ELT003#
DEVICE,1646642962619,1646642963774,4,1646642963774,51,5,10,0,0,0,ELT003#
DEVICE,1646642962651,1646642963806,4,1646642963806,52,5,10,0,0,0,ELT003#
DEVICE,1646642962683,1646642963838,4,1646642963838,53,5,10,0,0,0,ELT003#
DEVICE,1646642962699,1646642963854,4,1646642963854,52,5,10,0,0,0,ELT003#
DEVICE,1646642962731,1646642963886,4,1646642963886,54,5,10,0,0,0,ELT003#
DEVICE,1646642962763,1646642963918,4,1646642963918,55,5,10,0,0,0,ELT003#
DEVICE,1646642962795,1646642963950,4,1646642963950,53,5,10,0,0,0,ELT003#
DEVICE,1646642962827,1646642963982,4,1646642963982,51,5,10,0,0,0,ELT003#
DEVICE,1646642962859,1646642964014,4,1646642964014,52,5,10,0,0,0,ELT003#
DEVICE,1646642962891,1646642964046,4,1646642964046,52,5,10,0,0,0,ELT003#
DEVICE,1646642962922,1646642964077,4,1646642964077,52,5,10,0,0,0,ELT003#
DEVICE,1646642962955,1646642964110,4,1646642964110,54,5,10,0,0,0,ELT003#
DEVICE,1646642962987,1646642964142,4,1646642964142,51,5,10,0,0,0,ELT003#
DEVICE,1646642963019,1646642964174,4,1646642964174,52,5,10,0,0,0,ELT003#
DEVICE,1646642963051,1646642964206,4,1646642964206,53,5,10,0,0,0,ELT003#
DEVICE,1646642963083,1646642964238,4,1646642964238,51,5,10,0,0,0,ELT003#
DEVICE,1646642963115,1646642964270,4,1646642964270,51,5,10,0,0,0,ELT003#
DEVICE,1646642963147,1646642964302,4,1646642964302,52,5,10,0,0,0,ELT003#
DEVICE,1646642963179,1646642964334,4,1646642964334,50,5,10,0,0,0,ELT003#
DEVICE,1646642963211,1646642964366,4,1646642964366,53,5,10,0,0,0,ELT003#
DEVICE,1646642963243,1646642964398,4,1646642964398,52,5,10,0,0,0,ELT003#
DEVICE,1646642963275,1646642964430,4,1646642964430,53,5,10,0,0,0,ELT003#
DEVICE,1646642963307,1646642964462,4,1646642964462,53,5,10,0,0,0,ELT003#
DEVICE,1646642963339,1646642964494,4,1646642964494,51,5,10,0,0,0,ELT003#
DEVICE,1646642963371,1646642964526,4,1646642964526,50,5,10,0,0,0,ELT003#
DEVICE,1646642963403,1646642964558,4,1646642964558,50,5,10,0,0,0,ELT003#
DEVICE,1646642963435,1646642964590,4,1646642964590,50,5,10,0,0,0,ELT003#
