Device,PTPTime,UnixTime,Protocool,CurrentDeviceTime,GyroX,GyroY,GyroZ,AccX,AccY,AccZ,HeartRate
WATCH,1648534533764,1648534533874,4,1648534533739,-0.291,0.007,0.138,0.013,0.026,0.023,0
WATCH,1648534533764,1648534533874,4,1648534533749,-0.339,0.001,0.158,0.017,0.024,0.033,0
WATCH,1648534533765,1648534533875,4,1648534533759,-0.409,-0.007,0.185,0.024,0.023,0.042,0
WATCH,1648534533765,1648534533875,4,1648534533769,-0.486,-0.015,0.215,0.033,0.024,0.053,0
WATCH,1648534533821,1648534533931,4,1648534533779,-0.575,-0.025,0.248,0.040,0.023,0.063,0
WATCH,1648534533821,1648534533931,4,1648534533789,-0.664,-0.037,0.279,0.050,0.036,0.067,0
WATCH,1648534533821,1648534533931,4,1648534533799,-0.696,-0.088,0.305,0.053,0.036,0.057,0
WATCH,1648534533821,1648534533931,4,1648534533809,-0.756,-0.094,0.346,0.056,0.046,0.056,0
WATCH,1648534533822,1648534533932,4,1648534533819,-0.763,-0.100,0.354,0.058,0.061,0.093,0
WATCH,1648534533882,1648534533992,4,1648534533829,-0.750,-0.100,0.371,0.055,0.069,0.087,0
WATCH,1648534533882,1648534533992,4,1648534533839,-0.733,-0.098,0.410,0.060,0.060,0.092,0
WATCH,1648534533882,1648534533992,4,1648534533849,-0.740,-0.106,0.434,0.062,0.046,0.107,0
WATCH,1648534533882,1648534533992,4,1648534533859,-0.691,-0.087,0.386,0.044,0.015,0.163,0
WATCH,1648534533883,1648534533993,4,1648534533869,-0.829,0.076,0.612,0.055,0.004,0.217,0
WATCH,1648534533943,1648534534053,4,1648534533879,-1.200,0.103,0.906,0.116,-0.055,0.185,0
WATCH,1648534533944,1648534534054,4,1648534533889,-1.608,-0.045,0.965,0.115,-0.180,0.157,0
WATCH,1648534533944,1648534534054,4,1648534533899,-2.082,-0.142,1.068,0.105,-0.232,0.176,0
WATCH,1648534533944,1648534534054,4,1648534533909,-2.565,-0.155,1.298,0.103,-0.236,0.205,0
WATCH,1648534533946,1648534534056,4,1648534533919,-2.984,-0.173,1.497,0.103,-0.235,0.238,0
WATCH,1648534533947,1648534534057,4,1648534533929,-3.403,-0.221,1.664,0.123,-0.225,0.266,0
WATCH,1648534533947,1648534534057,4,1648534533939,-3.723,-0.350,1.815,0.141,-0.219,0.260,0
WATCH,1648534533947,1648534534057,4,1648534533949,-4.022,-0.493,1.944,0.159,-0.218,0.268,0
WATCH,1648534533947,1648534534057,4,1648534533959,-4.358,-0.593,2.081,0.160,-0.177,0.302,0
WATCH,1648534533947,1648534534057,4,1648534533969,-4.648,-0.671,2.220,0.156,-0.123,0.327,0
WATCH,1648534534001,1648534534111,4,1648534533979,-4.828,-0.747,2.352,0.160,-0.079,0.336,0
WATCH,1648534534001,1648534534111,4,1648534533989,-4.928,-0.823,2.468,0.175,-0.046,0.346,0
WATCH,1648534534002,1648534534112,4,1648534533999,-4.979,-0.902,2.549,0.186,-0.030,0.362,0
WATCH,1648534534002,1648534534112,4,1648534534009,-5.099,-0.998,2.619,0.189,-0.028,0.373,0
WATCH,1648534534002,1648534534112,4,1648534534019,-5.370,-1.042,2.669,0.188,-0.025,0.412,0
WATCH,1648534534060,1648534534170,4,1648534534029,-5.778,-1.069,2.705,0.185,-0.014,0.447,0
WATCH,1648534534060,1648534534170,4,1648534534039,-6.296,-1.072,2.731,0.180,-0.001,0.473,0
WATCH,1648534534060,1648534534170,4,1648534534049,-6.835,-1.068,2.748,0.179,0.020,0.458,0
WATCH,1648534534060,1648534534170,4,1648534534059,-7.304,-1.108,2.702,0.196,0.054,0.414,0
WATCH,1648534534060,1648534534170,4,1648534534069,-7.634,-1.173,2.558,0.216,0.115,0.408,0
WATCH,1648534534123,1648534534233,4,1648534534079,-7.782,-1.239,2.385,0.234,0.203,0.415,0
WATCH,1648534534123,1648534534233,4,1648534534089,-7.770,-1.274,2.232,0.243,0.296,0.419,0
WATCH,1648534534123,1648534534233,4,1648534534099,-7.669,-1.180,2.105,0.231,0.379,0.428,0
WATCH,1648534534123,1648534534233,4,1648534534109,-7.510,-1.053,1.958,0.193,0.423,0.416,0
WATCH,1648534534124,1648534534234,4,1648534534119,-7.339,-0.891,1.835,0.134,0.405,0.342,0
WATCH,1648534534211,1648534534321,4,1648534534129,-7.134,-0.763,1.716,0.077,0.342,0.264,0
WATCH,1648534534211,1648534534321,4,1648534534139,-7.082,-0.673,1.636,0.039,0.261,0.212,0
WATCH,1648534534211,1648534534321,4,1648534534149,-7.118,-0.602,1.578,0.017,0.192,0.175,0
WATCH,1648534534212,1648534534322,4,1648534534159,-7.223,-0.640,1.545,0.008,0.129,0.125,0
WATCH,1648534534212,1648534534322,4,1648534534169,-7.102,-0.713,1.540,0.012,0.071,0.062,0
WATCH,1648534534282,1648534534392,4,1648534534309,-2.685,-1.077,1.781,-0.057,0.133,0.017,0
WATCH,1648534534282,1648534534392,4,1648534534320,-2.751,-0.886,1.910,-0.090,0.118,-0.009,0
WATCH,1648534534276,1648534534386,4,1648534534179,-4.066,-0.050,3.882,0.167,0.125,-0.243,0
WATCH,1648534534276,1648534534386,4,1648534534189,-6.923,-1.970,-0.057,0.143,0.297,-0.085,0
WATCH,1648534534277,1648534534387,4,1648534534199,-6.547,-1.070,0.893,-0.414,-0.139,0.540,0
WATCH,1648534534277,1648534534387,4,1648534534211,-5.554,-0.985,2.068,0.194,-0.171,-0.166,0
WATCH,1648534534277,1648534534387,4,1648534534220,-5.740,-1.118,1.849,0.009,-0.058,0.033,0
WATCH,1648534534282,1648534534392,4,1648534534229,-5.477,-1.044,1.669,0.015,0.184,0.235,0
WATCH,1648534534282,1648534534392,4,1648534534239,-4.550,-1.151,1.730,0.040,0.348,0.046,0
WATCH,1648534534282,1648534534392,4,1648534534249,-3.665,-1.455,1.538,0.016,0.442,-0.085,0
WATCH,1648534534282,1648534534392,4,1648534534259,-3.151,-1.226,1.328,-0.058,0.466,-0.083,0
WATCH,1648534534282,1648534534392,4,1648534534270,-2.937,-1.048,1.331,-0.086,0.369,-0.027,0
WATCH,1648534534282,1648534534392,4,1648534534279,-2.749,-1.013,1.396,-0.056,0.234,0.029,0
WATCH,1648534534282,1648534534392,4,1648534534289,-2.771,-0.906,1.467,-0.043,0.145,0.058,0
WATCH,1648534534364,1648534534474,4,1648534534330,-2.339,-0.633,1.828,-0.106,0.111,-0.067,0
WATCH,1648534534364,1648534534474,4,1648534534340,-1.731,-0.822,1.641,-0.036,0.192,-0.137,0
WATCH,1648534534364,1648534534474,4,1648534534350,-0.927,-1.079,1.453,0.026,0.264,-0.123,0
WATCH,1648534534364,1648534534474,4,1648534534360,-0.384,-1.051,1.309,0.021,0.332,-0.070,0
WATCH,1648534534364,1648534534474,4,1648534534370,0.010,-0.930,1.276,-0.008,0.345,0.007,0
WATCH,1648534534423,1648534534533,4,1648534534380,0.334,-0.912,1.274,-0.018,0.287,0.051,0
WATCH,1648534534423,1648534534533,4,1648534534390,0.541,-0.939,1.317,-0.027,0.208,0.085,0
WATCH,1648534534424,1648534534534,4,1648534534400,0.610,-0.878,1.366,-0.049,0.168,0.113,0
WATCH,1648534534424,1648534534534,4,1648534534410,0.575,-0.741,1.342,-0.085,0.137,0.119,0
WATCH,1648534534424,1648534534534,4,1648534534420,0.618,-0.529,1.525,-0.095,0.100,0.115,0
WATCH,1648534534425,1648534534535,4,1648534534430,0.164,-0.642,1.100,-0.005,0.125,0.082,0
WATCH,1648534534425,1648534534535,4,1648534534440,0.054,-0.471,1.096,-0.064,0.061,0.202,0
WATCH,1648534534425,1648534534535,4,1648534534449,0.023,-0.351,1.168,-0.007,0.028,0.122,0
WATCH,1648534534425,1648534534535,4,1648534534460,-0.060,-0.326,1.121,0.059,0.062,0.122,0
WATCH,1648534534425,1648534534535,4,1648534534470,-0.115,-0.386,1.008,0.099,0.067,0.105,0
WATCH,1648534534482,1648534534592,4,1648534534480,-0.007,-0.425,1.011,0.115,0.037,0.078,0
WATCH,1648534534482,1648534534592,4,1648534534490,0.163,-0.364,1.185,0.124,0.049,0.050,0
WATCH,1648534534482,1648534534592,4,1648534534500,0.107,-0.407,1.199,0.121,0.072,0.062,0
WATCH,1648534534482,1648534534592,4,1648534534510,-0.100,-0.593,0.972,0.061,0.054,0.127,0
WATCH,1648534534482,1648534534592,4,1648534534520,-0.263,-0.593,0.933,-0.002,0.025,0.126,0
WATCH,1648534534542,1648534534652,4,1648534534530,-0.351,-0.479,0.929,-0.040,0.007,0.125,0
WATCH,1648534534542,1648534534652,4,1648534534540,-0.299,-0.441,0.851,-0.063,0.004,0.098,0
WATCH,1648534534542,1648534534652,4,1648534534550,-0.211,-0.514,0.879,-0.051,0.007,0.089,0
WATCH,1648534534542,1648534534652,4,1648534534560,-0.177,-0.544,1.031,-0.028,0.016,0.095,0
WATCH,1648534534542,1648534534652,4,1648534534570,-0.147,-0.470,1.184,-0.037,0.024,0.104,0
WATCH,1648534534603,1648534534713,4,1648534534580,-0.197,-0.425,1.139,-0.043,0.045,0.087,0
WATCH,1648534534603,1648534534713,4,1648534534590,-0.366,-0.331,0.900,-0.073,0.031,0.105,0
WATCH,1648534534603,1648534534713,4,1648534534600,-0.511,-0.223,0.646,-0.080,-0.039,0.067,0
WATCH,1648534534604,1648534534714,4,1648534534610,-0.603,-0.195,0.493,-0.044,-0.097,0.031,0
WATCH,1648534534604,1648534534714,4,1648534534620,-0.597,-0.280,0.390,0.034,-0.099,0.010,0
WATCH,1648534534662,1648534534772,4,1648534534630,-0.496,-0.421,0.429,0.050,-0.054,0.019,0
WATCH,1648534534662,1648534534772,4,1648534534640,-0.476,-0.422,0.460,0.034,0.016,0.026,0
WATCH,1648534534662,1648534534772,4,1648534534650,-0.401,-0.276,0.414,-0.041,0.033,0.052,0
WATCH,1648534534662,1648534534772,4,1648534534660,-0.317,-0.151,0.419,-0.063,0.024,0.038,0
WATCH,1648534534662,1648534534772,4,1648534534670,-0.398,0.011,0.478,-0.030,0.008,0.054,0
WATCH,1648534534721,1648534534831,4,1648534534680,-0.499,-0.129,0.548,0.032,-0.047,0.054,0
WATCH,1648534534721,1648534534831,4,1648534534690,-0.809,-0.026,0.454,0.090,-0.108,0.005,0
WATCH,1648534534721,1648534534831,4,1648534534700,-0.901,-0.140,0.454,0.121,-0.182,0.039,0
WATCH,1648534534722,1648534534832,4,1648534534710,-0.926,-0.126,0.514,0.107,-0.170,0.002,0
WATCH,1648534534722,1648534534832,4,1648534534720,-0.740,-0.268,0.434,0.096,-0.111,0.015,0
WATCH,1648534534779,1648534534889,4,1648534534731,-0.808,-0.156,0.458,0.017,-0.028,0.004,0
WATCH,1648534534779,1648534534889,4,1648534534740,-0.778,-0.084,0.706,0.045,0.010,0.091,0
WATCH,1648534534779,1648534534889,4,1648534534750,-0.659,-0.342,0.840,0.151,0.001,0.104,0
WATCH,1648534534779,1648534534889,4,1648534534760,-0.649,-0.508,0.906,0.115,-0.002,0.091,0
WATCH,1648534534779,1648534534889,4,1648534534827,-0.375,-0.491,0.925,0.099,0.006,0.064,0
WATCH,1648534534841,1648534534951,4,1648534534833,-0.126,-0.575,0.956,0.064,0.051,0.026,0
WATCH,1648534534842,1648534534952,4,1648534534834,0.112,-0.525,1.061,0.110,0.069,0.065,0
WATCH,1648534534842,1648534534952,4,1648534534837,0.198,-0.604,1.104,0.090,0.033,0.051,0
WATCH,1648534534842,1648534534952,4,1648534534837,0.179,-0.614,1.188,0.131,0.006,0.069,0
WATCH,1648534534842,1648534534952,4,1648534534846,0.150,-0.846,1.078,0.163,-0.016,0.064,0
WATCH,1648534534910,1648534535020,4,1648534534847,0.152,-0.743,1.117,0.050,-0.029,0.099,0
WATCH,1648534534910,1648534535020,4,1648534534910,0.238,-0.649,1.007,0.016,0.015,0.115,0
WATCH,1648534534910,1648534535020,4,1648534534912,0.271,-0.660,1.073,0.039,0.067,0.136,0
WATCH,1648534534910,1648534535020,4,1648534534913,0.302,-0.598,1.031,0.039,0.072,0.103,0
WATCH,1648534534910,1648534535020,4,1648534534914,0.420,-0.608,0.935,0.060,0.072,0.061,0
WATCH,1648534534910,1648534535020,4,1648534534916,0.601,-0.622,0.883,0.074,0.086,0.042,0
WATCH,1648534534910,1648534535020,4,1648534534917,0.727,-0.679,0.872,0.051,0.121,0.042,0
WATCH,1648534534910,1648534535020,4,1648534534919,0.690,-0.568,0.723,0.042,0.130,0.042,0
WATCH,1648534534910,1648534535020,4,1648534534920,0.618,-0.522,0.618,0.007,0.072,0.069,0
WATCH,1648534534910,1648534535020,4,1648534534922,0.564,-0.430,0.623,0.005,0.019,0.107,0
WATCH,1648534534961,1648534535071,4,1648534534930,0.588,-0.374,0.597,0.020,0.025,0.089,0
WATCH,1648534534961,1648534535071,4,1648534534940,0.611,-0.371,0.635,0.061,0.062,0.092,0
WATCH,1648534534961,1648534535071,4,1648534534950,0.717,-0.309,0.665,0.064,0.072,0.071,0
WATCH,1648534534961,1648534535071,4,1648534534960,0.732,-0.277,0.716,0.075,0.082,0.051,0
WATCH,1648534534962,1648534535072,4,1648534534970,0.574,-0.328,0.664,0.087,0.084,0.028,0
WATCH,1648534535054,1648534535164,4,1648534534980,0.434,-0.348,0.612,0.066,0.038,0.031,0
WATCH,1648534535054,1648534535164,4,1648534534990,0.393,-0.372,0.596,0.028,0.041,0.017,0
WATCH,1648534535054,1648534535164,4,1648534535000,0.395,-0.361,0.641,0.014,0.114,0.028,0
WATCH,1648534535054,1648534535164,4,1648534535010,0.415,-0.373,0.662,0.007,0.147,0.031,0
WATCH,1648534535055,1648534535165,4,1648534535021,0.459,-0.339,0.669,0.001,0.107,0.067,0
WATCH,1648534535055,1648534535165,4,1648534535030,0.481,-0.274,0.597,-0.008,0.065,0.128,0
WATCH,1648534535055,1648534535165,4,1648534535040,0.731,-0.136,0.551,-0.014,0.031,0.185,0
WATCH,1648534535056,1648534535166,4,1648534535050,1.065,-0.103,0.652,0.020,0.049,0.181,0
WATCH,1648534535056,1648534535166,4,1648534535060,1.330,-0.111,0.647,0.057,0.101,0.157,0
WATCH,1648534535056,1648534535166,4,1648534535070,1.153,-0.003,0.538,0.019,0.112,0.102,0
WATCH,1648534535111,1648534535221,4,1648534535081,1.177,-0.083,0.505,0.023,0.062,0.021,0
WATCH,1648534535111,1648534535221,4,1648534535091,1.134,-0.130,0.512,0.053,-0.008,-0.008,0
WATCH,1648534535111,1648534535221,4,1648534535100,1.031,-0.118,0.487,0.013,0.004,-0.016,0
WATCH,1648534535111,1648534535221,4,1648534535111,0.938,-0.132,0.473,-0.009,0.014,-0.015,0
WATCH,1648534535111,1648534535221,4,1648534535121,0.771,-0.231,0.448,-0.014,0.008,-0.019,0
WATCH,1648534535173,1648534535283,4,1648534535131,0.612,-0.329,0.402,-0.029,-0.012,-0.008,0
WATCH,1648534535173,1648534535283,4,1648534535141,0.565,-0.424,0.382,-0.042,-0.015,-0.014,0
WATCH,1648534535173,1648534535283,4,1648534535151,0.647,-0.358,0.402,-0.066,-0.006,-0.016,0
WATCH,1648534535173,1648534535283,4,1648534535161,0.494,-0.171,0.351,-0.081,0.010,-0.017,0
WATCH,1648534535173,1648534535283,4,1648534535171,0.646,-0.023,0.277,-0.082,0.026,-0.016,0
WATCH,1648534535174,1648534535284,4,1648534535181,1.049,0.189,0.576,-0.035,0.042,-0.038,0
WATCH,1648534535175,1648534535285,4,1648534535191,2.396,-0.169,1.609,0.201,0.121,-0.149,0
WATCH,1648534535175,1648534535285,4,1648534535201,2.091,-0.997,0.490,0.146,0.268,-0.206,0
WATCH,1648534535175,1648534535285,4,1648534535211,2.027,0.227,0.343,-0.105,0.176,0.180,0
WATCH,1648534535175,1648534535285,4,1648534535221,1.867,0.896,0.287,-0.098,0.004,0.084,0
WATCH,1648534535232,1648534535342,4,1648534535231,1.437,1.191,0.271,-0.074,-0.049,0.044,0
WATCH,1648534535232,1648534535342,4,1648534535241,3.107,1.449,-0.221,-0.022,-0.038,0.070,0
WATCH,1648534535232,1648534535342,4,1648534535251,4.521,0.324,0.030,0.022,0.140,-0.014,0
WATCH,1648534535232,1648534535342,4,1648534535261,4.259,-0.131,0.923,0.100,0.346,0.140,0
WATCH,1648534535232,1648534535342,4,1648534535271,4.080,0.799,1.200,-0.030,0.295,0.092,0
WATCH,1648534535291,1648534535401,4,1648534535281,4.512,1.665,0.976,-0.171,0.126,0.027,0
WATCH,1648534535291,1648534535401,4,1648534535291,4.983,1.804,0.797,-0.112,0.059,-0.003,0
WATCH,1648534535291,1648534535401,4,1648534535301,5.193,1.216,0.472,0.018,0.077,-0.031,0
WATCH,1648534535291,1648534535401,4,1648534535311,5.236,0.564,0.103,0.124,0.112,0.041,0
WATCH,1648534535291,1648534535401,4,1648534535321,5.215,0.132,-0.320,0.134,0.100,0.081,0
WATCH,1648534535353,1648534535463,4,1648534535331,4.938,-0.773,-0.547,0.107,0.087,0.128,0
WATCH,1648534535353,1648534535463,4,1648534535341,4.912,-0.940,-0.284,0.079,0.071,0.225,0
WATCH,1648534535353,1648534535463,4,1648534535351,5.542,-0.920,0.500,0.181,0.070,0.068,0
WATCH,1648534535353,1648534535463,4,1648534535361,4.203,1.096,0.465,0.034,0.123,0.300,0
WATCH,1648534535353,1648534535463,4,1648534535371,3.916,0.352,0.468,-0.013,-0.017,0.061,0
WATCH,1648534535412,1648534535522,4,1648534535381,3.087,-0.336,0.185,-0.134,-0.199,0.047,0
WATCH,1648534535412,1648534535522,4,1648534535391,2.264,-0.316,-0.005,-0.109,-0.166,0.316,0
WATCH,1648534535412,1648534535522,4,1648534535401,1.670,0.002,0.078,-0.168,-0.123,0.203,0
WATCH,1648534535412,1648534535522,4,1648534535411,1.384,0.095,0.228,-0.099,-0.113,0.141,0
WATCH,1648534535412,1648534535522,4,1648534535421,1.112,-0.210,0.085,-0.106,-0.084,0.156,0
WATCH,1648534535473,1648534535583,4,1648534535431,0.692,-0.483,-0.089,-0.136,-0.050,0.162,0
WATCH,1648534535474,1648534535584,4,1648534535441,0.222,-0.525,-0.128,-0.134,-0.031,0.178,0
WATCH,1648534535474,1648534535584,4,1648534535451,-0.266,-0.451,0.298,-0.092,-0.015,0.215,0
WATCH,1648534535474,1648534535584,4,1648534535461,-0.657,-0.289,0.228,-0.079,-0.036,0.213,0
WATCH,1648534535474,1648534535584,4,1648534535471,-0.931,-0.078,0.327,-0.085,-0.063,0.157,0
WATCH,1648534535476,1648534535586,4,1648534535481,-1.281,0.117,0.168,-0.051,-0.067,0.075,0
WATCH,1648534535476,1648534535586,4,1648534535491,-1.310,-1.697,-0.647,-0.009,-0.097,0.080,0
WATCH,1648534535476,1648534535586,4,1648534535501,-1.280,-1.188,-0.651,0.086,-0.048,-0.023,0
WATCH,1648534535476,1648534535586,4,1648534535511,-0.959,-0.706,-0.470,0.073,0.015,0.025,0
WATCH,1648534535476,1648534535586,4,1648534535521,-0.748,-0.255,-0.707,0.078,0.115,-0.020,0
WATCH,1648534535529,1648534535639,4,1648534535531,-0.425,-0.195,-0.540,-0.016,0.065,-0.104,0
WATCH,1648534535529,1648534535639,4,1648534535541,-0.449,0.370,-0.350,0.056,0.010,-0.069,0
WATCH,1648534535529,1648534535639,4,1648534535551,-0.536,0.271,-0.467,-0.028,-0.162,-0.052,0
WATCH,1648534535529,1648534535639,4,1648534535561,-0.748,0.225,-0.709,0.091,-0.212,-0.097,0
WATCH,1648534535529,1648534535639,4,1648534535571,-0.851,-0.066,-0.741,0.129,-0.240,-0.116,0
WATCH,1648534535591,1648534535701,4,1648534535581,-0.732,-0.208,-0.651,0.158,-0.187,-0.164,0
WATCH,1648534535591,1648534535701,4,1648534535591,-0.662,-0.193,-0.705,0.074,-0.094,-0.156,0
WATCH,1648534535591,1648534535701,4,1648534535601,-0.545,-0.010,-0.874,0.016,-0.057,-0.117,0
WATCH,1648534535591,1648534535701,4,1648534535611,-0.370,-0.116,-0.473,0.006,-0.082,-0.082,0
WATCH,1648534535591,1648534535701,4,1648534535621,-0.582,0.104,-0.751,0.062,-0.104,-0.022,0
WATCH,1648534535650,1648534535760,4,1648534535631,-0.311,0.081,-1.530,0.024,-0.168,0.032,0
WATCH,1648534535650,1648534535760,4,1648534535641,-0.450,-0.750,0.268,0.284,0.024,0.053,0
WATCH,1648534535650,1648534535760,4,1648534535651,-0.721,0.547,-0.107,-0.023,0.083,0.029,0
WATCH,1648534535650,1648534535760,4,1648534535661,-0.811,0.063,-1.057,-0.263,-0.272,-0.044,0
WATCH,1648534535650,1648534535760,4,1648534535671,-0.860,-0.661,-0.587,0.342,-0.197,-0.110,0
WATCH,1648534535711,1648534535821,4,1648534535681,-0.896,-0.397,-0.276,0.257,-0.102,0.000,0
WATCH,1648534535712,1648534535822,4,1648534535692,-0.856,-0.198,-0.106,-0.147,-0.099,0.042,0
WATCH,1648534535712,1648534535822,4,1648534535702,-0.577,-0.151,0.284,-0.010,-0.067,0.031,0
WATCH,1648534535712,1648534535822,4,1648534535712,-0.133,0.017,0.396,0.022,-0.013,-0.031,0
WATCH,1648534535712,1648534535822,4,1648534535721,0.093,0.078,0.594,-0.010,0.090,-0.067,0
WATCH,1648534535777,1648534535887,4,1648534535731,0.261,0.258,0.587,-0.051,0.106,-0.089,0
WATCH,1648534535777,1648534535887,4,1648534535741,0.463,0.207,0.527,-0.051,0.074,-0.148,0
WATCH,1648534535777,1648534535887,4,1648534535751,0.663,0.077,0.595,0.026,0.052,-0.165,0
WATCH,1648534535777,1648534535887,4,1648534535761,0.754,0.065,0.743,0.024,0.020,-0.107,0
WATCH,1648534535777,1648534535887,4,1648534535771,0.824,0.079,0.880,-0.002,-0.035,-0.053,0
WATCH,1648534535777,1648534535887,4,1648534535781,1.052,-0.068,0.971,0.007,-0.095,-0.098,0
WATCH,1648534535777,1648534535887,4,1648534535792,1.365,-0.114,1.099,0.012,-0.106,-0.153,0
WATCH,1648534535777,1648534535887,4,1648534535802,1.616,0.035,0.975,-0.026,-0.088,-0.134,0
WATCH,1648534535777,1648534535887,4,1648534535811,1.959,0.161,0.823,-0.074,-0.069,-0.213,0
WATCH,1648534535777,1648534535887,4,1648534535822,2.452,-0.077,0.765,-0.054,-0.024,-0.265,0
WATCH,1648534535830,1648534535940,4,1648534535832,2.822,-0.036,0.847,-0.018,0.056,-0.296,0
WATCH,1648534535831,1648534535941,4,1648534535842,3.054,0.159,0.918,-0.050,0.134,-0.264,0
WATCH,1648534535831,1648534535941,4,1648534535852,3.305,0.141,0.951,-0.104,0.183,-0.190,0
WATCH,1648534535831,1648534535941,4,1648534535862,2.979,0.433,0.860,-0.106,0.203,-0.109,0
WATCH,1648534535831,1648534535941,4,1648534535872,3.020,0.450,0.374,-0.171,0.120,-0.063,0
WATCH,1648534535892,1648534536002,4,1648534535882,3.429,0.235,-0.130,-0.178,-0.024,-0.049,0
WATCH,1648534535892,1648534536002,4,1648534535892,3.275,0.083,-0.148,-0.015,-0.030,-0.025,0
WATCH,1648534535892,1648534536002,4,1648534535901,3.005,0.071,-0.049,0.064,-0.008,0.021,0
WATCH,1648534535892,1648534536002,4,1648534535912,3.071,-0.020,-0.215,0.035,-0.044,-0.019,0
WATCH,1648534535892,1648534536002,4,1648534535922,3.042,0.086,-0.266,0.058,-0.011,-0.047,0
WATCH,1648534535951,1648534536061,4,1648534535932,3.167,0.106,-0.314,0.103,0.033,-0.019,0
WATCH,1648534535951,1648534536061,4,1648534535942,3.123,0.080,-0.410,0.097,0.001,0.016,0
WATCH,1648534535951,1648534536061,4,1648534535952,2.900,0.128,-0.579,0.031,-0.077,0.014,0
WATCH,1648534535951,1648534536061,4,1648534535962,2.703,0.043,-0.637,0.014,-0.128,0.027,0
WATCH,1648534535951,1648534536061,4,1648534535972,3.511,-0.399,-1.211,0.040,-0.105,0.036,0
WATCH,1648534536012,1648534536122,4,1648534535982,3.080,-0.570,-1.000,0.091,0.059,0.068,0
WATCH,1648534536013,1648534536123,4,1648534535992,2.718,-0.287,-0.665,0.060,0.063,0.094,0
WATCH,1648534536013,1648534536123,4,1648534536002,2.489,-0.157,-0.797,-0.075,-0.131,0.087,0
WATCH,1648534536013,1648534536123,4,1648534536012,2.290,-0.231,-0.790,-0.085,-0.231,0.055,0
WATCH,1648534536013,1648534536123,4,1648534536022,1.865,-0.103,-0.488,-0.028,-0.081,0.063,0
WATCH,1648534536074,1648534536184,4,1648534536032,1.414,-0.030,-0.342,-0.044,-0.006,0.049,0
WATCH,1648534536074,1648534536184,4,1648534536042,0.859,0.034,-0.415,-0.059,-0.138,0.029,0
WATCH,1648534536074,1648534536184,4,1648534536052,0.358,-0.005,-0.438,-0.028,-0.230,-0.017,0
WATCH,1648534536074,1648534536184,4,1648534536062,-0.236,-0.037,-0.319,-0.011,-0.259,-0.057,0
WATCH,1648534536074,1648534536184,4,1648534536072,-0.547,0.007,-0.187,-0.008,-0.204,-0.070,0
WATCH,1648534536076,1648534536186,4,1648534536082,-0.648,0.085,-0.189,-0.010,-0.117,-0.077,0
WATCH,1648534536076,1648534536186,4,1648534536092,-0.381,-0.104,-0.367,0.000,-0.113,-0.090,0
WATCH,1648534536076,1648534536186,4,1648534536102,-0.410,-0.203,-0.306,0.049,-0.194,-0.064,0
WATCH,1648534536077,1648534536187,4,1648534536112,-0.559,-0.245,-0.133,0.064,-0.260,-0.033,0
WATCH,1648534536077,1648534536187,4,1648534536122,-0.574,-0.244,-0.015,0.055,-0.311,-0.007,0
WATCH,1648534536161,1648534536271,4,1648534536132,-0.497,-0.202,0.100,0.046,-0.327,0.024,0
WATCH,1648534536161,1648534536271,4,1648534536142,-0.351,-0.188,0.227,0.051,-0.310,0.048,0
WATCH,1648534536161,1648534536271,4,1648534536152,-0.322,-0.207,0.443,0.061,-0.286,0.069,0
WATCH,1648534536161,1648534536271,4,1648534536162,-0.344,-0.152,0.642,0.061,-0.288,0.084,0
WATCH,1648534536161,1648534536271,4,1648534536172,-0.292,-0.056,0.706,0.054,-0.307,0.092,0
WATCH,1648534536224,1648534536334,4,1648534536182,-0.217,-0.022,0.750,0.064,-0.288,0.099,0
WATCH,1648534536224,1648534536334,4,1648534536192,-0.105,0.017,0.810,0.086,-0.238,0.091,0
WATCH,1648534536224,1648534536334,4,1648534536202,-0.033,0.037,0.894,0.094,-0.181,0.081,0
WATCH,1648534536224,1648534536334,4,1648534536212,0.028,0.203,0.969,0.091,-0.149,0.074,0
WATCH,1648534536224,1648534536334,4,1648534536222,0.273,0.296,1.070,0.084,-0.156,0.088,0
WATCH,1648534536226,1648534536336,4,1648534536232,0.255,0.266,1.036,0.047,-0.159,0.072,0
WATCH,1648534536226,1648534536336,4,1648534536242,0.324,0.265,1.071,0.068,-0.149,0.103,0
WATCH,1648534536227,1648534536337,4,1648534536252,0.443,0.317,1.140,0.073,-0.141,0.122,0
WATCH,1648534536227,1648534536337,4,1648534536262,0.498,0.339,1.211,0.076,-0.125,0.116,0
WATCH,1648534536227,1648534536337,4,1648534536272,0.566,0.247,1.343,0.079,-0.104,0.102,0
WATCH,1648534536312,1648534536422,4,1648534536282,0.529,0.308,1.449,0.080,-0.071,0.130,0
WATCH,1648534536312,1648534536422,4,1648534536292,0.271,0.433,1.503,0.067,-0.052,0.156,0
WATCH,1648534536312,1648534536422,4,1648534536302,-0.051,0.477,1.526,0.056,-0.071,0.169,0
WATCH,1648534536312,1648534536422,4,1648534536312,-0.233,0.465,1.567,0.060,-0.122,0.170,0
WATCH,1648534536312,1648534536422,4,1648534536322,-0.385,0.450,1.661,0.077,-0.140,0.169,0
WATCH,1648534536377,1648534536487,4,1648534536332,-0.512,0.551,1.751,0.092,-0.099,0.176,0
WATCH,1648534536377,1648534536487,4,1648534536342,-0.613,0.635,1.751,0.098,-0.040,0.180,0
WATCH,1648534536377,1648534536487,4,1648534536352,-0.744,0.686,1.773,0.123,-0.009,0.190,0
WATCH,1648534536377,1648534536487,4,1648534536362,-0.892,0.696,1.839,0.160,-0.002,0.189,0
WATCH,1648534536377,1648534536487,4,1648534536372,-1.090,0.681,1.884,0.170,-0.007,0.185,0
WATCH,1648534536377,1648534536487,4,1648534536382,-1.291,0.699,1.902,0.149,-0.004,0.183,0
WATCH,1648534536377,1648534536487,4,1648534536392,-1.459,0.722,1.883,0.133,0.015,0.172,0
WATCH,1648534536377,1648534536487,4,1648534536402,-1.578,0.770,1.883,0.134,0.044,0.161,0
WATCH,1648534536377,1648534536487,4,1648534536413,-1.619,0.814,1.876,0.145,0.074,0.157,0
WATCH,1648534536377,1648534536487,4,1648534536422,-1.606,0.836,1.867,0.154,0.092,0.145,0
WATCH,1648534536431,1648534536541,4,1648534536432,-1.580,0.854,1.848,0.152,0.111,0.126,0
WATCH,1648534536431,1648534536541,4,1648534536442,-1.544,0.874,1.818,0.145,0.136,0.098,0
WATCH,1648534536431,1648534536541,4,1648534536452,-1.473,0.887,1.781,0.139,0.162,0.064,0
WATCH,1648534536431,1648534536541,4,1648534536462,-1.379,0.885,1.725,0.137,0.190,0.029,0
WATCH,1648534536431,1648534536541,4,1648534536473,-1.295,0.884,1.658,0.134,0.219,0.011,0
WATCH,1648534536491,1648534536601,4,1648534536482,-1.233,0.857,1.590,0.123,0.244,0.014,0
WATCH,1648534536492,1648534536602,4,1648534536492,-1.181,0.845,1.548,0.103,0.254,-0.001,0
WATCH,1648534536492,1648534536602,4,1648534536502,-1.128,0.853,1.507,0.082,0.247,-0.003,0
WATCH,1648534536492,1648534536602,4,1648534536512,-1.097,0.856,1.454,0.059,0.232,0.002,0
WATCH,1648534536492,1648534536602,4,1648534536522,-1.094,0.857,1.380,0.039,0.223,0.011,0
WATCH,1648534536552,1648534536662,4,1648534536532,-1.108,0.844,1.302,0.027,0.226,0.017,0
WATCH,1648534536552,1648534536662,4,1648534536542,-1.125,0.824,1.224,0.024,0.236,0.020,0
WATCH,1648534536552,1648534536662,4,1648534536552,-1.133,0.809,1.143,0.016,0.244,0.015,0
WATCH,1648534536552,1648534536662,4,1648534536562,-1.140,0.813,1.071,0.005,0.251,0.005,0
WATCH,1648534536553,1648534536663,4,1648534536573,-1.145,0.824,0.998,-0.007,0.256,-0.005,0
WATCH,1648534536611,1648534536721,4,1648534536583,-1.154,0.835,0.914,-0.015,0.253,-0.017,0
WATCH,1648534536611,1648534536721,4,1648534536592,-1.159,0.840,0.843,-0.016,0.254,-0.035,0
WATCH,1648534536611,1648534536721,4,1648534536602,-1.145,0.836,0.776,-0.010,0.259,-0.055,0
WATCH,1648534536611,1648534536721,4,1648534536612,-1.117,0.827,0.707,-0.003,0.275,-0.081,0
WATCH,1648534536611,1648534536721,4,1648534536622,-1.078,0.819,0.642,0.005,0.292,-0.103,0
WATCH,1648534536674,1648534536784,4,1648534536633,-1.020,0.801,0.582,0.014,0.312,-0.128,0
WATCH,1648534536675,1648534536785,4,1648534536643,-0.956,0.764,0.531,0.022,0.326,-0.152,0
WATCH,1648534536675,1648534536785,4,1648534536653,-0.897,0.721,0.487,0.020,0.335,-0.170,0
WATCH,1648534536675,1648534536785,4,1648534536663,-0.847,0.679,0.451,0.003,0.339,-0.182,0
WATCH,1648534536675,1648534536785,4,1648534536673,-0.794,0.652,0.414,-0.024,0.336,-0.195,0
WATCH,1648534536676,1648534536786,4,1648534536683,-0.743,0.641,0.371,-0.052,0.328,-0.203,0
WATCH,1648534536676,1648534536786,4,1648534536693,-0.698,0.631,0.327,-0.067,0.324,-0.212,0
WATCH,1648534536676,1648534536786,4,1648534536703,-0.683,0.606,0.285,-0.069,0.321,-0.219,0
WATCH,1648534536676,1648534536786,4,1648534536713,-0.681,0.556,0.261,-0.064,0.316,-0.236,0
WATCH,1648534536676,1648534536786,4,1648534536723,-0.668,0.497,0.233,-0.060,0.313,-0.257,0
WATCH,1648534536731,1648534536841,4,1648534536733,-0.647,0.441,0.185,-0.073,0.322,-0.275,0
WATCH,1648534536731,1648534536841,4,1648534536743,-0.618,0.385,0.132,-0.087,0.335,-0.293,0
WATCH,1648534536731,1648534536841,4,1648534536753,-0.551,0.347,0.067,-0.097,0.349,-0.309,0
WATCH,1648534536731,1648534536841,4,1648534536763,-0.442,0.314,-0.007,-0.100,0.357,-0.327,0
WATCH,1648534536731,1648534536841,4,1648534536773,-0.304,0.279,-0.085,-0.097,0.355,-0.339,0
WATCH,1648534536822,1648534536932,4,1648534536783,-0.159,0.243,-0.168,-0.089,0.352,-0.346,0
WATCH,1648534536822,1648534536932,4,1648534536793,0.000,0.213,-0.259,-0.084,0.341,-0.346,0
WATCH,1648534536822,1648534536932,4,1648534536803,0.164,0.172,-0.370,-0.079,0.333,-0.346,0
WATCH,1648534536823,1648534536933,4,1648534536813,0.345,0.116,-0.483,-0.069,0.326,-0.349,0
WATCH,1648534536823,1648534536933,4,1648534536823,0.528,0.063,-0.589,-0.058,0.309,-0.339,0
WATCH,1648534536826,1648534536936,4,1648534536833,0.696,0.008,-0.691,-0.056,0.279,-0.324,0
WATCH,1648534536826,1648534536936,4,1648534536843,0.826,-0.039,-0.794,-0.060,0.243,-0.301,0
WATCH,1648534536826,1648534536936,4,1648534536853,0.918,-0.089,-0.894,-0.062,0.208,-0.275,0
WATCH,1648534536826,1648534536936,4,1648534536863,0.979,-0.140,-0.995,-0.060,0.176,-0.252,0
WATCH,1648534536826,1648534536936,4,1648534536873,1.010,-0.190,-1.091,-0.049,0.150,-0.234,0
WATCH,1648534536912,1648534537022,4,1648534536883,1.007,-0.248,-1.174,-0.029,0.132,-0.216,0
WATCH,1648534536913,1648534537023,4,1648534536893,0.984,-0.316,-1.238,-0.001,0.115,-0.197,0
WATCH,1648534536913,1648534537023,4,1648534536903,0.942,-0.392,-1.290,0.022,0.099,-0.180,0
WATCH,1648534536913,1648534537023,4,1648534536913,0.880,-0.472,-1.329,0.039,0.087,-0.159,0
WATCH,1648534536913,1648534537023,4,1648534536923,0.817,-0.536,-1.360,0.051,0.077,-0.136,0
WATCH,1648534536977,1648534537087,4,1648534536933,0.768,-0.588,-1.373,0.059,0.070,-0.116,0
WATCH,1648534536978,1648534537088,4,1648534536943,0.737,-0.630,-1.379,0.064,0.066,-0.094,0
WATCH,1648534536978,1648534537088,4,1648534536953,0.709,-0.655,-1.383,0.066,0.063,-0.073,0
WATCH,1648534536978,1648534537088,4,1648534536963,0.685,-0.678,-1.390,0.066,0.062,-0.053,0
WATCH,1648534536978,1648534537088,4,1648534536973,0.658,-0.695,-1.395,0.068,0.061,-0.042,0
WATCH,1648534536978,1648534537088,4,1648534536983,0.619,-0.708,-1.398,0.067,0.058,-0.030,0
WATCH,1648534536978,1648534537088,4,1648534536993,0.566,-0.715,-1.400,0.074,0.054,-0.015,0
WATCH,1648534536978,1648534537088,4,1648534537003,0.513,-0.729,-1.399,0.076,0.048,0.002,0
WATCH,1648534536978,1648534537088,4,1648534537013,0.444,-0.738,-1.387,0.077,0.037,0.013,0
WATCH,1648534536978,1648534537088,4,1648534537023,0.345,-0.744,-1.367,0.076,0.028,0.026,0
WATCH,1648534537031,1648534537141,4,1648534537033,0.251,-0.725,-1.348,0.068,0.017,0.039,0
WATCH,1648534537031,1648534537141,4,1648534537043,0.191,-0.703,-1.359,0.063,0.011,0.047,0
WATCH,1648534537031,1648534537141,4,1648534537053,0.158,-0.679,-1.367,0.064,0.011,0.060,0
WATCH,1648534537031,1648534537141,4,1648534537063,0.171,-0.637,-1.348,0.066,0.016,0.070,0
WATCH,1648534537031,1648534537141,4,1648534537073,0.195,-0.586,-1.300,0.068,0.016,0.072,0
WATCH,1648534537092,1648534537202,4,1648534537083,0.174,-0.539,-1.263,0.070,0.008,0.081,0
WATCH,1648534537092,1648534537202,4,1648534537093,0.156,-0.501,-1.257,0.069,-0.004,0.107,0
WATCH,1648534537092,1648534537202,4,1648534537103,0.190,-0.456,-1.246,0.068,-0.018,0.131,0
WATCH,1648534537092,1648534537202,4,1648534537113,0.255,-0.401,-1.214,0.065,-0.028,0.142,0
WATCH,1648534537092,1648534537202,4,1648534537123,0.323,-0.325,-1.170,0.055,-0.034,0.153,0
WATCH,1648534537150,1648534537260,4,1648534537133,0.393,-0.248,-1.126,0.045,-0.044,0.165,0
WATCH,1648534537150,1648534537260,4,1648534537143,0.457,-0.163,-1.084,0.040,-0.056,0.177,0
WATCH,1648534537150,1648534537260,4,1648534537153,0.520,-0.086,-1.041,0.037,-0.064,0.186,0
WATCH,1648534537150,1648534537260,4,1648534537163,0.587,-0.012,-0.988,0.038,-0.069,0.190,0
WATCH,1648534537150,1648534537260,4,1648534537173,0.668,0.052,-0.936,0.043,-0.069,0.193,0
WATCH,1648534537240,1648534537350,4,1648534537183,0.761,0.116,-0.883,0.044,-0.069,0.189,0
WATCH,1648534537240,1648534537350,4,1648534537193,0.850,0.184,-0.831,0.043,-0.072,0.188,0
WATCH,1648534537240,1648534537350,4,1648534537203,0.927,0.250,-0.772,0.042,-0.077,0.187,0
WATCH,1648534537240,1648534537350,4,1648534537213,0.986,0.311,-0.717,0.040,-0.083,0.187,0
WATCH,1648534537240,1648534537350,4,1648534537223,1.026,0.367,-0.664,0.041,-0.092,0.187,0
WATCH,1648534537336,1648534537446,4,1648534537363,1.106,0.756,-0.236,0.014,-0.119,0.121,0
WATCH,1648534537336,1648534537446,4,1648534537373,1.077,0.747,-0.215,0.011,-0.120,0.113,0
WATCH,1648534537334,1648534537444,4,1648534537233,1.060,0.405,-0.613,0.042,-0.101,0.183,0
WATCH,1648534537334,1648534537444,4,1648534537243,1.083,0.444,-0.562,0.047,-0.099,0.178,0
WATCH,1648534537334,1648534537444,4,1648534537253,1.113,0.480,-0.520,0.044,-0.099,0.177,0
WATCH,1648534537334,1648534537444,4,1648534537263,1.140,0.513,-0.477,0.039,-0.101,0.172,0
WATCH,1648534537334,1648534537444,4,1648534537273,1.167,0.544,-0.446,0.031,-0.105,0.171,0
WATCH,1648534537335,1648534537445,4,1648534537283,1.179,0.581,-0.413,0.022,-0.110,0.168,0
WATCH,1648534537335,1648534537445,4,1648534537293,1.190,0.623,-0.386,0.013,-0.112,0.166,0
WATCH,1648534537335,1648534537445,4,1648534537303,1.188,0.660,-0.359,0.009,-0.115,0.163,0
WATCH,1648534537335,1648534537445,4,1648534537313,1.179,0.687,-0.336,0.010,-0.115,0.159,0
WATCH,1648534537335,1648534537445,4,1648534537323,1.163,0.706,-0.311,0.013,-0.115,0.152,0
WATCH,1648534537336,1648534537446,4,1648534537334,1.147,0.723,-0.291,0.015,-0.114,0.147,0
WATCH,1648534537336,1648534537446,4,1648534537343,1.138,0.744,-0.270,0.015,-0.115,0.139,0
WATCH,1648534537423,1648534537533,4,1648534537383,1.048,0.741,-0.194,0.004,-0.120,0.104,0
WATCH,1648534537423,1648534537533,4,1648534537394,1.013,0.738,-0.173,-0.010,-0.120,0.096,0
WATCH,1648534537423,1648534537533,4,1648534537403,0.973,0.750,-0.151,-0.026,-0.120,0.092,0
WATCH,1648534537423,1648534537533,4,1648534537414,0.925,0.763,-0.126,-0.031,-0.121,0.089,0
WATCH,1648534537423,1648534537533,4,1648534537424,0.872,0.776,-0.093,-0.029,-0.119,0.084,0
WATCH,1648534537424,1648534537534,4,1648534537434,0.819,0.778,-0.045,-0.013,-0.117,0.078,0
WATCH,1648534537424,1648534537534,4,1648534537444,0.760,0.760,0.006,0.007,-0.111,0.071,0
WATCH,1648534537424,1648534537534,4,1648534537454,0.709,0.729,0.060,0.028,-0.101,0.064,0
WATCH,1648534537424,1648534537534,4,1648534537464,0.664,0.708,0.113,0.044,-0.090,0.057,0
WATCH,1648534537424,1648534537534,4,1648534537474,0.654,0.703,0.181,0.053,-0.075,0.053,0
WATCH,1648534537480,1648534537590,4,1648534537484,0.662,0.706,0.248,0.064,-0.062,0.045,0
WATCH,1648534537480,1648534537590,4,1648534537494,0.666,0.705,0.302,0.075,-0.051,0.035,0
WATCH,1648534537480,1648534537590,4,1648534537504,0.673,0.696,0.345,0.088,-0.039,0.030,0
WATCH,1648534537480,1648534537590,4,1648534537514,0.687,0.683,0.386,0.102,-0.026,0.024,0
WATCH,1648534537480,1648534537590,4,1648534537523,0.700,0.658,0.426,0.119,-0.015,0.017,0
WATCH,1648534537635,1648534537745,4,1648534537654,0.424,0.209,0.403,0.014,0.051,-0.020,0
WATCH,1648534537635,1648534537745,4,1648534537664,0.370,0.170,0.377,-0.002,0.048,-0.012,0
WATCH,1648534537635,1648534537745,4,1648534537674,0.306,0.127,0.350,-0.009,0.045,-0.002,0
WATCH,1648534537572,1648534537682,4,1648534537533,0.711,0.634,0.461,0.129,-0.005,0.012,0
WATCH,1648534537572,1648534537682,4,1648534537544,0.717,0.610,0.489,0.131,0.003,0.005,0
WATCH,1648534537572,1648534537682,4,1648534537553,0.714,0.588,0.512,0.128,0.009,-0.001,0
WATCH,1648534537572,1648534537682,4,1648534537563,0.702,0.561,0.526,0.125,0.015,-0.007,0
WATCH,1648534537572,1648534537682,4,1648534537574,0.679,0.531,0.529,0.116,0.021,-0.008,0
WATCH,1648534537633,1648534537743,4,1648534537584,0.660,0.498,0.533,0.104,0.029,-0.015,0
WATCH,1648534537633,1648534537743,4,1648534537594,0.641,0.474,0.526,0.093,0.035,-0.022,0
WATCH,1648534537634,1648534537744,4,1648534537604,0.619,0.442,0.511,0.080,0.042,-0.026,0
WATCH,1648534537634,1648534537744,4,1648534537614,0.589,0.407,0.494,0.068,0.049,-0.030,0
WATCH,1648534537634,1648534537744,4,1648534537624,0.558,0.354,0.474,0.058,0.052,-0.030,0
WATCH,1648534537635,1648534537745,4,1648534537634,0.519,0.302,0.451,0.048,0.051,-0.025,0
WATCH,1648534537719,1648534537829,4,1648534537684,0.231,0.081,0.325,-0.010,0.046,0.004,0
WATCH,1648534537719,1648534537829,4,1648534537694,0.156,0.028,0.307,-0.006,0.045,0.010,0
WATCH,1648534537719,1648534537829,4,1648534537704,0.069,-0.034,0.291,0.005,0.039,0.018,0
WATCH,1648534537719,1648534537829,4,1648534537714,-0.031,-0.096,0.284,0.016,0.038,0.021,0
WATCH,1648534537719,1648534537829,4,1648534537724,-0.148,-0.167,0.280,0.027,0.038,0.022,0
WATCH,1648534537782,1648534537892,4,1648534537734,-0.280,-0.248,0.278,0.036,0.034,0.024,0
WATCH,1648534537783,1648534537893,4,1648534537744,-0.434,-0.335,0.281,0.047,0.033,0.018,0
WATCH,1648534537783,1648534537893,4,1648534537754,-0.611,-0.415,0.285,0.050,0.034,0.022,0
WATCH,1648534537783,1648534537893,4,1648534537764,-0.818,-0.497,0.283,0.051,0.030,0.023,0
WATCH,1648534537783,1648534537893,4,1648534537774,-1.062,-0.580,0.283,0.052,0.017,0.026,0
WATCH,1648534537786,1648534537896,4,1648534537784,-1.357,-0.679,0.291,0.059,-0.005,0.037,0
WATCH,1648534537786,1648534537896,4,1648534537794,-1.687,-0.790,0.301,0.068,-0.021,0.047,0
WATCH,1648534537786,1648534537896,4,1648534537804,-2.043,-0.914,0.303,0.072,-0.030,0.061,0
WATCH,1648534537786,1648534537896,4,1648534537814,-2.392,-1.038,0.307,0.075,-0.028,0.075,0
WATCH,1648534537786,1648534537896,4,1648534537824,-2.722,-1.146,0.300,0.073,-0.031,0.084,0
WATCH,1648534537841,1648534537951,4,1648534537834,-3.067,-1.245,0.289,0.074,-0.033,0.086,0
WATCH,1648534537841,1648534537951,4,1648534537844,-3.430,-1.355,0.263,0.079,-0.041,0.093,0
WATCH,1648534537841,1648534537951,4,1648534537854,-3.797,-1.491,0.230,0.082,-0.050,0.096,0
WATCH,1648534537841,1648534537951,4,1648534537864,-4.134,-1.648,0.180,0.085,-0.058,0.085,0
WATCH,1648534537841,1648534537951,4,1648534537874,-4.456,-1.813,0.098,0.084,-0.049,0.060,0
WATCH,1648534537902,1648534538012,4,1648534537884,-4.732,-1.937,-0.002,0.082,-0.019,0.058,0
WATCH,1648534537902,1648534538012,4,1648534537894,-4.943,-2.007,-0.124,0.093,0.013,0.076,0
WATCH,1648534537902,1648534538012,4,1648534537904,-5.089,-2.075,-0.247,0.114,0.036,0.097,0
WATCH,1648534537902,1648534538012,4,1648534537914,-5.204,-2.165,-0.385,0.135,0.041,0.107,0
WATCH,1648534537902,1648534538012,4,1648534537924,-5.355,-2.231,-0.543,0.134,0.051,0.139,0
WATCH,1648534537963,1648534538073,4,1648534537934,-5.485,-2.247,-0.721,0.120,0.067,0.175,0
WATCH,1648534537963,1648534538073,4,1648534537944,-5.561,-2.229,-0.928,0.094,0.078,0.161,0
WATCH,1648534537963,1648534538073,4,1648534537954,-5.576,-2.180,-1.125,0.078,0.090,0.117,0
WATCH,1648534537964,1648534538074,4,1648534537964,-5.564,-2.107,-1.306,0.081,0.101,0.087,0
WATCH,1648534537964,1648534538074,4,1648534537974,-5.626,-2.023,-1.482,0.103,0.115,0.077,0
WATCH,1648534538052,1648534538162,4,1648534537984,-5.734,-1.964,-1.665,0.129,0.131,0.070,0
WATCH,1648534538054,1648534538164,4,1648534537994,-5.855,-1.906,-1.835,0.156,0.137,0.066,0
WATCH,1648534538054,1648534538164,4,1648534538004,-5.980,-1.855,-1.962,0.180,0.132,0.066,0
WATCH,1648534538054,1648534538164,4,1648534538014,-6.074,-1.812,-2.084,0.194,0.115,0.054,0
WATCH,1648534538054,1648534538164,4,1648534538024,-6.105,-1.767,-2.150,0.205,0.111,0.034,0
WATCH,1648534538055,1648534538165,4,1648534538034,-6.098,-1.703,-2.172,0.232,0.109,0.021,0
WATCH,1648534538055,1648534538165,4,1648534538044,-6.012,-1.654,-2.183,0.250,0.136,0.016,0
WATCH,1648534538055,1648534538165,4,1648534538054,-5.817,-1.595,-2.177,0.256,0.172,-0.004,0
WATCH,1648534538055,1648534538165,4,1648534538064,-5.502,-1.559,-2.164,0.250,0.201,-0.024,0
WATCH,1648534538055,1648534538165,4,1648534538074,-5.092,-1.522,-2.146,0.215,0.203,-0.036,0
WATCH,1648534538111,1648534538221,4,1648534538084,-4.648,-1.446,-2.173,0.154,0.192,-0.026,0
WATCH,1648534538111,1648534538221,4,1648534538094,-4.167,-1.300,-2.212,0.082,0.174,-0.023,0
WATCH,1648534538111,1648534538221,4,1648534538104,-3.634,-1.129,-2.229,0.022,0.166,-0.040,0
WATCH,1648534538111,1648534538221,4,1648534538114,-3.019,-0.965,-2.255,-0.029,0.156,-0.067,0
WATCH,1648534538111,1648534538221,4,1648534538124,-2.313,-0.804,-2.306,-0.081,0.155,-0.100,0
WATCH,1648534538173,1648534538283,4,1648534538134,-1.616,-0.641,-2.375,-0.127,0.147,-0.117,0
WATCH,1648534538173,1648534538283,4,1648534538144,-1.121,-0.460,-2.431,-0.152,0.125,-0.103,0
WATCH,1648534538173,1648534538283,4,1648534538154,-0.780,-0.337,-2.447,-0.148,0.072,-0.068,0
WATCH,1648534538173,1648534538283,4,1648534538164,-0.617,-0.257,-2.377,-0.111,-0.010,-0.043,0
WATCH,1648534538173,1648534538283,4,1648534538174,-0.623,-0.239,-2.229,-0.051,-0.092,0.002,0
WATCH,1648534538175,1648534538285,4,1648534538184,-0.789,-0.254,-2.094,-0.010,-0.136,0.048,0
WATCH,1648534538175,1648534538285,4,1648534538195,-1.010,-0.244,-1.975,-0.001,-0.147,0.072,0
WATCH,1648534538175,1648534538285,4,1648534538204,-1.172,-0.222,-1.868,0.000,-0.145,0.080,0
WATCH,1648534538175,1648534538285,4,1648534538214,-1.313,-0.159,-1.761,0.008,-0.136,0.086,0
WATCH,1648534538175,1648534538285,4,1648534538225,-1.404,-0.092,-1.652,0.023,-0.108,0.087,0
WATCH,1648534538231,1648534538341,4,1648534538234,-1.420,-0.056,-1.564,0.038,-0.087,0.066,0
WATCH,1648534538231,1648534538341,4,1648534538245,-1.411,-0.043,-1.480,0.058,-0.062,0.050,0
WATCH,1648534538231,1648534538341,4,1648534538255,-1.352,-0.030,-1.398,0.073,-0.036,0.042,0
WATCH,1648534538231,1648534538341,4,1648534538265,-1.248,-0.011,-1.325,0.081,-0.014,0.034,0
WATCH,1648534538231,1648534538341,4,1648534538275,-1.098,0.022,-1.258,0.079,-0.010,0.026,0
WATCH,1648534538292,1648534538402,4,1648534538285,-0.928,0.047,-1.187,0.073,-0.029,0.006,0
WATCH,1648534538293,1648534538403,4,1648534538295,-0.754,0.070,-1.118,0.067,-0.051,-0.005,0
WATCH,1648534538293,1648534538403,4,1648534538305,-0.597,0.100,-1.072,0.057,-0.061,-0.012,0
WATCH,1648534538293,1648534538403,4,1648534538315,-0.432,0.123,-1.041,0.043,-0.056,-0.028,0
WATCH,1648534538293,1648534538403,4,1648534538325,-0.284,0.149,-1.010,0.033,-0.055,-0.046,0
WATCH,1648534538351,1648534538461,4,1648534538335,-0.174,0.162,-0.973,0.026,-0.062,-0.055,0
WATCH,1648534538351,1648534538461,4,1648534538344,-0.101,0.177,-0.934,0.017,-0.080,-0.057,0
WATCH,1648534538351,1648534538461,4,1648534538354,-0.050,0.177,-0.874,0.005,-0.104,-0.060,0
WATCH,1648534538351,1648534538461,4,1648534538365,-0.004,0.176,-0.804,-0.014,-0.127,-0.063,0
WATCH,1648534538352,1648534538462,4,1648534538375,0.031,0.187,-0.725,-0.032,-0.139,-0.065,0
WATCH,1648534538409,1648534538519,4,1648534538385,0.058,0.225,-0.665,-0.057,-0.122,-0.064,0
WATCH,1648534538409,1648534538519,4,1648534538395,0.077,0.264,-0.609,-0.083,-0.104,-0.068,0
WATCH,1648534538409,1648534538519,4,1648534538405,0.077,0.285,-0.544,-0.094,-0.095,-0.076,0
WATCH,1648534538409,1648534538519,4,1648534538415,0.094,0.276,-0.483,-0.096,-0.089,-0.082,0
WATCH,1648534538409,1648534538519,4,1648534538425,0.103,0.256,-0.421,-0.099,-0.083,-0.092,0
WATCH,1648534538475,1648534538585,4,1648534538435,0.126,0.234,-0.367,-0.110,-0.071,-0.097,0
WATCH,1648534538475,1648534538585,4,1648534538445,0.211,0.214,-0.325,-0.128,-0.061,-0.104,0
WATCH,1648534538475,1648534538585,4,1648534538455,0.357,0.198,-0.281,-0.144,-0.058,-0.109,0
WATCH,1648534538476,1648534538586,4,1648534538465,0.516,0.198,-0.242,-0.158,-0.045,-0.110,0
WATCH,1648534538476,1648534538586,4,1648534538475,0.687,0.196,-0.220,-0.180,-0.036,-0.109,0
WATCH,1648534538476,1648534538586,4,1648534538485,0.816,0.190,-0.208,-0.199,-0.038,-0.109,0
WATCH,1648534538476,1648534538586,4,1648534538495,0.898,0.182,-0.208,-0.215,-0.040,-0.097,0
WATCH,1648534538476,1648534538586,4,1648534538505,0.912,0.175,-0.216,-0.226,-0.054,-0.080,0
WATCH,1648534538476,1648534538586,4,1648534538515,0.879,0.170,-0.235,-0.228,-0.066,-0.055,0
WATCH,1648534538476,1648534538586,4,1648534538525,0.820,0.162,-0.246,-0.223,-0.085,-0.042,0
WATCH,1648534538532,1648534538642,4,1648534538535,0.759,0.140,-0.261,-0.205,-0.099,-0.028,0
WATCH,1648534538532,1648534538642,4,1648534538545,0.662,0.116,-0.281,-0.189,-0.091,-0.016,0
WATCH,1648534538532,1648534538642,4,1648534538555,0.598,0.101,-0.318,-0.177,-0.069,-0.010,0
WATCH,1648534538532,1648534538642,4,1648534538565,0.599,0.089,-0.349,-0.161,-0.051,-0.010,0
WATCH,1648534538532,1648534538642,4,1648534538575,0.601,0.086,-0.378,-0.137,-0.028,-0.006,0
WATCH,1648534538623,1648534538733,4,1648534538585,0.600,0.112,-0.408,-0.118,-0.012,0.002,0
WATCH,1648534538623,1648534538733,4,1648534538595,0.631,0.133,-0.422,-0.099,-0.010,-0.001,0
WATCH,1648534538623,1648534538733,4,1648534538605,0.641,0.134,-0.435,-0.077,-0.017,-0.006,0
WATCH,1648534538623,1648534538733,4,1648534538615,0.643,0.138,-0.450,-0.058,-0.022,0.005,0
WATCH,1648534538623,1648534538733,4,1648534538625,0.639,0.151,-0.445,-0.042,-0.035,0.018,0
WATCH,1648534538684,1648534538794,4,1648534538635,0.618,0.167,-0.441,-0.032,-0.041,0.031,0
WATCH,1648534538684,1648534538794,4,1648534538645,0.602,0.185,-0.450,-0.031,-0.045,0.045,0
WATCH,1648534538684,1648534538794,4,1648534538655,0.589,0.205,-0.448,-0.030,-0.054,0.046,0
WATCH,1648534538684,1648534538794,4,1648534538665,0.558,0.225,-0.433,-0.030,-0.059,0.057,0
WATCH,1648534538684,1648534538794,4,1648534538675,0.560,0.234,-0.419,-0.031,-0.074,0.057,0
WATCH,1648534538685,1648534538795,4,1648534538685,0.553,0.247,-0.386,-0.040,-0.086,0.068,0
WATCH,1648534538685,1648534538795,4,1648534538695,0.516,0.281,-0.351,-0.046,-0.080,0.084,0
WATCH,1648534538685,1648534538795,4,1648534538705,0.493,0.322,-0.323,-0.052,-0.065,0.090,0
WATCH,1648534538685,1648534538795,4,1648534538715,0.470,0.370,-0.298,-0.052,-0.053,0.088,0
WATCH,1648534538685,1648534538795,4,1648534538725,0.439,0.405,-0.263,-0.041,-0.049,0.085,0
WATCH,1648534538741,1648534538851,4,1648534538735,0.398,0.424,-0.225,-0.026,-0.059,0.073,0
WATCH,1648534538741,1648534538851,4,1648534538745,0.313,0.437,-0.191,-0.016,-0.073,0.067,0
WATCH,1648534538741,1648534538851,4,1648534538755,0.188,0.470,-0.169,-0.010,-0.086,0.066,0
WATCH,1648534538741,1648534538851,4,1648534538765,0.077,0.501,-0.139,-0.009,-0.102,0.055,0
WATCH,1648534538741,1648534538851,4,1648534538775,-0.026,0.525,-0.105,-0.008,-0.120,0.030,0
WATCH,1648534538801,1648534538911,4,1648534538785,-0.148,0.522,-0.066,-0.009,-0.135,-0.003,0
WATCH,1648534538801,1648534538911,4,1648534538796,-0.311,0.515,-0.039,-0.013,-0.148,-0.044,0
WATCH,1648534538801,1648534538911,4,1648534538805,-0.471,0.487,-0.019,-0.018,-0.152,-0.074,0
WATCH,1648534538801,1648534538911,4,1648534538815,-0.690,0.461,0.001,-0.016,-0.126,-0.079,0
WATCH,1648534538801,1648534538911,4,1648534538825,-0.943,0.435,0.024,-0.006,-0.082,-0.064,0
WATCH,1648534538896,1648534539006,4,1648534538835,-1.151,0.405,0.072,0.002,-0.072,-0.066,0
WATCH,1648534538896,1648534539006,4,1648534538845,-1.312,0.371,0.152,0.020,-0.085,-0.069,0
WATCH,1648534538896,1648534539006,4,1648534538856,-1.431,0.341,0.217,0.033,-0.086,-0.056,0
WATCH,1648534538896,1648534539006,4,1648534538865,-1.494,0.334,0.264,0.042,-0.062,-0.033,0
WATCH,1648534538896,1648534539006,4,1648534538875,-1.461,0.383,0.300,0.046,-0.017,-0.030,0
WATCH,1648534538897,1648534539007,4,1648534538885,-1.295,0.427,0.296,0.042,0.030,-0.056,0
WATCH,1648534538897,1648534539007,4,1648534538895,-1.045,0.483,0.257,0.040,0.087,-0.056,0
WATCH,1648534538897,1648534539007,4,1648534538905,-0.758,0.565,0.206,0.040,0.132,-0.052,0
WATCH,1648534538897,1648534539007,4,1648534538915,-0.516,0.630,0.166,0.044,0.139,-0.042,0
WATCH,1648534538897,1648534539007,4,1648534538925,-0.358,0.676,0.140,0.043,0.107,-0.036,0
WATCH,1648534538951,1648534539061,4,1648534538935,-0.248,0.720,0.136,0.036,0.053,-0.032,0
WATCH,1648534538951,1648534539061,4,1648534538945,-0.246,0.766,0.169,0.034,-0.007,-0.013,0
WATCH,1648534538951,1648534539061,4,1648534538955,-0.279,0.828,0.207,0.031,-0.043,0.017,0
WATCH,1648534538951,1648534539061,4,1648534538966,-0.334,0.864,0.237,0.025,-0.066,0.010,0
WATCH,1648534538951,1648534539061,4,1648534538975,-0.337,0.850,0.255,0.020,-0.069,-0.036,0
WATCH,1648534539012,1648534539122,4,1648534538985,-0.298,0.808,0.265,0.022,-0.051,-0.058,0
WATCH,1648534539012,1648534539122,4,1648534538995,-0.229,0.778,0.252,0.018,-0.013,-0.053,0
WATCH,1648534539012,1648534539122,4,1648534539005,-0.128,0.789,0.227,0.011,0.030,-0.037,0
WATCH,1648534539013,1648534539123,4,1648534539015,0.002,0.799,0.206,0.012,0.056,-0.028,0
WATCH,1648534539013,1648534539123,4,1648534539026,0.098,0.798,0.188,0.020,0.066,-0.024,0
WATCH,1648534539072,1648534539182,4,1648534539035,0.187,0.774,0.176,0.030,0.050,-0.027,0
WATCH,1648534539072,1648534539182,4,1648534539045,0.221,0.743,0.178,0.040,0.023,-0.033,0
WATCH,1648534539072,1648534539182,4,1648534539055,0.271,0.723,0.191,0.041,-0.002,-0.033,0
WATCH,1648534539072,1648534539182,4,1648534539065,0.294,0.727,0.196,0.041,-0.011,-0.012,0
WATCH,1648534539072,1648534539182,4,1648534539075,0.300,0.758,0.197,0.040,-0.009,0.020,0
WATCH,1648534539073,1648534539183,4,1648534539086,0.352,0.760,0.205,0.040,-0.022,0.011,0
WATCH,1648534539073,1648534539183,4,1648534539096,0.348,0.735,0.219,0.045,-0.041,0.002,0
WATCH,1648534539073,1648534539183,4,1648534539106,0.417,0.743,0.220,0.042,-0.043,0.002,0
WATCH,1648534539073,1648534539183,4,1648534539115,0.549,0.783,0.205,0.038,-0.006,0.017,0
WATCH,1648534539073,1648534539183,4,1648534539125,0.698,0.813,0.187,0.038,0.036,0.018,0
WATCH,1648534539132,1648534539242,4,1648534539135,0.804,0.801,0.162,0.038,0.045,0.008,0
WATCH,1648534539132,1648534539242,4,1648534539145,0.811,0.771,0.131,0.038,0.034,0.007,0
WATCH,1648534539132,1648534539242,4,1648534539155,0.756,0.738,0.109,0.040,0.031,0.015,0
WATCH,1648534539132,1648534539242,4,1648534539165,0.734,0.698,0.094,0.042,0.026,0.020,0
WATCH,1648534539132,1648534539242,4,1648534539175,0.391,0.696,0.095,0.046,0.033,0.030,0
