Device,PTPTime,UnixTime,Protocool,CurrentDeviceTime,GyroX,GyroY,GyroZ,AccX,AccY,AccZ
AIRPOT,1648534705296,1648534705400,4,0,0.146,0.116,-0.982,0.160,0.106,0.010
AIRPOT,1648534705335,1648534705439,4,0,0.125,0.107,-0.986,0.202,0.112,0.012
AIRPOT,1648534705375,1648534705479,4,0,0.117,0.096,-0.989,0.196,0.067,0.041
AIRPOT,1648534705416,1648534705520,4,0,0.114,0.085,-0.990,0.187,-0.018,0.036
AIRPOT,1648534705458,1648534705562,4,0,0.115,0.076,-0.990,0.157,-0.077,0.052
AIRPOT,1648534705494,1648534705598,4,0,0.124,0.068,-0.990,0.117,-0.092,0.049
AIRPOT,1648534705536,1648534705640,4,0,0.138,0.059,-0.989,0.063,-0.078,-0.039
AIRPOT,1648534705578,1648534705682,4,0,0.153,0.051,-0.987,-0.005,-0.031,-0.029
AIRPOT,1648534705617,1648534705721,4,0,0.163,0.048,-0.986,-0.034,-0.116,-0.353
AIRPOT,1648534705661,1648534705765,4,0,0.182,0.052,-0.982,-0.260,0.073,0.033
AIRPOT,1648534705695,1648534705799,4,0,0.186,0.060,-0.981,-0.256,0.008,-0.017
AIRPOT,1648534705738,1648534705842,4,0,0.187,0.069,-0.980,-0.270,-0.015,-0.046
AIRPOT,1648534705777,1648534705881,4,0,0.187,0.086,-0.978,-0.272,-0.029,-0.031
AIRPOT,1648534705817,1648534705921,4,0,0.180,0.104,-0.978,-0.240,-0.046,0.067
AIRPOT,1648534705856,1648534705960,4,0,0.177,0.119,-0.977,-0.213,-0.035,0.073
AIRPOT,1648534705897,1648534706001,4,0,0.176,0.135,-0.975,-0.156,-0.066,-0.002
AIRPOT,1648534705936,1648534706040,4,0,0.179,0.152,-0.972,-0.153,-0.057,-0.009
AIRPOT,1648534705977,1648534706081,4,0,0.182,0.165,-0.969,-0.156,-0.046,0.003
AIRPOT,1648534706015,1648534706119,4,0,0.185,0.177,-0.967,-0.141,-0.053,-0.020
AIRPOT,1648534706056,1648534706160,4,0,0.188,0.190,-0.964,-0.127,-0.055,-0.008
AIRPOT,1648534706096,1648534706200,4,0,0.194,0.200,-0.960,-0.128,-0.054,0.044
AIRPOT,1648534706135,1648534706239,4,0,0.198,0.209,-0.958,-0.139,-0.025,0.049
AIRPOT,1648534706178,1648534706282,4,0,0.201,0.216,-0.955,-0.108,-0.023,-0.006
AIRPOT,1648534706215,1648534706319,4,0,0.204,0.217,-0.955,-0.111,0.020,-0.073
AIRPOT,1648534706258,1648534706362,4,0,0.206,0.217,-0.954,-0.074,0.096,-0.227
AIRPOT,1648534706295,1648534706399,4,0,0.214,0.223,-0.951,-0.143,0.243,-0.086
AIRPOT,1648534706337,1648534706441,4,0,0.226,0.225,-0.948,-0.044,0.116,-0.167
AIRPOT,1648534706374,1648534706478,4,0,0.249,0.236,-0.939,-0.049,0.221,-0.106
AIRPOT,1648534706419,1648534706523,4,0,0.265,0.247,-0.932,-0.101,0.179,0.032
AIRPOT,1648534706457,1648534706561,4,0,0.262,0.251,-0.932,-0.103,0.186,0.037
AIRPOT,1648534706494,1648534706598,4,0,0.255,0.253,-0.933,-0.133,0.067,0.062
AIRPOT,1648534706535,1648534706639,4,0,0.247,0.255,-0.935,-0.132,0.006,0.077
AIRPOT,1648534706578,1648534706682,4,0,0.241,0.259,-0.935,-0.128,-0.012,0.106
AIRPOT,1648534706617,1648534706721,4,0,0.235,0.263,-0.936,-0.117,-0.038,0.117
AIRPOT,1648534706656,1648534706760,4,0,0.228,0.270,-0.935,-0.116,-0.051,0.093
AIRPOT,1648534706699,1648534706803,4,0,0.222,0.280,-0.934,-0.099,-0.076,0.087
AIRPOT,1648534706736,1648534706840,4,0,0.215,0.295,-0.931,-0.055,-0.001,0.049
AIRPOT,1648534706776,1648534706880,4,0,0.207,0.313,-0.927,-0.033,0.034,0.034
AIRPOT,1648534706816,1648534706920,4,0,0.198,0.329,-0.923,0.002,0.113,0.010
AIRPOT,1648534706857,1648534706961,4,0,0.190,0.339,-0.921,0.043,0.047,-0.039
AIRPOT,1648534706900,1648534707004,4,0,0.181,0.343,-0.922,0.049,-0.063,-0.290
AIRPOT,1648534706916,1648534707020,4,0,0.173,0.344,-0.923,-0.051,-0.027,-0.076
AIRPOT,1648534706977,1648534707081,4,0,0.161,0.344,-0.925,-0.166,0.064,0.047
AIRPOT,1648534707018,1648534707122,4,0,0.140,0.348,-0.927,-0.204,0.118,-0.077
AIRPOT,1648534707055,1648534707159,4,0,0.124,0.353,-0.927,-0.225,-0.008,-0.073
AIRPOT,1648534707097,1648534707201,4,0,0.117,0.351,-0.929,-0.255,0.045,0.043
AIRPOT,1648534707134,1648534707238,4,0,0.106,0.355,-0.929,-0.231,0.075,0.062
AIRPOT,1648534707180,1648534707284,4,0,0.089,0.368,-0.925,-0.183,0.069,0.038
AIRPOT,1648534707217,1648534707321,4,0,0.069,0.387,-0.920,-0.134,0.114,0.057
AIRPOT,1648534707254,1648534707358,4,0,0.056,0.401,-0.914,-0.097,0.170,0.054
AIRPOT,1648534707296,1648534707400,4,0,0.052,0.412,-0.910,-0.086,0.071,0.031
AIRPOT,1648534707335,1648534707439,4,0,0.058,0.423,-0.904,-0.107,0.066,0.108
AIRPOT,1648534707377,1648534707481,4,0,0.062,0.430,-0.901,-0.106,0.090,0.068
AIRPOT,1648534707416,1648534707520,4,0,0.065,0.435,-0.898,-0.118,0.058,0.057
AIRPOT,1648534707457,1648534707561,4,0,0.067,0.442,-0.895,-0.113,0.046,-0.025
AIRPOT,1648534707494,1648534707598,4,0,0.067,0.444,-0.894,-0.093,-0.026,-0.050
AIRPOT,1648534707535,1648534707639,4,0,0.069,0.441,-0.895,-0.062,-0.043,-0.023
AIRPOT,1648534707577,1648534707681,4,0,0.074,0.434,-0.898,-0.010,-0.075,0.025
AIRPOT,1648534707617,1648534707721,4,0,0.085,0.424,-0.902,0.037,-0.068,0.101
AIRPOT,1648534707655,1648534707759,4,0,0.097,0.419,-0.903,0.083,-0.029,0.052
AIRPOT,1648534707717,1648534707821,4,0,0.109,0.417,-0.902,0.081,0.007,0.107
AIRPOT,1648534707737,1648534707841,4,0,0.117,0.418,-0.901,0.047,0.043,0.176
AIRPOT,1648534707755,1648534707859,4,0,0.119,0.421,-0.899,0.085,0.057,0.094
AIRPOT,1648534707817,1648534707921,4,0,0.128,0.422,-0.897,0.091,-0.111,0.121
AIRPOT,1648534707856,1648534707960,4,0,0.139,0.418,-0.898,0.133,-0.088,0.221
AIRPOT,1648534707896,1648534708000,4,0,0.151,0.417,-0.896,0.156,-0.067,0.265
AIRPOT,1648534707935,1648534708039,4,0,0.160,0.417,-0.895,0.153,-0.046,0.299
AIRPOT,1648534707978,1648534708082,4,0,0.159,0.420,-0.894,0.138,0.057,0.218
AIRPOT,1648534707998,1648534708102,4,0,0.153,0.423,-0.893,0.037,0.135,0.286
AIRPOT,1648534708060,1648534708164,4,0,0.134,0.425,-0.895,0.012,0.045,0.012
AIRPOT,1648534708076,1648534708180,4,0,0.122,0.425,-0.897,-0.013,-0.002,0.032
AIRPOT,1648534708115,1648534708219,4,0,0.108,0.420,-0.901,-0.086,0.033,-0.015
AIRPOT,1648534708175,1648534708279,4,0,0.091,0.414,-0.906,-0.064,-0.091,-0.161
AIRPOT,1648534708216,1648534708320,4,0,0.084,0.408,-0.909,-0.020,-0.069,-0.105
AIRPOT,1648534708235,1648534708339,4,0,0.077,0.398,-0.914,0.016,-0.035,-0.068
AIRPOT,1648534708277,1648534708381,4,0,0.065,0.388,-0.919,0.028,0.042,-0.112
AIRPOT,1648534708318,1648534708422,4,0,0.052,0.382,-0.923,-0.036,0.091,-0.100
AIRPOT,1648534708355,1648534708459,4,0,0.038,0.374,-0.927,0.054,0.094,-0.204
AIRPOT,1648534708397,1648534708501,4,0,0.033,0.357,-0.933,0.015,0.056,-0.132
AIRPOT,1648534708435,1648534708539,4,0,0.021,0.338,-0.941,0.076,0.092,-0.210
AIRPOT,1648534708478,1648534708582,4,0,0.013,0.322,-0.947,0.090,0.141,-0.197
AIRPOT,1648534708516,1648534708620,4,0,0.008,0.303,-0.953,0.089,0.098,-0.160
AIRPOT,1648534708575,1648534708679,4,0,-0.000,0.292,-0.957,0.087,0.222,-0.205
AIRPOT,1648534708596,1648534708700,4,0,-0.003,0.281,-0.960,0.013,0.080,-0.118
AIRPOT,1648534708637,1648534708741,4,0,-0.015,0.268,-0.963,-0.075,0.102,-0.150
AIRPOT,1648534708676,1648534708780,4,0,-0.023,0.253,-0.967,0.009,0.032,-0.184
AIRPOT,1648534708717,1648534708821,4,0,-0.020,0.222,-0.975,-0.076,0.079,-0.060
AIRPOT,1648534708755,1648534708859,4,0,-0.016,0.185,-0.983,-0.019,0.079,-0.124
AIRPOT,1648534708796,1648534708900,4,0,-0.001,0.137,-0.991,-0.024,0.038,-0.079
AIRPOT,1648534708837,1648534708941,4,0,0.019,0.080,-0.997,0.029,-0.165,-0.019
AIRPOT,1648534708877,1648534708981,4,0,0.039,0.034,-0.999,0.030,-0.112,-0.018
AIRPOT,1648534708915,1648534709019,4,0,0.050,0.008,-0.999,0.001,-0.102,-0.084
AIRPOT,1648534708958,1648534709062,4,0,0.049,-0.015,-0.999,-0.021,-0.130,-0.163
AIRPOT,1648534708997,1648534709101,4,0,0.041,-0.028,-0.999,-0.029,-0.143,-0.290
AIRPOT,1648534709037,1648534709141,4,0,0.040,-0.033,-0.999,0.073,-0.054,-0.316
AIRPOT,1648534709077,1648534709181,4,0,0.045,-0.031,-0.998,0.006,-0.067,-0.203
AIRPOT,1648534709119,1648534709223,4,0,0.053,-0.020,-0.998,0.032,-0.093,-0.088
AIRPOT,1648534709157,1648534709261,4,0,0.065,-0.002,-0.998,-0.057,-0.059,0.166
AIRPOT,1648534709197,1648534709301,4,0,0.072,0.022,-0.997,-0.120,0.082,0.254
AIRPOT,1648534709259,1648534709363,4,0,0.079,0.043,-0.996,-0.164,0.088,0.389
AIRPOT,1648534709276,1648534709380,4,0,0.083,0.061,-0.995,-0.158,0.111,0.386
AIRPOT,1648534709316,1648534709420,4,0,0.083,0.072,-0.994,-0.094,0.065,0.340
AIRPOT,1648534709356,1648534709460,4,0,0.082,0.076,-0.994,-0.025,0.081,0.249
AIRPOT,1648534709398,1648534709502,4,0,0.082,0.078,-0.994,0.076,0.039,0.147
AIRPOT,1648534709436,1648534709540,4,0,0.085,0.079,-0.993,0.127,0.022,0.103
AIRPOT,1648534709475,1648534709579,4,0,0.089,0.079,-0.993,0.125,-0.003,0.119
AIRPOT,1648534709516,1648534709620,4,0,0.090,0.079,-0.993,0.148,0.012,0.080
AIRPOT,1648534709557,1648534709661,4,0,0.092,0.079,-0.993,0.149,0.009,0.080
AIRPOT,1648534709597,1648534709701,4,0,0.097,0.074,-0.993,0.143,-0.042,0.140
AIRPOT,1648534709637,1648534709741,4,0,0.099,0.065,-0.993,0.097,-0.048,0.254
AIRPOT,1648534709677,1648534709781,4,0,0.096,0.062,-0.993,0.026,-0.034,0.251
AIRPOT,1648534709715,1648534709819,4,0,0.089,0.064,-0.994,-0.029,0.027,0.274
AIRPOT,1648534709756,1648534709860,4,0,0.083,0.069,-0.994,-0.037,-0.021,0.217
AIRPOT,1648534709914,1648534710018,4,0,0.061,0.094,-0.994,0.059,0.043,-0.148
AIRPOT,1648534709795,1648534709899,4,0,0.077,0.075,-0.994,0.024,-0.058,0.090
AIRPOT,1648534709838,1648534709942,4,0,0.072,0.083,-0.994,0.026,-0.004,0.019
AIRPOT,1648534709875,1648534709979,4,0,0.069,0.088,-0.994,-0.015,-0.091,-0.005
AIRPOT,1648534710074,1648534710178,4,0,0.059,0.086,-0.995,0.004,0.049,-0.382
AIRPOT,1648534709958,1648534710062,4,0,0.062,0.091,-0.994,0.003,0.084,-0.106
AIRPOT,1648534709992,1648534710096,4,0,0.059,0.090,-0.994,0.024,0.120,-0.206
AIRPOT,1648534710035,1648534710139,4,0,0.058,0.088,-0.994,-0.011,0.106,-0.294
AIRPOT,1648534710275,1648534710379,4,0,0.108,0.079,-0.991,0.107,0.041,-0.178
AIRPOT,1648534710115,1648534710219,4,0,0.064,0.085,-0.994,0.011,0.010,-0.420
AIRPOT,1648534710154,1648534710258,4,0,0.071,0.083,-0.994,0.030,-0.030,-0.416
AIRPOT,1648534710194,1648534710298,4,0,0.083,0.083,-0.993,0.079,0.031,-0.336
AIRPOT,1648534710315,1648534710419,4,0,0.118,0.075,-0.990,0.092,0.064,-0.072
AIRPOT,1648534710355,1648534710459,4,0,0.128,0.072,-0.989,0.053,0.067,0.039
AIRPOT,1648534710397,1648534710501,4,0,0.137,0.068,-0.988,0.023,0.082,0.185
AIRPOT,1648534710435,1648534710539,4,0,0.148,0.058,-0.987,-0.001,0.044,0.334
AIRPOT,1648534710474,1648534710578,4,0,0.155,0.045,-0.987,-0.037,0.021,0.388
AIRPOT,1648534710517,1648534710621,4,0,0.155,0.031,-0.987,-0.040,-0.034,0.287
AIRPOT,1648534710561,1648534710665,4,0,0.153,0.022,-0.988,-0.032,-0.039,0.186
AIRPOT,1648534710596,1648534710700,4,0,0.150,0.021,-0.988,-0.045,-0.065,0.101
AIRPOT,1648534710636,1648534710740,4,0,0.147,0.028,-0.989,0.004,0.019,0.068
AIRPOT,1648534710677,1648534710781,4,0,0.146,0.036,-0.989,0.030,0.015,0.072
AIRPOT,1648534710717,1648534710821,4,0,0.142,0.040,-0.989,0.082,0.106,0.088
AIRPOT,1648534710756,1648534710860,4,0,0.137,0.031,-0.990,0.093,0.154,0.074
AIRPOT,1648534710798,1648534710902,4,0,0.138,0.006,-0.990,0.066,0.160,0.146
AIRPOT,1648534710836,1648534710940,4,0,0.142,-0.036,-0.989,0.058,-0.045,0.360
AIRPOT,1648534710877,1648534710981,4,0,0.135,-0.088,-0.987,0.025,0.139,0.409
AIRPOT,1648534710918,1648534711022,4,0,0.122,-0.151,-0.981,-0.065,0.022,0.314
AIRPOT,1648534710955,1648534711059,4,0,0.109,-0.208,-0.972,-0.061,-0.057,0.152
AIRPOT,1648534710996,1648534711100,4,0,0.102,-0.254,-0.962,-0.065,-0.107,0.108
AIRPOT,1648534711039,1648534711143,4,0,0.089,-0.287,-0.954,0.052,-0.082,-0.116
AIRPOT,1648534711077,1648534711181,4,0,0.079,-0.312,-0.947,0.072,-0.091,-0.193
AIRPOT,1648534711117,1648534711221,4,0,0.070,-0.335,-0.940,0.072,-0.028,-0.129
AIRPOT,1648534711156,1648534711260,4,0,0.055,-0.357,-0.932,0.046,-0.083,-0.258
AIRPOT,1648534711197,1648534711301,4,0,0.039,-0.377,-0.926,0.037,-0.084,-0.212
AIRPOT,1648534711236,1648534711340,4,0,0.016,-0.398,-0.917,0.010,-0.028,-0.343
AIRPOT,1648534711276,1648534711380,4,0,-0.003,-0.415,-0.910,-0.067,-0.228,-0.498
AIRPOT,1648534711316,1648534711420,4,0,-0.009,-0.427,-0.904,-0.000,-0.208,-0.463
AIRPOT,1648534711357,1648534711461,4,0,-0.009,-0.442,-0.897,0.025,-0.226,-0.399
AIRPOT,1648534711398,1648534711502,4,0,-0.009,-0.453,-0.892,0.020,-0.198,-0.291
AIRPOT,1648534711435,1648534711539,4,0,-0.008,-0.465,-0.885,0.067,-0.103,-0.236
AIRPOT,1648534711477,1648534711581,4,0,-0.001,-0.477,-0.879,0.070,-0.078,-0.081
AIRPOT,1648534711516,1648534711620,4,0,0.006,-0.486,-0.874,0.090,0.076,0.133
AIRPOT,1648534711556,1648534711660,4,0,0.013,-0.496,-0.868,0.120,0.228,0.285
AIRPOT,1648534711599,1648534711703,4,0,0.021,-0.506,-0.863,0.044,0.296,0.384
AIRPOT,1648534711638,1648534711742,4,0,0.022,-0.513,-0.858,0.018,0.233,0.337
AIRPOT,1648534711677,1648534711781,4,0,0.019,-0.521,-0.853,-0.008,0.118,0.258
AIRPOT,1648534711717,1648534711821,4,0,0.013,-0.528,-0.849,-0.012,0.013,0.151
AIRPOT,1648534711757,1648534711861,4,0,0.007,-0.530,-0.848,0.010,-0.035,0.087
AIRPOT,1648534711797,1648534711901,4,0,0.001,-0.530,-0.848,-0.007,-0.029,0.098
AIRPOT,1648534711835,1648534711939,4,0,-0.006,-0.529,-0.848,-0.005,-0.006,0.078
AIRPOT,1648534711877,1648534711981,4,0,-0.009,-0.530,-0.848,-0.008,-0.023,0.103
AIRPOT,1648534711917,1648534712021,4,0,-0.011,-0.533,-0.846,-0.019,0.019,0.162
AIRPOT,1648534711956,1648534712060,4,0,-0.008,-0.535,-0.845,0.028,0.160,0.232
AIRPOT,1648534711995,1648534712099,4,0,-0.004,-0.534,-0.845,0.033,0.259,0.342
AIRPOT,1648534712035,1648534712139,4,0,-0.006,-0.529,-0.849,0.063,0.265,0.297
AIRPOT,1648534712078,1648534712182,4,0,-0.012,-0.523,-0.852,0.056,0.189,0.222
AIRPOT,1648534712115,1648534712219,4,0,-0.020,-0.519,-0.854,0.066,0.065,0.048
AIRPOT,1648534712154,1648534712258,4,0,-0.029,-0.518,-0.855,0.022,-0.084,-0.084
AIRPOT,1648534712194,1648534712298,4,0,-0.038,-0.517,-0.855,0.046,0.088,-0.137
AIRPOT,1648534712236,1648534712340,4,0,-0.052,-0.521,-0.852,0.031,-0.185,-0.296
AIRPOT,1648534712276,1648534712380,4,0,-0.059,-0.526,-0.849,-0.036,-0.081,-0.204
AIRPOT,1648534712316,1648534712420,4,0,-0.067,-0.529,-0.846,-0.061,-0.205,-0.206
AIRPOT,1648534712356,1648534712460,4,0,-0.074,-0.530,-0.845,0.013,-0.208,-0.300
AIRPOT,1648534712395,1648534712499,4,0,-0.074,-0.534,-0.842,0.014,-0.230,-0.255
AIRPOT,1648534712436,1648534712540,4,0,-0.080,-0.539,-0.838,0.046,-0.332,-0.351
AIRPOT,1648534712477,1648534712581,4,0,-0.085,-0.543,-0.836,-0.044,-0.250,-0.299
AIRPOT,1648534712511,1648534712615,4,0,-0.094,-0.545,-0.833,-0.014,-0.276,-0.394
AIRPOT,1648534712557,1648534712661,4,0,-0.093,-0.548,-0.832,-0.071,-0.196,-0.204
AIRPOT,1648534712598,1648534712702,4,0,-0.092,-0.552,-0.828,0.057,-0.106,-0.175
AIRPOT,1648534712639,1648534712743,4,0,-0.084,-0.561,-0.824,0.067,-0.017,0.063
AIRPOT,1648534712674,1648534712778,4,0,-0.079,-0.571,-0.817,0.110,0.098,0.192
AIRPOT,1648534712718,1648534712822,4,0,-0.075,-0.584,-0.808,0.086,0.213,0.356
AIRPOT,1648534712757,1648534712861,4,0,-0.075,-0.598,-0.798,0.065,0.226,0.398
AIRPOT,1648534712795,1648534712899,4,0,-0.081,-0.608,-0.790,0.034,0.189,0.298
AIRPOT,1648534712840,1648534712944,4,0,-0.091,-0.618,-0.781,0.024,0.133,0.073
AIRPOT,1648534712875,1648534712979,4,0,-0.093,-0.623,-0.777,-0.011,0.037,0.037
AIRPOT,1648534712916,1648534713020,4,0,-0.091,-0.624,-0.777,-0.007,-0.012,0.040
AIRPOT,1648534712957,1648534713061,4,0,-0.086,-0.619,-0.780,0.003,0.033,0.121
AIRPOT,1648534712996,1648534713100,4,0,-0.085,-0.618,-0.781,-0.013,0.009,0.161
AIRPOT,1648534713035,1648534713139,4,0,-0.084,-0.622,-0.779,0.009,0.027,0.128
AIRPOT,1648534713077,1648534713181,4,0,-0.080,-0.623,-0.778,-0.001,0.113,0.174
AIRPOT,1648534713119,1648534713223,4,0,-0.074,-0.623,-0.779,0.003,0.186,0.276
AIRPOT,1648534713156,1648534713260,4,0,-0.069,-0.621,-0.781,-0.018,0.233,0.326
AIRPOT,1648534713197,1648534713301,4,0,-0.063,-0.616,-0.785,0.065,0.215,0.197
AIRPOT,1648534713236,1648534713340,4,0,-0.049,-0.615,-0.787,-0.091,0.127,0.384
AIRPOT,1648534713277,1648534713381,4,0,-0.055,-0.613,-0.788,-0.037,-0.004,0.067
AIRPOT,1648534713314,1648534713418,4,0,-0.046,-0.607,-0.794,-0.000,0.068,0.092
AIRPOT,1648534713355,1648534713459,4,0,-0.047,-0.601,-0.798,0.014,-0.261,-0.256
AIRPOT,1648534713398,1648534713502,4,0,-0.038,-0.596,-0.802,0.056,-0.096,-0.187
AIRPOT,1648534713437,1648534713541,4,0,-0.032,-0.597,-0.802,0.034,-0.207,-0.219
AIRPOT,1648534713476,1648534713580,4,0,-0.028,-0.598,-0.801,0.115,-0.110,-0.219
AIRPOT,1648534713518,1648534713622,4,0,-0.029,-0.600,-0.799,0.110,-0.184,-0.277
AIRPOT,1648534713562,1648534713666,4,0,-0.030,-0.597,-0.801,0.144,-0.319,-0.370
AIRPOT,1648534713577,1648534713681,4,0,-0.032,-0.598,-0.801,0.033,-0.334,-0.335
AIRPOT,1648534713637,1648534713741,4,0,-0.044,-0.601,-0.798,-0.035,-0.379,-0.334
AIRPOT,1648534713678,1648534713782,4,0,-0.058,-0.607,-0.792,-0.093,-0.333,-0.303
AIRPOT,1648534713716,1648534713820,4,0,-0.067,-0.613,-0.787,-0.047,-0.274,-0.245
AIRPOT,1648534713757,1648534713861,4,0,-0.073,-0.619,-0.782,0.032,-0.148,-0.153
AIRPOT,1648534713796,1648534713900,4,0,-0.075,-0.628,-0.774,0.081,0.043,0.023
AIRPOT,1648534713836,1648534713940,4,0,-0.083,-0.640,-0.764,0.137,0.189,0.183
AIRPOT,1648534713876,1648534713980,4,0,-0.091,-0.654,-0.751,0.114,0.288,0.429
AIRPOT,1648534713917,1648534714021,4,0,-0.107,-0.665,-0.739,0.071,0.316,0.462
AIRPOT,1648534713957,1648534714061,4,0,-0.126,-0.672,-0.730,0.022,0.265,0.337
AIRPOT,1648534713998,1648534714102,4,0,-0.142,-0.675,-0.724,-0.028,0.115,0.185
AIRPOT,1648534714040,1648534714144,4,0,-0.155,-0.675,-0.722,-0.029,-0.006,0.001
AIRPOT,1648534714055,1648534714159,4,0,-0.154,-0.674,-0.723,-0.023,0.003,0.012
AIRPOT,1648534714115,1648534714219,4,0,-0.151,-0.672,-0.725,-0.008,0.024,0.087
AIRPOT,1648534714157,1648534714261,4,0,-0.149,-0.670,-0.727,-0.004,0.050,0.132
AIRPOT,1648534714196,1648534714300,4,0,-0.152,-0.671,-0.725,-0.065,0.023,0.174
AIRPOT,1648534714235,1648534714339,4,0,-0.154,-0.673,-0.724,-0.057,0.138,0.219
AIRPOT,1648534714279,1648534714383,4,0,-0.151,-0.672,-0.725,0.045,0.261,0.315
AIRPOT,1648534714317,1648534714421,4,0,-0.143,-0.668,-0.730,0.044,0.323,0.370
AIRPOT,1648534714356,1648534714460,4,0,-0.140,-0.661,-0.737,0.086,0.312,0.195
AIRPOT,1648534714397,1648534714501,4,0,-0.134,-0.652,-0.746,-0.019,0.030,0.125
AIRPOT,1648534714437,1648534714541,4,0,-0.131,-0.647,-0.751,-0.057,-0.135,-0.044
AIRPOT,1648534714475,1648534714579,4,0,-0.122,-0.646,-0.753,-0.041,-0.054,0.085
AIRPOT,1648534714516,1648534714620,4,0,-0.130,-0.649,-0.750,-0.069,-0.266,-0.158
AIRPOT,1648534714558,1648534714662,4,0,-0.135,-0.649,-0.749,-0.074,-0.164,-0.109
AIRPOT,1648534714595,1648534714699,4,0,-0.139,-0.651,-0.747,0.006,-0.178,-0.165
AIRPOT,1648534714640,1648534714744,4,0,-0.136,-0.649,-0.748,-0.003,-0.161,-0.146
AIRPOT,1648534714656,1648534714760,4,0,-0.136,-0.644,-0.752,0.019,-0.231,-0.342
AIRPOT,1648534714715,1648534714819,4,0,-0.131,-0.636,-0.760,0.014,-0.335,-0.376
AIRPOT,1648534714755,1648534714859,4,0,-0.129,-0.627,-0.768,-0.004,-0.270,-0.357
AIRPOT,1648534714796,1648534714900,4,0,-0.136,-0.620,-0.773,-0.053,-0.283,-0.391
AIRPOT,1648534714835,1648534714939,4,0,-0.143,-0.617,-0.774,-0.126,-0.241,-0.275
AIRPOT,1648534714876,1648534714980,4,0,-0.150,-0.616,-0.774,-0.089,-0.186,-0.239
AIRPOT,1648534714916,1648534715020,4,0,-0.154,-0.620,-0.769,0.003,-0.144,-0.175
AIRPOT,1648534714955,1648534715059,4,0,-0.149,-0.626,-0.766,0.109,0.086,0.042
AIRPOT,1648534714998,1648534715102,4,0,-0.147,-0.635,-0.758,0.016,0.169,0.317
AIRPOT,1648534715017,1648534715121,4,0,-0.154,-0.644,-0.749,0.042,0.199,0.379
AIRPOT,1648534715075,1648534715179,4,0,-0.160,-0.650,-0.743,0.015,0.189,0.436
AIRPOT,1648534715119,1648534715223,4,0,-0.164,-0.649,-0.743,0.015,0.142,0.300
AIRPOT,1648534715134,1648534715238,4,0,-0.160,-0.643,-0.749,0.016,0.117,0.211
AIRPOT,1648534715199,1648534715303,4,0,-0.155,-0.635,-0.756,-0.018,0.065,0.121
AIRPOT,1648534715216,1648534715320,4,0,-0.152,-0.630,-0.762,-0.014,-0.004,0.048
AIRPOT,1648534715255,1648534715359,4,0,-0.145,-0.626,-0.767,-0.042,0.024,0.097
AIRPOT,1648534715304,1648534715408,4,0,-0.139,-0.620,-0.772,-0.055,0.028,0.086
AIRPOT,1648534715336,1648534715440,4,0,-0.132,-0.617,-0.776,-0.053,0.091,0.157
AIRPOT,1648534715375,1648534715479,4,0,-0.122,-0.615,-0.779,-0.024,0.182,0.273
AIRPOT,1648534715416,1648534715520,4,0,-0.110,-0.613,-0.783,0.022,0.306,0.365
AIRPOT,1648534715455,1648534715559,4,0,-0.098,-0.604,-0.791,0.076,0.252,0.292
AIRPOT,1648534715496,1648534715600,4,0,-0.079,-0.595,-0.800,0.031,0.198,0.320
AIRPOT,1648534715548,1648534715652,4,0,-0.068,-0.587,-0.807,0.045,0.112,0.145
AIRPOT,1648534715576,1648534715680,4,0,-0.065,-0.581,-0.811,-0.007,-0.249,-0.187
AIRPOT,1648534715617,1648534715721,4,0,-0.052,-0.579,-0.814,-0.046,-0.287,-0.060
AIRPOT,1648534715657,1648534715761,4,0,-0.051,-0.576,-0.816,-0.010,-0.283,-0.210
AIRPOT,1648534715717,1648534715821,4,0,-0.046,-0.566,-0.823,-0.067,-0.217,-0.125
AIRPOT,1648534715737,1648534715841,4,0,-0.048,-0.553,-0.832,0.010,-0.291,-0.146
AIRPOT,1648534715777,1648534715881,4,0,-0.056,-0.536,-0.842,0.022,-0.046,-0.255
AIRPOT,1648534715817,1648534715921,4,0,-0.069,-0.512,-0.856,0.035,-0.123,-0.466
AIRPOT,1648534715857,1648534715961,4,0,-0.081,-0.489,-0.868,0.003,-0.131,-0.587
AIRPOT,1648534715898,1648534716002,4,0,-0.079,-0.475,-0.876,-0.109,-0.094,-0.440
AIRPOT,1648534715935,1648534716039,4,0,-0.085,-0.470,-0.878,-0.086,-0.195,-0.423
AIRPOT,1648534715976,1648534716080,4,0,-0.087,-0.478,-0.874,-0.127,-0.154,-0.300
AIRPOT,1648534716017,1648534716121,4,0,-0.089,-0.485,-0.870,-0.032,-0.108,-0.242
AIRPOT,1648534716055,1648534716159,4,0,-0.080,-0.491,-0.867,0.009,0.064,-0.007
AIRPOT,1648534716096,1648534716200,4,0,-0.074,-0.500,-0.863,0.076,0.194,0.186
AIRPOT,1648534716137,1648534716241,4,0,-0.067,-0.511,-0.857,0.051,0.307,0.456
AIRPOT,1648534716175,1648534716279,4,0,-0.069,-0.518,-0.853,0.065,0.286,0.436
AIRPOT,1648534716218,1648534716322,4,0,-0.068,-0.519,-0.852,0.012,0.210,0.340
AIRPOT,1648534716277,1648534716381,4,0,-0.068,-0.514,-0.855,-0.003,0.055,0.167
AIRPOT,1648534716292,1648534716396,4,0,-0.063,-0.510,-0.858,-0.021,-0.010,0.121
AIRPOT,1648534716334,1648534716438,4,0,-0.061,-0.510,-0.858,0.001,-0.022,0.052
AIRPOT,1648534716377,1648534716481,4,0,-0.056,-0.513,-0.856,-0.011,-0.016,0.085
AIRPOT,1648534716417,1648534716521,4,0,-0.051,-0.517,-0.854,-0.013,-0.019,0.114
AIRPOT,1648534716455,1648534716559,4,0,-0.047,-0.521,-0.852,0.003,0.038,0.147
AIRPOT,1648534716497,1648534716601,4,0,-0.041,-0.527,-0.849,-0.008,0.101,0.262
AIRPOT,1648534716537,1648534716641,4,0,-0.034,-0.534,-0.845,0.029,0.261,0.391
AIRPOT,1648534716575,1648534716679,4,0,-0.029,-0.534,-0.845,0.026,0.248,0.393
AIRPOT,1648534716616,1648534716720,4,0,-0.028,-0.528,-0.849,0.123,0.179,0.310
AIRPOT,1648534716655,1648534716759,4,0,-0.030,-0.517,-0.855,0.166,0.095,0.268
AIRPOT,1648534716695,1648534716799,4,0,-0.038,-0.507,-0.861,-0.043,-0.052,0.233
AIRPOT,1648534716737,1648534716841,4,0,-0.050,-0.497,-0.866,-0.147,-0.185,-0.125
AIRPOT,1648534716776,1648534716880,4,0,-0.050,-0.481,-0.875,-0.125,-0.268,-0.290
AIRPOT,1648534716818,1648534716922,4,0,-0.036,-0.463,-0.885,-0.111,-0.165,-0.266
AIRPOT,1648534716855,1648534716959,4,0,-0.022,-0.444,-0.896,0.021,-0.104,-0.382
AIRPOT,1648534716895,1648534716999,4,0,-0.010,-0.422,-0.906,-0.009,-0.083,-0.301
AIRPOT,1648534716934,1648534717038,4,0,-0.010,-0.405,-0.914,-0.022,0.022,-0.430
AIRPOT,1648534716978,1648534717082,4,0,-0.009,-0.387,-0.922,-0.047,-0.186,-0.497
AIRPOT,1648534717015,1648534717119,4,0,-0.001,-0.377,-0.926,-0.047,-0.171,-0.468
AIRPOT,1648534717055,1648534717159,4,0,0.012,-0.362,-0.932,-0.083,-0.274,-0.415
AIRPOT,1648534717095,1648534717199,4,0,0.023,-0.346,-0.938,-0.049,-0.187,-0.407
AIRPOT,1648534717136,1648534717240,4,0,0.042,-0.332,-0.942,-0.083,-0.202,-0.326
AIRPOT,1648534717177,1648534717281,4,0,0.072,-0.317,-0.946,-0.049,-0.118,-0.186
AIRPOT,1648534717218,1648534717322,4,0,0.109,-0.291,-0.951,-0.037,0.046,0.028
AIRPOT,1648534717255,1648534717359,4,0,0.149,-0.256,-0.955,-0.055,0.161,0.217
AIRPOT,1648534717295,1648534717399,4,0,0.183,-0.220,-0.958,-0.013,0.205,0.399
AIRPOT,1648534717337,1648534717441,4,0,0.208,-0.189,-0.960,-0.066,0.283,0.494
AIRPOT,1648534717375,1648534717479,4,0,0.221,-0.164,-0.962,-0.078,0.227,0.446
AIRPOT,1648534717417,1648534717521,4,0,0.228,-0.145,-0.963,-0.027,0.123,0.280
AIRPOT,1648534717457,1648534717561,4,0,0.231,-0.131,-0.964,0.020,0.056,0.143
AIRPOT,1648534717496,1648534717600,4,0,0.233,-0.119,-0.965,0.061,0.015,0.070
AIRPOT,1648534717535,1648534717639,4,0,0.233,-0.112,-0.966,0.069,-0.019,0.090
AIRPOT,1648534717615,1648534717719,4,0,0.228,-0.112,-0.967,0.044,-0.013,0.168
AIRPOT,1648534717657,1648534717761,4,0,0.221,-0.118,-0.968,0.027,0.036,0.292
AIRPOT,1648534717696,1648534717800,4,0,0.213,-0.128,-0.968,-0.019,0.048,0.455
AIRPOT,1648534717736,1648534717840,4,0,0.199,-0.134,-0.971,-0.021,0.112,0.458
AIRPOT,1648534717856,1648534717960,4,0,0.135,-0.143,-0.980,0.098,0.057,-0.240
AIRPOT,1648534717777,1648534717881,4,0,0.183,-0.141,-0.973,-0.078,0.013,0.400
AIRPOT,1648534717818,1648534717922,4,0,0.162,-0.140,-0.977,-0.054,0.138,0.245
AIRPOT,1648534717937,1648534718041,4,0,0.107,-0.168,-0.980,-0.004,-0.097,-0.220
AIRPOT,1648534717975,1648534718079,4,0,0.098,-0.197,-0.976,-0.055,-0.119,-0.196
AIRPOT,1648534718015,1648534718119,4,0,0.089,-0.225,-0.970,-0.018,-0.033,-0.138
AIRPOT,1648534718057,1648534718161,4,0,0.078,-0.245,-0.966,-0.002,0.014,-0.291
AIRPOT,1648534718096,1648534718200,4,0,0.066,-0.265,-0.962,0.027,0.075,-0.352
AIRPOT,1648534718135,1648534718239,4,0,0.047,-0.291,-0.956,-0.064,0.037,-0.495
AIRPOT,1648534718175,1648534718279,4,0,0.035,-0.315,-0.949,-0.042,-0.172,-0.464
AIRPOT,1648534718215,1648534718319,4,0,0.029,-0.346,-0.938,-0.026,-0.088,-0.363
AIRPOT,1648534718256,1648534718360,4,0,0.024,-0.375,-0.927,-0.079,-0.184,-0.299
AIRPOT,1648534718296,1648534718400,4,0,0.015,-0.405,-0.914,-0.041,-0.180,-0.367
AIRPOT,1648534718336,1648534718440,4,0,0.013,-0.429,-0.903,-0.061,-0.165,-0.270
AIRPOT,1648534718377,1648534718481,4,0,0.015,-0.448,-0.894,-0.003,-0.090,-0.127
AIRPOT,1648534718418,1648534718522,4,0,0.019,-0.465,-0.885,0.046,0.118,0.086
AIRPOT,1648534718454,1648534718558,4,0,0.025,-0.482,-0.876,0.066,0.252,0.340
AIRPOT,1648534718497,1648534718601,4,0,0.029,-0.499,-0.866,0.059,0.295,0.519
AIRPOT,1648534718536,1648534718640,4,0,0.028,-0.512,-0.858,0.044,0.205,0.518
AIRPOT,1648534718577,1648534718681,4,0,0.023,-0.520,-0.854,0.001,0.130,0.402
AIRPOT,1648534718617,1648534718721,4,0,0.013,-0.519,-0.855,0.010,0.045,0.136
AIRPOT,1648534718655,1648534718759,4,0,0.005,-0.512,-0.859,-0.014,-0.035,-0.006
AIRPOT,1648534718696,1648534718800,4,0,0.001,-0.502,-0.865,-0.003,-0.007,-0.006
AIRPOT,1648534718735,1648534718839,4,0,0.002,-0.491,-0.871,-0.015,-0.021,0.090
AIRPOT,1648534718774,1648534718878,4,0,0.002,-0.484,-0.875,0.016,-0.016,0.098
AIRPOT,1648534718810,1648534718914,4,0,0.002,-0.481,-0.876,-0.026,-0.051,0.169
AIRPOT,1648534718857,1648534718961,4,0,0.001,-0.482,-0.876,0.008,0.065,0.250
AIRPOT,1648534718897,1648534719001,4,0,0.008,-0.483,-0.876,-0.025,0.205,0.501
AIRPOT,1648534718936,1648534719040,4,0,0.009,-0.481,-0.877,-0.011,0.267,0.521
AIRPOT,1648534718976,1648534719080,4,0,0.005,-0.473,-0.881,0.004,0.210,0.350
AIRPOT,1648534719018,1648534719122,4,0,-0.001,-0.462,-0.887,-0.006,0.075,0.121
AIRPOT,1648534719058,1648534719162,4,0,-0.006,-0.445,-0.895,0.041,0.002,-0.098
AIRPOT,1648534719096,1648534719200,4,0,-0.005,-0.436,-0.900,0.065,-0.133,-0.246
AIRPOT,1648534719137,1648534719241,4,0,-0.006,-0.431,-0.902,0.018,-0.204,-0.272
AIRPOT,1648534719176,1648534719280,4,0,-0.008,-0.436,-0.900,-0.000,-0.089,-0.271
AIRPOT,1648534719217,1648534719321,4,0,-0.009,-0.435,-0.900,-0.120,-0.152,-0.339
AIRPOT,1648534719257,1648534719361,4,0,-0.005,-0.438,-0.899,-0.097,-0.068,-0.405
AIRPOT,1648534719298,1648534719402,4,0,-0.002,-0.444,-0.896,0.024,-0.096,-0.537
AIRPOT,1648534719335,1648534719439,4,0,0.005,-0.451,-0.893,0.087,-0.075,-0.454
AIRPOT,1648534719379,1648534719483,4,0,0.003,-0.464,-0.886,0.062,-0.196,-0.436
AIRPOT,1648534719415,1648534719519,4,0,-0.003,-0.478,-0.878,0.067,-0.224,-0.437
AIRPOT,1648534719461,1648534719565,4,0,-0.004,-0.492,-0.871,-0.017,-0.197,-0.290
AIRPOT,1648534719498,1648534719602,4,0,-0.009,-0.504,-0.864,0.055,-0.122,-0.220
AIRPOT,1648534719537,1648534719641,4,0,-0.002,-0.520,-0.854,0.044,0.022,0.001
AIRPOT,1648534719576,1648534719680,4,0,0.014,-0.539,-0.842,0.081,0.253,0.194
AIRPOT,1648534719618,1648534719722,4,0,0.032,-0.555,-0.831,0.082,0.358,0.408
AIRPOT,1648534719655,1648534719759,4,0,0.038,-0.570,-0.821,0.044,0.336,0.473
AIRPOT,1648534719695,1648534719799,4,0,0.033,-0.580,-0.814,-0.030,0.287,0.401
AIRPOT,1648534719737,1648534719841,4,0,0.021,-0.581,-0.814,-0.022,0.148,0.191
AIRPOT,1648534719777,1648534719881,4,0,0.016,-0.576,-0.817,-0.049,0.026,0.136
AIRPOT,1648534719815,1648534719919,4,0,0.007,-0.570,-0.822,-0.047,-0.085,0.044
AIRPOT,1648534719859,1648534719963,4,0,0.002,-0.564,-0.826,-0.039,-0.003,0.080
AIRPOT,1648534719897,1648534720001,4,0,-0.001,-0.559,-0.829,-0.029,-0.029,0.084
AIRPOT,1648534719934,1648534720038,4,0,-0.002,-0.557,-0.831,-0.068,-0.005,0.172
AIRPOT,1648534719979,1648534720083,4,0,-0.005,-0.559,-0.829,-0.054,0.085,0.262
AIRPOT,1648534720017,1648534720121,4,0,-0.003,-0.566,-0.824,-0.055,0.182,0.390
AIRPOT,1648534720055,1648534720159,4,0,-0.006,-0.576,-0.818,0.006,0.264,0.385
AIRPOT,1648534720098,1648534720202,4,0,-0.005,-0.580,-0.815,0.026,0.243,0.352
AIRPOT,1648534720137,1648534720241,4,0,-0.009,-0.582,-0.813,0.052,0.067,0.125
AIRPOT,1648534720176,1648534720280,4,0,-0.012,-0.583,-0.813,0.036,0.021,-0.041
AIRPOT,1648534720217,1648534720321,4,0,-0.017,-0.586,-0.810,0.059,-0.138,-0.210
AIRPOT,1648534720257,1648534720361,4,0,-0.022,-0.590,-0.807,0.005,-0.249,-0.241
AIRPOT,1648534720297,1648534720401,4,0,-0.027,-0.595,-0.803,0.053,-0.156,-0.293
AIRPOT,1648534720336,1648534720440,4,0,-0.032,-0.599,-0.800,-0.140,-0.147,-0.182
AIRPOT,1648534720376,1648534720480,4,0,-0.043,-0.601,-0.798,0.028,-0.160,-0.411
AIRPOT,1648534720417,1648534720521,4,0,-0.048,-0.605,-0.794,-0.070,-0.307,-0.285
AIRPOT,1648534720456,1648534720560,4,0,-0.055,-0.612,-0.789,0.066,-0.315,-0.383
AIRPOT,1648534720496,1648534720600,4,0,-0.056,-0.613,-0.788,0.085,-0.271,-0.421
AIRPOT,1648534720537,1648534720641,4,0,-0.060,-0.606,-0.793,0.030,-0.255,-0.427
AIRPOT,1648534720574,1648534720678,4,0,-0.066,-0.604,-0.794,-0.028,-0.220,-0.377
AIRPOT,1648534720616,1648534720720,4,0,-0.074,-0.605,-0.793,-0.033,-0.224,-0.311
AIRPOT,1648534720655,1648534720759,4,0,-0.074,-0.608,-0.791,-0.022,-0.078,-0.086
AIRPOT,1648534720699,1648534720803,4,0,-0.071,-0.613,-0.787,0.056,0.092,0.147
AIRPOT,1648534720737,1648534720841,4,0,-0.064,-0.619,-0.782,0.099,0.265,0.370
AIRPOT,1648534720777,1648534720881,4,0,-0.061,-0.622,-0.781,0.102,0.280,0.438
AIRPOT,1648534720816,1648534720920,4,0,-0.059,-0.618,-0.784,0.080,0.334,0.387
AIRPOT,1648534720858,1648534720962,4,0,-0.061,-0.610,-0.790,-0.019,0.216,0.311
AIRPOT,1648534720895,1648534720999,4,0,-0.066,-0.603,-0.795,-0.052,0.076,0.158
AIRPOT,1648534720937,1648534721041,4,0,-0.066,-0.596,-0.800,-0.041,0.009,0.065
AIRPOT,1648534720975,1648534721079,4,0,-0.062,-0.589,-0.806,-0.026,-0.053,0.078
AIRPOT,1648534721015,1648534721119,4,0,-0.057,-0.583,-0.810,-0.023,-0.043,0.128
AIRPOT,1648534721058,1648534721162,4,0,-0.057,-0.581,-0.812,-0.048,-0.041,0.136
AIRPOT,1648534721096,1648534721200,4,0,-0.060,-0.581,-0.812,-0.041,0.003,0.132
AIRPOT,1648534721134,1648534721238,4,0,-0.058,-0.585,-0.809,-0.030,0.101,0.251
AIRPOT,1648534721175,1648534721279,4,0,-0.048,-0.592,-0.804,0.017,0.347,0.568
AIRPOT,1648534721216,1648534721320,4,0,-0.052,-0.595,-0.802,0.104,0.347,0.395
AIRPOT,1648534721257,1648534721361,4,0,-0.051,-0.589,-0.807,0.023,0.214,0.367
AIRPOT,1648534721295,1648534721399,4,0,-0.056,-0.578,-0.814,0.073,0.061,0.033
AIRPOT,1648534721333,1648534721437,4,0,-0.051,-0.569,-0.821,0.034,-0.035,-0.010
AIRPOT,1648534721375,1648534721479,4,0,-0.059,-0.561,-0.826,0.002,-0.160,-0.386
AIRPOT,1648534721418,1648534721522,4,0,-0.062,-0.557,-0.828,-0.119,-0.277,-0.347
AIRPOT,1648534721497,1648534721601,4,0,-0.072,-0.568,-0.820,-0.097,-0.224,-0.261
AIRPOT,1648534721537,1648534721641,4,0,-0.081,-0.575,-0.814,-0.016,-0.252,-0.366
AIRPOT,1648534721575,1648534721679,4,0,-0.080,-0.574,-0.815,0.036,-0.203,-0.408
AIRPOT,1648534721618,1648534721722,4,0,-0.081,-0.572,-0.816,-0.061,-0.331,-0.340
AIRPOT,1648534721657,1648534721761,4,0,-0.088,-0.569,-0.818,0.030,-0.352,-0.581
AIRPOT,1648534721696,1648534721800,4,0,-0.086,-0.564,-0.821,0.013,-0.275,-0.428
AIRPOT,1648534721754,1648534721858,4,0,-0.088,-0.565,-0.820,0.087,-0.130,-0.344
AIRPOT,1648534721775,1648534721879,4,0,-0.088,-0.571,-0.816,0.033,0.004,-0.051
AIRPOT,1648534721815,1648534721919,4,0,-0.087,-0.577,-0.812,0.053,0.160,0.204
AIRPOT,1648534721857,1648534721961,4,0,-0.080,-0.579,-0.811,0.082,0.290,0.390
AIRPOT,1648534721896,1648534722000,4,0,-0.072,-0.577,-0.814,0.057,0.332,0.501
AIRPOT,1648534721936,1648534722040,4,0,-0.067,-0.574,-0.816,0.001,0.269,0.508
AIRPOT,1648534721975,1648534722079,4,0,-0.069,-0.570,-0.819,0.021,0.172,0.335
AIRPOT,1648534722009,1648534722113,4,0,-0.069,-0.564,-0.823,-0.016,0.038,0.181
AIRPOT,1648534722033,1648534722137,4,0,-0.068,-0.556,-0.829,0.014,-0.096,0.003
AIRPOT,1648534722077,1648534722181,4,0,-0.055,-0.546,-0.836,0.030,-0.095,0.032
AIRPOT,1648534722116,1648534722220,4,0,-0.040,-0.536,-0.843,0.024,-0.087,0.098
AIRPOT,1648534722159,1648534722263,4,0,-0.028,-0.529,-0.848,-0.037,0.035,0.195
AIRPOT,1648534722217,1648534722321,4,0,-0.019,-0.517,-0.856,-0.083,0.127,0.296
AIRPOT,1648534722259,1648534722363,4,0,-0.007,-0.500,-0.866,-0.114,0.233,0.424
AIRPOT,1648534722276,1648534722380,4,0,0.000,-0.476,-0.879,-0.034,0.335,0.371
AIRPOT,1648534722335,1648534722439,4,0,0.011,-0.446,-0.895,0.059,0.296,0.259
AIRPOT,1648534722379,1648534722483,4,0,0.021,-0.417,-0.909,0.041,0.192,0.139
AIRPOT,1648534722396,1648534722500,4,0,0.021,-0.394,-0.919,0.073,0.104,-0.114
AIRPOT,1648534722436,1648534722540,4,0,0.023,-0.372,-0.928,0.059,-0.238,-0.260
AIRPOT,1648534722477,1648534722581,4,0,0.032,-0.351,-0.936,-0.141,-0.227,-0.022
AIRPOT,1648534722513,1648534722617,4,0,0.025,-0.337,-0.941,-0.015,-0.204,-0.294
AIRPOT,1648534722557,1648534722661,4,0,0.026,-0.321,-0.947,0.077,-0.129,-0.319
AIRPOT,1648534722617,1648534722721,4,0,0.024,-0.306,-0.952,0.087,-0.073,-0.445
AIRPOT,1648534722635,1648534722739,4,0,0.022,-0.292,-0.956,0.113,-0.034,-0.508
AIRPOT,1648534722678,1648534722782,4,0,0.019,-0.290,-0.957,0.042,-0.015,-0.539
AIRPOT,1648534722717,1648534722821,4,0,0.015,-0.291,-0.957,0.113,-0.062,-0.492
AIRPOT,1648534722756,1648534722860,4,0,0.011,-0.306,-0.952,0.038,-0.065,-0.406
AIRPOT,1648534722798,1648534722902,4,0,0.004,-0.325,-0.946,-0.027,-0.168,-0.322
AIRPOT,1648534722836,1648534722940,4,0,-0.008,-0.346,-0.938,-0.012,-0.140,-0.354
AIRPOT,1648534722879,1648534722983,4,0,-0.007,-0.366,-0.930,-0.026,-0.109,-0.181
AIRPOT,1648534722917,1648534723021,4,0,-0.006,-0.385,-0.923,0.111,0.085,-0.025
AIRPOT,1648534722956,1648534723060,4,0,0.002,-0.402,-0.916,0.083,0.187,0.300
AIRPOT,1648534722997,1648534723101,4,0,0.008,-0.416,-0.909,0.069,0.294,0.534
AIRPOT,1648534723037,1648534723141,4,0,0.010,-0.427,-0.904,0.027,0.284,0.541
AIRPOT,1648534723074,1648534723178,4,0,0.012,-0.432,-0.902,-0.032,0.180,0.499
AIRPOT,1648534723117,1648534723221,4,0,0.006,-0.428,-0.904,0.011,-0.022,0.204
AIRPOT,1648534723157,1648534723261,4,0,0.012,-0.419,-0.908,-0.044,-0.143,0.089
AIRPOT,1648534723196,1648534723300,4,0,0.017,-0.408,-0.913,-0.023,-0.188,-0.027
AIRPOT,1648534723238,1648534723342,4,0,0.032,-0.393,-0.919,-0.081,-0.064,0.146
AIRPOT,1648534723275,1648534723379,4,0,0.043,-0.369,-0.928,-0.098,-0.000,0.154
AIRPOT,1648534723314,1648534723418,4,0,0.051,-0.337,-0.940,-0.097,-0.035,0.111
AIRPOT,1648534723355,1648534723459,4,0,0.057,-0.308,-0.950,-0.056,-0.060,0.141
AIRPOT,1648534723401,1648534723505,4,0,0.066,-0.286,-0.956,0.001,0.137,0.342
AIRPOT,1648534723457,1648534723561,4,0,0.078,-0.270,-0.960,0.006,0.141,0.604
AIRPOT,1648534723476,1648534723580,4,0,0.074,-0.249,-0.966,0.050,0.162,0.390
AIRPOT,1648534723516,1648534723620,4,0,0.073,-0.229,-0.971,-0.069,0.080,0.507
AIRPOT,1648534723557,1648534723661,4,0,0.057,-0.211,-0.976,-0.005,-0.032,0.061
AIRPOT,1648534723597,1648534723701,4,0,0.050,-0.186,-0.981,0.033,-0.041,-0.144
AIRPOT,1648534723637,1648534723741,4,0,0.048,-0.165,-0.985,0.087,-0.051,-0.241
AIRPOT,1648534723677,1648534723781,4,0,0.040,-0.146,-0.988,0.121,0.116,-0.307
AIRPOT,1648534723716,1648534723820,4,0,0.036,-0.128,-0.991,0.149,0.210,-0.203
AIRPOT,1648534723755,1648534723859,4,0,0.026,-0.120,-0.992,-0.090,0.040,-0.105
AIRPOT,1648534723795,1648534723899,4,0,0.009,-0.106,-0.994,-0.121,0.026,-0.265
AIRPOT,1648534723837,1648534723941,4,0,0.009,-0.093,-0.996,-0.153,-0.130,-0.183
AIRPOT,1648534723876,1648534723980,4,0,0.003,-0.082,-0.997,-0.079,-0.083,-0.200
AIRPOT,1648534723917,1648534724021,4,0,0.003,-0.069,-0.998,-0.021,-0.075,-0.109
AIRPOT,1648534723955,1648534724059,4,0,0.003,-0.059,-0.998,0.002,-0.026,-0.014
AIRPOT,1648534723997,1648534724101,4,0,0.006,-0.044,-0.999,0.002,-0.052,0.046
AIRPOT,1648534724037,1648534724141,4,0,0.007,-0.026,-1.000,-0.008,-0.047,0.071
AIRPOT,1648534724077,1648534724181,4,0,0.005,-0.000,-1.000,-0.074,0.006,0.070
AIRPOT,1648534724117,1648534724221,4,0,-0.007,0.025,-1.000,-0.050,-0.055,-0.032
AIRPOT,1648534724158,1648534724262,4,0,-0.027,0.053,-0.998,-0.077,0.144,-0.060
AIRPOT,1648534724195,1648534724299,4,0,-0.042,0.072,-0.996,-0.063,-0.143,-0.230
AIRPOT,1648534724237,1648534724341,4,0,-0.045,0.077,-0.996,-0.095,-0.052,-0.228
AIRPOT,1648534724277,1648534724381,4,0,-0.051,0.086,-0.995,-0.187,0.073,-0.259
AIRPOT,1648534724315,1648534724419,4,0,-0.067,0.093,-0.993,-0.150,0.205,-0.384
AIRPOT,1648534724358,1648534724462,4,0,-0.078,0.100,-0.992,-0.133,0.274,-0.397
AIRPOT,1648534724394,1648534724498,4,0,-0.084,0.109,-0.990,-0.093,0.336,-0.367
AIRPOT,1648534724436,1648534724540,4,0,-0.079,0.118,-0.990,-0.094,0.167,-0.333
AIRPOT,1648534724476,1648534724580,4,0,-0.069,0.126,-0.990,-0.090,0.051,-0.229
AIRPOT,1648534724511,1648534724615,4,0,-0.062,0.138,-0.989,-0.069,-0.021,-0.161
AIRPOT,1648534724557,1648534724661,4,0,-0.060,0.155,-0.986,-0.058,0.088,-0.010
AIRPOT,1648534724596,1648534724700,4,0,-0.052,0.167,-0.985,-0.092,0.100,0.188
AIRPOT,1648534724635,1648534724739,4,0,-0.039,0.165,-0.986,-0.177,0.147,0.359
AIRPOT,1648534724677,1648534724781,4,0,-0.029,0.154,-0.988,-0.195,0.121,0.473
AIRPOT,1648534724717,1648534724821,4,0,-0.018,0.142,-0.990,-0.296,0.055,0.469
AIRPOT,1648534724755,1648534724859,4,0,-0.011,0.130,-0.991,-0.326,-0.082,0.333
AIRPOT,1648534724795,1648534724899,4,0,0.006,0.119,-0.993,-0.298,-0.134,0.246
AIRPOT,1648534724834,1648534724938,4,0,0.033,0.109,-0.993,-0.243,-0.172,0.202
AIRPOT,1648534724878,1648534724982,4,0,0.061,0.103,-0.993,-0.256,-0.176,0.123
AIRPOT,1648534724918,1648534725022,4,0,0.079,0.102,-0.992,-0.237,-0.132,0.004
AIRPOT,1648534724957,1648534725061,4,0,0.090,0.110,-0.990,-0.175,-0.110,-0.082
AIRPOT,1648534724996,1648534725100,4,0,0.098,0.121,-0.988,-0.017,-0.153,-0.244
AIRPOT,1648534725037,1648534725141,4,0,0.112,0.135,-0.984,0.076,-0.047,-0.257
AIRPOT,1648534725076,1648534725180,4,0,0.127,0.164,-0.978,0.287,0.029,-0.388
AIRPOT,1648534725114,1648534725218,4,0,0.160,0.195,-0.968,0.289,-0.103,-0.176
AIRPOT,1648534725156,1648534725260,4,0,0.195,0.210,-0.958,0.224,-0.116,0.102
AIRPOT,1648534725197,1648534725301,4,0,0.226,0.217,-0.950,0.196,-0.101,0.232
AIRPOT,1648534725237,1648534725341,4,0,0.256,0.218,-0.942,0.168,-0.151,0.345
AIRPOT,1648534725277,1648534725381,4,0,0.281,0.218,-0.935,0.136,-0.182,0.319
AIRPOT,1648534725316,1648534725420,4,0,0.302,0.225,-0.926,0.122,-0.186,0.233
AIRPOT,1648534725355,1648534725459,4,0,0.320,0.237,-0.917,0.109,-0.261,0.092
AIRPOT,1648534725395,1648534725499,4,0,0.337,0.251,-0.907,0.102,-0.244,0.015
AIRPOT,1648534725439,1648534725543,4,0,0.352,0.264,-0.898,0.104,-0.211,-0.052
AIRPOT,1648534725475,1648534725579,4,0,0.364,0.269,-0.892,0.103,-0.120,-0.041
AIRPOT,1648534725515,1648534725619,4,0,0.374,0.258,-0.891,0.019,-0.051,0.093
AIRPOT,1648534725559,1648534725663,4,0,0.373,0.229,-0.899,-0.008,0.005,0.124
AIRPOT,1648534725594,1648534725698,4,0,0.369,0.191,-0.910,-0.031,-0.012,0.071
AIRPOT,1648534725637,1648534725741,4,0,0.362,0.148,-0.920,-0.055,-0.129,0.039
AIRPOT,1648534725675,1648534725779,4,0,0.341,0.109,-0.934,0.217,-0.326,-0.995
AIRPOT,1648534725714,1648534725818,4,0,0.359,0.080,-0.930,0.022,0.147,0.139
AIRPOT,1648534725757,1648534725861,4,0,0.354,0.081,-0.932,0.203,0.263,-0.361
AIRPOT,1648534725797,1648534725901,4,0,0.368,0.091,-0.925,0.097,0.111,-0.130
AIRPOT,1648534725835,1648534725939,4,0,0.372,0.079,-0.925,0.068,-0.005,-0.043
AIRPOT,1648534725876,1648534725980,4,0,0.370,0.055,-0.927,0.013,-0.056,0.031
AIRPOT,1648534725914,1648534726018,4,0,0.368,0.030,-0.929,-0.052,-0.064,0.111
AIRPOT,1648534725956,1648534726060,4,0,0.364,0.009,-0.932,-0.117,-0.062,0.184
AIRPOT,1648534725999,1648534726103,4,0,0.358,-0.010,-0.934,-0.136,-0.069,0.261
AIRPOT,1648534726035,1648534726139,4,0,0.350,-0.024,-0.936,-0.107,-0.036,0.225
AIRPOT,1648534726075,1648534726179,4,0,0.342,-0.034,-0.939,-0.045,-0.002,0.134
AIRPOT,1648534726116,1648534726220,4,0,0.339,-0.038,-0.940,-0.033,0.044,0.196
AIRPOT,1648534726155,1648534726259,4,0,0.321,-0.044,-0.946,0.073,-0.116,-0.179
AIRPOT,1648534726198,1648534726302,4,0,0.311,-0.055,-0.949,0.150,-0.364,-0.271
AIRPOT,1648534726237,1648534726341,4,0,0.313,-0.070,-0.947,0.183,-0.378,-0.144
AIRPOT,1648534726278,1648534726382,4,0,0.321,-0.081,-0.944,0.145,-0.351,-0.069
AIRPOT,1648534726315,1648534726419,4,0,0.329,-0.086,-0.941,0.134,-0.269,0.058
AIRPOT,1648534726354,1648534726458,4,0,0.333,-0.087,-0.939,0.069,-0.189,0.187
AIRPOT,1648534726397,1648534726501,4,0,0.329,-0.087,-0.940,0.011,-0.116,0.181
AIRPOT,1648534726435,1648534726539,4,0,0.324,-0.089,-0.942,-0.007,-0.097,0.124
AIRPOT,1648534726477,1648534726581,4,0,0.324,-0.088,-0.942,-0.015,-0.114,0.092
AIRPOT,1648534726515,1648534726619,4,0,0.325,-0.086,-0.942,0.011,-0.121,0.029
AIRPOT,1648534726555,1648534726659,4,0,0.328,-0.085,-0.941,0.033,-0.128,0.021
AIRPOT,1648534726595,1648534726699,4,0,0.331,-0.085,-0.940,0.071,-0.161,0.004
AIRPOT,1648534726638,1648534726742,4,0,0.332,-0.085,-0.939,0.067,-0.108,0.063
AIRPOT,1648534726675,1648534726779,4,0,0.324,-0.086,-0.942,0.105,-0.168,-0.125
AIRPOT,1648534726714,1648534726818,4,0,0.315,-0.077,-0.946,0.098,-0.071,-0.177
AIRPOT,1648534726758,1648534726862,4,0,0.308,-0.057,-0.950,0.104,0.112,-0.078
AIRPOT,1648534726796,1648534726900,4,0,0.302,-0.039,-0.952,0.057,0.156,0.029
AIRPOT,1648534726835,1648534726939,4,0,0.295,-0.029,-0.955,0.029,0.108,0.066
AIRPOT,1648534726876,1648534726980,4,0,0.289,-0.021,-0.957,0.034,0.064,0.042
AIRPOT,1648534726916,1648534727020,4,0,0.288,-0.008,-0.958,0.017,0.044,0.014
AIRPOT,1648534726954,1648534727058,4,0,0.287,0.004,-0.958,0.051,0.040,-0.080
AIRPOT,1648534726998,1648534727102,4,0,0.290,0.016,-0.957,0.021,0.065,0.006
AIRPOT,1648534727036,1648534727140,4,0,0.290,0.021,-0.957,-0.003,0.057,0.056
AIRPOT,1648534727078,1648534727182,4,0,0.287,0.025,-0.958,-0.023,0.035,0.040
AIRPOT,1648534727119,1648534727223,4,0,0.283,0.031,-0.959,-0.017,0.017,0.028
AIRPOT,1648534727157,1648534727261,4,0,0.281,0.035,-0.959,-0.017,0.049,0.106
AIRPOT,1648534727194,1648534727298,4,0,0.277,0.041,-0.960,0.027,0.102,0.019
AIRPOT,1648534727237,1648534727341,4,0,0.275,0.053,-0.960,0.034,0.061,-0.091
AIRPOT,1648534727395,1648534727499,4,0,0.273,0.083,-0.958,0.041,0.042,0.005
AIRPOT,1648534727277,1648534727381,4,0,0.276,0.065,-0.959,0.038,0.003,-0.091
AIRPOT,1648534727315,1648534727419,4,0,0.275,0.072,-0.959,0.037,0.056,0.053
AIRPOT,1648534727357,1648534727461,4,0,0.273,0.075,-0.959,0.018,0.051,0.075
AIRPOT,1648534727476,1648534727580,4,0,0.300,0.105,-0.948,-0.008,-0.126,0.033
AIRPOT,1648534727520,1648534727624,4,0,0.309,0.110,-0.945,-0.002,-0.093,0.005
AIRPOT,1648534727555,1648534727659,4,0,0.312,0.112,-0.944,0.001,-0.062,0.015
AIRPOT,1648534727598,1648534727702,4,0,0.311,0.115,-0.943,0.013,-0.050,-0.003
AIRPOT,1648534727636,1648534727740,4,0,0.310,0.116,-0.944,0.009,-0.042,-0.006
AIRPOT,1648534727675,1648534727779,4,0,0.307,0.117,-0.945,0.001,-0.046,-0.002
AIRPOT,1648534727716,1648534727820,4,0,0.302,0.115,-0.947,-0.009,-0.026,-0.006
AIRPOT,1648534727755,1648534727859,4,0,0.296,0.112,-0.948,-0.006,-0.031,-0.004
AIRPOT,1648534727799,1648534727903,4,0,0.289,0.110,-0.951,-0.018,-0.003,0.011
AIRPOT,1648534727835,1648534727939,4,0,0.280,0.110,-0.954,0.001,0.050,-0.003
AIRPOT,1648534727876,1648534727980,4,0,0.276,0.111,-0.955,0.011,0.058,-0.013
