Device,PTPTime,UnixTime,Protocool,CurrentDeviceTime,GyroX,GyroY,GyroZ,AccX,AccY,AccZ
AIRPOT,1648535938332,1648535938460,4,0,-0.145,0.589,-0.795,0.040,0.054,0.036
AIRPOT,1648535938373,1648535938501,4,0,-0.138,0.599,-0.789,0.030,0.047,0.018
AIRPOT,1648535938414,1648535938542,4,0,-0.132,0.607,-0.783,0.021,0.047,0.022
AIRPOT,1648535938454,1648535938582,4,0,-0.126,0.614,-0.779,0.021,0.031,0.009
AIRPOT,1648535938474,1648535938602,4,0,-0.121,0.619,-0.776,0.008,0.036,0.032
AIRPOT,1648535938535,1648535938663,4,0,-0.117,0.623,-0.773,0.023,0.030,0.017
AIRPOT,1648535938555,1648535938683,4,0,-0.114,0.626,-0.772,0.023,0.023,0.019
AIRPOT,1648535938594,1648535938722,4,0,-0.111,0.626,-0.771,0.025,0.018,0.021
AIRPOT,1648535938659,1648535938787,4,0,-0.109,0.626,-0.772,0.023,0.006,0.013
AIRPOT,1648535938674,1648535938802,4,0,-0.107,0.626,-0.772,0.020,0.017,0.000
AIRPOT,1648535938715,1648535938843,4,0,-0.105,0.627,-0.772,0.018,0.004,0.000
AIRPOT,1648535938775,1648535938903,4,0,-0.104,0.628,-0.771,0.015,-0.003,0.000
AIRPOT,1648535938796,1648535938924,4,0,-0.104,0.627,-0.772,0.012,0.001,0.005
AIRPOT,1648535938852,1648535938980,4,0,-0.105,0.627,-0.772,0.006,0.001,0.005
AIRPOT,1648535938873,1648535939001,4,0,-0.106,0.627,-0.772,-0.002,-0.001,0.004
AIRPOT,1648535938932,1648535939060,4,0,-0.108,0.626,-0.772,0.000,0.000,0.000
AIRPOT,1648535938958,1648535939086,4,0,-0.110,0.626,-0.772,0.000,0.003,0.003
AIRPOT,1648535938995,1648535939123,4,0,-0.112,0.625,-0.772,-0.005,0.002,0.008
AIRPOT,1648535939053,1648535939181,4,0,-0.115,0.624,-0.773,0.002,0.003,-0.003
AIRPOT,1648535939079,1648535939207,4,0,-0.115,0.624,-0.773,0.004,-0.001,-0.005
AIRPOT,1648535939112,1648535939240,4,0,-0.115,0.624,-0.773,0.003,-0.007,-0.006
AIRPOT,1648535939152,1648535939280,4,0,-0.114,0.624,-0.773,0.002,-0.011,-0.007
AIRPOT,1648535939194,1648535939322,4,0,-0.113,0.624,-0.773,-0.001,-0.001,0.003
AIRPOT,1648535939233,1648535939361,4,0,-0.113,0.624,-0.773,0.005,0.003,-0.009
AIRPOT,1648535939274,1648535939402,4,0,-0.112,0.624,-0.774,-0.003,0.002,0.007
AIRPOT,1648535939316,1648535939444,4,0,-0.112,0.623,-0.774,0.004,0.009,0.000
AIRPOT,1648535939352,1648535939480,4,0,-0.112,0.623,-0.774,0.002,0.011,0.010
AIRPOT,1648535939397,1648535939525,4,0,-0.112,0.623,-0.774,0.008,0.013,0.005
AIRPOT,1648535939435,1648535939563,4,0,-0.111,0.622,-0.775,0.011,0.015,0.003
AIRPOT,1648535939472,1648535939600,4,0,-0.110,0.621,-0.776,0.009,0.014,0.009
AIRPOT,1648535939513,1648535939641,4,0,-0.109,0.619,-0.778,0.010,0.021,0.003
AIRPOT,1648535939553,1648535939681,4,0,-0.107,0.616,-0.780,0.013,0.034,-0.006
AIRPOT,1648535939594,1648535939722,4,0,-0.103,0.612,-0.784,0.021,0.037,-0.014
AIRPOT,1648535939633,1648535939761,4,0,-0.097,0.606,-0.790,0.015,0.021,-0.000
AIRPOT,1648535939675,1648535939803,4,0,-0.089,0.598,-0.797,0.027,0.012,-0.007
AIRPOT,1648535939714,1648535939842,4,0,-0.080,0.589,-0.804,0.038,-0.009,-0.001
AIRPOT,1648535939754,1648535939882,4,0,-0.071,0.581,-0.811,0.043,-0.021,0.001
AIRPOT,1648535939793,1648535939921,4,0,-0.063,0.574,-0.816,0.047,-0.031,-0.003
AIRPOT,1648535939832,1648535939960,4,0,-0.058,0.568,-0.821,0.043,-0.034,0.001
AIRPOT,1648535939872,1648535940000,4,0,-0.055,0.563,-0.825,0.052,-0.032,-0.016
AIRPOT,1648535939914,1648535940042,4,0,-0.051,0.560,-0.827,0.049,-0.024,-0.011
AIRPOT,1648535939951,1648535940079,4,0,-0.046,0.559,-0.828,0.051,-0.034,-0.009
AIRPOT,1648535939993,1648535940121,4,0,-0.041,0.559,-0.828,0.052,-0.036,-0.014
AIRPOT,1648535940033,1648535940161,4,0,-0.036,0.562,-0.827,0.046,-0.040,-0.009
AIRPOT,1648535940072,1648535940200,4,0,-0.031,0.565,-0.824,0.049,-0.048,-0.015
AIRPOT,1648535940113,1648535940241,4,0,-0.026,0.570,-0.821,0.047,-0.048,-0.008
AIRPOT,1648535940154,1648535940282,4,0,-0.023,0.575,-0.818,0.044,-0.049,-0.004
AIRPOT,1648535940193,1648535940321,4,0,-0.022,0.581,-0.814,0.040,-0.041,0.001
AIRPOT,1648535940233,1648535940361,4,0,-0.021,0.587,-0.809,0.035,-0.050,-0.005
AIRPOT,1648535940273,1648535940401,4,0,-0.021,0.593,-0.805,0.012,-0.043,-0.002
AIRPOT,1648535940312,1648535940440,4,0,-0.023,0.599,-0.800,-0.003,-0.042,-0.009
AIRPOT,1648535940353,1648535940481,4,0,-0.025,0.605,-0.796,-0.018,-0.017,-0.003
AIRPOT,1648535940407,1648535940535,4,0,-0.026,0.610,-0.792,-0.027,0.001,0.011
AIRPOT,1648535940432,1648535940560,4,0,-0.027,0.614,-0.789,-0.039,0.051,0.038
AIRPOT,1648535940473,1648535940601,4,0,-0.027,0.623,-0.782,-0.035,0.104,0.018
AIRPOT,1648535940518,1648535940646,4,0,-0.025,0.638,-0.770,-0.039,0.115,0.019
AIRPOT,1648535940552,1648535940680,4,0,-0.025,0.650,-0.759,-0.062,0.101,0.065
AIRPOT,1648535940592,1648535940720,4,0,-0.031,0.655,-0.755,-0.068,0.086,0.091
AIRPOT,1648535940634,1648535940762,4,0,-0.040,0.656,-0.753,-0.065,0.057,0.059
AIRPOT,1648535940672,1648535940800,4,0,-0.050,0.656,-0.753,-0.069,0.051,0.046
AIRPOT,1648535940714,1648535940842,4,0,-0.058,0.655,-0.753,-0.064,0.047,0.027
AIRPOT,1648535940753,1648535940881,4,0,-0.063,0.654,-0.754,-0.068,0.045,0.057
AIRPOT,1648535940794,1648535940922,4,0,-0.068,0.649,-0.758,-0.061,0.070,0.059
AIRPOT,1648535940833,1648535940961,4,0,-0.072,0.641,-0.764,-0.064,0.103,0.100
AIRPOT,1648535940874,1648535941002,4,0,-0.075,0.630,-0.773,-0.015,0.034,0.024
AIRPOT,1648535940914,1648535941042,4,0,-0.078,0.619,-0.782,-0.031,0.035,0.054
AIRPOT,1648535940952,1648535941080,4,0,-0.081,0.610,-0.789,-0.024,0.010,0.041
AIRPOT,1648535940994,1648535941122,4,0,-0.078,0.601,-0.795,-0.041,0.023,0.010
AIRPOT,1648535941032,1648535941160,4,0,-0.069,0.596,-0.800,-0.065,0.054,-0.066
AIRPOT,1648535941073,1648535941201,4,0,-0.054,0.596,-0.801,-0.059,0.008,-0.084
AIRPOT,1648535941116,1648535941244,4,0,-0.033,0.596,-0.802,-0.051,-0.044,-0.028
AIRPOT,1648535941151,1648535941279,4,0,-0.010,0.596,-0.803,-0.028,-0.131,0.063
AIRPOT,1648535941193,1648535941321,4,0,0.015,0.597,-0.802,-0.026,-0.081,-0.036
AIRPOT,1648535941237,1648535941365,4,0,0.048,0.609,-0.792,-0.025,-0.065,-0.032
AIRPOT,1648535941274,1648535941402,4,0,0.085,0.627,-0.774,-0.008,-0.106,-0.068
AIRPOT,1648535941314,1648535941442,4,0,0.123,0.645,-0.755,0.000,-0.095,-0.039
AIRPOT,1648535941354,1648535941482,4,0,0.156,0.659,-0.736,0.024,-0.055,-0.015
AIRPOT,1648535941393,1648535941521,4,0,0.182,0.672,-0.718,0.025,-0.027,0.021
AIRPOT,1648535941434,1648535941562,4,0,0.200,0.684,-0.702,0.026,-0.009,-0.014
AIRPOT,1648535941474,1648535941602,4,0,0.211,0.692,-0.690,0.005,-0.018,-0.015
AIRPOT,1648535941512,1648535941640,4,0,0.216,0.695,-0.686,-0.022,-0.022,-0.062
AIRPOT,1648535941559,1648535941687,4,0,0.217,0.691,-0.689,-0.043,-0.035,-0.078
AIRPOT,1648535941593,1648535941721,4,0,0.214,0.685,-0.697,-0.061,-0.045,-0.083
AIRPOT,1648535941633,1648535941761,4,0,0.210,0.675,-0.707,-0.069,-0.074,-0.052
AIRPOT,1648535941674,1648535941802,4,0,0.205,0.663,-0.720,-0.081,-0.038,-0.025
AIRPOT,1648535941714,1648535941842,4,0,0.204,0.648,-0.733,-0.088,-0.062,-0.017
AIRPOT,1648535941752,1648535941880,4,0,0.208,0.630,-0.748,-0.125,-0.068,0.079
AIRPOT,1648535941794,1648535941922,4,0,0.212,0.609,-0.765,-0.088,-0.058,-0.065
AIRPOT,1648535941828,1648535941956,4,0,0.225,0.582,-0.782,-0.103,-0.077,0.183
AIRPOT,1648535941872,1648535942000,4,0,0.239,0.560,-0.793,0.002,0.082,0.072
AIRPOT,1648535941913,1648535942041,4,0,0.264,0.549,-0.793,0.028,0.116,0.222
AIRPOT,1648535941955,1648535942083,4,0,0.285,0.545,-0.789,0.041,0.112,0.194
AIRPOT,1648535941994,1648535942122,4,0,0.301,0.540,-0.786,0.028,0.116,0.231
AIRPOT,1648535942032,1648535942160,4,0,0.308,0.533,-0.788,-0.001,0.079,0.207
AIRPOT,1648535942076,1648535942204,4,0,0.312,0.523,-0.794,-0.007,0.048,0.197
AIRPOT,1648535942113,1648535942241,4,0,0.314,0.511,-0.800,0.008,0.056,0.213
AIRPOT,1648535942156,1648535942284,4,0,0.316,0.499,-0.807,0.015,0.006,0.247
AIRPOT,1648535942195,1648535942323,4,0,0.314,0.489,-0.814,0.034,0.044,0.151
AIRPOT,1648535942233,1648535942361,4,0,0.313,0.479,-0.820,0.054,0.061,-0.020
AIRPOT,1648535942274,1648535942402,4,0,0.318,0.469,-0.824,0.083,0.032,-0.131
AIRPOT,1648535942318,1648535942446,4,0,0.323,0.457,-0.829,0.097,0.019,-0.080
AIRPOT,1648535942352,1648535942480,4,0,0.320,0.445,-0.836,0.121,0.042,-0.103
AIRPOT,1648535942391,1648535942519,4,0,0.316,0.433,-0.844,0.123,0.041,-0.142
AIRPOT,1648535942438,1648535942566,4,0,0.314,0.421,-0.851,0.116,0.036,-0.115
AIRPOT,1648535942473,1648535942601,4,0,0.312,0.406,-0.859,0.112,0.017,-0.096
AIRPOT,1648535942512,1648535942640,4,0,0.309,0.393,-0.866,0.111,0.012,-0.120
AIRPOT,1648535942558,1648535942686,4,0,0.307,0.380,-0.872,0.103,-0.054,-0.077
AIRPOT,1648535942593,1648535942721,4,0,0.300,0.367,-0.880,0.072,-0.071,-0.036
AIRPOT,1648535942634,1648535942762,4,0,0.290,0.357,-0.888,0.084,-0.057,-0.057
AIRPOT,1648535942673,1648535942801,4,0,0.280,0.350,-0.894,0.059,-0.059,0.008
AIRPOT,1648535942712,1648535942840,4,0,0.269,0.344,-0.900,0.051,-0.048,0.000
AIRPOT,1648535942752,1648535942880,4,0,0.258,0.340,-0.905,0.039,-0.016,0.007
AIRPOT,1648535942793,1648535942921,4,0,0.248,0.337,-0.908,0.020,-0.016,-0.005
AIRPOT,1648535942835,1648535942963,4,0,0.241,0.336,-0.910,0.001,0.036,-0.010
AIRPOT,1648535942873,1648535943001,4,0,0.237,0.337,-0.911,0.006,0.024,-0.052
AIRPOT,1648535942914,1648535943042,4,0,0.234,0.338,-0.912,0.004,0.027,-0.043
AIRPOT,1648535942953,1648535943081,4,0,0.230,0.337,-0.913,0.012,-0.005,-0.026
AIRPOT,1648535942993,1648535943121,4,0,0.222,0.336,-0.915,0.019,0.015,0.002
AIRPOT,1648535943035,1648535943163,4,0,0.215,0.337,-0.917,0.008,0.037,0.031
AIRPOT,1648535943076,1648535943204,4,0,0.208,0.339,-0.917,-0.007,-0.012,0.024
AIRPOT,1648535943116,1648535943244,4,0,0.203,0.339,-0.919,-0.013,-0.055,-0.013
AIRPOT,1648535943156,1648535943284,4,0,0.198,0.333,-0.922,-0.006,-0.059,-0.099
AIRPOT,1648535943194,1648535943322,4,0,0.197,0.329,-0.924,0.037,-0.006,-0.205
AIRPOT,1648535943233,1648535943361,4,0,0.199,0.328,-0.923,0.045,-0.045,-0.120
AIRPOT,1648535943274,1648535943402,4,0,0.196,0.326,-0.925,0.061,-0.023,-0.042
AIRPOT,1648535943313,1648535943441,4,0,0.188,0.324,-0.927,0.059,0.054,0.015
AIRPOT,1648535943355,1648535943483,4,0,0.182,0.327,-0.927,0.030,0.041,0.086
AIRPOT,1648535943395,1648535943523,4,0,0.175,0.330,-0.927,0.029,-0.020,0.134
AIRPOT,1648535943431,1648535943559,4,0,0.168,0.330,-0.929,0.060,0.018,0.155
AIRPOT,1648535943474,1648535943602,4,0,0.162,0.329,-0.930,0.082,0.029,0.159
AIRPOT,1648535943514,1648535943642,4,0,0.158,0.329,-0.931,0.090,0.030,0.098
AIRPOT,1648535943552,1648535943680,4,0,0.154,0.329,-0.932,0.047,-0.012,0.024
AIRPOT,1648535943595,1648535943723,4,0,0.148,0.329,-0.933,0.023,-0.049,-0.097
AIRPOT,1648535943635,1648535943763,4,0,0.143,0.330,-0.933,-0.017,-0.042,-0.122
AIRPOT,1648535943672,1648535943800,4,0,0.138,0.332,-0.933,-0.019,-0.013,-0.112
AIRPOT,1648535943711,1648535943839,4,0,0.137,0.337,-0.931,-0.044,-0.032,0.005
AIRPOT,1648535943754,1648535943882,4,0,0.134,0.344,-0.930,-0.064,-0.077,0.055
AIRPOT,1648535943782,1648535943910,4,0,0.125,0.350,-0.928,-0.108,-0.123,0.031
AIRPOT,1648535943833,1648535943961,4,0,0.114,0.354,-0.928,-0.143,-0.153,-0.013
AIRPOT,1648535943879,1648535944007,4,0,0.102,0.356,-0.929,-0.156,-0.100,-0.008
AIRPOT,1648535943913,1648535944041,4,0,0.091,0.361,-0.928,-0.142,-0.069,-0.062
AIRPOT,1648535943939,1648535944067,4,0,0.084,0.365,-0.927,-0.124,-0.104,-0.004
AIRPOT,1648535943999,1648535944127,4,0,0.076,0.361,-0.929,-0.114,-0.041,-0.006
AIRPOT,1648535944032,1648535944160,4,0,0.062,0.351,-0.934,-0.082,0.035,-0.030
AIRPOT,1648535944060,1648535944188,4,0,0.047,0.338,-0.940,-0.028,0.075,-0.071
AIRPOT,1648535944118,1648535944246,4,0,0.037,0.332,-0.943,-0.023,0.072,0.004
AIRPOT,1648535944151,1648535944279,4,0,0.030,0.329,-0.944,-0.015,0.060,0.022
AIRPOT,1648535944181,1648535944309,4,0,0.027,0.331,-0.943,0.003,0.063,0.028
AIRPOT,1648535944247,1648535944375,4,0,0.030,0.336,-0.941,0.009,0.033,0.034
AIRPOT,1648535944273,1648535944401,4,0,0.035,0.342,-0.939,0.022,0.022,0.031
AIRPOT,1648535944313,1648535944441,4,0,0.039,0.349,-0.936,0.033,0.045,0.016
AIRPOT,1648535944355,1648535944483,4,0,0.043,0.356,-0.933,0.033,0.028,0.022
AIRPOT,1648535944394,1648535944522,4,0,0.046,0.364,-0.930,0.016,0.040,0.024
AIRPOT,1648535944420,1648535944548,4,0,0.048,0.373,-0.927,0.004,0.036,0.014
AIRPOT,1648535944513,1648535944641,4,0,0.062,0.397,-0.916,-0.009,0.034,-0.041
AIRPOT,1648535944538,1648535944666,4,0,0.078,0.412,-0.908,-0.019,0.016,0.011
AIRPOT,1648535944598,1648535944726,4,0,0.088,0.424,-0.901,-0.024,0.040,0.042
AIRPOT,1648535944634,1648535944762,4,0,0.092,0.431,-0.898,-0.013,0.024,-0.008
AIRPOT,1648535944671,1648535944799,4,0,0.095,0.437,-0.895,0.044,0.146,-0.038
AIRPOT,1648535944715,1648535944843,4,0,0.104,0.440,-0.892,0.016,0.068,0.039
AIRPOT,1648535944753,1648535944881,4,0,0.109,0.440,-0.892,0.018,0.028,0.004
AIRPOT,1648535944794,1648535944922,4,0,0.112,0.438,-0.892,0.018,-0.003,0.027
AIRPOT,1648535944837,1648535944965,4,0,0.111,0.434,-0.894,0.013,-0.014,0.016
AIRPOT,1648535944872,1648535945000,4,0,0.107,0.432,-0.896,0.012,-0.030,0.018
AIRPOT,1648535944913,1648535945041,4,0,0.103,0.430,-0.897,0.017,-0.028,0.008
AIRPOT,1648535944953,1648535945081,4,0,0.099,0.432,-0.897,0.013,-0.006,0.001
AIRPOT,1648535944994,1648535945122,4,0,0.097,0.434,-0.895,0.008,0.008,-0.005
AIRPOT,1648535945018,1648535945146,4,0,0.096,0.436,-0.895,0.004,-0.005,-0.008
AIRPOT,1648535945080,1648535945208,4,0,0.094,0.436,-0.895,0.003,0.015,-0.012
AIRPOT,1648535945097,1648535945225,4,0,0.094,0.436,-0.895,0.003,0.007,-0.017
AIRPOT,1648535945134,1648535945262,4,0,0.094,0.434,-0.896,-0.005,-0.017,-0.005
AIRPOT,1648535945199,1648535945327,4,0,0.093,0.430,-0.898,-0.004,-0.027,0.007
AIRPOT,1648535945233,1648535945361,4,0,0.092,0.426,-0.900,0.007,-0.037,0.002
AIRPOT,1648535945255,1648535945383,4,0,0.091,0.424,-0.901,0.008,-0.006,0.005
AIRPOT,1648535945316,1648535945444,4,0,0.091,0.425,-0.901,0.013,-0.016,0.003
AIRPOT,1648535945335,1648535945463,4,0,0.093,0.427,-0.900,0.013,-0.002,-0.000
AIRPOT,1648535945400,1648535945528,4,0,0.095,0.429,-0.898,0.015,0.000,-0.007
AIRPOT,1648535945416,1648535945544,4,0,0.096,0.430,-0.898,0.011,-0.005,0.002
AIRPOT,1648535945475,1648535945603,4,0,0.097,0.429,-0.898,0.014,-0.005,0.002
AIRPOT,1648535945494,1648535945622,4,0,0.097,0.428,-0.899,0.016,-0.005,0.003
AIRPOT,1648535945532,1648535945660,4,0,0.098,0.428,-0.899,0.014,-0.003,0.008
AIRPOT,1648535945592,1648535945720,4,0,0.099,0.429,-0.898,0.011,-0.006,0.001
AIRPOT,1648535945615,1648535945743,4,0,0.100,0.431,-0.897,0.010,-0.008,0.005
AIRPOT,1648535945673,1648535945801,4,0,0.098,0.432,-0.896,0.007,0.002,0.009
AIRPOT,1648535945694,1648535945822,4,0,0.095,0.434,-0.896,0.017,0.028,-0.011
AIRPOT,1648535945735,1648535945863,4,0,0.094,0.434,-0.896,0.003,-0.005,0.001
AIRPOT,1648535945773,1648535945901,4,0,0.094,0.433,-0.897,0.008,-0.027,-0.007
AIRPOT,1648535945814,1648535945942,4,0,0.093,0.432,-0.897,0.011,-0.010,0.004
AIRPOT,1648535945855,1648535945983,4,0,0.093,0.434,-0.896,0.010,-0.022,0.010
AIRPOT,1648535945893,1648535946021,4,0,0.093,0.436,-0.895,0.002,0.000,0.001
AIRPOT,1648535945934,1648535946062,4,0,0.095,0.439,-0.894,0.006,-0.006,-0.004
AIRPOT,1648535945978,1648535946106,4,0,0.098,0.440,-0.893,0.003,-0.028,-0.009
AIRPOT,1648535946012,1648535946140,4,0,0.100,0.440,-0.892,0.003,0.020,-0.025
AIRPOT,1648535946053,1648535946181,4,0,0.103,0.442,-0.891,0.008,0.036,0.014
AIRPOT,1648535946114,1648535946242,4,0,0.106,0.444,-0.890,-0.001,0.011,0.025
AIRPOT,1648535946134,1648535946262,4,0,0.105,0.443,-0.890,0.002,-0.011,0.016
AIRPOT,1648535946173,1648535946301,4,0,0.102,0.441,-0.892,-0.014,-0.033,0.006
AIRPOT,1648535946215,1648535946343,4,0,0.099,0.439,-0.893,-0.006,-0.018,0.005
AIRPOT,1648535946273,1648535946401,4,0,0.096,0.440,-0.893,0.010,0.021,0.003
AIRPOT,1648535946293,1648535946421,4,0,0.097,0.444,-0.891,0.008,0.037,0.001
AIRPOT,1648535946337,1648535946465,4,0,0.099,0.448,-0.889,-0.005,0.011,-0.013
AIRPOT,1648535946373,1648535946501,4,0,0.102,0.448,-0.888,-0.003,-0.003,-0.016
AIRPOT,1648535946413,1648535946541,4,0,0.104,0.445,-0.890,-0.009,-0.003,0.027
AIRPOT,1648535946457,1648535946585,4,0,0.104,0.442,-0.891,0.012,-0.012,0.013
AIRPOT,1648535946493,1648535946621,4,0,0.106,0.441,-0.891,0.011,-0.007,0.025
AIRPOT,1648535946533,1648535946661,4,0,0.108,0.441,-0.891,0.017,-0.003,0.006
AIRPOT,1648535946573,1648535946701,4,0,0.109,0.443,-0.890,0.015,0.007,0.006
AIRPOT,1648535946613,1648535946741,4,0,0.111,0.447,-0.888,0.015,0.025,-0.010
AIRPOT,1648535946654,1648535946782,4,0,0.113,0.450,-0.886,0.001,0.019,-0.004
AIRPOT,1648535946693,1648535946821,4,0,0.114,0.451,-0.885,-0.000,0.002,-0.001
AIRPOT,1648535946733,1648535946861,4,0,0.114,0.449,-0.886,0.010,-0.000,-0.001
AIRPOT,1648535946774,1648535946902,4,0,0.115,0.448,-0.887,0.009,0.001,0.007
AIRPOT,1648535946815,1648535946943,4,0,0.116,0.447,-0.887,0.013,-0.009,0.001
AIRPOT,1648535946853,1648535946981,4,0,0.116,0.448,-0.886,0.011,-0.012,0.007
AIRPOT,1648535946894,1648535947022,4,0,0.114,0.450,-0.886,0.010,-0.008,0.010
AIRPOT,1648535947014,1648535947142,4,0,0.105,0.453,-0.885,-0.000,0.011,0.006
AIRPOT,1648535947055,1648535947183,4,0,0.103,0.455,-0.885,0.000,0.018,-0.003
AIRPOT,1648535947093,1648535947221,4,0,0.102,0.456,-0.884,-0.001,0.008,-0.005
AIRPOT,1648535947134,1648535947262,4,0,0.102,0.456,-0.884,0.002,0.010,0.004
AIRPOT,1648535947175,1648535947303,4,0,0.102,0.455,-0.885,0.025,-0.028,-0.010
AIRPOT,1648535947212,1648535947340,4,0,0.101,0.454,-0.885,0.032,0.056,0.003
AIRPOT,1648535947254,1648535947382,4,0,0.100,0.458,-0.884,0.042,0.092,0.005
AIRPOT,1648535947295,1648535947423,4,0,0.099,0.461,-0.882,0.041,0.138,0.032
AIRPOT,1648535947334,1648535947462,4,0,0.096,0.461,-0.882,0.056,0.124,0.008
AIRPOT,1648535947374,1648535947502,4,0,0.093,0.455,-0.886,0.064,0.123,-0.005
AIRPOT,1648535947415,1648535947543,4,0,0.088,0.445,-0.891,0.061,0.100,-0.008
AIRPOT,1648535947452,1648535947580,4,0,0.082,0.432,-0.898,0.079,0.103,-0.007
AIRPOT,1648535947493,1648535947621,4,0,0.080,0.415,-0.906,0.099,0.091,0.009
AIRPOT,1648535947534,1648535947662,4,0,0.081,0.395,-0.915,0.121,0.091,0.034
AIRPOT,1648535947574,1648535947702,4,0,0.085,0.371,-0.925,0.123,0.070,0.048
AIRPOT,1648535947613,1648535947741,4,0,0.088,0.345,-0.934,0.111,0.046,0.058
AIRPOT,1648535947657,1648535947785,4,0,0.089,0.321,-0.943,0.105,-0.008,0.070
AIRPOT,1648535947694,1648535947822,4,0,0.086,0.300,-0.950,0.087,0.021,0.060
AIRPOT,1648535947733,1648535947861,4,0,0.080,0.284,-0.956,0.079,-0.045,0.084
AIRPOT,1648535947775,1648535947903,4,0,0.066,0.262,-0.963,0.018,-0.074,0.060
AIRPOT,1648535947813,1648535947941,4,0,0.048,0.236,-0.971,0.011,-0.050,0.024
AIRPOT,1648535947854,1648535947982,4,0,0.032,0.209,-0.977,-0.007,-0.089,0.052
AIRPOT,1648535947894,1648535948022,4,0,0.014,0.182,-0.983,-0.017,-0.088,0.019
AIRPOT,1648535947934,1648535948062,4,0,-0.003,0.160,-0.987,-0.043,-0.154,0.007
AIRPOT,1648535947976,1648535948104,4,0,-0.025,0.140,-0.990,-0.072,-0.159,-0.024
AIRPOT,1648535948017,1648535948145,4,0,-0.049,0.120,-0.992,-0.125,-0.147,0.001
AIRPOT,1648535948053,1648535948181,4,0,-0.079,0.093,-0.993,-0.168,-0.122,0.009
AIRPOT,1648535948087,1648535948215,4,0,-0.112,0.061,-0.992,-0.175,-0.118,0.000
AIRPOT,1648535948138,1648535948266,4,0,-0.140,0.027,-0.990,-0.140,-0.025,-0.021
AIRPOT,1648535948174,1648535948302,4,0,-0.157,0.006,-0.988,-0.101,-0.027,-0.012
AIRPOT,1648535948213,1648535948341,4,0,-0.163,-0.006,-0.987,-0.073,-0.050,0.022
AIRPOT,1648535948260,1648535948388,4,0,-0.167,-0.011,-0.986,-0.033,-0.022,0.004
AIRPOT,1648535948295,1648535948423,4,0,-0.170,-0.010,-0.985,-0.018,-0.040,0.001
AIRPOT,1648535948334,1648535948462,4,0,-0.171,-0.006,-0.985,-0.009,-0.084,-0.002
AIRPOT,1648535948376,1648535948504,4,0,-0.167,-0.000,-0.986,0.001,-0.099,-0.030
AIRPOT,1648535948413,1648535948541,4,0,-0.159,0.009,-0.987,-0.003,-0.241,-0.007
AIRPOT,1648535948454,1648535948582,4,0,-0.151,0.023,-0.988,-0.044,-0.226,0.021
AIRPOT,1648535948495,1648535948623,4,0,-0.149,0.047,-0.988,-0.102,-0.228,0.015
AIRPOT,1648535948533,1648535948661,4,0,-0.151,0.070,-0.986,-0.192,-0.231,0.040
AIRPOT,1648535948574,1648535948702,4,0,-0.159,0.081,-0.984,-0.238,-0.170,0.038
AIRPOT,1648535948615,1648535948743,4,0,-0.167,0.080,-0.983,-0.246,-0.076,0.031
AIRPOT,1648535948652,1648535948780,4,0,-0.175,0.075,-0.982,-0.264,0.051,0.040
AIRPOT,1648535948693,1648535948821,4,0,-0.179,0.069,-0.981,-0.219,0.098,0.003
AIRPOT,1648535948732,1648535948860,4,0,-0.177,0.060,-0.982,-0.202,0.135,0.020
AIRPOT,1648535948774,1648535948902,4,0,-0.172,0.048,-0.984,-0.136,0.191,0.041
AIRPOT,1648535948813,1648535948941,4,0,-0.166,0.039,-0.985,-0.129,0.235,0.052
AIRPOT,1648535948858,1648535948986,4,0,-0.158,0.032,-0.987,-0.082,0.163,-0.034
AIRPOT,1648535948893,1648535949021,4,0,-0.147,0.023,-0.989,-0.095,0.163,0.039
AIRPOT,1648535948931,1648535949059,4,0,-0.140,0.018,-0.990,-0.089,0.088,0.018
AIRPOT,1648535948978,1648535949106,4,0,-0.132,0.013,-0.991,-0.081,0.077,0.052
AIRPOT,1648535949014,1648535949142,4,0,-0.126,0.010,-0.992,-0.081,0.074,0.008
AIRPOT,1648535949054,1648535949182,4,0,-0.120,0.012,-0.993,-0.071,0.104,0.030
AIRPOT,1648535949102,1648535949230,4,0,-0.113,0.018,-0.993,-0.077,0.095,0.006
AIRPOT,1648535949133,1648535949261,4,0,-0.106,0.025,-0.994,-0.049,0.092,-0.001
AIRPOT,1648535949173,1648535949301,4,0,-0.095,0.027,-0.995,-0.039,0.130,0.033
AIRPOT,1648535949218,1648535949346,4,0,-0.089,0.032,-0.996,0.017,0.133,0.020
AIRPOT,1648535949252,1648535949380,4,0,-0.086,0.044,-0.995,0.012,0.108,0.059
AIRPOT,1648535949292,1648535949420,4,0,-0.089,0.063,-0.994,0.034,0.103,0.011
AIRPOT,1648535949337,1648535949465,4,0,-0.089,0.088,-0.992,-0.003,0.093,0.010
AIRPOT,1648535949368,1648535949496,4,0,-0.088,0.120,-0.989,-0.052,0.046,-0.034
AIRPOT,1648535949414,1648535949542,4,0,-0.081,0.148,-0.986,-0.064,-0.005,-0.038
AIRPOT,1648535949455,1648535949583,4,0,-0.065,0.163,-0.984,-0.072,-0.043,-0.052
AIRPOT,1648535949493,1648535949621,4,0,-0.046,0.166,-0.985,-0.110,-0.123,0.019
AIRPOT,1648535949536,1648535949664,4,0,-0.036,0.157,-0.987,-0.084,-0.171,0.012
AIRPOT,1648535949574,1648535949702,4,0,-0.036,0.145,-0.989,-0.052,-0.112,0.033
AIRPOT,1648535949615,1648535949743,4,0,-0.043,0.135,-0.990,0.023,-0.099,-0.017
AIRPOT,1648535949654,1648535949782,4,0,-0.047,0.128,-0.991,0.019,-0.065,-0.043
AIRPOT,1648535949693,1648535949821,4,0,-0.050,0.124,-0.991,0.040,-0.050,0.020
AIRPOT,1648535949734,1648535949862,4,0,-0.057,0.123,-0.991,0.061,-0.063,0.014
AIRPOT,1648535949774,1648535949902,4,0,-0.066,0.123,-0.990,0.052,-0.076,0.023
AIRPOT,1648535949817,1648535949945,4,0,-0.075,0.121,-0.990,0.037,-0.101,-0.024
AIRPOT,1648535949853,1648535949981,4,0,-0.081,0.114,-0.990,-0.030,-0.036,0.005
AIRPOT,1648535949893,1648535950021,4,0,-0.087,0.106,-0.991,-0.054,-0.042,0.022
AIRPOT,1648535949939,1648535950067,4,0,-0.092,0.096,-0.991,-0.057,-0.044,-0.002
AIRPOT,1648535949974,1648535950102,4,0,-0.094,0.084,-0.992,-0.115,-0.017,0.018
AIRPOT,1648535950016,1648535950144,4,0,-0.100,0.069,-0.993,-0.112,0.061,0.023
AIRPOT,1648535950054,1648535950182,4,0,-0.108,0.049,-0.993,-0.112,0.046,-0.010
AIRPOT,1648535950095,1648535950223,4,0,-0.119,0.015,-0.993,-0.090,0.025,-0.013
AIRPOT,1648535950134,1648535950262,4,0,-0.130,-0.032,-0.991,-0.056,0.064,0.007
AIRPOT,1648535950173,1648535950301,4,0,-0.137,-0.073,-0.988,-0.022,0.084,0.005
AIRPOT,1648535950213,1648535950341,4,0,-0.143,-0.096,-0.985,-0.046,0.063,0.031
AIRPOT,1648535950254,1648535950382,4,0,-0.151,-0.108,-0.983,-0.031,-0.042,-0.010
AIRPOT,1648535950295,1648535950423,4,0,-0.157,-0.123,-0.980,-0.003,-0.067,-0.040
AIRPOT,1648535950334,1648535950462,4,0,-0.157,-0.143,-0.977,0.009,-0.049,-0.019
AIRPOT,1648535950373,1648535950501,4,0,-0.154,-0.163,-0.975,0.036,-0.023,0.020
AIRPOT,1648535950418,1648535950546,4,0,-0.152,-0.176,-0.973,0.050,-0.004,-0.012
AIRPOT,1648535950453,1648535950581,4,0,-0.148,-0.176,-0.973,0.062,0.013,-0.002
AIRPOT,1648535950492,1648535950620,4,0,-0.144,-0.170,-0.975,0.049,-0.064,0.021
AIRPOT,1648535950533,1648535950661,4,0,-0.143,-0.166,-0.976,0.024,-0.028,0.006
AIRPOT,1648535950573,1648535950701,4,0,-0.144,-0.161,-0.976,0.007,-0.011,0.007
AIRPOT,1648535950607,1648535950735,4,0,-0.143,-0.152,-0.978,-0.006,0.021,-0.015
AIRPOT,1648535950660,1648535950788,4,0,-0.144,-0.142,-0.979,-0.018,-0.003,0.009
AIRPOT,1648535950693,1648535950821,4,0,-0.145,-0.136,-0.980,-0.030,0.017,0.001
AIRPOT,1648535950734,1648535950862,4,0,-0.146,-0.135,-0.980,-0.031,0.017,0.016
AIRPOT,1648535950775,1648535950903,4,0,-0.148,-0.134,-0.980,-0.000,0.012,-0.024
AIRPOT,1648535950811,1648535950939,4,0,-0.146,-0.135,-0.980,-0.042,0.026,0.071
AIRPOT,1648535950855,1648535950983,4,0,-0.151,-0.133,-0.980,-0.019,-0.002,-0.037
AIRPOT,1648535950894,1648535951022,4,0,-0.151,-0.134,-0.980,0.002,-0.044,-0.016
AIRPOT,1648535950933,1648535951061,4,0,-0.152,-0.138,-0.979,0.013,0.012,0.001
AIRPOT,1648535950974,1648535951102,4,0,-0.153,-0.138,-0.979,0.017,-0.013,0.016
AIRPOT,1648535951017,1648535951145,4,0,-0.155,-0.137,-0.978,0.021,0.018,-0.006
AIRPOT,1648535951052,1648535951180,4,0,-0.156,-0.132,-0.979,-0.010,0.013,0.009
AIRPOT,1648535951093,1648535951221,4,0,-0.157,-0.127,-0.979,0.010,0.000,-0.008
AIRPOT,1648535951134,1648535951262,4,0,-0.156,-0.122,-0.980,-0.002,0.001,0.012
AIRPOT,1648535951173,1648535951301,4,0,-0.156,-0.118,-0.981,-0.022,0.014,0.009
AIRPOT,1648535951214,1648535951342,4,0,-0.157,-0.114,-0.981,-0.025,0.005,-0.010
AIRPOT,1648535951274,1648535951402,4,0,-0.157,-0.113,-0.981,-0.026,-0.001,0.011
AIRPOT,1648535951294,1648535951422,4,0,-0.159,-0.111,-0.981,-0.001,-0.010,-0.011
AIRPOT,1648535951333,1648535951461,4,0,-0.160,-0.109,-0.981,-0.016,-0.020,0.023
AIRPOT,1648535951375,1648535951503,4,0,-0.162,-0.109,-0.981,-0.001,-0.007,-0.007
AIRPOT,1648535951411,1648535951539,4,0,-0.163,-0.109,-0.981,-0.000,-0.002,-0.002
AIRPOT,1648535951438,1648535951566,4,0,-0.164,-0.110,-0.980,-0.000,0.015,-0.006
AIRPOT,1648535951497,1648535951625,4,0,-0.164,-0.111,-0.980,0.022,-0.012,0.001
AIRPOT,1648535951534,1648535951662,4,0,-0.165,-0.113,-0.980,-0.008,0.010,0.012
AIRPOT,1648535951559,1648535951687,4,0,-0.167,-0.116,-0.979,-0.000,-0.003,-0.015
AIRPOT,1648535951618,1648535951746,4,0,-0.168,-0.118,-0.979,-0.019,0.003,0.030
AIRPOT,1648535951653,1648535951781,4,0,-0.171,-0.119,-0.978,-0.011,-0.022,-0.029
AIRPOT,1648535951677,1648535951805,4,0,-0.170,-0.121,-0.978,-0.040,-0.022,0.028
AIRPOT,1648535951737,1648535951865,4,0,-0.170,-0.123,-0.978,-0.000,-0.010,-0.023
AIRPOT,1648535951774,1648535951902,4,0,-0.167,-0.123,-0.978,-0.017,0.044,0.021
AIRPOT,1648535951797,1648535951925,4,0,-0.167,-0.121,-0.979,0.010,-0.052,-0.016
AIRPOT,1648535951837,1648535951965,4,0,-0.164,-0.121,-0.979,-0.032,0.008,0.037
AIRPOT,1648535951894,1648535952022,4,0,-0.163,-0.119,-0.979,0.019,-0.037,-0.025
AIRPOT,1648535951928,1648535952056,4,0,-0.161,-0.114,-0.980,-0.014,0.020,0.028
AIRPOT,1648535951975,1648535952103,4,0,-0.160,-0.108,-0.981,0.023,0.034,-0.034
AIRPOT,1648535952012,1648535952140,4,0,-0.160,-0.101,-0.982,-0.034,0.002,0.026
AIRPOT,1648535952034,1648535952162,4,0,-0.160,-0.101,-0.982,0.027,0.022,0.008
AIRPOT,1648535952095,1648535952223,4,0,-0.162,-0.101,-0.982,0.009,-0.015,-0.013
AIRPOT,1648535952133,1648535952261,4,0,-0.162,-0.108,-0.981,-0.017,0.048,0.073
AIRPOT,1648535952154,1648535952282,4,0,-0.169,-0.107,-0.980,0.007,0.014,-0.065
AIRPOT,1648535952215,1648535952343,4,0,-0.168,-0.109,-0.980,-0.057,-0.006,0.052
AIRPOT,1648535952252,1648535952380,4,0,-0.171,-0.108,-0.979,-0.011,-0.027,-0.081
AIRPOT,1648535952277,1648535952405,4,0,-0.167,-0.113,-0.980,-0.037,-0.007,0.037
AIRPOT,1648535952338,1648535952466,4,0,-0.165,-0.115,-0.980,0.031,0.007,-0.010
AIRPOT,1648535952354,1648535952482,4,0,-0.163,-0.115,-0.980,-0.000,0.042,0.029
AIRPOT,1648535952398,1648535952526,4,0,-0.163,-0.116,-0.980,0.013,0.010,-0.008
AIRPOT,1648535952434,1648535952562,4,0,-0.166,-0.118,-0.979,0.005,0.009,-0.028
AIRPOT,1648535952473,1648535952601,4,0,-0.167,-0.118,-0.979,-0.022,-0.017,0.004
AIRPOT,1648535952517,1648535952645,4,0,-0.167,-0.113,-0.979,0.012,-0.037,-0.042
AIRPOT,1648535952578,1648535952706,4,0,-0.163,-0.105,-0.981,0.004,-0.044,0.009
AIRPOT,1648535952595,1648535952723,4,0,-0.159,-0.097,-0.983,0.035,-0.066,0.020
AIRPOT,1648535952635,1648535952763,4,0,-0.157,-0.091,-0.983,0.036,0.034,-0.012
AIRPOT,1648535952673,1648535952801,4,0,-0.155,-0.086,-0.984,-0.002,-0.034,0.033
AIRPOT,1648535952713,1648535952841,4,0,-0.154,-0.090,-0.984,-0.015,0.068,0.028
AIRPOT,1648535952757,1648535952885,4,0,-0.152,-0.092,-0.984,-0.005,-0.079,-0.018
AIRPOT,1648535952794,1648535952922,4,0,-0.152,-0.103,-0.983,-0.091,0.080,0.088
AIRPOT,1648535952834,1648535952962,4,0,-0.155,-0.106,-0.982,0.076,-0.092,-0.079
AIRPOT,1648535952875,1648535953003,4,0,-0.155,-0.111,-0.982,-0.048,0.041,-0.049
AIRPOT,1648535952913,1648535953041,4,0,-0.150,-0.115,-0.982,0.000,-0.013,0.100
AIRPOT,1648535952953,1648535953081,4,0,-0.152,-0.117,-0.982,0.007,-0.039,-0.078
AIRPOT,1648535952999,1648535953127,4,0,-0.150,-0.128,-0.980,0.014,0.032,0.022
AIRPOT,1648535953033,1648535953161,4,0,-0.149,-0.133,-0.980,0.050,0.002,-0.002
AIRPOT,1648535953074,1648535953202,4,0,-0.151,-0.137,-0.979,-0.036,0.017,0.039
AIRPOT,1648535953117,1648535953245,4,0,-0.154,-0.141,-0.978,-0.006,0.048,-0.038
AIRPOT,1648535953157,1648535953285,4,0,-0.155,-0.139,-0.978,-0.078,-0.001,0.008
AIRPOT,1648535953192,1648535953320,4,0,-0.152,-0.143,-0.978,-0.003,-0.047,-0.020
AIRPOT,1648535953237,1648535953365,4,0,-0.151,-0.150,-0.977,0.030,-0.005,0.052
AIRPOT,1648535953273,1648535953401,4,0,-0.154,-0.152,-0.976,0.022,0.008,-0.054
AIRPOT,1648535953313,1648535953441,4,0,-0.154,-0.155,-0.976,-0.034,0.064,0.117
AIRPOT,1648535953354,1648535953482,4,0,-0.162,-0.155,-0.975,0.005,-0.042,-0.101
AIRPOT,1648535953393,1648535953521,4,0,-0.159,-0.158,-0.975,-0.047,0.013,0.065
AIRPOT,1648535953434,1648535953562,4,0,-0.161,-0.158,-0.974,0.037,-0.020,-0.047
AIRPOT,1648535953474,1648535953602,4,0,-0.161,-0.160,-0.974,-0.027,0.027,0.047
AIRPOT,1648535953512,1648535953640,4,0,-0.163,-0.161,-0.973,0.015,-0.003,-0.026
AIRPOT,1648535953554,1648535953682,4,0,-0.163,-0.162,-0.973,-0.012,-0.023,0.039
AIRPOT,1648535953595,1648535953723,4,0,-0.164,-0.163,-0.973,0.050,-0.011,-0.009
AIRPOT,1648535953633,1648535953761,4,0,-0.165,-0.162,-0.973,0.016,-0.013,-0.018
AIRPOT,1648535953673,1648535953801,4,0,-0.165,-0.163,-0.973,-0.017,0.012,0.054
AIRPOT,1648535953718,1648535953846,4,0,-0.169,-0.161,-0.972,0.031,0.005,-0.059
AIRPOT,1648535953753,1648535953881,4,0,-0.168,-0.162,-0.972,-0.014,0.019,0.058
AIRPOT,1648535953795,1648535953923,4,0,-0.170,-0.162,-0.972,-0.003,0.012,-0.034
AIRPOT,1648535953836,1648535953964,4,0,-0.171,-0.164,-0.972,-0.030,0.001,0.006
AIRPOT,1648535953874,1648535954002,4,0,-0.171,-0.167,-0.971,0.001,-0.006,0.006
AIRPOT,1648535953915,1648535954043,4,0,-0.172,-0.168,-0.971,0.002,-0.004,0.009
AIRPOT,1648535953956,1648535954084,4,0,-0.173,-0.170,-0.970,-0.005,-0.009,0.013
AIRPOT,1648535954033,1648535954161,4,0,-0.179,-0.170,-0.969,-0.016,-0.004,0.003
AIRPOT,1648535954073,1648535954201,4,0,-0.181,-0.168,-0.969,-0.032,-0.002,0.002
AIRPOT,1648535954112,1648535954240,4,0,-0.182,-0.167,-0.969,-0.022,-0.006,-0.007
AIRPOT,1648535954154,1648535954282,4,0,-0.182,-0.166,-0.969,-0.005,-0.013,0.011
AIRPOT,1648535954195,1648535954323,4,0,-0.182,-0.164,-0.970,0.005,-0.030,0.010
AIRPOT,1648535954234,1648535954362,4,0,-0.182,-0.166,-0.969,0.007,0.007,0.008
AIRPOT,1648535954274,1648535954402,4,0,-0.184,-0.164,-0.969,0.002,0.007,0.008
AIRPOT,1648535954315,1648535954443,4,0,-0.186,-0.160,-0.969,0.008,-0.011,-0.005
AIRPOT,1648535954353,1648535954481,4,0,-0.188,-0.156,-0.970,-0.011,0.006,-0.010
AIRPOT,1648535954392,1648535954520,4,0,-0.187,-0.155,-0.970,0.020,-0.001,0.006
AIRPOT,1648535954437,1648535954565,4,0,-0.188,-0.153,-0.970,0.015,0.024,-0.006
AIRPOT,1648535954474,1648535954602,4,0,-0.187,-0.148,-0.971,0.038,0.016,0.000
AIRPOT,1648535954514,1648535954642,4,0,-0.189,-0.143,-0.972,-0.022,-0.010,-0.001
AIRPOT,1648535954558,1648535954686,4,0,-0.189,-0.139,-0.972,-0.023,0.032,-0.000
AIRPOT,1648535954594,1648535954722,4,0,-0.189,-0.135,-0.973,-0.025,-0.032,-0.013
AIRPOT,1648535954635,1648535954763,4,0,-0.187,-0.132,-0.973,-0.031,0.002,0.002
AIRPOT,1648535954675,1648535954803,4,0,-0.183,-0.130,-0.975,0.039,-0.020,0.020
AIRPOT,1648535954712,1648535954840,4,0,-0.181,-0.124,-0.976,-0.008,-0.052,0.001
AIRPOT,1648535954753,1648535954881,4,0,-0.179,-0.123,-0.976,0.011,0.026,0.018
AIRPOT,1648535954800,1648535954928,4,0,-0.178,-0.118,-0.977,-0.009,-0.057,0.001
AIRPOT,1648535954842,1648535954970,4,0,-0.176,-0.116,-0.977,0.015,0.090,0.035
AIRPOT,1648535954873,1648535955001,4,0,-0.179,-0.110,-0.978,-0.022,-0.012,-0.020
AIRPOT,1648535954917,1648535955045,4,0,-0.178,-0.111,-0.978,-0.045,-0.023,0.000
AIRPOT,1648535954953,1648535955081,4,0,-0.175,-0.110,-0.978,0.026,-0.042,-0.003
AIRPOT,1648535954992,1648535955120,4,0,-0.175,-0.109,-0.979,0.021,0.005,-0.007
AIRPOT,1648535955037,1648535955165,4,0,-0.173,-0.106,-0.979,-0.001,0.015,0.028
AIRPOT,1648535955073,1648535955201,4,0,-0.175,-0.101,-0.979,0.008,0.019,-0.054
AIRPOT,1648535955116,1648535955244,4,0,-0.173,-0.098,-0.980,-0.026,0.011,0.033
AIRPOT,1648535955159,1648535955287,4,0,-0.173,-0.098,-0.980,0.016,0.015,-0.038
AIRPOT,1648535955194,1648535955322,4,0,-0.171,-0.101,-0.980,0.006,-0.002,0.037
AIRPOT,1648535955233,1648535955361,4,0,-0.175,-0.102,-0.979,0.003,0.006,-0.021
AIRPOT,1648535955277,1648535955405,4,0,-0.175,-0.105,-0.979,-0.011,0.017,0.063
AIRPOT,1648535955312,1648535955440,4,0,-0.181,-0.103,-0.978,0.015,-0.068,-0.039
AIRPOT,1648535955353,1648535955481,4,0,-0.184,-0.107,-0.977,-0.068,0.054,-0.054
AIRPOT,1648535955406,1648535955534,4,0,-0.177,-0.109,-0.978,0.046,-0.031,0.117
AIRPOT,1648535955432,1648535955560,4,0,-0.181,-0.108,-0.978,0.002,0.014,-0.109
AIRPOT,1648535955473,1648535955601,4,0,-0.179,-0.112,-0.977,-0.012,0.047,0.022
AIRPOT,1648535955515,1648535955643,4,0,-0.178,-0.110,-0.978,0.010,-0.084,-0.005
AIRPOT,1648535955554,1648535955682,4,0,-0.176,-0.112,-0.978,0.002,0.038,-0.043
AIRPOT,1648535955594,1648535955722,4,0,-0.172,-0.116,-0.978,-0.035,0.036,0.105
AIRPOT,1648535955634,1648535955762,4,0,-0.177,-0.121,-0.977,0.031,-0.017,-0.074
AIRPOT,1648535955672,1648535955800,4,0,-0.175,-0.130,-0.976,-0.027,0.040,0.051
AIRPOT,1648535955713,1648535955841,4,0,-0.175,-0.134,-0.975,0.028,-0.003,-0.026
AIRPOT,1648535955754,1648535955882,4,0,-0.175,-0.140,-0.974,0.026,-0.045,-0.005
AIRPOT,1648535955793,1648535955921,4,0,-0.174,-0.151,-0.973,-0.008,-0.003,0.041
AIRPOT,1648535955834,1648535955962,4,0,-0.177,-0.164,-0.970,0.011,0.026,-0.025
AIRPOT,1648535955878,1648535956006,4,0,-0.180,-0.179,-0.967,-0.071,0.020,0.043
AIRPOT,1648535955913,1648535956041,4,0,-0.180,-0.193,-0.965,0.028,0.002,-0.061
AIRPOT,1648535955952,1648535956080,4,0,-0.178,-0.205,-0.962,-0.005,-0.003,0.062
AIRPOT,1648535955995,1648535956123,4,0,-0.180,-0.216,-0.960,0.013,0.003,-0.043
AIRPOT,1648535956034,1648535956162,4,0,-0.180,-0.225,-0.958,-0.049,0.029,0.032
AIRPOT,1648535956073,1648535956201,4,0,-0.178,-0.228,-0.957,0.036,-0.078,-0.049
AIRPOT,1648535956117,1648535956245,4,0,-0.175,-0.230,-0.957,0.003,-0.013,0.007
AIRPOT,1648535956154,1648535956282,4,0,-0.172,-0.232,-0.957,-0.005,0.015,0.049
AIRPOT,1648535956193,1648535956321,4,0,-0.172,-0.230,-0.958,-0.017,0.019,-0.009
AIRPOT,1648535956233,1648535956361,4,0,-0.170,-0.228,-0.959,-0.017,-0.010,0.040
AIRPOT,1648535956271,1648535956399,4,0,-0.169,-0.229,-0.959,0.001,-0.018,-0.011
AIRPOT,1648535956314,1648535956442,4,0,-0.169,-0.229,-0.959,-0.001,0.024,0.031
AIRPOT,1648535956357,1648535956485,4,0,-0.170,-0.223,-0.960,-0.024,-0.028,-0.019
AIRPOT,1648535956393,1648535956521,4,0,-0.167,-0.220,-0.961,-0.011,-0.002,0.016
AIRPOT,1648535956431,1648535956559,4,0,-0.165,-0.216,-0.962,0.015,-0.011,0.007
AIRPOT,1648535956479,1648535956607,4,0,-0.165,-0.216,-0.962,0.021,0.029,-0.000
AIRPOT,1648535956512,1648535956640,4,0,-0.164,-0.215,-0.963,0.021,0.010,0.001
AIRPOT,1648535956552,1648535956680,4,0,-0.166,-0.213,-0.963,0.013,-0.019,0.020
AIRPOT,1648535956597,1648535956725,4,0,-0.169,-0.211,-0.963,0.002,0.013,-0.015
AIRPOT,1648535956634,1648535956762,4,0,-0.172,-0.208,-0.963,-0.005,0.003,-0.000
AIRPOT,1648535956673,1648535956801,4,0,-0.174,-0.206,-0.963,-0.013,-0.002,0.009
AIRPOT,1648535956716,1648535956844,4,0,-0.177,-0.206,-0.963,-0.021,-0.009,0.010
AIRPOT,1648535956754,1648535956882,4,0,-0.179,-0.207,-0.962,-0.018,-0.014,-0.003
AIRPOT,1648535956795,1648535956923,4,0,-0.180,-0.206,-0.962,-0.001,-0.012,-0.003
AIRPOT,1648535956835,1648535956963,4,0,-0.182,-0.203,-0.962,0.005,-0.012,-0.003
AIRPOT,1648535956870,1648535956998,4,0,-0.182,-0.201,-0.963,-0.008,-0.017,0.010
AIRPOT,1648535956902,1648535957030,4,0,-0.183,-0.197,-0.963,-0.003,-0.005,0.005
AIRPOT,1648535956957,1648535957085,4,0,-0.183,-0.193,-0.964,-0.003,-0.002,0.012
AIRPOT,1648535956993,1648535957121,4,0,-0.184,-0.189,-0.965,0.009,0.018,-0.020
AIRPOT,1648535957034,1648535957162,4,0,-0.182,-0.186,-0.965,0.002,-0.031,0.018
AIRPOT,1648535957075,1648535957203,4,0,-0.183,-0.186,-0.965,0.021,0.005,0.011
AIRPOT,1648535957114,1648535957242,4,0,-0.185,-0.184,-0.966,-0.005,-0.010,0.007
AIRPOT,1648535957153,1648535957281,4,0,-0.186,-0.181,-0.966,-0.036,0.002,0.013
AIRPOT,1648535957196,1648535957324,4,0,-0.184,-0.176,-0.967,-0.008,-0.022,-0.014
AIRPOT,1648535957234,1648535957362,4,0,-0.183,-0.172,-0.968,-0.003,0.015,0.009
AIRPOT,1648535957273,1648535957401,4,0,-0.183,-0.168,-0.969,0.018,0.013,-0.006
AIRPOT,1648535957316,1648535957444,4,0,-0.183,-0.163,-0.969,-0.024,-0.008,0.008
AIRPOT,1648535957354,1648535957482,4,0,-0.181,-0.160,-0.970,-0.022,-0.004,0.016
AIRPOT,1648535957392,1648535957520,4,0,-0.179,-0.157,-0.971,0.003,-0.017,-0.008
AIRPOT,1648535957435,1648535957563,4,0,-0.176,-0.155,-0.972,0.015,0.013,0.004
AIRPOT,1648535957474,1648535957602,4,0,-0.174,-0.152,-0.973,0.034,0.030,0.023
AIRPOT,1648535957505,1648535957633,4,0,-0.177,-0.148,-0.973,-0.006,-0.013,-0.002
AIRPOT,1648535957555,1648535957683,4,0,-0.179,-0.146,-0.973,-0.038,0.014,0.006
AIRPOT,1648535957593,1648535957721,4,0,-0.180,-0.146,-0.973,-0.018,-0.022,0.005
AIRPOT,1648535957634,1648535957762,4,0,-0.181,-0.147,-0.972,-0.007,-0.016,-0.013
AIRPOT,1648535957678,1648535957806,4,0,-0.178,-0.146,-0.973,0.014,-0.003,0.020
AIRPOT,1648535957715,1648535957843,4,0,-0.178,-0.145,-0.973,0.021,-0.001,-0.003
AIRPOT,1648535957752,1648535957880,4,0,-0.178,-0.146,-0.973,-0.013,0.043,0.003
AIRPOT,1648535957798,1648535957926,4,0,-0.179,-0.145,-0.973,-0.011,-0.027,-0.030
AIRPOT,1648535957833,1648535957961,4,0,-0.178,-0.146,-0.973,0.010,0.011,-0.007
AIRPOT,1648535957873,1648535958001,4,0,-0.177,-0.144,-0.974,-0.002,0.006,-0.001
AIRPOT,1648535957917,1648535958045,4,0,-0.178,-0.146,-0.973,0.034,0.019,-0.015
AIRPOT,1648535957953,1648535958081,4,0,-0.175,-0.145,-0.974,-0.009,-0.013,0.041
AIRPOT,1648535957980,1648535958108,4,0,-0.177,-0.148,-0.973,0.017,0.008,-0.048
AIRPOT,1648535958038,1648535958166,4,0,-0.172,-0.152,-0.973,0.010,-0.035,0.026
AIRPOT,1648535958072,1648535958200,4,0,-0.171,-0.155,-0.973,-0.000,0.040,-0.092
AIRPOT,1648535958116,1648535958244,4,0,-0.165,-0.157,-0.974,-0.040,-0.006,0.149
AIRPOT,1648535958158,1648535958286,4,0,-0.164,-0.155,-0.974,0.004,-0.050,-0.116
AIRPOT,1648535958192,1648535958320,4,0,-0.154,-0.156,-0.976,-0.019,0.014,0.089
AIRPOT,1648535958234,1648535958362,4,0,-0.151,-0.154,-0.976,-0.014,-0.030,-0.021
AIRPOT,1648535958278,1648535958406,4,0,-0.149,-0.161,-0.976,0.012,0.006,-0.018
AIRPOT,1648535958316,1648535958444,4,0,-0.148,-0.164,-0.975,0.008,0.019,0.041
AIRPOT,1648535958339,1648535958467,4,0,-0.148,-0.167,-0.975,0.053,-0.018,-0.014
AIRPOT,1648535958394,1648535958522,4,0,-0.152,-0.173,-0.973,0.026,0.036,-0.034
AIRPOT,1648535958434,1648535958562,4,0,-0.151,-0.177,-0.973,-0.000,-0.033,0.005
AIRPOT,1648535958457,1648535958585,4,0,-0.154,-0.182,-0.971,-0.005,-0.022,0.007
AIRPOT,1648535958518,1648535958646,4,0,-0.157,-0.186,-0.970,0.000,-0.034,-0.013
AIRPOT,1648535958553,1648535958681,4,0,-0.161,-0.192,-0.968,-0.016,0.013,0.007
AIRPOT,1648535958577,1648535958705,4,0,-0.165,-0.193,-0.967,0.016,-0.013,-0.014
AIRPOT,1648535958638,1648535958766,4,0,-0.169,-0.194,-0.966,-0.026,0.003,0.029
AIRPOT,1648535958674,1648535958802,4,0,-0.173,-0.194,-0.966,-0.001,-0.013,-0.021
AIRPOT,1648535958696,1648535958824,4,0,-0.173,-0.194,-0.966,-0.019,-0.016,-0.030
AIRPOT,1648535958756,1648535958884,4,0,-0.171,-0.195,-0.966,-0.006,-0.010,0.036
AIRPOT,1648535958794,1648535958922,4,0,-0.171,-0.194,-0.966,0.008,0.016,-0.017
AIRPOT,1648535958818,1648535958946,4,0,-0.170,-0.192,-0.966,0.016,-0.002,0.012
AIRPOT,1648535958878,1648535959006,4,0,-0.171,-0.192,-0.966,-0.005,0.014,0.012
AIRPOT,1648535958914,1648535959042,4,0,-0.172,-0.191,-0.967,-0.005,-0.022,0.020
AIRPOT,1648535958938,1648535959066,4,0,-0.174,-0.192,-0.966,-0.000,-0.004,0.000
AIRPOT,1648535958996,1648535959124,4,0,-0.175,-0.193,-0.965,0.011,-0.004,-0.002
AIRPOT,1648535959035,1648535959163,4,0,-0.177,-0.195,-0.965,-0.023,0.022,0.034
AIRPOT,1648535959057,1648535959185,4,0,-0.181,-0.196,-0.964,0.004,0.018,-0.021
AIRPOT,1648535959119,1648535959247,4,0,-0.181,-0.196,-0.964,-0.012,-0.006,0.005
AIRPOT,1648535959154,1648535959282,4,0,-0.181,-0.198,-0.963,-0.015,0.004,0.008
AIRPOT,1648535959177,1648535959305,4,0,-0.180,-0.198,-0.963,-0.019,-0.015,0.015
AIRPOT,1648535959214,1648535959342,4,0,-0.179,-0.197,-0.964,-0.001,-0.016,-0.025
AIRPOT,1648535959271,1648535959399,4,0,-0.176,-0.196,-0.965,0.029,-0.022,0.029
AIRPOT,1648535959297,1648535959425,4,0,-0.179,-0.194,-0.965,0.039,0.028,-0.007
AIRPOT,1648535959334,1648535959462,4,0,-0.179,-0.193,-0.965,-0.002,0.003,-0.003
AIRPOT,1648535959373,1648535959501,4,0,-0.178,-0.194,-0.965,-0.013,0.016,-0.004
AIRPOT,1648535959416,1648535959544,4,0,-0.175,-0.193,-0.965,-0.019,0.005,0.011
AIRPOT,1648535959455,1648535959583,4,0,-0.174,-0.192,-0.966,-0.018,0.007,0.024
AIRPOT,1648535959494,1648535959622,4,0,-0.174,-0.191,-0.966,-0.023,-0.010,0.000
AIRPOT,1648535959533,1648535959661,4,0,-0.174,-0.192,-0.966,0.005,-0.022,-0.004
AIRPOT,1648535959614,1648535959742,4,0,-0.169,-0.191,-0.967,0.011,0.041,-0.001
AIRPOT,1648535959655,1648535959783,4,0,-0.170,-0.189,-0.967,-0.019,0.002,0.017
AIRPOT,1648535959694,1648535959822,4,0,-0.172,-0.189,-0.967,0.014,-0.009,-0.009
AIRPOT,1648535959732,1648535959860,4,0,-0.173,-0.190,-0.966,0.012,-0.001,-0.005
AIRPOT,1648535959777,1648535959905,4,0,-0.172,-0.191,-0.966,0.012,0.012,0.029
AIRPOT,1648535959814,1648535959942,4,0,-0.173,-0.190,-0.966,0.011,-0.020,-0.008
AIRPOT,1648535959874,1648535960002,4,0,-0.174,-0.191,-0.966,-0.012,0.020,0.010
AIRPOT,1648535959898,1648535960026,4,0,-0.176,-0.189,-0.966,-0.029,-0.034,-0.010
AIRPOT,1648535959934,1648535960062,4,0,-0.175,-0.187,-0.967,-0.011,0.028,0.010
AIRPOT,1648535959975,1648535960103,4,0,-0.174,-0.183,-0.968,0.013,-0.023,-0.019
AIRPOT,1648535960017,1648535960145,4,0,-0.173,-0.182,-0.968,0.003,0.022,0.026
AIRPOT,1648535960054,1648535960182,4,0,-0.174,-0.180,-0.968,0.013,-0.006,-0.017
AIRPOT,1648535960093,1648535960221,4,0,-0.172,-0.176,-0.969,-0.032,0.008,0.019
AIRPOT,1648535960138,1648535960266,4,0,-0.172,-0.172,-0.970,0.001,-0.040,-0.006
AIRPOT,1648535960171,1648535960299,4,0,-0.169,-0.173,-0.970,0.014,0.003,0.020
AIRPOT,1648535960214,1648535960342,4,0,-0.169,-0.173,-0.970,0.031,-0.009,0.007
AIRPOT,1648535960257,1648535960385,4,0,-0.170,-0.174,-0.970,0.009,0.017,0.029
AIRPOT,1648535960294,1648535960422,4,0,-0.176,-0.171,-0.969,-0.045,-0.002,-0.033
AIRPOT,1648535960337,1648535960465,4,0,-0.172,-0.173,-0.970,-0.034,-0.037,0.043
AIRPOT,1648535960377,1648535960505,4,0,-0.174,-0.174,-0.969,0.024,-0.011,-0.067
AIRPOT,1648535960413,1648535960541,4,0,-0.168,-0.178,-0.970,-0.001,0.007,0.041
AIRPOT,1648535960452,1648535960580,4,0,-0.170,-0.178,-0.969,0.012,0.041,-0.019
AIRPOT,1648535960497,1648535960625,4,0,-0.169,-0.176,-0.970,-0.028,-0.034,0.008
AIRPOT,1648535960538,1648535960666,4,0,-0.170,-0.177,-0.969,-0.007,0.005,-0.010
AIRPOT,1648535960573,1648535960701,4,0,-0.169,-0.177,-0.970,-0.010,0.003,-0.026
AIRPOT,1648535960617,1648535960745,4,0,-0.165,-0.180,-0.970,0.059,0.004,0.047
AIRPOT,1648535960652,1648535960780,4,0,-0.166,-0.178,-0.970,0.025,-0.003,-0.020
AIRPOT,1648535960693,1648535960821,4,0,-0.165,-0.179,-0.970,0.011,0.005,0.043
AIRPOT,1648535960738,1648535960866,4,0,-0.168,-0.175,-0.970,-0.018,-0.031,-0.049
AIRPOT,1648535960771,1648535960899,4,0,-0.169,-0.177,-0.970,-0.033,0.034,0.002
AIRPOT,1648535960814,1648535960942,4,0,-0.170,-0.176,-0.970,-0.003,-0.073,-0.004
AIRPOT,1648535960857,1648535960985,4,0,-0.170,-0.179,-0.969,-0.034,0.065,-0.000
AIRPOT,1648535960898,1648535961026,4,0,-0.169,-0.178,-0.969,-0.011,-0.027,0.025
AIRPOT,1648535960934,1648535961062,4,0,-0.168,-0.177,-0.970,0.006,0.012,-0.025
AIRPOT,1648535960976,1648535961104,4,0,-0.167,-0.176,-0.970,0.060,-0.040,-0.010
AIRPOT,1648535961014,1648535961142,4,0,-0.166,-0.175,-0.971,0.026,0.015,0.018
AIRPOT,1648535961053,1648535961181,4,0,-0.170,-0.175,-0.970,-0.003,0.013,-0.014
AIRPOT,1648535961094,1648535961222,4,0,-0.171,-0.176,-0.969,-0.049,0.014,0.048
AIRPOT,1648535961133,1648535961261,4,0,-0.174,-0.174,-0.969,-0.006,-0.023,-0.061
AIRPOT,1648535961174,1648535961302,4,0,-0.171,-0.173,-0.970,-0.047,0.001,0.065
AIRPOT,1648535961215,1648535961343,4,0,-0.170,-0.173,-0.970,0.051,-0.027,-0.054
AIRPOT,1648535961252,1648535961380,4,0,-0.168,-0.177,-0.970,-0.006,0.018,0.035
AIRPOT,1648535961296,1648535961424,4,0,-0.166,-0.179,-0.970,-0.005,-0.010,-0.039
AIRPOT,1648535961333,1648535961461,4,0,-0.165,-0.182,-0.969,-0.004,0.026,0.022
AIRPOT,1648535961374,1648535961502,4,0,-0.163,-0.182,-0.970,-0.009,-0.004,0.016
AIRPOT,1648535961413,1648535961541,4,0,-0.162,-0.184,-0.970,-0.010,0.029,0.010
AIRPOT,1648535961455,1648535961583,4,0,-0.160,-0.184,-0.970,0.020,-0.017,0.003
AIRPOT,1648535961498,1648535961626,4,0,-0.162,-0.185,-0.969,-0.037,0.017,0.016
AIRPOT,1648535961533,1648535961661,4,0,-0.161,-0.186,-0.969,0.020,-0.027,-0.036
AIRPOT,1648535961576,1648535961704,4,0,-0.161,-0.187,-0.969,-0.003,-0.025,0.016
AIRPOT,1648535961613,1648535961741,4,0,-0.158,-0.188,-0.970,0.027,-0.001,0.029
AIRPOT,1648535961654,1648535961782,4,0,-0.161,-0.186,-0.969,0.032,0.019,-0.016
AIRPOT,1648535961698,1648535961826,4,0,-0.163,-0.185,-0.969,-0.038,0.006,0.017
AIRPOT,1648535961732,1648535961860,4,0,-0.165,-0.183,-0.969,-0.015,-0.012,-0.018
AIRPOT,1648535961774,1648535961902,4,0,-0.164,-0.182,-0.970,-0.021,0.005,0.008
AIRPOT,1648535961817,1648535961945,4,0,-0.162,-0.180,-0.970,0.011,-0.008,0.006
AIRPOT,1648535961856,1648535961984,4,0,-0.160,-0.179,-0.971,0.042,0.014,0.015
AIRPOT,1648535961893,1648535962021,4,0,-0.163,-0.177,-0.971,0.004,0.010,0.002
AIRPOT,1648535961938,1648535962066,4,0,-0.165,-0.179,-0.970,-0.017,0.007,0.005
AIRPOT,1648535961973,1648535962101,4,0,-0.166,-0.179,-0.970,-0.016,-0.011,-0.003
AIRPOT,1648535962013,1648535962141,4,0,-0.167,-0.182,-0.969,-0.001,-0.012,0.007
AIRPOT,1648535962058,1648535962186,4,0,-0.168,-0.184,-0.969,-0.018,-0.012,0.007
AIRPOT,1648535962094,1648535962222,4,0,-0.169,-0.186,-0.968,-0.009,-0.022,-0.012
AIRPOT,1648535962133,1648535962261,4,0,-0.169,-0.189,-0.967,-0.004,-0.018,0.018
AIRPOT,1648535962178,1648535962306,4,0,-0.170,-0.190,-0.967,-0.022,0.001,0.006
AIRPOT,1648535962214,1648535962342,4,0,-0.170,-0.190,-0.967,0.002,-0.019,0.003
AIRPOT,1648535962252,1648535962380,4,0,-0.172,-0.187,-0.967,0.004,-0.030,-0.003
AIRPOT,1648535962332,1648535962460,4,0,-0.173,-0.178,-0.969,0.011,0.009,-0.005
AIRPOT,1648535962295,1648535962423,4,0,-0.172,-0.183,-0.968,0.012,-0.009,0.009
AIRPOT,1648535962413,1648535962541,4,0,-0.174,-0.171,-0.970,0.018,0.038,-0.006
AIRPOT,1648535962453,1648535962581,4,0,-0.175,-0.166,-0.970,-0.012,-0.019,0.009
AIRPOT,1648535962494,1648535962622,4,0,-0.177,-0.165,-0.970,-0.004,-0.003,0.019
AIRPOT,1648535962535,1648535962663,4,0,-0.179,-0.162,-0.971,-0.010,-0.002,-0.011
AIRPOT,1648535962572,1648535962700,4,0,-0.179,-0.156,-0.971,-0.005,0.019,0.011
AIRPOT,1648535962612,1648535962740,4,0,-0.179,-0.146,-0.973,-0.017,-0.016,-0.031
AIRPOT,1648535962657,1648535962785,4,0,-0.175,-0.139,-0.975,-0.008,-0.008,0.015
AIRPOT,1648535962694,1648535962822,4,0,-0.174,-0.132,-0.976,-0.002,-0.013,-0.017
AIRPOT,1648535962733,1648535962861,4,0,-0.174,-0.127,-0.977,0.015,0.055,-0.010
AIRPOT,1648535962777,1648535962905,4,0,-0.175,-0.119,-0.977,0.027,-0.080,-0.007
AIRPOT,1648535962814,1648535962942,4,0,-0.176,-0.116,-0.977,0.004,0.003,-0.016
AIRPOT,1648535962852,1648535962980,4,0,-0.175,-0.110,-0.979,-0.014,0.019,0.045
AIRPOT,1648535962896,1648535963024,4,0,-0.175,-0.103,-0.979,-0.025,-0.046,0.012
AIRPOT,1648535962935,1648535963063,4,0,-0.174,-0.105,-0.979,-0.019,0.017,-0.004
AIRPOT,1648535962975,1648535963103,4,0,-0.175,-0.105,-0.979,0.036,-0.021,-0.023
AIRPOT,1648535963018,1648535963146,4,0,-0.175,-0.107,-0.979,-0.034,0.025,0.036
AIRPOT,1648535963054,1648535963182,4,0,-0.178,-0.108,-0.978,0.022,-0.003,-0.036
AIRPOT,1648535963093,1648535963221,4,0,-0.176,-0.107,-0.979,-0.028,-0.015,0.018
AIRPOT,1648535963138,1648535963266,4,0,-0.176,-0.108,-0.978,-0.000,0.018,-0.024
AIRPOT,1648535963172,1648535963300,4,0,-0.174,-0.109,-0.979,-0.007,-0.017,0.005
AIRPOT,1648535963202,1648535963330,4,0,-0.174,-0.111,-0.978,0.007,0.030,-0.006
AIRPOT,1648535963256,1648535963384,4,0,-0.174,-0.111,-0.978,-0.015,0.019,0.001
AIRPOT,1648535963294,1648535963422,4,0,-0.176,-0.113,-0.978,-0.010,0.008,-0.019
AIRPOT,1648535963336,1648535963464,4,0,-0.176,-0.117,-0.977,0.020,-0.022,-0.022
AIRPOT,1648535963378,1648535963506,4,0,-0.175,-0.123,-0.977,0.004,0.013,0.064
AIRPOT,1648535963413,1648535963541,4,0,-0.177,-0.122,-0.977,0.001,-0.058,-0.030
AIRPOT,1648535963449,1648535963577,4,0,-0.178,-0.128,-0.976,0.010,-0.081,-0.003
AIRPOT,1648535963494,1648535963622,4,0,-0.178,-0.138,-0.974,-0.054,0.052,0.054
AIRPOT,1648535963533,1648535963661,4,0,-0.176,-0.141,-0.974,0.052,-0.008,-0.106
AIRPOT,1648535963574,1648535963702,4,0,-0.171,-0.147,-0.974,-0.040,0.015,0.111
AIRPOT,1648535963615,1648535963743,4,0,-0.174,-0.156,-0.972,0.010,0.055,-0.039
AIRPOT,1648535963655,1648535963783,4,0,-0.177,-0.160,-0.971,0.001,-0.018,-0.011
AIRPOT,1648535963718,1648535963846,4,0,-0.176,-0.164,-0.971,-0.023,-0.070,-0.010
AIRPOT,1648535963738,1648535963866,4,0,-0.175,-0.170,-0.970,0.008,-0.003,-0.004
AIRPOT,1648535963772,1648535963900,4,0,-0.172,-0.172,-0.970,-0.007,0.030,0.041
AIRPOT,1648535963810,1648535963938,4,0,-0.173,-0.171,-0.970,0.012,0.022,-0.034
AIRPOT,1648535963858,1648535963986,4,0,-0.171,-0.175,-0.970,0.013,0.004,-0.017
AIRPOT,1648535963894,1648535964022,4,0,-0.168,-0.179,-0.969,0.050,0.002,-0.004
AIRPOT,1648535963933,1648535964061,4,0,-0.167,-0.184,-0.969,0.022,0.007,0.053
AIRPOT,1648535963977,1648535964105,4,0,-0.174,-0.188,-0.967,-0.011,-0.023,-0.012
AIRPOT,1648535964013,1648535964141,4,0,-0.177,-0.193,-0.965,-0.044,-0.006,0.008
AIRPOT,1648535964052,1648535964180,4,0,-0.178,-0.195,-0.965,0.010,-0.030,-0.007
AIRPOT,1648535964098,1648535964226,4,0,-0.180,-0.198,-0.964,0.006,-0.012,-0.015
AIRPOT,1648535964133,1648535964261,4,0,-0.180,-0.201,-0.963,0.000,0.006,0.022
AIRPOT,1648535964173,1648535964301,4,0,-0.183,-0.202,-0.962,-0.025,0.010,0.008
AIRPOT,1648535964217,1648535964345,4,0,-0.186,-0.203,-0.961,-0.044,0.002,0.005
AIRPOT,1648535964254,1648535964382,4,0,-0.189,-0.210,-0.959,-0.004,-0.003,0.037
AIRPOT,1648535964293,1648535964421,4,0,-0.192,-0.217,-0.957,0.036,0.021,-0.014
AIRPOT,1648535964337,1648535964465,4,0,-0.197,-0.226,-0.954,-0.027,0.022,-0.012
AIRPOT,1648535964377,1648535964505,4,0,-0.198,-0.235,-0.952,-0.027,0.000,0.004
AIRPOT,1648535964415,1648535964543,4,0,-0.198,-0.239,-0.951,0.017,-0.062,-0.019
AIRPOT,1648535964460,1648535964588,4,0,-0.197,-0.243,-0.950,0.024,0.007,-0.000
AIRPOT,1648535964493,1648535964621,4,0,-0.197,-0.241,-0.950,0.006,-0.016,0.029
AIRPOT,1648535964518,1648535964646,4,0,-0.198,-0.238,-0.951,0.016,0.004,-0.003
AIRPOT,1648535964578,1648535964706,4,0,-0.200,-0.234,-0.951,0.001,0.000,0.019
AIRPOT,1648535964614,1648535964742,4,0,-0.202,-0.232,-0.952,0.004,0.014,-0.012
AIRPOT,1648535964652,1648535964780,4,0,-0.203,-0.232,-0.951,-0.019,0.017,0.005
AIRPOT,1648535964698,1648535964826,4,0,-0.204,-0.230,-0.952,-0.018,-0.032,0.000
AIRPOT,1648535964734,1648535964862,4,0,-0.204,-0.229,-0.952,-0.042,-0.020,-0.003
AIRPOT,1648535964775,1648535964903,4,0,-0.200,-0.229,-0.953,0.027,-0.020,0.030
AIRPOT,1648535964815,1648535964943,4,0,-0.202,-0.225,-0.953,0.024,0.007,-0.010
AIRPOT,1648535964839,1648535964967,4,0,-0.204,-0.221,-0.954,-0.026,-0.025,0.014
AIRPOT,1648535964894,1648535965022,4,0,-0.204,-0.216,-0.955,-0.033,0.010,-0.011
AIRPOT,1648535964934,1648535965062,4,0,-0.204,-0.205,-0.957,-0.023,-0.040,-0.009
AIRPOT,1648535964972,1648535965100,4,0,-0.198,-0.193,-0.961,-0.003,0.010,0.041
AIRPOT,1648535965012,1648535965140,4,0,-0.196,-0.177,-0.964,0.056,-0.015,-0.022
AIRPOT,1648535965055,1648535965183,4,0,-0.193,-0.169,-0.966,0.023,0.009,0.058
AIRPOT,1648535965085,1648535965213,4,0,-0.196,-0.166,-0.966,0.018,0.057,-0.019
AIRPOT,1648535965120,1648535965248,4,0,-0.198,-0.166,-0.966,-0.039,0.025,0.007
AIRPOT,1648535965177,1648535965305,4,0,-0.199,-0.168,-0.965,-0.031,-0.015,-0.029
AIRPOT,1648535965214,1648535965342,4,0,-0.198,-0.171,-0.965,-0.036,-0.014,0.013
AIRPOT,1648535965252,1648535965380,4,0,-0.197,-0.173,-0.965,-0.003,-0.057,-0.035
AIRPOT,1648535965298,1648535965426,4,0,-0.191,-0.175,-0.966,-0.004,0.039,0.080
AIRPOT,1648535965315,1648535965443,4,0,-0.191,-0.171,-0.967,0.034,-0.034,-0.058
AIRPOT,1648535965357,1648535965485,4,0,-0.185,-0.173,-0.967,0.027,0.027,0.013
AIRPOT,1648535965419,1648535965547,4,0,-0.185,-0.172,-0.968,0.020,-0.017,-0.028
AIRPOT,1648535965456,1648535965584,4,0,-0.182,-0.171,-0.968,0.003,-0.008,0.023
AIRPOT,1648535965478,1648535965606,4,0,-0.182,-0.169,-0.969,0.005,-0.013,-0.010
AIRPOT,1648535965538,1648535965666,4,0,-0.181,-0.168,-0.969,-0.037,-0.021,0.050
AIRPOT,1648535965574,1648535965702,4,0,-0.181,-0.166,-0.969,0.007,0.017,0.009
AIRPOT,1648535965614,1648535965742,4,0,-0.182,-0.164,-0.970,-0.002,-0.003,-0.005
AIRPOT,1648535965653,1648535965781,4,0,-0.181,-0.165,-0.969,-0.014,0.022,-0.017
AIRPOT,1648535965692,1648535965820,4,0,-0.180,-0.167,-0.969,0.004,-0.034,0.007
AIRPOT,1648535965715,1648535965843,4,0,-0.180,-0.166,-0.970,0.026,0.003,-0.007
AIRPOT,1648535965774,1648535965902,4,0,-0.179,-0.163,-0.970,0.006,-0.000,0.017
AIRPOT,1648535965812,1648535965940,4,0,-0.180,-0.160,-0.971,0.004,0.005,-0.003
AIRPOT,1648535965835,1648535965963,4,0,-0.181,-0.160,-0.970,-0.004,0.017,0.008
AIRPOT,1648535965894,1648535966022,4,0,-0.183,-0.161,-0.970,-0.011,0.001,-0.002
AIRPOT,1648535965934,1648535966062,4,0,-0.185,-0.165,-0.969,0.008,-0.017,-0.016
AIRPOT,1648535965959,1648535966087,4,0,-0.185,-0.166,-0.969,0.015,0.017,0.015
AIRPOT,1648535966018,1648535966146,4,0,-0.187,-0.166,-0.968,-0.024,-0.010,0.023
AIRPOT,1648535966034,1648535966162,4,0,-0.187,-0.167,-0.968,-0.018,-0.011,0.001
AIRPOT,1648535966076,1648535966204,4,0,-0.190,-0.170,-0.967,-0.047,0.005,0.011
AIRPOT,1648535966114,1648535966242,4,0,-0.188,-0.175,-0.967,0.007,-0.034,-0.001
AIRPOT,1648535966153,1648535966281,4,0,-0.191,-0.178,-0.965,0.019,0.053,-0.058
AIRPOT,1648535966198,1648535966326,4,0,-0.185,-0.180,-0.966,0.021,-0.035,0.042
AIRPOT,1648535966254,1648535966382,4,0,-0.187,-0.181,-0.966,0.040,0.037,-0.013
AIRPOT,1648535966274,1648535966402,4,0,-0.187,-0.182,-0.965,0.030,-0.033,-0.009
AIRPOT,1648535966315,1648535966443,4,0,-0.190,-0.184,-0.964,-0.028,0.037,0.051
AIRPOT,1648535966354,1648535966482,4,0,-0.196,-0.182,-0.964,-0.016,-0.010,0.022
AIRPOT,1648535966393,1648535966521,4,0,-0.204,-0.180,-0.962,-0.014,-0.035,-0.042
AIRPOT,1648535966437,1648535966565,4,0,-0.204,-0.185,-0.961,0.022,0.008,0.015
AIRPOT,1648535966473,1648535966601,4,0,-0.208,-0.187,-0.960,0.004,0.002,-0.018
AIRPOT,1648535966517,1648535966645,4,0,-0.208,-0.189,-0.960,-0.039,-0.026,0.015
AIRPOT,1648535966557,1648535966685,4,0,-0.207,-0.190,-0.960,-0.013,-0.025,0.029
AIRPOT,1648535966620,1648535966748,4,0,-0.207,-0.188,-0.960,-0.013,-0.025,0.011
AIRPOT,1648535966633,1648535966761,4,0,-0.208,-0.187,-0.960,-0.035,0.020,0.012
AIRPOT,1648535966674,1648535966802,4,0,-0.208,-0.186,-0.960,-0.022,0.007,-0.006
AIRPOT,1648535966718,1648535966846,4,0,-0.208,-0.184,-0.961,-0.004,-0.000,-0.033
AIRPOT,1648535966753,1648535966881,4,0,-0.202,-0.186,-0.961,-0.032,0.017,0.052
AIRPOT,1648535966795,1648535966923,4,0,-0.201,-0.187,-0.962,0.012,0.014,-0.012
AIRPOT,1648535966835,1648535966963,4,0,-0.200,-0.187,-0.962,0.013,-0.010,-0.011
AIRPOT,1648535966872,1648535967000,4,0,-0.197,-0.188,-0.962,0.009,-0.014,0.042
AIRPOT,1648535966914,1648535967042,4,0,-0.198,-0.188,-0.962,0.033,-0.018,-0.011
AIRPOT,1648535966954,1648535967082,4,0,-0.198,-0.188,-0.962,-0.015,0.013,0.017
AIRPOT,1648535966993,1648535967121,4,0,-0.199,-0.189,-0.962,-0.011,0.002,0.002
AIRPOT,1648535967034,1648535967162,4,0,-0.199,-0.187,-0.962,-0.006,-0.018,0.004
AIRPOT,1648535967074,1648535967202,4,0,-0.199,-0.187,-0.962,0.012,-0.006,0.002
AIRPOT,1648535967113,1648535967241,4,0,-0.200,-0.185,-0.962,0.022,-0.009,-0.003
AIRPOT,1648535967159,1648535967287,4,0,-0.201,-0.184,-0.962,-0.016,0.016,0.002
AIRPOT,1648535967191,1648535967319,4,0,-0.203,-0.181,-0.962,-0.014,-0.070,0.015
AIRPOT,1648535967234,1648535967362,4,0,-0.204,-0.181,-0.962,0.005,0.020,-0.011
AIRPOT,1648535967287,1648535967415,4,0,-0.203,-0.178,-0.963,-0.014,0.010,0.023
AIRPOT,1648535967313,1648535967441,4,0,-0.204,-0.179,-0.963,-0.026,0.018,0.004
AIRPOT,1648535967354,1648535967482,4,0,-0.203,-0.180,-0.962,0.015,-0.013,-0.016
AIRPOT,1648535967394,1648535967522,4,0,-0.204,-0.184,-0.962,-0.018,0.007,0.009
AIRPOT,1648535967433,1648535967561,4,0,-0.204,-0.183,-0.962,0.008,-0.055,-0.030
AIRPOT,1648535967473,1648535967601,4,0,-0.202,-0.182,-0.962,0.034,-0.032,0.010
AIRPOT,1648535967518,1648535967646,4,0,-0.203,-0.178,-0.963,0.026,0.041,-0.013
AIRPOT,1648535967556,1648535967684,4,0,-0.204,-0.173,-0.964,-0.016,0.035,-0.005
AIRPOT,1648535967594,1648535967722,4,0,-0.204,-0.171,-0.964,-0.021,0.005,-0.003
AIRPOT,1648535967640,1648535967768,4,0,-0.203,-0.169,-0.965,-0.017,-0.020,0.001
AIRPOT,1648535967674,1648535967802,4,0,-0.201,-0.171,-0.965,0.009,0.028,0.013
AIRPOT,1648535967714,1648535967842,4,0,-0.201,-0.170,-0.965,0.029,-0.023,-0.003
AIRPOT,1648535967757,1648535967885,4,0,-0.202,-0.173,-0.964,0.010,0.040,0.007
AIRPOT,1648535967792,1648535967920,4,0,-0.204,-0.170,-0.964,-0.032,-0.037,0.009
AIRPOT,1648535967833,1648535967961,4,0,-0.204,-0.169,-0.964,-0.025,0.011,-0.003
AIRPOT,1648535967879,1648535968007,4,0,-0.202,-0.162,-0.966,-0.013,-0.037,-0.013
AIRPOT,1648535967913,1648535968041,4,0,-0.199,-0.156,-0.967,-0.015,0.043,0.037
AIRPOT,1648535967952,1648535968080,4,0,-0.196,-0.147,-0.970,0.009,-0.024,-0.036
AIRPOT,1648535967995,1648535968123,4,0,-0.191,-0.144,-0.971,0.012,0.038,0.039
AIRPOT,1648535968034,1648535968162,4,0,-0.189,-0.141,-0.972,0.040,-0.035,-0.015
AIRPOT,1648535968073,1648535968201,4,0,-0.188,-0.143,-0.972,0.003,-0.005,0.025
AIRPOT,1648535968118,1648535968246,4,0,-0.187,-0.141,-0.972,0.003,-0.050,-0.011
AIRPOT,1648535968154,1648535968282,4,0,-0.187,-0.141,-0.972,-0.017,0.017,-0.006
AIRPOT,1648535968194,1648535968322,4,0,-0.185,-0.139,-0.973,-0.017,-0.032,0.019
AIRPOT,1648535968234,1648535968362,4,0,-0.183,-0.138,-0.973,0.030,0.004,-0.019
AIRPOT,1648535968273,1648535968401,4,0,-0.181,-0.140,-0.973,-0.011,0.024,0.057
AIRPOT,1648535968314,1648535968442,4,0,-0.183,-0.140,-0.973,0.001,-0.023,-0.037
AIRPOT,1648535968353,1648535968481,4,0,-0.184,-0.143,-0.972,-0.027,0.003,0.021
AIRPOT,1648535968397,1648535968525,4,0,-0.184,-0.142,-0.973,-0.007,-0.022,-0.013
AIRPOT,1648535968434,1648535968562,4,0,-0.183,-0.141,-0.973,0.010,-0.016,-0.001
AIRPOT,1648535968478,1648535968606,4,0,-0.182,-0.141,-0.973,0.002,0.019,0.029
AIRPOT,1648535968513,1648535968641,4,0,-0.184,-0.140,-0.973,0.003,-0.013,-0.016
AIRPOT,1648535968554,1648535968682,4,0,-0.183,-0.142,-0.973,-0.006,0.006,0.004
AIRPOT,1648535968598,1648535968726,4,0,-0.185,-0.144,-0.972,-0.008,-0.020,-0.030
AIRPOT,1648535968634,1648535968762,4,0,-0.184,-0.148,-0.972,-0.036,0.016,0.065
AIRPOT,1648535968675,1648535968803,4,0,-0.184,-0.149,-0.972,0.000,-0.016,-0.027
AIRPOT,1648535968716,1648535968844,4,0,-0.184,-0.153,-0.971,-0.001,0.034,0.035
AIRPOT,1648535968754,1648535968882,4,0,-0.184,-0.155,-0.971,0.053,0.001,-0.004
AIRPOT,1648535968793,1648535968921,4,0,-0.186,-0.156,-0.970,0.026,-0.011,-0.046
AIRPOT,1648535968836,1648535968964,4,0,-0.184,-0.159,-0.970,-0.033,0.010,0.072
AIRPOT,1648535968874,1648535969002,4,0,-0.187,-0.157,-0.970,-0.040,-0.022,-0.058
AIRPOT,1648535968913,1648535969041,4,0,-0.180,-0.152,-0.972,-0.052,-0.029,0.010
AIRPOT,1648535968959,1648535969087,4,0,-0.175,-0.149,-0.973,0.011,-0.025,-0.019
AIRPOT,1648535968994,1648535969122,4,0,-0.168,-0.148,-0.975,0.035,0.026,0.017
AIRPOT,1648535969033,1648535969161,4,0,-0.166,-0.147,-0.975,0.055,0.020,0.012
AIRPOT,1648535969081,1648535969209,4,0,-0.168,-0.150,-0.974,0.024,-0.000,0.011
AIRPOT,1648535969114,1648535969242,4,0,-0.169,-0.152,-0.974,-0.003,-0.002,-0.005
AIRPOT,1648535969153,1648535969281,4,0,-0.172,-0.153,-0.973,-0.043,-0.003,0.008
AIRPOT,1648535969199,1648535969327,4,0,-0.174,-0.155,-0.973,-0.055,-0.004,0.007
AIRPOT,1648535969234,1648535969362,4,0,-0.173,-0.155,-0.973,-0.028,-0.040,-0.008
AIRPOT,1648535969273,1648535969401,4,0,-0.171,-0.159,-0.972,0.032,-0.011,0.012
AIRPOT,1648535969314,1648535969442,4,0,-0.174,-0.163,-0.971,0.039,0.000,0.000
AIRPOT,1648535969353,1648535969481,4,0,-0.178,-0.165,-0.970,0.002,-0.003,0.009
AIRPOT,1648535969394,1648535969522,4,0,-0.178,-0.166,-0.970,0.008,0.009,-0.012
AIRPOT,1648535969434,1648535969562,4,0,-0.178,-0.165,-0.970,-0.008,0.001,-0.010
AIRPOT,1648535969471,1648535969599,4,0,-0.175,-0.166,-0.970,-0.001,0.003,0.017
AIRPOT,1648535969513,1648535969641,4,0,-0.176,-0.169,-0.970,0.007,-0.006,-0.002
AIRPOT,1648535969555,1648535969683,4,0,-0.176,-0.171,-0.970,0.017,-0.003,0.014
AIRPOT,1648535969594,1648535969722,4,0,-0.177,-0.171,-0.969,0.000,-0.013,-0.015
AIRPOT,1648535969634,1648535969762,4,0,-0.177,-0.170,-0.969,-0.022,0.004,0.011
AIRPOT,1648535969674,1648535969802,4,0,-0.176,-0.167,-0.970,0.004,0.002,-0.009
AIRPOT,1648535969712,1648535969840,4,0,-0.174,-0.163,-0.971,-0.021,0.031,-0.001
AIRPOT,1648535969752,1648535969880,4,0,-0.172,-0.162,-0.972,0.018,-0.044,0.012
AIRPOT,1648535969796,1648535969924,4,0,-0.172,-0.164,-0.971,0.030,0.005,0.026
AIRPOT,1648535969834,1648535969962,4,0,-0.176,-0.163,-0.971,0.010,-0.005,-0.004
AIRPOT,1648535969872,1648535970000,4,0,-0.178,-0.163,-0.970,-0.004,-0.006,-0.010
AIRPOT,1648535969916,1648535970044,4,0,-0.178,-0.162,-0.971,-0.011,-0.009,0.023
AIRPOT,1648535969953,1648535970081,4,0,-0.180,-0.162,-0.970,0.004,0.013,-0.015
AIRPOT,1648535970037,1648535970165,4,0,-0.182,-0.164,-0.970,-0.016,-0.003,-0.011
AIRPOT,1648535970072,1648535970200,4,0,-0.182,-0.167,-0.969,-0.000,0.006,-0.006
AIRPOT,1648535970113,1648535970241,4,0,-0.182,-0.172,-0.968,0.006,-0.017,0.010
AIRPOT,1648535970155,1648535970283,4,0,-0.183,-0.175,-0.967,0.013,-0.004,-0.008
AIRPOT,1648535970217,1648535970345,4,0,-0.182,-0.178,-0.967,0.001,-0.014,-0.011
AIRPOT,1648535970233,1648535970361,4,0,-0.182,-0.184,-0.966,-0.055,-0.017,0.026
AIRPOT,1648535970280,1648535970408,4,0,-0.180,-0.189,-0.965,0.009,-0.029,0.018
AIRPOT,1648535970316,1648535970444,4,0,-0.182,-0.188,-0.965,-0.000,-0.009,0.016
AIRPOT,1648535970353,1648535970481,4,0,-0.184,-0.188,-0.965,0.014,0.024,0.006
AIRPOT,1648535970398,1648535970526,4,0,-0.188,-0.187,-0.964,0.011,0.043,-0.012
AIRPOT,1648535970435,1648535970563,4,0,-0.191,-0.189,-0.963,0.017,0.050,-0.004
AIRPOT,1648535970473,1648535970601,4,0,-0.195,-0.192,-0.962,0.011,-0.002,-0.002
AIRPOT,1648535970518,1648535970646,4,0,-0.197,-0.197,-0.960,0.011,-0.017,-0.009
AIRPOT,1648535970553,1648535970681,4,0,-0.201,-0.202,-0.959,-0.003,-0.028,0.021
AIRPOT,1648535970593,1648535970721,4,0,-0.203,-0.204,-0.958,-0.030,0.028,0.014
AIRPOT,1648535970638,1648535970766,4,0,-0.206,-0.201,-0.958,-0.013,-0.045,-0.007
AIRPOT,1648535970674,1648535970802,4,0,-0.207,-0.199,-0.958,-0.032,0.006,0.005
AIRPOT,1648535970713,1648535970841,4,0,-0.206,-0.200,-0.958,0.004,0.026,-0.017
AIRPOT,1648535970757,1648535970885,4,0,-0.205,-0.197,-0.959,-0.008,-0.015,0.016
AIRPOT,1648535970793,1648535970921,4,0,-0.206,-0.197,-0.959,0.035,-0.013,-0.004
AIRPOT,1648535970833,1648535970961,4,0,-0.208,-0.192,-0.959,0.008,-0.008,-0.013
AIRPOT,1648535970878,1648535971006,4,0,-0.206,-0.189,-0.960,-0.018,0.013,0.015
AIRPOT,1648535970914,1648535971042,4,0,-0.204,-0.184,-0.961,0.020,-0.050,-0.019
AIRPOT,1648535970953,1648535971081,4,0,-0.202,-0.180,-0.963,-0.025,0.016,0.005
AIRPOT,1648535970998,1648535971126,4,0,-0.199,-0.177,-0.964,0.022,-0.031,-0.025
AIRPOT,1648535971032,1648535971160,4,0,-0.196,-0.176,-0.965,-0.008,-0.011,0.008
AIRPOT,1648535971071,1648535971199,4,0,-0.194,-0.178,-0.965,0.011,-0.028,0.002
AIRPOT,1648535971127,1648535971255,4,0,-0.191,-0.181,-0.965,0.004,0.011,0.022
AIRPOT,1648535971153,1648535971281,4,0,-0.192,-0.181,-0.965,0.015,0.006,-0.009
AIRPOT,1648535971194,1648535971322,4,0,-0.193,-0.179,-0.965,-0.002,-0.014,-0.012
AIRPOT,1648535971235,1648535971363,4,0,-0.195,-0.176,-0.965,-0.019,0.015,-0.028
AIRPOT,1648535971273,1648535971401,4,0,-0.194,-0.173,-0.966,-0.008,-0.009,0.010
AIRPOT,1648535971314,1648535971442,4,0,-0.193,-0.171,-0.966,0.003,0.012,0.025
AIRPOT,1648535971354,1648535971482,4,0,-0.194,-0.172,-0.966,0.014,0.014,0.004
AIRPOT,1648535971392,1648535971520,4,0,-0.197,-0.174,-0.965,-0.009,-0.012,-0.002
AIRPOT,1648535971435,1648535971563,4,0,-0.200,-0.175,-0.964,-0.009,-0.012,0.001
AIRPOT,1648535971474,1648535971602,4,0,-0.202,-0.173,-0.964,0.027,-0.000,-0.034
AIRPOT,1648535971512,1648535971640,4,0,-0.200,-0.170,-0.965,0.005,-0.014,0.039
AIRPOT,1648535971558,1648535971686,4,0,-0.200,-0.169,-0.965,0.034,0.035,-0.020
AIRPOT,1648535971596,1648535971724,4,0,-0.201,-0.165,-0.966,-0.037,0.002,0.009
AIRPOT,1648535971633,1648535971761,4,0,-0.200,-0.169,-0.965,-0.005,-0.007,0.012
AIRPOT,1648535971673,1648535971801,4,0,-0.201,-0.170,-0.965,-0.022,0.002,-0.017
AIRPOT,1648535971713,1648535971841,4,0,-0.196,-0.173,-0.965,-0.003,-0.005,0.042
AIRPOT,1648535971752,1648535971880,4,0,-0.198,-0.173,-0.965,0.015,-0.005,-0.059
AIRPOT,1648535971778,1648535971906,4,0,-0.194,-0.176,-0.965,-0.066,-0.011,0.093
AIRPOT,1648535971837,1648535971965,4,0,-0.197,-0.180,-0.964,-0.005,-0.017,-0.068
AIRPOT,1648535971874,1648535972002,4,0,-0.194,-0.184,-0.964,-0.032,0.000,0.045
AIRPOT,1648535971914,1648535972042,4,0,-0.190,-0.185,-0.964,0.049,-0.008,-0.012
AIRPOT,1648535971958,1648535972086,4,0,-0.190,-0.183,-0.965,0.052,-0.016,-0.033
AIRPOT,1648535971993,1648535972121,4,0,-0.189,-0.185,-0.964,-0.015,-0.004,0.048
AIRPOT,1648535972018,1648535972146,4,0,-0.191,-0.188,-0.963,0.031,0.019,-0.034
AIRPOT,1648535972076,1648535972204,4,0,-0.191,-0.188,-0.963,-0.001,-0.014,-0.019
AIRPOT,1648535972115,1648535972243,4,0,-0.190,-0.192,-0.963,-0.006,0.039,0.029
AIRPOT,1648535972138,1648535972266,4,0,-0.191,-0.193,-0.962,0.034,-0.022,-0.003
AIRPOT,1648535972198,1648535972326,4,0,-0.193,-0.196,-0.961,-0.014,0.069,-0.010
AIRPOT,1648535972233,1648535972361,4,0,-0.198,-0.205,-0.959,-0.025,-0.004,0.040
AIRPOT,1648535972273,1648535972401,4,0,-0.203,-0.211,-0.956,-0.033,-0.069,-0.018
AIRPOT,1648535972319,1648535972447,4,0,-0.202,-0.219,-0.955,-0.019,-0.035,0.002
AIRPOT,1648535972353,1648535972481,4,0,-0.200,-0.221,-0.955,0.011,-0.034,-0.002
AIRPOT,1648535972394,1648535972522,4,0,-0.198,-0.221,-0.955,0.019,0.020,0.033
AIRPOT,1648535972436,1648535972564,4,0,-0.200,-0.217,-0.955,-0.004,0.002,-0.013
AIRPOT,1648535972456,1648535972584,4,0,-0.200,-0.215,-0.956,0.012,0.003,-0.025
AIRPOT,1648535972514,1648535972642,4,0,-0.200,-0.214,-0.956,-0.001,-0.006,0.020
AIRPOT,1648535972554,1648535972682,4,0,-0.200,-0.214,-0.956,-0.019,0.029,0.037
AIRPOT,1648535972592,1648535972720,4,0,-0.203,-0.213,-0.956,-0.007,-0.010,-0.013
AIRPOT,1648535972615,1648535972743,4,0,-0.204,-0.212,-0.956,-0.005,-0.033,0.014
AIRPOT,1648535972657,1648535972785,4,0,-0.206,-0.209,-0.956,0.001,-0.008,-0.007
AIRPOT,1648535972695,1648535972823,4,0,-0.206,-0.205,-0.957,0.004,0.001,0.008
AIRPOT,1648535972735,1648535972863,4,0,-0.207,-0.201,-0.958,0.001,0.006,-0.011
AIRPOT,1648535972794,1648535972922,4,0,-0.207,-0.197,-0.958,-0.009,-0.013,-0.009
AIRPOT,1648535972833,1648535972961,4,0,-0.206,-0.196,-0.959,0.009,-0.008,0.008
AIRPOT,1648535972855,1648535972983,4,0,-0.207,-0.195,-0.959,-0.004,-0.007,0.021
AIRPOT,1648535972913,1648535973041,4,0,-0.210,-0.195,-0.958,-0.009,0.007,-0.004
AIRPOT,1648535972935,1648535973063,4,0,-0.210,-0.196,-0.958,-0.012,-0.011,-0.016
AIRPOT,1648535972975,1648535973103,4,0,-0.208,-0.198,-0.958,-0.012,0.008,0.021
AIRPOT,1648535973013,1648535973141,4,0,-0.207,-0.198,-0.958,-0.027,-0.011,-0.004
AIRPOT,1648535973057,1648535973185,4,0,-0.205,-0.201,-0.958,-0.018,-0.018,0.017
AIRPOT,1648535973114,1648535973242,4,0,-0.204,-0.201,-0.958,0.015,-0.036,-0.010
AIRPOT,1648535973134,1648535973262,4,0,-0.203,-0.200,-0.958,0.051,-0.007,0.014
AIRPOT,1648535973194,1648535973322,4,0,-0.203,-0.198,-0.959,0.031,0.024,-0.002
AIRPOT,1648535973216,1648535973344,4,0,-0.203,-0.195,-0.960,0.018,0.004,-0.004
AIRPOT,1648535973254,1648535973382,4,0,-0.205,-0.192,-0.960,-0.028,-0.005,0.013
AIRPOT,1648535973294,1648535973422,4,0,-0.206,-0.192,-0.960,-0.044,-0.022,0.021
AIRPOT,1648535973339,1648535973467,4,0,-0.209,-0.193,-0.959,-0.042,-0.050,0.014
AIRPOT,1648535973374,1648535973502,4,0,-0.211,-0.195,-0.958,-0.012,0.059,-0.017
AIRPOT,1648535973413,1648535973541,4,0,-0.209,-0.183,-0.961,0.025,-0.003,-0.013
AIRPOT,1648535973458,1648535973586,4,0,-0.207,-0.176,-0.962,0.052,0.029,0.005
AIRPOT,1648535973492,1648535973620,4,0,-0.208,-0.169,-0.963,0.024,0.002,-0.012
AIRPOT,1648535973534,1648535973662,4,0,-0.206,-0.165,-0.965,-0.005,0.007,0.018
AIRPOT,1648535973574,1648535973702,4,0,-0.208,-0.160,-0.965,-0.003,-0.004,-0.004
AIRPOT,1648535973615,1648535973743,4,0,-0.208,-0.161,-0.965,-0.026,0.031,0.006
AIRPOT,1648535973654,1648535973782,4,0,-0.211,-0.159,-0.965,-0.047,-0.010,0.001
AIRPOT,1648535973695,1648535973823,4,0,-0.208,-0.157,-0.965,-0.032,-0.014,0.013
AIRPOT,1648535973735,1648535973863,4,0,-0.208,-0.151,-0.966,0.027,-0.039,-0.035
AIRPOT,1648535973772,1648535973900,4,0,-0.202,-0.147,-0.968,0.026,0.002,0.023
AIRPOT,1648535973815,1648535973943,4,0,-0.204,-0.141,-0.969,0.045,0.009,-0.017
AIRPOT,1648535973854,1648535973982,4,0,-0.204,-0.133,-0.970,-0.023,0.011,0.035
AIRPOT,1648535973893,1648535974021,4,0,-0.209,-0.126,-0.970,-0.003,0.034,-0.029
AIRPOT,1648535973938,1648535974066,4,0,-0.211,-0.118,-0.970,-0.073,-0.019,0.011
AIRPOT,1648535973974,1648535974102,4,0,-0.208,-0.115,-0.971,0.025,-0.043,-0.017
AIRPOT,1648535974014,1648535974142,4,0,-0.205,-0.116,-0.972,0.015,-0.034,0.001
AIRPOT,1648535974058,1648535974186,4,0,-0.203,-0.120,-0.972,0.021,0.016,-0.003
AIRPOT,1648535974093,1648535974221,4,0,-0.203,-0.121,-0.972,0.012,-0.012,-0.016
AIRPOT,1648535974133,1648535974261,4,0,-0.203,-0.122,-0.971,-0.019,-0.011,0.020
AIRPOT,1648535974175,1648535974303,4,0,-0.204,-0.124,-0.971,0.002,0.001,-0.011
AIRPOT,1648535974216,1648535974344,4,0,-0.204,-0.126,-0.971,-0.016,0.008,0.012
AIRPOT,1648535974254,1648535974382,4,0,-0.205,-0.130,-0.970,-0.007,-0.001,-0.008
AIRPOT,1648535974294,1648535974422,4,0,-0.205,-0.135,-0.970,0.011,-0.023,-0.016
AIRPOT,1648535974333,1648535974461,4,0,-0.204,-0.139,-0.969,-0.021,0.034,0.021
AIRPOT,1648535974372,1648535974500,4,0,-0.201,-0.142,-0.969,0.038,-0.029,-0.010
AIRPOT,1648535974414,1648535974542,4,0,-0.202,-0.144,-0.969,-0.022,0.042,0.017
AIRPOT,1648535974453,1648535974581,4,0,-0.201,-0.147,-0.969,-0.044,0.013,0.071
AIRPOT,1648535974494,1648535974622,4,0,-0.206,-0.150,-0.967,-0.003,-0.033,-0.089
AIRPOT,1648535974537,1648535974665,4,0,-0.200,-0.156,-0.967,-0.033,-0.044,0.066
AIRPOT,1648535974572,1648535974700,4,0,-0.198,-0.160,-0.967,0.078,-0.036,-0.033
AIRPOT,1648535974616,1648535974744,4,0,-0.198,-0.161,-0.967,0.017,0.010,-0.031
AIRPOT,1648535974654,1648535974782,4,0,-0.195,-0.162,-0.967,0.003,0.017,0.018
AIRPOT,1648535974691,1648535974819,4,0,-0.194,-0.161,-0.968,0.011,0.002,-0.024
AIRPOT,1648535974734,1648535974862,4,0,-0.193,-0.166,-0.967,-0.005,0.000,-0.041
AIRPOT,1648535974774,1648535974902,4,0,-0.190,-0.173,-0.966,-0.004,-0.015,0.033
AIRPOT,1648535974813,1648535974941,4,0,-0.192,-0.178,-0.965,0.001,0.003,-0.006
AIRPOT,1648535974854,1648535974982,4,0,-0.192,-0.181,-0.965,0.008,-0.027,-0.001
AIRPOT,1648535974895,1648535975023,4,0,-0.193,-0.184,-0.964,-0.009,0.012,0.014
AIRPOT,1648535974932,1648535975060,4,0,-0.194,-0.185,-0.964,-0.016,-0.002,0.003
AIRPOT,1648535974973,1648535975101,4,0,-0.194,-0.186,-0.963,-0.017,-0.007,-0.003
AIRPOT,1648535975013,1648535975141,4,0,-0.193,-0.187,-0.963,0.005,-0.006,0.008
AIRPOT,1648535975054,1648535975182,4,0,-0.193,-0.186,-0.963,0.000,-0.008,0.012
AIRPOT,1648535975092,1648535975220,4,0,-0.194,-0.186,-0.963,0.017,-0.004,0.001
AIRPOT,1648535975135,1648535975263,4,0,-0.194,-0.187,-0.963,0.006,-0.004,0.004
AIRPOT,1648535975173,1648535975301,4,0,-0.194,-0.188,-0.963,-0.005,0.019,-0.006
AIRPOT,1648535975212,1648535975340,4,0,-0.194,-0.187,-0.963,-0.003,-0.005,-0.006
AIRPOT,1648535975256,1648535975384,4,0,-0.193,-0.186,-0.963,0.014,-0.023,0.012
AIRPOT,1648535975293,1648535975421,4,0,-0.194,-0.185,-0.963,-0.003,0.016,-0.003
AIRPOT,1648535975334,1648535975462,4,0,-0.194,-0.185,-0.963,-0.000,0.004,0.004
AIRPOT,1648535975373,1648535975501,4,0,-0.194,-0.184,-0.964,-0.013,0.017,-0.000
AIRPOT,1648535975414,1648535975542,4,0,-0.194,-0.185,-0.964,-0.018,-0.014,0.013
AIRPOT,1648535975453,1648535975581,4,0,-0.193,-0.186,-0.963,0.013,-0.009,-0.003
AIRPOT,1648535975495,1648535975623,4,0,-0.193,-0.185,-0.964,0.001,-0.016,0.014
AIRPOT,1648535975533,1648535975661,4,0,-0.193,-0.185,-0.964,0.011,-0.010,0.013
AIRPOT,1648535975573,1648535975701,4,0,-0.194,-0.183,-0.964,0.004,0.007,0.002
AIRPOT,1648535975613,1648535975741,4,0,-0.194,-0.182,-0.964,-0.001,-0.002,-0.002
AIRPOT,1648535975652,1648535975780,4,0,-0.194,-0.182,-0.964,-0.002,0.007,0.014
AIRPOT,1648535975693,1648535975821,4,0,-0.195,-0.181,-0.964,-0.001,-0.006,-0.003
AIRPOT,1648535975733,1648535975861,4,0,-0.196,-0.180,-0.964,0.009,0.000,-0.008
AIRPOT,1648535975773,1648535975901,4,0,-0.195,-0.178,-0.964,-0.016,-0.001,0.010
AIRPOT,1648535975814,1648535975942,4,0,-0.194,-0.176,-0.965,0.003,-0.029,-0.009
AIRPOT,1648535975855,1648535975983,4,0,-0.194,-0.177,-0.965,0.020,-0.012,0.009
AIRPOT,1648535975894,1648535976022,4,0,-0.195,-0.179,-0.964,0.014,0.001,0.023
AIRPOT,1648535975935,1648535976063,4,0,-0.200,-0.182,-0.963,-0.026,0.016,0.006
AIRPOT,1648535975974,1648535976102,4,0,-0.204,-0.186,-0.961,-0.042,0.010,0.010
AIRPOT,1648535976013,1648535976141,4,0,-0.207,-0.188,-0.960,-0.001,-0.017,-0.026
AIRPOT,1648535976045,1648535976173,4,0,-0.208,-0.190,-0.959,-0.022,0.013,0.020
AIRPOT,1648535976096,1648535976224,4,0,-0.210,-0.193,-0.958,0.031,-0.016,0.004
AIRPOT,1648535976137,1648535976265,4,0,-0.215,-0.195,-0.957,0.064,-0.048,0.010
AIRPOT,1648535976174,1648535976302,4,0,-0.219,-0.194,-0.956,0.024,-0.000,-0.021
AIRPOT,1648535976217,1648535976345,4,0,-0.217,-0.190,-0.957,-0.020,0.082,0.017
AIRPOT,1648535976252,1648535976380,4,0,-0.220,-0.188,-0.957,-0.030,0.009,-0.009
AIRPOT,1648535976293,1648535976421,4,0,-0.221,-0.188,-0.957,-0.022,0.007,-0.007
AIRPOT,1648535976335,1648535976463,4,0,-0.221,-0.189,-0.957,-0.018,0.017,0.035
AIRPOT,1648535976373,1648535976501,4,0,-0.223,-0.188,-0.956,0.015,-0.023,0.003
AIRPOT,1648535976413,1648535976541,4,0,-0.227,-0.186,-0.956,-0.012,-0.038,0.008
AIRPOT,1648535976456,1648535976584,4,0,-0.227,-0.186,-0.956,-0.009,-0.001,0.013
AIRPOT,1648535976493,1648535976621,4,0,-0.228,-0.183,-0.956,-0.019,-0.003,-0.012
AIRPOT,1648535976534,1648535976662,4,0,-0.226,-0.180,-0.957,-0.026,0.005,0.002
AIRPOT,1648535976574,1648535976702,4,0,-0.224,-0.176,-0.958,0.005,0.007,-0.014
AIRPOT,1648535976612,1648535976740,4,0,-0.221,-0.174,-0.960,0.008,-0.025,0.006
AIRPOT,1648535976654,1648535976782,4,0,-0.218,-0.173,-0.961,0.006,0.004,0.002
AIRPOT,1648535976696,1648535976824,4,0,-0.215,-0.173,-0.961,0.029,-0.002,-0.026
AIRPOT,1648535976734,1648535976862,4,0,-0.212,-0.172,-0.962,0.010,0.002,0.033
AIRPOT,1648535976774,1648535976902,4,0,-0.211,-0.167,-0.963,-0.004,-0.017,0.033
AIRPOT,1648535976813,1648535976941,4,0,-0.213,-0.163,-0.963,-0.043,-0.031,0.010
AIRPOT,1648535976852,1648535976980,4,0,-0.212,-0.164,-0.963,-0.029,-0.002,0.007
AIRPOT,1648535976893,1648535977021,4,0,-0.212,-0.165,-0.963,-0.030,-0.010,-0.024
AIRPOT,1648535976934,1648535977062,4,0,-0.208,-0.164,-0.964,0.003,-0.035,0.008
AIRPOT,1648535976973,1648535977101,4,0,-0.206,-0.162,-0.965,0.026,-0.002,-0.001
AIRPOT,1648535977013,1648535977141,4,0,-0.204,-0.161,-0.966,0.026,0.012,0.032
AIRPOT,1648535977058,1648535977186,4,0,-0.204,-0.161,-0.966,0.024,0.027,-0.021
AIRPOT,1648535977093,1648535977221,4,0,-0.203,-0.165,-0.965,-0.011,0.015,0.035
AIRPOT,1648535977134,1648535977262,4,0,-0.206,-0.167,-0.964,0.001,-0.013,-0.030
AIRPOT,1648535977173,1648535977301,4,0,-0.205,-0.172,-0.964,-0.035,0.011,0.017
AIRPOT,1648535977214,1648535977342,4,0,-0.204,-0.174,-0.963,-0.013,-0.018,0.015
AIRPOT,1648535977254,1648535977382,4,0,-0.204,-0.175,-0.963,0.013,0.011,-0.020
AIRPOT,1648535977296,1648535977424,4,0,-0.203,-0.176,-0.963,-0.007,-0.001,0.024
AIRPOT,1648535977333,1648535977461,4,0,-0.204,-0.176,-0.963,0.001,-0.002,-0.009
AIRPOT,1648535977374,1648535977502,4,0,-0.204,-0.176,-0.963,-0.007,-0.022,0.011
AIRPOT,1648535977415,1648535977543,4,0,-0.203,-0.178,-0.963,0.008,-0.012,-0.007
AIRPOT,1648535977453,1648535977581,4,0,-0.204,-0.180,-0.962,0.019,0.018,-0.006
AIRPOT,1648535977493,1648535977621,4,0,-0.205,-0.179,-0.962,0.001,-0.010,0.014
AIRPOT,1648535977535,1648535977663,4,0,-0.209,-0.176,-0.962,0.002,-0.004,-0.010
AIRPOT,1648535977574,1648535977702,4,0,-0.210,-0.175,-0.962,0.001,0.023,0.003
AIRPOT,1648535977606,1648535977734,4,0,-0.211,-0.174,-0.962,0.001,0.004,-0.017
AIRPOT,1648535977658,1648535977786,4,0,-0.209,-0.176,-0.962,-0.001,0.016,-0.005
AIRPOT,1648535977697,1648535977825,4,0,-0.204,-0.176,-0.963,0.003,0.003,-0.013
AIRPOT,1648535977732,1648535977860,4,0,-0.198,-0.172,-0.965,-0.013,-0.018,0.011
AIRPOT,1648535977775,1648535977903,4,0,-0.195,-0.168,-0.966,-0.011,-0.014,-0.007
AIRPOT,1648535977812,1648535977940,4,0,-0.191,-0.164,-0.968,-0.024,-0.017,0.014
AIRPOT,1648535977840,1648535977968,4,0,-0.187,-0.162,-0.969,-0.001,0.010,-0.008
AIRPOT,1648535977894,1648535978022,4,0,-0.182,-0.158,-0.970,0.022,0.006,-0.011
AIRPOT,1648535977933,1648535978061,4,0,-0.177,-0.156,-0.972,0.019,0.007,0.007
AIRPOT,1648535977974,1648535978102,4,0,-0.173,-0.156,-0.972,0.037,-0.018,-0.012
AIRPOT,1648535978015,1648535978143,4,0,-0.170,-0.156,-0.973,0.009,-0.027,0.019
AIRPOT,1648535978053,1648535978181,4,0,-0.168,-0.158,-0.973,-0.031,0.002,0.004
AIRPOT,1648535978093,1648535978221,4,0,-0.163,-0.156,-0.974,-0.033,0.013,0.014
AIRPOT,1648535978134,1648535978262,4,0,-0.160,-0.154,-0.975,0.009,0.004,-0.018
AIRPOT,1648535978174,1648535978302,4,0,-0.156,-0.152,-0.976,-0.038,0.021,0.106
AIRPOT,1648535978210,1648535978338,4,0,-0.162,-0.154,-0.975,0.036,-0.018,-0.070
AIRPOT,1648535978258,1648535978386,4,0,-0.168,-0.162,-0.972,-0.047,-0.036,0.040
AIRPOT,1648535978296,1648535978424,4,0,-0.173,-0.172,-0.970,-0.018,-0.053,0.005
AIRPOT,1648535978334,1648535978462,4,0,-0.180,-0.176,-0.968,0.029,-0.004,-0.036
AIRPOT,1648535978377,1648535978505,4,0,-0.182,-0.171,-0.968,-0.006,-0.022,0.050
AIRPOT,1648535978414,1648535978542,4,0,-0.188,-0.168,-0.968,0.002,0.016,-0.008
AIRPOT,1648535978441,1648535978569,4,0,-0.191,-0.165,-0.968,-0.012,-0.024,0.018
AIRPOT,1648535978498,1648535978626,4,0,-0.195,-0.164,-0.967,-0.006,-0.002,-0.016
AIRPOT,1648535978534,1648535978662,4,0,-0.196,-0.164,-0.967,-0.014,0.030,-0.020
AIRPOT,1648535978558,1648535978686,4,0,-0.194,-0.162,-0.968,0.015,0.016,-0.002
AIRPOT,1648535978615,1648535978743,4,0,-0.192,-0.160,-0.968,0.001,-0.013,0.013
AIRPOT,1648535978652,1648535978780,4,0,-0.190,-0.163,-0.968,0.009,0.001,-0.015
AIRPOT,1648535978693,1648535978821,4,0,-0.189,-0.166,-0.968,0.004,0.023,0.024
AIRPOT,1648535978717,1648535978845,4,0,-0.188,-0.166,-0.968,0.003,-0.017,-0.020
AIRPOT,1648535978773,1648535978901,4,0,-0.188,-0.167,-0.968,0.000,0.008,0.019
AIRPOT,1648535978811,1648535978939,4,0,-0.189,-0.166,-0.968,-0.011,-0.022,-0.011
AIRPOT,1648535978855,1648535978983,4,0,-0.188,-0.166,-0.968,-0.008,0.001,0.018
AIRPOT,1648535978893,1648535979021,4,0,-0.189,-0.164,-0.968,-0.014,-0.006,-0.001
AIRPOT,1648535978917,1648535979045,4,0,-0.187,-0.163,-0.969,-0.012,-0.017,0.025
AIRPOT,1648535978973,1648535979101,4,0,-0.187,-0.162,-0.969,0.006,-0.003,-0.016
AIRPOT,1648535979015,1648535979143,4,0,-0.185,-0.163,-0.969,-0.006,0.014,0.011
AIRPOT,1648535979038,1648535979166,4,0,-0.185,-0.163,-0.969,0.018,-0.011,-0.003
AIRPOT,1648535979097,1648535979225,4,0,-0.184,-0.162,-0.969,0.013,0.033,-0.005
AIRPOT,1648535979134,1648535979262,4,0,-0.183,-0.159,-0.970,0.007,-0.024,-0.005
AIRPOT,1648535979157,1648535979285,4,0,-0.182,-0.156,-0.971,0.001,-0.026,0.009
AIRPOT,1648535979200,1648535979328,4,0,-0.180,-0.153,-0.972,0.015,-0.011,0.011
AIRPOT,1648535979252,1648535979380,4,0,-0.179,-0.149,-0.972,0.010,0.013,-0.012
AIRPOT,1648535979292,1648535979420,4,0,-0.178,-0.144,-0.973,-0.021,0.002,0.002
AIRPOT,1648535979334,1648535979462,4,0,-0.177,-0.138,-0.974,-0.019,-0.006,-0.000
AIRPOT,1648535979373,1648535979501,4,0,-0.174,-0.131,-0.976,-0.051,0.029,-0.044
AIRPOT,1648535979400,1648535979528,4,0,-0.169,-0.125,-0.978,-0.038,-0.005,0.056
AIRPOT,1648535979455,1648535979583,4,0,-0.164,-0.116,-0.980,-0.009,-0.031,0.048
AIRPOT,1648535979492,1648535979620,4,0,-0.161,-0.109,-0.981,0.028,0.035,-0.050
AIRPOT,1648535979515,1648535979643,4,0,-0.158,-0.107,-0.982,0.005,0.020,-0.033
AIRPOT,1648535979576,1648535979704,4,0,-0.153,-0.102,-0.983,-0.023,-0.045,0.022
AIRPOT,1648535979615,1648535979743,4,0,-0.148,-0.099,-0.984,0.021,-0.033,0.026
AIRPOT,1648535979635,1648535979763,4,0,-0.146,-0.098,-0.984,0.011,0.053,-0.016
AIRPOT,1648535979694,1648535979822,4,0,-0.145,-0.095,-0.985,-0.022,-0.007,0.019
AIRPOT,1648535979714,1648535979842,4,0,-0.145,-0.093,-0.985,0.010,-0.006,-0.019
AIRPOT,1648535979754,1648535979882,4,0,-0.144,-0.091,-0.985,0.003,0.026,0.018
AIRPOT,1648535979816,1648535979944,4,0,-0.143,-0.086,-0.986,-0.000,-0.002,-0.002
AIRPOT,1648535979835,1648535979963,4,0,-0.141,-0.082,-0.987,0.002,-0.019,0.008
AIRPOT,1648535979874,1648535980002,4,0,-0.139,-0.079,-0.987,0.002,-0.012,0.008
AIRPOT,1648535979935,1648535980063,4,0,-0.138,-0.076,-0.988,-0.006,-0.026,-0.000
AIRPOT,1648535979954,1648535980082,4,0,-0.136,-0.075,-0.988,0.001,-0.010,0.006
AIRPOT,1648535979997,1648535980125,4,0,-0.134,-0.072,-0.988,-0.005,0.000,-0.002
AIRPOT,1648535980034,1648535980162,4,0,-0.133,-0.070,-0.989,-0.006,-0.017,0.004
AIRPOT,1648535980073,1648535980201,4,0,-0.131,-0.068,-0.989,-0.004,-0.004,0.004
AIRPOT,1648535980115,1648535980243,4,0,-0.130,-0.067,-0.989,-0.006,-0.003,0.011
AIRPOT,1648535980152,1648535980280,4,0,-0.130,-0.066,-0.989,-0.003,-0.008,-0.002
AIRPOT,1648535980214,1648535980342,4,0,-0.129,-0.065,-0.989,-0.004,-0.008,0.001
AIRPOT,1648535980234,1648535980362,4,0,-0.128,-0.063,-0.990,0.003,-0.013,-0.002
AIRPOT,1648535980274,1648535980402,4,0,-0.127,-0.060,-0.990,0.002,-0.011,0.011
AIRPOT,1648535980312,1648535980440,4,0,-0.127,-0.057,-0.990,-0.002,-0.008,0.007
AIRPOT,1648535980359,1648535980487,4,0,-0.127,-0.054,-0.990,-0.015,-0.005,0.004
AIRPOT,1648535980394,1648535980522,4,0,-0.128,-0.051,-0.991,-0.009,-0.017,0.002
AIRPOT,1648535980432,1648535980560,4,0,-0.128,-0.047,-0.991,-0.014,-0.021,0.006
AIRPOT,1648535980479,1648535980607,4,0,-0.127,-0.042,-0.991,-0.013,-0.028,0.004
AIRPOT,1648535980514,1648535980642,4,0,-0.126,-0.037,-0.991,-0.027,-0.045,0.014
AIRPOT,1648535980555,1648535980683,4,0,-0.125,-0.035,-0.992,-0.032,-0.061,0.022
AIRPOT,1648535980613,1648535980741,4,0,-0.126,-0.033,-0.992,-0.015,-0.036,0.006
AIRPOT,1648535980634,1648535980762,4,0,-0.126,-0.026,-0.992,-0.024,-0.077,0.018
AIRPOT,1648535980673,1648535980801,4,0,-0.127,-0.019,-0.992,-0.029,-0.069,-0.007
AIRPOT,1648535980717,1648535980845,4,0,-0.127,-0.012,-0.992,-0.043,-0.063,0.014
AIRPOT,1648535980752,1648535980880,4,0,-0.127,-0.006,-0.992,-0.047,-0.089,-0.023
AIRPOT,1648535980812,1648535980940,4,0,-0.127,0.001,-0.992,-0.079,-0.105,0.018
AIRPOT,1648535980834,1648535980962,4,0,-0.130,0.006,-0.991,-0.104,-0.169,0.016
AIRPOT,1648535980872,1648535981000,4,0,-0.138,0.004,-0.990,-0.120,-0.160,0.018
AIRPOT,1648535980913,1648535981041,4,0,-0.145,-0.001,-0.989,-0.106,-0.155,-0.013
AIRPOT,1648535980956,1648535981084,4,0,-0.149,-0.006,-0.989,-0.100,-0.119,0.013
AIRPOT,1648535980994,1648535981122,4,0,-0.148,-0.007,-0.989,-0.125,-0.119,0.085
AIRPOT,1648535981032,1648535981160,4,0,-0.148,-0.007,-0.989,-0.123,-0.109,0.131
AIRPOT,1648535981077,1648535981205,4,0,-0.147,-0.005,-0.989,-0.114,-0.081,0.133
AIRPOT,1648535981112,1648535981240,4,0,-0.142,0.004,-0.990,-0.085,-0.060,0.008
AIRPOT,1648535981153,1648535981281,4,0,-0.124,0.020,-0.992,-0.086,-0.084,0.053
AIRPOT,1648535981197,1648535981325,4,0,-0.104,0.039,-0.994,-0.057,-0.078,-0.029
AIRPOT,1648535981234,1648535981362,4,0,-0.086,0.054,-0.995,0.023,-0.057,-0.132
AIRPOT,1648535981273,1648535981401,4,0,-0.063,0.070,-0.996,0.196,0.141,-0.242
AIRPOT,1648535981316,1648535981444,4,0,-0.031,0.097,-0.995,0.322,0.211,-0.232
AIRPOT,1648535981353,1648535981481,4,0,-0.004,0.127,-0.992,0.320,0.162,-0.165
AIRPOT,1648535981392,1648535981520,4,0,0.007,0.146,-0.989,0.281,0.143,-0.199
AIRPOT,1648535981436,1648535981564,4,0,0.004,0.158,-0.987,0.218,0.145,-0.194
AIRPOT,1648535981476,1648535981604,4,0,-0.006,0.169,-0.986,0.152,0.070,-0.152
AIRPOT,1648535981514,1648535981642,4,0,-0.021,0.178,-0.984,0.105,0.031,-0.116
AIRPOT,1648535981556,1648535981684,4,0,-0.036,0.190,-0.981,0.072,0.010,-0.048
AIRPOT,1648535981595,1648535981723,4,0,-0.052,0.206,-0.977,0.056,-0.011,-0.024
AIRPOT,1648535981651,1648535981779,4,0,-0.066,0.227,-0.972,0.048,-0.034,0.018
AIRPOT,1648535981677,1648535981805,4,0,-0.077,0.249,-0.965,0.036,-0.032,0.056
AIRPOT,1648535981712,1648535981840,4,0,-0.088,0.273,-0.958,0.042,-0.026,0.090
AIRPOT,1648535981753,1648535981881,4,0,-0.097,0.296,-0.950,0.047,-0.043,0.101
AIRPOT,1648535981798,1648535981926,4,0,-0.106,0.320,-0.942,0.056,-0.037,0.120
AIRPOT,1648535981834,1648535981962,4,0,-0.114,0.340,-0.933,0.046,-0.064,0.120
AIRPOT,1648535981878,1648535982006,4,0,-0.122,0.357,-0.926,0.058,-0.017,0.066
AIRPOT,1648535981918,1648535982046,4,0,-0.127,0.375,-0.918,0.056,-0.036,0.093
AIRPOT,1648535981993,1648535982121,4,0,-0.139,0.411,-0.901,0.042,-0.029,0.039
AIRPOT,1648535982036,1648535982164,4,0,-0.145,0.430,-0.891,0.022,-0.029,0.079
AIRPOT,1648535982076,1648535982204,4,0,-0.151,0.449,-0.880,0.011,-0.053,0.081
AIRPOT,1648535982113,1648535982241,4,0,-0.159,0.469,-0.869,0.017,-0.040,0.040
AIRPOT,1648535982156,1648535982284,4,0,-0.162,0.487,-0.858,0.009,-0.004,0.036
AIRPOT,1648535982194,1648535982322,4,0,-0.164,0.503,-0.849,0.008,0.015,0.073
AIRPOT,1648535982232,1648535982360,4,0,-0.167,0.519,-0.839,0.011,0.029,0.081
AIRPOT,1648535982273,1648535982401,4,0,-0.171,0.530,-0.831,-0.007,0.042,0.111
AIRPOT,1648535982314,1648535982442,4,0,-0.177,0.536,-0.825,-0.014,0.042,0.067
AIRPOT,1648535982352,1648535982480,4,0,-0.181,0.541,-0.821,-0.039,0.018,0.018
AIRPOT,1648535982397,1648535982525,4,0,-0.183,0.545,-0.818,-0.050,0.023,0.023
AIRPOT,1648535982433,1648535982561,4,0,-0.183,0.550,-0.815,-0.045,0.027,0.016
AIRPOT,1648535982474,1648535982602,4,0,-0.182,0.557,-0.810,-0.035,0.012,0.016
AIRPOT,1648535982522,1648535982650,4,0,-0.180,0.564,-0.806,-0.039,-0.007,0.027
AIRPOT,1648535982551,1648535982679,4,0,-0.178,0.567,-0.804,-0.029,0.008,0.015
AIRPOT,1648535982594,1648535982722,4,0,-0.176,0.570,-0.802,-0.033,-0.003,0.015
AIRPOT,1648535982634,1648535982762,4,0,-0.174,0.573,-0.801,-0.035,-0.007,0.002
AIRPOT,1648535982694,1648535982822,4,0,-0.173,0.576,-0.799,-0.042,-0.003,0.000
AIRPOT,1648535982714,1648535982842,4,0,-0.171,0.580,-0.796,-0.042,-0.003,0.013
AIRPOT,1648535982757,1648535982885,4,0,-0.169,0.585,-0.793,-0.044,-0.017,0.027
AIRPOT,1648535982794,1648535982922,4,0,-0.166,0.591,-0.790,-0.033,-0.022,0.030
AIRPOT,1648535982832,1648535982960,4,0,-0.165,0.598,-0.784,-0.063,-0.001,-0.094
AIRPOT,1648535983033,1648535983161,4,0,-0.127,0.627,-0.769,0.067,0.036,0.045
AIRPOT,1648535982877,1648535983005,4,0,-0.160,0.607,-0.778,-0.037,-0.020,0.025
AIRPOT,1648535982914,1648535983042,4,0,-0.155,0.615,-0.773,0.027,-0.004,-0.047
AIRPOT,1648535982951,1648535983079,4,0,-0.145,0.622,-0.770,0.052,-0.009,0.015
AIRPOT,1648535983072,1648535983200,4,0,-0.125,0.631,-0.765,0.070,0.022,0.024
AIRPOT,1648535983118,1648535983246,4,0,-0.123,0.635,-0.762,0.046,0.025,0.008
AIRPOT,1648535983153,1648535983281,4,0,-0.116,0.641,-0.759,0.039,0.008,-0.011
AIRPOT,1648535983192,1648535983320,4,0,-0.106,0.646,-0.756,0.031,0.003,-0.004
AIRPOT,1648535983225,1648535983353,4,0,-0.100,0.650,-0.753,0.029,-0.002,0.002
AIRPOT,1648535983274,1648535983402,4,0,-0.097,0.654,-0.750,0.032,-0.004,0.002
AIRPOT,1648535983313,1648535983441,4,0,-0.097,0.656,-0.748,0.037,0.011,-0.007
AIRPOT,1648535983356,1648535983484,4,0,-0.096,0.657,-0.748,0.036,0.019,0.005
AIRPOT,1648535983393,1648535983521,4,0,-0.095,0.659,-0.746,0.034,0.013,0.006
AIRPOT,1648535983435,1648535983563,4,0,-0.093,0.660,-0.745,0.018,0.016,-0.001
