DeviceName,PTPTime,UnixTime,protocool,CurrentDeviceTime,DistanceMM,DistanceCM,Weight,Count,DistanceADC,WeightADC,DeviceName(Current)
DEVICE,1648115685884,1648115686468,4,1648115686468,693,69,0,5,0,0
DEVICE,1648115685915,1648115686499,4,1648115686499,699,69,5,5,0,0
DEVICE,1648115703155,1648115703739,4,1648115703739,722,72,0,5,0,0
DEVICE,1648115703186,1648115703770,4,1648115703770,671,67,0,5,0,0
DEVICE,1648115703217,1648115703801,4,1648115703801,696,69,5,0,0,0
DEVICE,1648115703249,1648115703833,4,1648115703833,731,73,0,0,0,0
DEVICE,1648115703281,1648115703865,4,1648115703865,724,72,0,0,0,0
DEVICE,1648115703313,1648115703897,4,1648115703897,735,73,0,0,0,0
DEVICE,1648115703345,1648115703929,4,1648115703929,719,71,0,0,0,0
DEVICE,1648115703377,1648115703961,4,1648115703961,708,70,0,0,0,0
DEVICE,1648115703409,1648115703993,4,1648115703993,740,74,0,0,0,0
DEVICE,1648115703441,1648115704025,4,1648115704025,734,73,0,0,0,0
DEVICE,1648115703473,1648115704057,4,1648115704057,742,74,0,0,0,0
DEVICE,1648115703505,1648115704089,4,1648115704089,716,71,0,0,0,0
DEVICE,1648115703537,1648115704121,4,1648115704121,701,70,0,0,0,0
DEVICE,1648115703569,1648115704153,4,1648115704153,723,72,0,0,0,0
DEVICE,1648115703601,1648115704185,4,1648115704185,709,70,0,0,0,0
DEVICE,1648115703633,1648115704217,4,1648115704217,706,70,0,0,0,0
DEVICE,1648115703665,1648115704249,4,1648115704249,713,71,0,0,0,0
DEVICE,1648115703697,1648115704281,4,1648115704281,725,72,0,0,0,0
DEVICE,1648115703729,1648115704313,4,1648115704313,698,69,0,0,0,0
DEVICE,1648115703761,1648115704345,4,1648115704345,718,71,0,0,0,0
DEVICE,1648115703793,1648115704377,4,1648115704377,711,71,0,0,0,0
DEVICE,1648115703824,1648115704408,4,1648115704408,713,71,0,0,0,0
DEVICE,1648115703857,1648115704441,4,1648115704441,703,70,0,0,0,0
DEVICE,1648115703889,1648115704473,4,1648115704473,711,71,0,0,0,0
DEVICE,1648115703921,1648115704505,4,1648115704505,726,72,0,0,0,0
DEVICE,1648115703953,1648115704537,4,1648115704537,699,69,0,0,0,0
DEVICE,1648115703985,1648115704569,4,1648115704569,723,72,0,0,0,0
DEVICE,1648115704016,1648115704600,4,1648115704600,728,72,0,0,0,0
DEVICE,1648115704049,1648115704633,4,1648115704633,727,72,0,0,0,0
DEVICE,1648115704080,1648115704664,4,1648115704664,705,70,0,0,0,0
DEVICE,1648115704112,1648115704696,4,1648115704696,747,74,0,0,0,0
DEVICE,1648115704144,1648115704728,4,1648115704728,727,72,0,0,0,0
DEVICE,1648115704176,1648115704760,4,1648115704760,756,75,0,0,0,0
DEVICE,1648115704208,1648115704792,4,1648115704792,730,73,0,0,0,0
DEVICE,1648115704240,1648115704824,4,1648115704824,730,73,0,0,0,0
DEVICE,1648115704273,1648115704857,4,1648115704857,703,70,0,0,0,0
DEVICE,1648115704305,1648115704889,4,1648115704889,699,69,0,0,0,0
DEVICE,1648115704336,1648115704920,4,1648115704920,708,70,0,0,0,0
DEVICE,1648115704368,1648115704952,4,1648115704952,713,71,0,0,0,0
DEVICE,1648115704401,1648115704985,4,1648115704985,713,71,0,0,0,0
DEVICE,1648115704432,1648115705016,4,1648115705016,706,70,0,0,0,0
DEVICE,1648115704464,1648115705048,4,1648115705048,713,71,0,0,0,0
DEVICE,1648115704496,1648115705080,4,1648115705080,681,68,0,0,0,0
DEVICE,1648115704528,1648115705112,4,1648115705112,726,72,0,0,0,0
DEVICE,1648115704560,1648115705144,4,1648115705144,713,71,0,0,0,0
DEVICE,1648115704592,1648115705176,4,1648115705176,705,70,0,0,0,0
DEVICE,1648115704624,1648115705208,4,1648115705208,712,71,0,0,0,0
DEVICE,1648115704657,1648115705241,4,1648115705241,710,71,0,0,0,0
DEVICE,1648115704688,1648115705272,4,1648115705272,689,68,0,0,0,0
DEVICE,1648115704720,1648115705304,4,1648115705304,718,71,0,0,0,0
DEVICE,1648115704753,1648115705337,4,1648115705337,720,72,0,0,0,0
DEVICE,1648115704784,1648115705368,4,1648115705368,713,71,0,0,0,0
DEVICE,1648115704816,1648115705400,4,1648115705400,705,70,0,0,0,0
DEVICE,1648115704848,1648115705432,4,1648115705432,698,69,0,0,0,0
DEVICE,1648115704880,1648115705464,4,1648115705464,675,67,5,0,0,0
DEVICE,1648115704912,1648115705496,4,1648115705496,687,68,5,0,0,0
DEVICE,1648115704944,1648115705528,4,1648115705528,747,74,0,0,0,0
DEVICE,1648115704976,1648115705560,4,1648115705560,742,74,0,0,0,0
DEVICE,1648115705008,1648115705592,4,1648115705592,731,73,0,0,0,0
DEVICE,1648115705040,1648115705624,4,1648115705624,705,70,0,0,0,0
DEVICE,1648115705073,1648115705657,4,1648115705657,697,69,0,0,0,0
DEVICE,1648115705104,1648115705688,4,1648115705688,694,69,5,0,0,0
DEVICE,1648115705136,1648115705720,4,1648115705720,710,71,0,0,0,0
DEVICE,1648115705168,1648115705752,4,1648115705752,721,72,0,0,0,0
DEVICE,1648115705200,1648115705784,4,1648115705784,705,70,0,0,0,0
DEVICE,1648115705232,1648115705816,4,1648115705816,729,72,0,0,0,0
DEVICE,1648115705264,1648115705848,4,1648115705848,665,66,0,0,0,0
DEVICE,1648115705296,1648115705880,4,1648115705880,721,72,0,0,0,0
DEVICE,1648115705328,1648115705912,4,1648115705912,703,70,0,0,0,0
DEVICE,1648115705360,1648115705944,4,1648115705944,721,72,0,0,0,0
DEVICE,1648115705392,1648115705976,4,1648115705976,705,70,0,0,0,0
DEVICE,1648115705424,1648115706008,4,1648115706008,730,73,0,0,0,0
DEVICE,1648115705456,1648115706040,4,1648115706040,702,70,0,0,0,0
DEVICE,1648115705488,1648115706072,4,1648115706072,708,70,0,0,0,0
DEVICE,1648115705520,1648115706104,4,1648115706104,733,73,0,0,0,0
DEVICE,1648115705552,1648115706136,4,1648115706136,689,68,0,0,0,0
DEVICE,1648115705584,1648115706168,4,1648115706168,708,70,0,0,0,0
DEVICE,1648115705616,1648115706200,4,1648115706200,720,72,0,0,0,0
DEVICE,1648115705648,1648115706232,4,1648115706232,737,73,0,0,0,0
DEVICE,1648115705680,1648115706264,4,1648115706264,692,69,0,0,0,0
DEVICE,1648115705712,1648115706296,4,1648115706296,726,72,0,0,0,0
DEVICE,1648115705744,1648115706328,4,1648115706328,708,70,0,0,0,0
DEVICE,1648115705776,1648115706360,4,1648115706360,728,72,0,0,0,0
DEVICE,1648115705808,1648115706392,4,1648115706392,739,73,0,0,0,0
DEVICE,1648115705840,1648115706424,4,1648115706424,736,73,0,0,0,0
DEVICE,1648115705872,1648115706456,4,1648115706456,715,71,0,0,0,0
DEVICE,1648115705904,1648115706488,4,1648115706488,713,71,0,0,0,0
DEVICE,1648115705936,1648115706520,4,1648115706520,727,72,0,0,0,0
DEVICE,1648115705968,1648115706552,4,1648115706552,701,70,0,0,0,0
DEVICE,1648115705999,1648115706583,4,1648115706583,745,74,0,0,0,0
DEVICE,1648115706031,1648115706615,4,1648115706615,697,69,0,0,0,0
DEVICE,1648115706063,1648115706647,4,1648115706647,735,73,0,0,0,0
DEVICE,1648115706095,1648115706679,4,1648115706679,713,71,0,0,0,0
DEVICE,1648115706127,1648115706711,4,1648115706711,700,70,0,0,0,0
DEVICE,1648115706159,1648115706743,4,1648115706743,706,70,0,0,0,0
DEVICE,1648115706191,1648115706775,4,1648115706775,731,73,0,0,0,0
DEVICE,1648115706224,1648115706808,4,1648115706808,710,71,0,0,0,0
DEVICE,1648115706256,1648115706840,4,1648115706840,692,69,0,0,0,0
DEVICE,1648115706288,1648115706872,4,1648115706872,719,71,0,0,0,0
DEVICE,1648115706320,1648115706904,4,1648115706904,722,72,0,0,0,0
DEVICE,1648115706351,1648115706935,4,1648115706935,695,69,0,0,0,0
DEVICE,1648115706384,1648115706968,4,1648115706968,746,74,0,0,0,0
DEVICE,1648115706415,1648115706999,4,1648115706999,677,67,0,0,0,0
DEVICE,1648115706447,1648115707031,4,1648115707031,710,71,0,0,0,0
DEVICE,1648115706479,1648115707063,4,1648115707063,717,71,0,0,0,0
DEVICE,1648115706511,1648115707095,4,1648115707095,699,69,0,0,0,0
DEVICE,1648115706543,1648115707127,4,1648115707127,718,71,0,0,0,0
DEVICE,1648115706575,1648115707159,4,1648115707159,689,68,0,0,0,0
DEVICE,1648115706607,1648115707191,4,1648115707191,693,69,5,0,0,0
DEVICE,1648115706639,1648115707223,4,1648115707223,716,71,0,0,0,0
DEVICE,1648115706671,1648115707255,4,1648115707255,713,71,0,0,0,0
DEVICE,1648115706703,1648115707287,4,1648115707287,703,70,0,0,0,0
DEVICE,1648115706735,1648115707319,4,1648115707319,715,71,0,0,0,0
DEVICE,1648115706767,1648115707351,4,1648115707351,712,71,0,0,0,0
DEVICE,1648115706799,1648115707383,4,1648115707383,699,69,0,0,0,0
DEVICE,1648115706831,1648115707415,4,1648115707415,728,72,0,0,0,0
DEVICE,1648115706863,1648115707447,4,1648115707447,682,68,0,0,0,0
DEVICE,1648115706895,1648115707479,4,1648115707479,701,70,0,0,0,0
DEVICE,1648115706927,1648115707511,4,1648115707511,734,73,0,0,0,0
DEVICE,1648115706959,1648115707543,4,1648115707543,730,73,0,0,0,0
DEVICE,1648115706991,1648115707575,4,1648115707575,737,73,0,0,0,0
DEVICE,1648115707023,1648115707607,4,1648115707607,714,71,0,0,0,0
DEVICE,1648115707055,1648115707639,4,1648115707639,709,70,0,0,0,0
DEVICE,1648115707087,1648115707671,4,1648115707671,720,72,0,0,0,0
DEVICE,1648115707119,1648115707703,4,1648115707703,706,70,0,0,0,0
DEVICE,1648115707151,1648115707735,4,1648115707735,732,73,0,0,0,0
DEVICE,1648115707183,1648115707767,4,1648115707767,736,73,0,0,0,0
DEVICE,1648115707215,1648115707799,4,1648115707799,689,68,0,0,0,0
DEVICE,1648115707247,1648115707831,4,1648115707831,738,73,0,0,0,0
DEVICE,1648115707279,1648115707863,4,1648115707863,696,69,0,0,0,0
DEVICE,1648115707311,1648115707895,4,1648115707895,722,72,0,0,0,0
DEVICE,1648115707343,1648115707927,4,1648115707927,687,68,0,0,0,0
DEVICE,1648115707375,1648115707959,4,1648115707959,724,72,0,0,0,0
DEVICE,1648115707406,1648115707990,4,1648115707990,686,68,0,0,0,0
DEVICE,1648115707439,1648115708023,4,1648115708023,695,69,5,0,0,0
DEVICE,1648115707471,1648115708055,4,1648115708055,683,68,5,0,0,0
DEVICE,1648115707503,1648115708087,4,1648115708087,715,71,0,0,0,0
DEVICE,1648115707535,1648115708119,4,1648115708119,723,72,0,0,0,0
DEVICE,1648115707567,1648115708151,4,1648115708151,730,73,0,0,0,0
DEVICE,1648115707599,1648115708183,4,1648115708183,712,71,0,0,0,0
DEVICE,1648115707630,1648115708214,4,1648115708214,712,71,0,0,0,0
DEVICE,1648115707663,1648115708247,4,1648115708247,714,71,0,0,0,0
DEVICE,1648115707695,1648115708279,4,1648115708279,725,72,0,0,0,0
DEVICE,1648115707726,1648115708310,4,1648115708310,699,69,0,0,0,0
DEVICE,1648115707758,1648115708342,4,1648115708342,725,72,0,0,0,0
DEVICE,1648115707791,1648115708375,4,1648115708375,689,68,0,0,0,0
DEVICE,1648115707823,1648115708407,4,1648115708407,732,73,0,0,0,0
DEVICE,1648115707855,1648115708439,4,1648115708439,692,69,0,0,0,0
DEVICE,1648115707887,1648115708471,4,1648115708471,695,69,5,0,0,0
DEVICE,1648115707918,1648115708502,4,1648115708502,725,72,0,0,0,0
DEVICE,1648115707951,1648115708535,4,1648115708535,695,69,0,0,0,0
DEVICE,1648115707982,1648115708566,4,1648115708566,721,72,0,0,0,0
DEVICE,1648115708014,1648115708598,4,1648115708598,719,71,0,0,0,0
DEVICE,1648115708046,1648115708630,4,1648115708630,700,70,0,0,0,0
DEVICE,1648115708078,1648115708662,4,1648115708662,707,70,0,0,0,0
DEVICE,1648115708110,1648115708694,4,1648115708694,700,70,0,0,0,0
DEVICE,1648115708142,1648115708726,4,1648115708726,733,73,0,0,0,0
DEVICE,1648115708174,1648115708758,4,1648115708758,695,69,0,0,0,0
DEVICE,1648115708206,1648115708790,4,1648115708790,749,74,0,0,0,0
DEVICE,1648115708238,1648115708822,4,1648115708822,693,69,0,0,0,0
DEVICE,1648115708270,1648115708854,4,1648115708854,705,70,0,0,0,0
DEVICE,1648115708302,1648115708886,4,1648115708886,726,72,0,0,0,0
DEVICE,1648115708334,1648115708918,4,1648115708918,751,75,0,0,0,0
DEVICE,1648115708366,1648115708950,4,1648115708950,748,74,0,0,0,0
DEVICE,1648115708398,1648115708982,4,1648115708982,692,69,0,0,0,0
DEVICE,1648115708430,1648115709014,4,1648115709014,724,72,0,0,0,0
DEVICE,1648115708462,1648115709046,4,1648115709046,712,71,0,0,0,0
DEVICE,1648115708494,1648115709078,4,1648115709078,702,70,0,0,0,0
DEVICE,1648115708526,1648115709110,4,1648115709110,722,72,0,0,0,0
DEVICE,1648115708558,1648115709142,4,1648115709142,686,68,0,0,0,0
DEVICE,1648115708590,1648115709174,4,1648115709174,685,68,5,0,0,0
DEVICE,1648115708622,1648115709206,4,1648115709206,726,72,0,0,0,0
DEVICE,1648115708654,1648115709238,4,1648115709238,711,71,0,0,0,0
DEVICE,1648115708686,1648115709270,4,1648115709270,701,70,0,0,0,0
DEVICE,1648115708718,1648115709302,4,1648115709302,723,72,0,0,0,0
DEVICE,1648115708750,1648115709334,4,1648115709334,725,72,0,0,0,0
DEVICE,1648115708782,1648115709366,4,1648115709366,700,70,0,0,0,0
DEVICE,1648115708814,1648115709398,4,1648115709398,700,70,0,0,0,0
DEVICE,1648115708846,1648115709430,4,1648115709430,688,68,0,0,0,0
DEVICE,1648115708878,1648115709462,4,1648115709462,693,69,5,0,0,0
DEVICE,1648115708910,1648115709494,4,1648115709494,734,73,0,0,0,0
DEVICE,1648115708942,1648115709526,4,1648115709526,729,72,0,0,0,0
DEVICE,1648115708974,1648115709558,4,1648115709558,707,70,0,0,0,0
DEVICE,1648115709006,1648115709590,4,1648115709590,703,70,0,0,0,0
DEVICE,1648115709038,1648115709622,4,1648115709622,732,73,0,0,0,0
DEVICE,1648115709070,1648115709654,4,1648115709654,732,73,0,0,0,0
DEVICE,1648115709102,1648115709686,4,1648115709686,712,71,0,0,0,0
DEVICE,1648115709134,1648115709718,4,1648115709718,712,71,0,0,0,0
DEVICE,1648115709166,1648115709750,4,1648115709750,680,68,0,0,0,0
DEVICE,1648115709198,1648115709782,4,1648115709782,711,71,0,0,0,0
DEVICE,1648115709230,1648115709814,4,1648115709814,711,71,0,0,0,0
DEVICE,1648115709262,1648115709846,4,1648115709846,703,70,0,0,0,0
DEVICE,1648115709294,1648115709878,4,1648115709878,694,69,0,0,0,0
DEVICE,1648115709326,1648115709910,4,1648115709910,736,73,0,0,0,0
DEVICE,1648115709358,1648115709942,4,1648115709942,711,71,0,0,0,0
DEVICE,1648115709390,1648115709974,4,1648115709974,727,72,0,0,0,0
DEVICE,1648115709421,1648115710005,4,1648115710005,745,74,0,0,0,0
DEVICE,1648115709454,1648115710038,4,1648115710038,685,68,0,0,0,0
DEVICE,1648115709486,1648115710070,4,1648115710070,689,68,5,0,0,0
DEVICE,1648115709518,1648115710102,4,1648115710102,706,70,0,0,0,0
DEVICE,1648115709550,1648115710134,4,1648115710134,735,73,0,0,0,0
DEVICE,1648115709581,1648115710165,4,1648115710165,715,71,0,0,0,0
DEVICE,1648115709613,1648115710197,4,1648115710197,701,70,0,0,0,0
DEVICE,1648115709645,1648115710229,4,1648115710229,718,71,0,0,0,0
DEVICE,1648115709677,1648115710261,4,1648115710261,713,71,0,0,0,0
DEVICE,1648115709709,1648115710293,4,1648115710293,727,72,0,0,0,0
DEVICE,1648115709741,1648115710325,4,1648115710325,703,70,0,0,0,0
DEVICE,1648115709773,1648115710357,4,1648115710357,688,68,0,0,0,0
DEVICE,1648115709806,1648115710390,4,1648115710390,721,72,0,0,0,0
DEVICE,1648115709838,1648115710422,4,1648115710422,692,69,0,0,0,0
DEVICE,1648115709869,1648115710453,4,1648115710453,727,72,0,0,0,0
DEVICE,1648115709901,1648115710485,4,1648115710485,694,69,0,0,0,0
DEVICE,1648115709933,1648115710517,4,1648115710517,686,68,5,0,0,0
DEVICE,1648115709965,1648115710549,4,1648115710549,714,71,0,0,0,0
DEVICE,1648115709997,1648115710581,4,1648115710581,677,67,0,0,0,0
DEVICE,1648115710029,1648115710613,4,1648115710613,701,70,0,0,0,0
DEVICE,1648115710061,1648115710645,4,1648115710645,697,69,0,0,0,0
DEVICE,1648115710093,1648115710677,4,1648115710677,720,72,0,0,0,0
DEVICE,1648115710125,1648115710709,4,1648115710709,733,73,0,0,0,0
DEVICE,1648115710157,1648115710741,4,1648115710741,694,69,0,0,0,0
DEVICE,1648115710189,1648115710773,4,1648115710773,717,71,0,0,0,0
DEVICE,1648115710221,1648115710805,4,1648115710805,707,70,0,0,0,0
DEVICE,1648115710253,1648115710837,4,1648115710837,736,73,0,0,0,0
DEVICE,1648115710285,1648115710869,4,1648115710869,742,74,0,0,0,0
DEVICE,1648115710317,1648115710901,4,1648115710901,729,72,0,0,0,0
DEVICE,1648115710349,1648115710933,4,1648115710933,710,71,0,0,0,0
DEVICE,1648115710381,1648115710965,4,1648115710965,723,72,0,0,0,0
DEVICE,1648115710413,1648115710997,4,1648115710997,683,68,0,0,0,0
DEVICE,1648115710445,1648115711029,4,1648115711029,722,72,0,0,0,0
DEVICE,1648115710477,1648115711061,4,1648115711061,709,70,0,0,0,0
DEVICE,1648115710509,1648115711093,4,1648115711093,722,72,0,0,0,0
DEVICE,1648115710541,1648115711125,4,1648115711125,728,72,0,0,0,0
DEVICE,1648115710573,1648115711157,4,1648115711157,699,69,0,0,0,0
DEVICE,1648115710605,1648115711189,4,1648115711189,695,69,5,0,0,0
DEVICE,1648115710637,1648115711221,4,1648115711221,704,70,0,0,0,0
DEVICE,1648115710669,1648115711253,4,1648115711253,731,73,0,0,0,0
DEVICE,1648115710701,1648115711285,4,1648115711285,700,70,0,0,0,0
DEVICE,1648115710733,1648115711317,4,1648115711317,707,70,0,0,0,0
DEVICE,1648115710765,1648115711349,4,1648115711349,724,72,0,0,0,0
DEVICE,1648115710797,1648115711381,4,1648115711381,726,72,0,0,0,0
DEVICE,1648115710829,1648115711413,4,1648115711413,715,71,0,0,0,0
DEVICE,1648115710861,1648115711445,4,1648115711445,681,68,0,0,0,0
DEVICE,1648115710893,1648115711477,4,1648115711477,729,72,0,0,0,0
DEVICE,1648115710925,1648115711509,4,1648115711509,694,69,0,0,0,0
DEVICE,1648115710957,1648115711541,4,1648115711541,707,70,0,0,0,0
DEVICE,1648115710989,1648115711573,4,1648115711573,722,72,0,0,0,0
DEVICE,1648115711021,1648115711605,4,1648115711605,701,70,0,0,0,0
DEVICE,1648115711053,1648115711637,4,1648115711637,697,69,0,0,0,0
DEVICE,1648115711085,1648115711669,4,1648115711669,714,71,0,0,0,0
DEVICE,1648115711117,1648115711701,4,1648115711701,715,71,0,0,0,0
DEVICE,1648115711149,1648115711733,4,1648115711733,725,72,0,0,0,0
DEVICE,1648115711181,1648115711765,4,1648115711765,707,70,0,0,0,0
DEVICE,1648115711213,1648115711797,4,1648115711797,713,71,0,0,0,0
DEVICE,1648115711245,1648115711829,4,1648115711829,737,73,0,0,0,0
DEVICE,1648115711277,1648115711861,4,1648115711861,731,73,0,0,0,0
DEVICE,1648115711309,1648115711893,4,1648115711893,715,71,0,0,0,0
DEVICE,1648115711340,1648115711924,4,1648115711924,733,73,0,0,0,0
DEVICE,1648115711373,1648115711957,4,1648115711957,692,69,0,0,0,0
DEVICE,1648115711404,1648115711988,4,1648115711988,689,68,5,0,0,0
DEVICE,1648115711437,1648115712021,4,1648115712021,728,72,0,0,0,0
DEVICE,1648115711469,1648115712053,4,1648115712053,706,70,0,0,0,0
DEVICE,1648115711501,1648115712085,4,1648115712085,735,73,0,0,0,0
DEVICE,1648115711533,1648115712117,4,1648115712117,708,70,0,0,0,0
DEVICE,1648115711565,1648115712149,4,1648115712149,724,72,0,0,0,0
DEVICE,1648115711596,1648115712180,4,1648115712180,694,69,0,0,0,0
DEVICE,1648115711628,1648115712212,4,1648115712212,695,69,5,0,0,0
DEVICE,1648115711660,1648115712244,4,1648115712244,729,72,0,0,0,0
DEVICE,1648115711692,1648115712276,4,1648115712276,711,71,0,0,0,0
DEVICE,1648115711724,1648115712308,4,1648115712308,718,71,0,0,0,0
DEVICE,1648115711756,1648115712340,4,1648115712340,744,74,0,0,0,0
DEVICE,1648115711788,1648115712372,4,1648115712372,739,73,0,0,0,0
DEVICE,1648115711820,1648115712404,4,1648115712404,705,70,0,0,0,0
DEVICE,1648115711852,1648115712436,4,1648115712436,681,68,0,0,0,0
DEVICE,1648115711884,1648115712468,4,1648115712468,721,72,0,0,0,0
DEVICE,1648115711916,1648115712500,4,1648115712500,719,71,0,0,0,0
DEVICE,1648115711948,1648115712532,4,1648115712532,718,71,0,0,0,0
DEVICE,1648115711980,1648115712564,4,1648115712564,718,71,0,0,0,0
DEVICE,1648115712012,1648115712596,4,1648115712596,695,69,0,0,0,0
DEVICE,1648115712044,1648115712628,4,1648115712628,718,71,0,0,0,0
DEVICE,1648115712061,1648115712645,4,1648115712645,741,74,0,0,0,0
DEVICE,1648115712092,1648115712676,4,1648115712676,693,69,0,0,0,0
DEVICE,1648115712124,1648115712708,4,1648115712708,730,73,0,0,0,0
DEVICE,1648115712156,1648115712740,4,1648115712740,712,71,0,0,0,0
DEVICE,1648115712204,1648115712788,4,1648115712788,722,72,0,0,0,0
DEVICE,1648115712236,1648115712820,4,1648115712820,705,70,0,0,0,0
DEVICE,1648115712268,1648115712852,4,1648115712852,714,71,0,0,0,0
DEVICE,1648115712300,1648115712884,4,1648115712884,707,70,0,0,0,0
DEVICE,1648115712332,1648115712916,4,1648115712916,710,71,0,0,0,0
DEVICE,1648115712364,1648115712948,4,1648115712948,679,67,0,0,0,0
DEVICE,1648115712396,1648115712980,4,1648115712980,711,71,0,0,0,0
DEVICE,1648115712428,1648115713012,4,1648115713012,721,72,0,0,0,0
DEVICE,1648115712460,1648115713044,4,1648115713044,738,73,0,0,0,0
DEVICE,1648115712475,1648115713059,4,1648115713059,704,70,0,0,0,0
DEVICE,1648115712507,1648115713091,4,1648115713091,687,68,0,0,0,0
DEVICE,1648115712540,1648115713124,4,1648115713124,688,68,5,0,0,0
DEVICE,1648115712572,1648115713156,4,1648115713156,715,71,0,0,0,0
DEVICE,1648115712604,1648115713188,4,1648115713188,723,72,0,0,0,0
DEVICE,1648115712652,1648115713236,4,1648115713236,671,67,0,0,0,0
DEVICE,1648115712683,1648115713267,4,1648115713267,739,73,0,0,0,0
DEVICE,1648115712715,1648115713299,4,1648115713299,710,71,0,0,0,0
DEVICE,1648115712732,1648115713316,4,1648115713316,709,70,0,0,0,0
DEVICE,1648115712764,1648115713348,4,1648115713348,701,70,0,0,0,0
DEVICE,1648115712796,1648115713380,4,1648115713380,724,72,0,0,0,0
DEVICE,1648115712827,1648115713411,4,1648115713411,716,71,0,0,0,0
DEVICE,1648115712859,1648115713443,4,1648115713443,723,72,0,0,0,0
DEVICE,1648115712892,1648115713476,4,1648115713476,710,71,0,0,0,0
DEVICE,1648115712923,1648115713507,4,1648115713507,708,70,0,0,0,0
DEVICE,1648115712956,1648115713540,4,1648115713540,696,69,0,0,0,0
DEVICE,1648115712988,1648115713572,4,1648115713572,699,69,5,0,0,0
DEVICE,1648115713020,1648115713604,4,1648115713604,706,70,0,0,0,0
DEVICE,1648115713068,1648115713652,4,1648115713652,700,70,0,0,0,0
DEVICE,1648115713100,1648115713684,4,1648115713684,727,72,0,0,0,0
DEVICE,1648115713116,1648115713700,4,1648115713700,735,73,0,0,0,0
DEVICE,1648115713148,1648115713732,4,1648115713732,700,70,0,0,0,0
DEVICE,1648115713180,1648115713764,4,1648115713764,721,72,0,0,0,0
DEVICE,1648115713212,1648115713796,4,1648115713796,694,69,0,0,0,0
DEVICE,1648115713243,1648115713827,4,1648115713827,669,66,5,0,0,0
DEVICE,1648115713276,1648115713860,4,1648115713860,706,70,0,0,0,0
DEVICE,1648115713308,1648115713892,4,1648115713892,682,68,0,0,0,0
DEVICE,1648115713340,1648115713924,4,1648115713924,710,71,0,0,0,0
DEVICE,1648115713372,1648115713956,4,1648115713956,685,68,0,0,0,0
DEVICE,1648115713404,1648115713988,4,1648115713988,662,66,5,0,0,0
DEVICE,1648115713435,1648115714019,4,1648115714019,640,64,5,0,0,0
DEVICE,1648115713467,1648115714051,4,1648115714051,624,62,5,0,0,0
DEVICE,1648115713499,1648115714083,4,1648115714083,623,62,5,0,0,0
DEVICE,1648115713531,1648115714115,4,1648115714115,607,60,5,0,0,0
DEVICE,1648115713563,1648115714147,4,1648115714147,572,57,5,0,0,0
DEVICE,1648115713595,1648115714179,4,1648115714179,562,56,5,0,0,0
DEVICE,1648115713628,1648115714212,4,1648115714212,542,54,5,0,0,0
DEVICE,1648115713659,1648115714243,4,1648115714243,509,50,5,0,0,0
DEVICE,1648115713691,1648115714275,4,1648115714275,519,51,5,0,0,0
DEVICE,1648115713723,1648115714307,4,1648115714307,488,48,5,0,0,0
DEVICE,1648115713755,1648115714339,4,1648115714339,492,49,5,0,0,0
DEVICE,1648115713787,1648115714371,4,1648115714371,470,47,5,1,0,0
DEVICE,1648115713819,1648115714403,4,1648115714403,452,45,5,1,0,29436
DEVICE,1648115713851,1648115714435,4,1648115714435,458,45,5,1,0,29436
DEVICE,1648115713884,1648115714468,4,1648115714468,446,44,5,1,0,29436
DEVICE,1648115713916,1648115714500,4,1648115714500,443,44,5,1,0,29436
DEVICE,1648115713947,1648115714531,4,1648115714531,437,43,5,1,0,29430
DEVICE,1648115713979,1648115714563,4,1648115714563,455,45,5,1,0,29420
DEVICE,1648115714011,1648115714595,4,1648115714595,462,46,5,1,0,29405
DEVICE,1648115714043,1648115714627,4,1648115714627,466,46,5,1,0,29391
DEVICE,1648115714075,1648115714659,4,1648115714659,482,48,5,1,0,29374
DEVICE,1648115714107,1648115714691,4,1648115714691,502,50,5,1,0,29359
DEVICE,1648115714140,1648115714724,4,1648115714724,493,49,5,1,0,29351
DEVICE,1648115714171,1648115714755,4,1648115714755,517,51,5,1,0,29349
DEVICE,1648115714203,1648115714787,4,1648115714787,531,53,5,1,0,29349
DEVICE,1648115714235,1648115714819,4,1648115714819,549,54,5,1,0,29349
DEVICE,1648115714267,1648115714851,4,1648115714851,564,56,5,1,0,29349
DEVICE,1648115714299,1648115714883,4,1648115714883,575,57,5,1,0,29349
DEVICE,1648115714331,1648115714915,4,1648115714915,603,60,5,1,0,29349
DEVICE,1648115714363,1648115714947,4,1648115714947,617,61,5,1,0,29349
DEVICE,1648115714395,1648115714979,4,1648115714979,645,64,5,1,0,29349
DEVICE,1648115714427,1648115715011,4,1648115715011,665,66,5,1,0,29349
DEVICE,1648115714459,1648115715043,4,1648115715043,656,65,5,1,0,29349
DEVICE,1648115714491,1648115715075,4,1648115715075,682,68,5,1,0,29349
DEVICE,1648115714523,1648115715107,4,1648115715107,670,67,5,1,0,29349
DEVICE,1648115714556,1648115715140,4,1648115715140,678,67,5,1,0,29349
DEVICE,1648115714587,1648115715171,4,1648115715171,671,67,5,1,0,29349
DEVICE,1648115714619,1648115715203,4,1648115715203,706,70,0,1,0,29349
DEVICE,1648115714651,1648115715235,4,1648115715235,718,71,0,1,0,29349
DEVICE,1648115714683,1648115715267,4,1648115715267,644,64,0,1,0,-24125
DEVICE,1648115714715,1648115715299,4,1648115715299,655,65,0,1,0,-24124
DEVICE,1648115714747,1648115715331,4,1648115715331,649,64,0,1,0,-12062
DEVICE,1648115714779,1648115715363,4,1648115715363,634,63,5,1,0,0
DEVICE,1648115714811,1648115715395,4,1648115715395,575,57,5,1,0,0
DEVICE,1648115714843,1648115715427,4,1648115715427,590,59,5,1,0,0
DEVICE,1648115714875,1648115715459,4,1648115715459,543,54,5,1,0,0
DEVICE,1648115714907,1648115715491,4,1648115715491,544,54,5,1,0,0
DEVICE,1648115714939,1648115715523,4,1648115715523,541,54,5,1,0,0
DEVICE,1648115714971,1648115715555,4,1648115715555,521,52,5,1,0,0
DEVICE,1648115715003,1648115715587,4,1648115715587,502,50,5,1,0,0
DEVICE,1648115715035,1648115715619,4,1648115715619,481,48,5,1,0,0
DEVICE,1648115715067,1648115715651,4,1648115715651,469,46,5,2,0,0
DEVICE,1648115715099,1648115715683,4,1648115715683,458,45,5,2,0,29405
DEVICE,1648115715131,1648115715715,4,1648115715715,456,45,5,2,0,29405
DEVICE,1648115715163,1648115715747,4,1648115715747,450,45,5,2,0,29405
DEVICE,1648115715195,1648115715779,4,1648115715779,451,45,5,2,0,29405
DEVICE,1648115715227,1648115715811,4,1648115715811,460,46,5,2,0,29405
DEVICE,1648115715259,1648115715843,4,1648115715843,475,47,5,2,0,29405
DEVICE,1648115715291,1648115715875,4,1648115715875,461,46,5,2,0,29401
DEVICE,1648115715323,1648115715907,4,1648115715907,462,46,5,2,0,29393
DEVICE,1648115715355,1648115715939,4,1648115715939,492,49,5,2,0,29380
DEVICE,1648115715388,1648115715972,4,1648115715972,509,50,5,2,0,29368
DEVICE,1648115715419,1648115716003,4,1648115716003,515,51,5,2,0,29353
DEVICE,1648115715451,1648115716035,4,1648115716035,525,52,5,2,0,29339
DEVICE,1648115715482,1648115716066,4,1648115716066,540,54,5,2,0,29328
DEVICE,1648115715514,1648115716098,4,1648115716098,565,56,5,2,0,29324
DEVICE,1648115715546,1648115716130,4,1648115716130,586,58,5,2,0,29324
DEVICE,1648115715578,1648115716162,4,1648115716162,621,62,5,2,0,29324
DEVICE,1648115715610,1648115716194,4,1648115716194,626,62,5,2,0,29324
DEVICE,1648115715642,1648115716226,4,1648115716226,616,61,5,2,0,29324
DEVICE,1648115715674,1648115716258,4,1648115716258,660,66,5,2,0,29324
DEVICE,1648115715706,1648115716290,4,1648115716290,671,67,5,2,0,29324
DEVICE,1648115715739,1648115716323,4,1648115716323,705,70,0,2,0,29324
DEVICE,1648115715771,1648115716355,4,1648115716355,675,67,0,2,0,29324
DEVICE,1648115715803,1648115716387,4,1648115716387,684,68,0,2,0,-24141
DEVICE,1648115715834,1648115716418,4,1648115716418,697,69,0,2,0,-12070
DEVICE,1648115715866,1648115716450,4,1648115716450,659,65,5,2,0,0
DEVICE,1648115715898,1648115716482,4,1648115716482,643,64,5,2,0,0
DEVICE,1648115715931,1648115716515,4,1648115716515,664,66,5,2,0,0
DEVICE,1648115715962,1648115716546,4,1648115716546,652,65,5,2,0,0
DEVICE,1648115715995,1648115716579,4,1648115716579,635,63,5,2,0,0
DEVICE,1648115716026,1648115716610,4,1648115716610,614,61,5,2,0,0
DEVICE,1648115716058,1648115716642,4,1648115716642,624,62,5,2,0,0
DEVICE,1648115716090,1648115716674,4,1648115716674,581,58,5,2,0,0
DEVICE,1648115716122,1648115716706,4,1648115716706,568,56,5,2,0,0
DEVICE,1648115716154,1648115716738,4,1648115716738,544,54,5,2,0,0
DEVICE,1648115716186,1648115716770,4,1648115716770,521,52,5,2,0,0
DEVICE,1648115716218,1648115716802,4,1648115716802,507,50,5,2,0,0
DEVICE,1648115716250,1648115716834,4,1648115716834,494,49,5,2,0,0
DEVICE,1648115716282,1648115716866,4,1648115716866,478,47,5,2,0,0
DEVICE,1648115716314,1648115716898,4,1648115716898,468,46,5,3,0,29361
DEVICE,1648115716346,1648115716930,4,1648115716930,466,46,5,3,0,29361
DEVICE,1648115716378,1648115716962,4,1648115716962,456,45,5,3,0,29361
DEVICE,1648115716410,1648115716994,4,1648115716994,461,46,5,3,0,29361
DEVICE,1648115716442,1648115717026,4,1648115717026,457,45,5,3,0,29361
DEVICE,1648115716474,1648115717058,4,1648115717058,457,45,5,3,0,29361
DEVICE,1648115716506,1648115717090,4,1648115717090,458,45,5,3,0,29361
DEVICE,1648115716538,1648115717122,4,1648115717122,467,46,5,3,0,29361
DEVICE,1648115716570,1648115717154,4,1648115717154,464,46,5,3,0,29361
DEVICE,1648115716602,1648115717186,4,1648115717186,491,49,5,3,0,29361
DEVICE,1648115716634,1648115717218,4,1648115717218,488,48,5,3,0,29361
DEVICE,1648115716666,1648115717250,4,1648115717250,505,50,5,3,0,29361
DEVICE,1648115716698,1648115717282,4,1648115717282,517,51,5,3,0,29361
DEVICE,1648115716730,1648115717314,4,1648115717314,521,52,5,3,0,29361
DEVICE,1648115716762,1648115717346,4,1648115717346,566,56,5,3,0,29361
DEVICE,1648115716794,1648115717378,4,1648115717378,578,57,5,3,0,29361
DEVICE,1648115716826,1648115717410,4,1648115717410,577,57,5,3,0,29361
DEVICE,1648115716858,1648115717442,4,1648115717442,612,61,5,3,0,29361
DEVICE,1648115716890,1648115717474,4,1648115717474,630,63,5,3,0,29361
DEVICE,1648115716922,1648115717506,4,1648115717506,684,68,5,3,0,29361
DEVICE,1648115716954,1648115717538,4,1648115717538,656,65,5,3,0,29361
DEVICE,1648115716986,1648115717570,4,1648115717570,674,67,5,3,0,29361
DEVICE,1648115717018,1648115717602,4,1648115717602,624,62,5,3,0,29361
DEVICE,1648115717050,1648115717634,4,1648115717634,716,71,0,3,0,29361
DEVICE,1648115717082,1648115717666,4,1648115717666,706,70,0,3,0,29361
DEVICE,1648115717114,1648115717698,4,1648115717698,675,67,0,3,0,-24116
DEVICE,1648115717146,1648115717730,4,1648115717730,678,67,0,3,0,-24116
DEVICE,1648115717178,1648115717762,4,1648115717762,656,65,0,3,0,-24116
DEVICE,1648115717210,1648115717794,4,1648115717794,640,64,0,3,0,-12058
DEVICE,1648115717242,1648115717826,4,1648115717826,607,60,5,3,0,0
DEVICE,1648115717273,1648115717857,4,1648115717857,620,62,5,3,0,0
DEVICE,1648115717306,1648115717890,4,1648115717890,596,59,5,3,0,0
DEVICE,1648115717337,1648115717921,4,1648115717921,570,57,5,3,0,0
DEVICE,1648115717369,1648115717953,4,1648115717953,551,55,5,3,0,0
DEVICE,1648115717402,1648115717986,4,1648115717986,514,51,5,3,0,0
DEVICE,1648115717433,1648115718017,4,1648115718017,529,52,5,3,0,0
DEVICE,1648115717465,1648115718049,4,1648115718049,498,49,5,3,0,0
DEVICE,1648115717497,1648115718081,4,1648115718081,480,48,5,3,0,0
DEVICE,1648115717529,1648115718113,4,1648115718113,474,47,5,3,0,0
DEVICE,1648115717561,1648115718145,4,1648115718145,445,44,5,4,0,29430
DEVICE,1648115717593,1648115718177,4,1648115718177,438,43,5,4,0,29424
DEVICE,1648115717625,1648115718209,4,1648115718209,429,42,5,4,0,29424
DEVICE,1648115717657,1648115718241,4,1648115718241,436,43,5,4,0,29424
DEVICE,1648115717689,1648115718273,4,1648115718273,433,43,5,4,0,29424
DEVICE,1648115717722,1648115718306,4,1648115718306,430,43,5,4,0,29422
DEVICE,1648115717754,1648115718338,4,1648115718338,447,44,5,4,0,29418
DEVICE,1648115717786,1648115718370,4,1648115718370,456,45,5,4,0,29414
DEVICE,1648115717818,1648115718402,4,1648115718402,459,45,5,4,0,29409
DEVICE,1648115717849,1648115718433,4,1648115718433,480,48,5,4,0,29403
DEVICE,1648115717881,1648115718465,4,1648115718465,485,48,5,4,0,29393
DEVICE,1648115717913,1648115718497,4,1648115718497,491,49,5,4,0,29384
DEVICE,1648115717945,1648115718529,4,1648115718529,508,50,5,4,0,29378
DEVICE,1648115717977,1648115718561,4,1648115718561,534,53,5,4,0,29376
DEVICE,1648115718009,1648115718593,4,1648115718593,560,56,5,4,0,29374
DEVICE,1648115718041,1648115718625,4,1648115718625,559,55,5,4,0,29374
DEVICE,1648115718073,1648115718657,4,1648115718657,585,58,5,4,0,29374
DEVICE,1648115718105,1648115718689,4,1648115718689,602,60,5,4,0,29374
DEVICE,1648115718137,1648115718721,4,1648115718721,623,62,5,4,0,29374
DEVICE,1648115718170,1648115718754,4,1648115718754,649,64,5,4,0,29374
DEVICE,1648115718201,1648115718785,4,1648115718785,663,66,5,4,0,29374
DEVICE,1648115718233,1648115718817,4,1648115718817,681,68,5,4,0,29374
DEVICE,1648115718265,1648115718849,4,1648115718849,695,69,5,4,0,29374
DEVICE,1648115718297,1648115718881,4,1648115718881,701,70,0,4,0,29374
DEVICE,1648115718328,1648115718912,4,1648115718912,681,68,0,4,0,29374
DEVICE,1648115718361,1648115718945,4,1648115718945,678,67,0,4,0,-24108
DEVICE,1648115718393,1648115718977,4,1648115718977,682,68,0,4,0,-12054
DEVICE,1648115718425,1648115719009,4,1648115719009,642,64,0,4,0,-12054
DEVICE,1648115718457,1648115719041,4,1648115719041,639,63,5,4,0,0
DEVICE,1648115718489,1648115719073,4,1648115719073,634,63,5,4,0,0
DEVICE,1648115718521,1648115719105,4,1648115719105,629,62,5,4,0,0
DEVICE,1648115718553,1648115719137,4,1648115719137,570,57,5,4,0,0
DEVICE,1648115718585,1648115719169,4,1648115719169,566,56,5,4,0,0
DEVICE,1648115718617,1648115719201,4,1648115719201,566,56,5,4,0,0
DEVICE,1648115718649,1648115719233,4,1648115719233,534,53,5,4,0,0
DEVICE,1648115718681,1648115719265,4,1648115719265,525,52,5,4,0,0
DEVICE,1648115718713,1648115719297,4,1648115719297,510,51,5,4,0,0
DEVICE,1648115718745,1648115719329,4,1648115719329,481,48,5,4,0,0
DEVICE,1648115718777,1648115719361,4,1648115719361,467,46,5,4,0,0
DEVICE,1648115718809,1648115719393,4,1648115719393,451,45,5,5,0,29361
DEVICE,1648115718841,1648115719425,4,1648115719425,446,44,5,5,0,29361
DEVICE,1648115718873,1648115719457,4,1648115719457,435,43,5,5,0,29361
DEVICE,1648115718905,1648115719489,4,1648115719489,445,44,5,5,0,29361
DEVICE,1648115718937,1648115719521,4,1648115719521,435,43,5,5,0,29361
DEVICE,1648115718968,1648115719552,4,1648115719552,439,43,5,5,0,29361
DEVICE,1648115719001,1648115719585,4,1648115719585,452,45,5,5,0,29361
DEVICE,1648115719033,1648115719617,4,1648115719617,452,45,5,5,0,29361
DEVICE,1648115719064,1648115719648,4,1648115719648,465,46,5,5,0,29361
DEVICE,1648115719097,1648115719681,4,1648115719681,480,48,5,5,0,29361
DEVICE,1648115719129,1648115719713,4,1648115719713,487,48,5,5,0,29361
DEVICE,1648115719160,1648115719744,4,1648115719744,494,49,5,5,0,29361
DEVICE,1648115719192,1648115719776,4,1648115719776,497,49,5,5,0,29364
DEVICE,1648115719225,1648115719809,4,1648115719809,528,52,5,5,0,29366
DEVICE,1648115719257,1648115719841,4,1648115719841,543,54,5,5,0,29368
DEVICE,1648115719288,1648115719872,4,1648115719872,565,56,5,5,0,29368
DEVICE,1648115719320,1648115719904,4,1648115719904,603,60,5,5,0,29368
DEVICE,1648115719352,1648115719936,4,1648115719936,608,60,5,5,0,29368
DEVICE,1648115719384,1648115719968,4,1648115719968,613,61,5,5,0,29368
DEVICE,1648115719416,1648115720000,4,1648115720000,659,65,5,5,0,29368
DEVICE,1648115719449,1648115720033,4,1648115720033,660,66,5,5,0,29368
DEVICE,1648115719480,1648115720064,4,1648115720064,679,67,5,5,0,29368
DEVICE,1648115719512,1648115720096,4,1648115720096,692,69,5,5,0,29368
DEVICE,1648115719545,1648115720129,4,1648115720129,690,69,5,5,0,29368
DEVICE,1648115719577,1648115720161,4,1648115720161,671,67,5,5,0,29368
DEVICE,1648115719608,1648115720192,4,1648115720192,722,72,0,5,0,29368
DEVICE,1648115719640,1648115720224,4,1648115720224,666,66,0,5,0,29368
DEVICE,1648115719673,1648115720257,4,1648115720257,650,65,0,5,0,29368
DEVICE,1648115719704,1648115720288,4,1648115720288,666,66,0,5,0,-24112
DEVICE,1648115719737,1648115720321,4,1648115720321,661,66,0,5,0,-12056
DEVICE,1648115719769,1648115720353,4,1648115720353,627,62,5,5,0,0
DEVICE,1648115719800,1648115720384,4,1648115720384,603,60,5,5,0,0
DEVICE,1648115719832,1648115720416,4,1648115720416,578,57,5,5,0,0
DEVICE,1648115719864,1648115720448,4,1648115720448,560,56,5,5,0,0
DEVICE,1648115719896,1648115720480,4,1648115720480,536,53,5,5,0,0
DEVICE,1648115719928,1648115720512,4,1648115720512,536,53,5,5,0,0
DEVICE,1648115719960,1648115720544,4,1648115720544,529,52,5,5,0,0
DEVICE,1648115719992,1648115720576,4,1648115720576,506,50,5,5,0,0
DEVICE,1648115720024,1648115720608,4,1648115720608,491,49,5,5,0,0
DEVICE,1648115720056,1648115720640,4,1648115720640,478,47,5,5,0,0
DEVICE,1648115720088,1648115720672,4,1648115720672,474,47,5,6,0,29418
DEVICE,1648115720120,1648115720704,4,1648115720704,465,46,5,6,0,29418
DEVICE,1648115720152,1648115720736,4,1648115720736,456,45,5,6,0,29418
DEVICE,1648115720184,1648115720768,4,1648115720768,463,46,5,6,0,29418
DEVICE,1648115720216,1648115720800,4,1648115720800,462,46,5,6,0,29418
DEVICE,1648115720248,1648115720832,4,1648115720832,461,46,5,6,0,29418
DEVICE,1648115720280,1648115720864,4,1648115720864,461,46,5,6,0,29418
DEVICE,1648115720312,1648115720896,4,1648115720896,479,47,5,6,0,29418
DEVICE,1648115720344,1648115720928,4,1648115720928,489,48,5,6,0,29416
DEVICE,1648115720376,1648115720960,4,1648115720960,503,50,5,6,0,29414
DEVICE,1648115720408,1648115720992,4,1648115720992,501,50,5,6,0,29411
DEVICE,1648115720440,1648115721024,4,1648115721024,526,52,5,6,0,29409
DEVICE,1648115720472,1648115721056,4,1648115721056,541,54,5,6,0,29405
DEVICE,1648115720504,1648115721088,4,1648115721088,568,56,5,6,0,29401
DEVICE,1648115720536,1648115721120,4,1648115721120,571,57,5,6,0,29399
DEVICE,1648115720568,1648115721152,4,1648115721152,588,58,5,6,0,29399
DEVICE,1648115720600,1648115721184,4,1648115721184,610,61,5,6,0,29399
DEVICE,1648115720632,1648115721216,4,1648115721216,633,63,5,6,0,29399
DEVICE,1648115720664,1648115721248,4,1648115721248,618,61,5,6,0,29399
DEVICE,1648115720696,1648115721280,4,1648115721280,642,64,5,6,0,29399
DEVICE,1648115720728,1648115721312,4,1648115721312,679,67,5,6,0,29399
DEVICE,1648115720760,1648115721344,4,1648115721344,665,66,5,6,0,29399
DEVICE,1648115720792,1648115721376,4,1648115721376,678,67,5,6,0,29399
DEVICE,1648115720824,1648115721408,4,1648115721408,677,67,5,6,0,29399
DEVICE,1648115720856,1648115721440,4,1648115721440,657,65,5,6,0,29399
DEVICE,1648115720888,1648115721472,4,1648115721472,686,68,5,6,0,29399
DEVICE,1648115720920,1648115721504,4,1648115721504,650,65,5,6,0,29399
DEVICE,1648115720952,1648115721536,4,1648115721536,647,64,5,6,0,29399
DEVICE,1648115720984,1648115721568,4,1648115721568,620,62,5,6,0,29399
DEVICE,1648115721016,1648115721600,4,1648115721600,634,63,5,6,0,29399
DEVICE,1648115721048,1648115721632,4,1648115721632,588,58,5,6,0,29399
DEVICE,1648115721079,1648115721663,4,1648115721663,588,58,5,6,0,29399
DEVICE,1648115721112,1648115721696,4,1648115721696,561,56,5,6,0,29399
DEVICE,1648115721143,1648115721727,4,1648115721727,557,55,5,6,0,29399
DEVICE,1648115721175,1648115721759,4,1648115721759,519,51,5,6,0,29399
DEVICE,1648115721207,1648115721791,4,1648115721791,525,52,5,6,0,29399
DEVICE,1648115721239,1648115721823,4,1648115721823,505,50,5,6,0,29399
DEVICE,1648115721272,1648115721856,4,1648115721856,475,47,5,7,0,29399
DEVICE,1648115721304,1648115721888,4,1648115721888,476,47,5,7,0,29411
DEVICE,1648115721336,1648115721920,4,1648115721920,461,46,5,7,0,29411
DEVICE,1648115721368,1648115721952,4,1648115721952,452,45,5,7,0,29411
DEVICE,1648115721400,1648115721984,4,1648115721984,458,45,5,7,0,29411
DEVICE,1648115721432,1648115722016,4,1648115722016,468,46,5,7,0,29411
DEVICE,1648115721463,1648115722047,4,1648115722047,459,45,5,7,0,29411
DEVICE,1648115721495,1648115722079,4,1648115722079,463,46,5,7,0,29411
DEVICE,1648115721527,1648115722111,4,1648115722111,462,46,5,7,0,29411
DEVICE,1648115721559,1648115722143,4,1648115722143,472,47,5,7,0,29411
DEVICE,1648115721591,1648115722175,4,1648115722175,477,47,5,7,0,29411
DEVICE,1648115721623,1648115722207,4,1648115722207,489,48,5,7,0,29411
DEVICE,1648115721655,1648115722239,4,1648115722239,513,51,5,7,0,29411
DEVICE,1648115721687,1648115722271,4,1648115722271,540,54,5,7,0,29411
DEVICE,1648115721720,1648115722304,4,1648115722304,528,52,5,7,0,29411
DEVICE,1648115721751,1648115722335,4,1648115722335,559,55,5,7,0,29411
DEVICE,1648115721783,1648115722367,4,1648115722367,592,59,5,7,0,29411
DEVICE,1648115721815,1648115722399,4,1648115722399,574,57,5,7,0,29411
DEVICE,1648115721847,1648115722431,4,1648115722431,589,58,5,7,0,29411
DEVICE,1648115721879,1648115722463,4,1648115722463,642,64,5,7,0,29411
DEVICE,1648115721911,1648115722495,4,1648115722495,645,64,5,7,0,29411
DEVICE,1648115721943,1648115722527,4,1648115722527,654,65,5,7,0,29411
DEVICE,1648115721975,1648115722559,4,1648115722559,666,66,5,7,0,29411
DEVICE,1648115722007,1648115722591,4,1648115722591,666,66,5,7,0,29411
DEVICE,1648115722039,1648115722623,4,1648115722623,676,67,5,7,0,29411
DEVICE,1648115722071,1648115722655,4,1648115722655,691,69,5,7,0,29411
DEVICE,1648115722104,1648115722688,4,1648115722688,730,73,0,7,0,29411
DEVICE,1648115722135,1648115722719,4,1648115722719,723,72,0,7,0,29411
DEVICE,1648115722167,1648115722751,4,1648115722751,733,73,0,7,0,-24083
DEVICE,1648115722199,1648115722783,4,1648115722783,688,68,0,7,0,-12041
DEVICE,1648115722231,1648115722815,4,1648115722815,728,72,0,7,0,0
DEVICE,1648115722263,1648115722847,4,1648115722847,710,71,0,7,0,0
DEVICE,1648115722295,1648115722879,4,1648115722879,704,70,0,7,0,0
DEVICE,1648115722327,1648115722911,4,1648115722911,691,69,0,7,0,0
DEVICE,1648115722358,1648115722942,4,1648115722942,710,71,0,7,0,0
DEVICE,1648115722391,1648115722975,4,1648115722975,712,71,0,7,0,0
DEVICE,1648115722422,1648115723006,4,1648115723006,676,67,0,7,0,0
DEVICE,1648115722455,1648115723039,4,1648115723039,731,73,0,7,0,0
DEVICE,1648115722487,1648115723071,4,1648115723071,708,70,0,7,0,0
DEVICE,1648115722519,1648115723103,4,1648115723103,748,74,0,7,0,0
DEVICE,1648115722551,1648115723135,4,1648115723135,702,70,0,7,0,0
DEVICE,1648115722583,1648115723167,4,1648115723167,724,72,0,7,0,0
DEVICE,1648115722615,1648115723199,4,1648115723199,744,74,0,7,0,0
DEVICE,1648115722647,1648115723231,4,1648115723231,715,71,0,7,0,0
DEVICE,1648115722679,1648115723263,4,1648115723263,722,72,0,7,0,0
DEVICE,1648115722711,1648115723295,4,1648115723295,736,73,0,7,0,0
DEVICE,1648115722742,1648115723326,4,1648115723326,708,70,0,7,0,0
DEVICE,1648115722774,1648115723358,4,1648115723358,688,68,0,7,0,0
DEVICE,1648115722806,1648115723390,4,1648115723390,695,69,5,7,0,0
DEVICE,1648115722839,1648115723423,4,1648115723423,721,72,0,7,0,0
DEVICE,1648115722871,1648115723455,4,1648115723455,712,71,0,7,0,0
DEVICE,1648115722903,1648115723487,4,1648115723487,706,70,0,7,0,0
DEVICE,1648115722934,1648115723518,4,1648115723518,704,70,0,7,0,0
DEVICE,1648115722966,1648115723550,4,1648115723550,729,72,0,7,0,0
DEVICE,1648115722999,1648115723583,4,1648115723583,665,66,0,7,0,0
DEVICE,1648115723030,1648115723614,4,1648115723614,714,71,0,7,0,0
DEVICE,1648115723062,1648115723646,4,1648115723646,717,71,0,7,0,0
DEVICE,1648115723094,1648115723678,4,1648115723678,709,70,0,7,0,0
DEVICE,1648115723126,1648115723710,4,1648115723710,729,72,0,7,0,0
DEVICE,1648115723158,1648115723742,4,1648115723742,712,71,0,7,0,0
DEVICE,1648115723190,1648115723774,4,1648115723774,717,71,0,7,0,0
DEVICE,1648115723222,1648115723806,4,1648115723806,671,67,0,7,0,0
DEVICE,1648115723254,1648115723838,4,1648115723838,736,73,0,7,0,0
DEVICE,1648115723286,1648115723870,4,1648115723870,714,71,0,7,0,0
DEVICE,1648115723318,1648115723902,4,1648115723902,675,67,0,7,0,0
DEVICE,1648115723350,1648115723934,4,1648115723934,723,72,0,7,0,0
DEVICE,1648115723382,1648115723966,4,1648115723966,707,70,0,7,0,0
DEVICE,1648115723414,1648115723998,4,1648115723998,690,69,0,7,0,0
DEVICE,1648115723446,1648115724030,4,1648115724030,725,72,0,7,0,0
DEVICE,1648115723478,1648115724062,4,1648115724062,709,70,0,7,0,0
DEVICE,1648115723510,1648115724094,4,1648115724094,686,68,0,7,0,0
DEVICE,1648115723542,1648115724126,4,1648115724126,719,71,0,7,0,0
DEVICE,1648115723574,1648115724158,4,1648115724158,705,70,0,7,0,0
DEVICE,1648115723606,1648115724190,4,1648115724190,711,71,0,7,0,0
DEVICE,1648115723638,1648115724222,4,1648115724222,723,72,0,7,0,0
DEVICE,1648115723670,1648115724254,4,1648115724254,688,68,0,7,0,0
DEVICE,1648115723701,1648115724285,4,1648115724285,714,71,0,7,0,0
DEVICE,1648115723734,1648115724318,4,1648115724318,743,74,0,7,0,0
DEVICE,1648115723766,1648115724350,4,1648115724350,705,70,0,7,0,0
DEVICE,1648115723798,1648115724382,4,1648115724382,726,72,0,7,0,0
DEVICE,1648115723830,1648115724414,4,1648115724414,722,72,0,7,0,0
DEVICE,1648115723862,1648115724446,4,1648115724446,716,71,0,7,0,0
DEVICE,1648115723894,1648115724478,4,1648115724478,704,70,0,7,0,0
DEVICE,1648115723926,1648115724510,4,1648115724510,717,71,0,7,0,0
DEVICE,1648115723958,1648115724542,4,1648115724542,698,69,0,7,0,0
DEVICE,1648115723990,1648115724574,4,1648115724574,683,68,5,7,0,0
DEVICE,1648115724021,1648115724605,4,1648115724605,720,72,0,7,0,0
DEVICE,1648115724054,1648115724638,4,1648115724638,728,72,0,7,0,0
DEVICE,1648115724086,1648115724670,4,1648115724670,705,70,0,7,0,0
DEVICE,1648115724118,1648115724702,4,1648115724702,726,72,0,7,0,0
DEVICE,1648115724150,1648115724734,4,1648115724734,744,74,0,7,0,0
DEVICE,1648115724182,1648115724766,4,1648115724766,684,68,0,7,0,0
DEVICE,1648115724213,1648115724797,4,1648115724797,734,73,0,7,0,0
DEVICE,1648115724246,1648115724830,4,1648115724830,700,70,0,7,0,0
DEVICE,1648115724278,1648115724862,4,1648115724862,713,71,0,7,0,0
DEVICE,1648115724310,1648115724894,4,1648115724894,722,72,0,7,0,0
DEVICE,1648115724342,1648115724926,4,1648115724926,715,71,0,7,0,0
DEVICE,1648115724374,1648115724958,4,1648115724958,696,69,0,7,0,0
DEVICE,1648115724405,1648115724989,4,1648115724989,717,71,0,7,0,0
DEVICE,1648115724438,1648115725022,4,1648115725022,713,71,0,7,0,0
DEVICE,1648115724469,1648115725053,4,1648115725053,727,72,0,7,0,0
DEVICE,1648115724502,1648115725086,4,1648115725086,716,71,0,7,0,0
DEVICE,1648115724534,1648115725118,4,1648115725118,714,71,0,7,0,0
DEVICE,1648115724566,1648115725150,4,1648115725150,718,71,0,7,0,0
DEVICE,1648115724598,1648115725182,4,1648115725182,721,72,0,7,0,0
DEVICE,1648115724630,1648115725214,4,1648115725214,704,70,0,7,0,0
DEVICE,1648115724661,1648115725245,4,1648115725245,686,68,0,7,0,0
DEVICE,1648115724693,1648115725277,4,1648115725277,685,68,5,7,0,0
DEVICE,1648115724725,1648115725309,4,1648115725309,692,69,5,7,0,0
DEVICE,1648115724757,1648115725341,4,1648115725341,731,73,0,7,0,0
DEVICE,1648115724789,1648115725373,4,1648115725373,714,71,0,7,0,0
DEVICE,1648115724822,1648115725406,4,1648115725406,701,70,0,7,0,0
DEVICE,1648115724854,1648115725438,4,1648115725438,678,67,0,7,0,0
DEVICE,1648115724886,1648115725470,4,1648115725470,708,70,0,7,0,0
DEVICE,1648115724917,1648115725501,4,1648115725501,700,70,0,7,0,0
DEVICE,1648115724950,1648115725534,4,1648115725534,692,69,0,7,0,0
DEVICE,1648115724981,1648115725565,4,1648115725565,697,69,5,7,0,0
DEVICE,1648115725013,1648115725597,4,1648115725597,699,69,5,7,0,0
DEVICE,1648115725045,1648115725629,4,1648115725629,719,71,0,7,0,0
