Device,PTPTime,UnixTime,Protocool,CurrentDeviceTime,GyroX,GyroY,GyroZ,AccX,AccY,AccZ
AIRPOT,1648115704016,1648115704675,4,0,0.055,-0.281,-0.958,0.067,0.018,0.009
AIRPOT,1648115704058,1648115704717,4,0,0.047,-0.328,-0.943,0.052,-0.095,0.079
AIRPOT,1648115704090,1648115704749,4,0,0.041,-0.333,-0.942,0.059,-0.181,0.129
AIRPOT,1648115704132,1648115704791,4,0,0.037,-0.312,-0.949,0.037,-0.374,0.071
AIRPOT,1648115704176,1648115704835,4,0,0.060,-0.308,-0.949,-0.215,-0.719,0.008
AIRPOT,1648115704210,1648115704869,4,0,0.101,-0.329,-0.939,-0.498,-0.449,0.112
AIRPOT,1648115704255,1648115704914,4,0,0.138,-0.334,-0.932,-0.414,0.060,0.014
AIRPOT,1648115704293,1648115704952,4,0,0.160,-0.318,-0.934,-0.117,0.420,-0.045
AIRPOT,1648115704331,1648115704990,4,0,0.180,-0.297,-0.938,0.168,0.548,-0.134
AIRPOT,1648115704371,1648115705030,4,0,0.195,-0.285,-0.938,0.183,0.435,0.045
AIRPOT,1648115704413,1648115705072,4,0,0.186,-0.279,-0.942,0.180,0.350,0.044
AIRPOT,1648115704454,1648115705113,4,0,0.167,-0.274,-0.947,0.104,0.238,-0.001
AIRPOT,1648115704491,1648115705150,4,0,0.140,-0.274,-0.952,0.090,0.269,-0.077
AIRPOT,1648115704538,1648115705197,4,0,0.116,-0.279,-0.953,0.097,0.296,-0.112
AIRPOT,1648115704566,1648115705225,4,0,0.098,-0.288,-0.953,0.064,0.206,-0.083
AIRPOT,1648115704610,1648115705269,4,0,0.086,-0.298,-0.951,0.047,0.181,-0.021
AIRPOT,1648115704654,1648115705313,4,0,0.077,-0.303,-0.950,0.036,0.068,-0.062
AIRPOT,1648115704691,1648115705350,4,0,0.076,-0.296,-0.952,0.044,0.041,-0.060
AIRPOT,1648115704752,1648115705411,4,0,0.074,-0.289,-0.955,0.051,-0.040,-0.122
AIRPOT,1648115704801,1648115705460,4,0,0.072,-0.284,-0.956,-0.004,-0.060,-0.013
AIRPOT,1648115704822,1648115705481,4,0,0.062,-0.284,-0.957,-0.024,-0.072,-0.025
AIRPOT,1648115704906,1648115705565,4,0,0.052,-0.286,-0.957,-0.036,-0.101,-0.025
AIRPOT,1648115704911,1648115705570,4,0,0.047,-0.290,-0.956,-0.024,-0.126,-0.003
AIRPOT,1648115704931,1648115705590,4,0,0.042,-0.296,-0.954,-0.018,-0.156,0.048
AIRPOT,1648115704971,1648115705630,4,0,0.037,-0.302,-0.952,0.007,-0.153,0.049
AIRPOT,1648115705018,1648115705677,4,0,0.036,-0.311,-0.950,0.009,-0.130,0.100
AIRPOT,1648115705059,1648115705718,4,0,0.029,-0.323,-0.946,0.026,-0.093,0.099
AIRPOT,1648115705090,1648115705749,4,0,0.023,-0.332,-0.943,0.033,-0.111,0.074
AIRPOT,1648115705151,1648115705810,4,0,0.015,-0.338,-0.941,0.012,-0.061,0.083
AIRPOT,1648115705173,1648115705832,4,0,0.006,-0.340,-0.940,0.007,-0.102,0.022
AIRPOT,1648115705230,1648115705889,4,0,-0.002,-0.345,-0.939,-0.037,-0.081,0.060
AIRPOT,1648115705251,1648115705910,4,0,-0.010,-0.349,-0.937,-0.043,-0.054,0.005
AIRPOT,1648115705360,1648115706019,4,0,-0.014,-0.356,-0.934,0.005,-0.023,-0.006
AIRPOT,1648115705318,1648115705977,4,0,-0.015,-0.353,-0.935,-0.034,-0.047,-0.010
AIRPOT,1648115705426,1648115706085,4,0,-0.011,-0.364,-0.931,0.021,0.003,0.017
AIRPOT,1648115705464,1648115706123,4,0,-0.010,-0.366,-0.931,0.051,0.128,-0.082
AIRPOT,1648115705491,1648115706150,4,0,-0.002,-0.364,-0.932,0.067,0.131,-0.126
AIRPOT,1648115705531,1648115706190,4,0,0.005,-0.360,-0.933,0.049,0.037,-0.052
AIRPOT,1648115705571,1648115706230,4,0,0.019,-0.363,-0.931,-0.014,-0.152,-0.060
AIRPOT,1648115705618,1648115706277,4,0,0.033,-0.376,-0.926,0.000,-0.178,0.049
AIRPOT,1648115705651,1648115706310,4,0,0.042,-0.396,-0.917,-0.001,-0.136,0.093
AIRPOT,1648115705707,1648115706366,4,0,0.043,-0.416,-0.908,0.009,-0.055,0.054
AIRPOT,1648115705732,1648115706391,4,0,0.041,-0.433,-0.901,0.014,0.033,0.089
AIRPOT,1648115705772,1648115706431,4,0,0.038,-0.446,-0.894,-0.010,0.021,0.070
AIRPOT,1648115705811,1648115706470,4,0,0.034,-0.455,-0.890,-0.024,-0.004,-0.000
AIRPOT,1648115705844,1648115706503,4,0,0.029,-0.458,-0.888,-0.017,-0.001,-0.052
AIRPOT,1648115705892,1648115706551,4,0,0.023,-0.452,-0.892,-0.013,0.039,-0.089
AIRPOT,1648115705945,1648115706604,4,0,0.018,-0.442,-0.897,0.001,0.047,-0.059
AIRPOT,1648115705975,1648115706634,4,0,0.011,-0.435,-0.901,0.011,0.062,-0.006
AIRPOT,1648115706011,1648115706670,4,0,0.004,-0.430,-0.903,0.024,0.012,0.016
AIRPOT,1648115706051,1648115706710,4,0,-0.001,-0.422,-0.906,0.041,0.058,0.017
AIRPOT,1648115706100,1648115706759,4,0,-0.003,-0.408,-0.913,0.042,0.023,0.028
AIRPOT,1648115706161,1648115706820,4,0,-0.007,-0.383,-0.924,0.030,0.087,0.035
AIRPOT,1648115706165,1648115706824,4,0,-0.018,-0.343,-0.939,0.078,0.214,-0.069
AIRPOT,1648115706216,1648115706875,4,0,-0.032,-0.264,-0.964,0.121,0.383,-0.120
AIRPOT,1648115706243,1648115706902,4,0,-0.021,-0.158,-0.987,0.036,0.006,-0.036
AIRPOT,1648115706290,1648115706949,4,0,0.011,-0.059,-0.998,-0.057,-0.312,0.042
AIRPOT,1648115706343,1648115707002,4,0,0.036,0.012,-0.999,-0.028,-0.399,0.046
AIRPOT,1648115706376,1648115707035,4,0,0.047,0.041,-0.998,0.055,-0.321,0.053
AIRPOT,1648115706424,1648115707083,4,0,0.044,0.048,-0.998,0.072,-0.307,0.029
AIRPOT,1648115706456,1648115707115,4,0,0.028,0.042,-0.999,0.017,-0.485,0.053
AIRPOT,1648115706512,1648115707171,4,0,-0.008,0.012,-1.000,-0.189,-0.396,0.080
AIRPOT,1648115706562,1648115707221,4,0,-0.059,-0.038,-0.998,-0.277,-0.221,-0.055
AIRPOT,1648115706571,1648115707230,4,0,-0.100,-0.105,-0.989,-0.259,0.039,-0.264
AIRPOT,1648115706611,1648115707270,4,0,-0.107,-0.170,-0.980,-0.216,0.221,-0.227
AIRPOT,1648115706670,1648115707329,4,0,-0.096,-0.221,-0.970,-0.133,0.322,-0.179
AIRPOT,1648115706696,1648115707355,4,0,-0.072,-0.260,-0.963,-0.210,0.349,-0.017
AIRPOT,1648115706748,1648115707407,4,0,-0.057,-0.284,-0.957,-0.253,0.261,0.036
AIRPOT,1648115706770,1648115707429,4,0,-0.048,-0.302,-0.952,-0.297,0.176,0.066
AIRPOT,1648115706816,1648115707475,4,0,-0.044,-0.318,-0.947,-0.291,0.193,0.007
AIRPOT,1648115706852,1648115707511,4,0,-0.040,-0.328,-0.944,-0.243,0.180,-0.056
AIRPOT,1648115706917,1648115707576,4,0,-0.036,-0.337,-0.941,-0.183,0.109,-0.087
AIRPOT,1648115706972,1648115707631,4,0,-0.031,-0.346,-0.938,-0.130,0.118,-0.019
AIRPOT,1648115706992,1648115707651,4,0,-0.027,-0.355,-0.935,-0.093,0.050,0.007
AIRPOT,1648115707042,1648115707701,4,0,-0.022,-0.365,-0.931,-0.048,0.065,0.031
AIRPOT,1648115707059,1648115707718,4,0,-0.021,-0.373,-0.928,-0.054,0.093,0.006
AIRPOT,1648115707091,1648115707750,4,0,-0.019,-0.380,-0.925,-0.058,0.075,-0.021
AIRPOT,1648115707151,1648115707810,4,0,-0.020,-0.384,-0.923,-0.093,0.096,-0.006
AIRPOT,1648115707206,1648115707865,4,0,-0.026,-0.388,-0.922,-0.081,0.075,-0.069
AIRPOT,1648115707211,1648115707870,4,0,-0.032,-0.389,-0.921,-0.071,0.080,-0.039
AIRPOT,1648115707250,1648115707909,4,0,-0.035,-0.392,-0.919,-0.068,0.074,0.016
AIRPOT,1648115707296,1648115707955,4,0,-0.038,-0.395,-0.918,-0.079,0.066,0.052
AIRPOT,1648115707330,1648115707989,4,0,-0.042,-0.399,-0.916,-0.063,0.047,0.013
AIRPOT,1648115707391,1648115708050,4,0,-0.045,-0.399,-0.916,-0.063,0.008,0.043
AIRPOT,1648115707447,1648115708106,4,0,-0.043,-0.398,-0.916,-0.049,0.030,0.070
AIRPOT,1648115707448,1648115708107,4,0,-0.041,-0.394,-0.918,-0.011,-0.029,0.059
AIRPOT,1648115707492,1648115708151,4,0,-0.025,-0.393,-0.919,0.021,-0.202,-0.159
AIRPOT,1648115707521,1648115708180,4,0,0.003,-0.391,-0.921,0.046,-0.093,-0.073
AIRPOT,1648115707571,1648115708230,4,0,0.029,-0.386,-0.922,0.046,-0.150,0.015
AIRPOT,1648115707604,1648115708263,4,0,0.045,-0.386,-0.921,0.057,-0.098,0.067
AIRPOT,1648115707656,1648115708315,4,0,0.054,-0.390,-0.919,0.047,-0.011,0.100
AIRPOT,1648115707762,1648115708421,4,0,0.054,-0.406,-0.912,-0.001,-0.126,0.105
AIRPOT,1648115707782,1648115708441,4,0,0.050,-0.410,-0.911,-0.031,-0.145,0.100
AIRPOT,1648115707812,1648115708471,4,0,0.046,-0.413,-0.910,-0.044,-0.167,0.103
AIRPOT,1648115707866,1648115708525,4,0,0.037,-0.415,-0.909,-0.070,-0.148,0.085
AIRPOT,1648115707896,1648115708555,4,0,0.026,-0.420,-0.907,-0.007,-0.134,0.011
AIRPOT,1648115707931,1648115708590,4,0,0.020,-0.428,-0.904,0.012,-0.103,0.031
AIRPOT,1648115707971,1648115708630,4,0,0.016,-0.436,-0.900,0.029,-0.068,0.037
AIRPOT,1648115708031,1648115708690,4,0,0.007,-0.442,-0.897,-0.012,-0.077,-0.006
AIRPOT,1648115708081,1648115708740,4,0,-0.004,-0.445,-0.896,0.025,-0.101,-0.084
AIRPOT,1648115708084,1648115708743,4,0,-0.014,-0.442,-0.897,0.027,-0.085,-0.186
AIRPOT,1648115708137,1648115708796,4,0,-0.022,-0.431,-0.902,0.018,0.076,-0.021
AIRPOT,1648115708180,1648115708839,4,0,-0.027,-0.418,-0.908,-0.007,0.202,0.153
AIRPOT,1648115708210,1648115708869,4,0,-0.036,-0.411,-0.911,0.026,-0.018,-0.034
AIRPOT,1648115708257,1648115708916,4,0,-0.033,-0.415,-0.909,0.058,-0.000,-0.033
AIRPOT,1648115708290,1648115708949,4,0,-0.022,-0.421,-0.907,0.100,-0.042,-0.103
AIRPOT,1648115708349,1648115709008,4,0,0.000,-0.421,-0.907,0.106,-0.081,-0.097
AIRPOT,1648115708372,1648115709031,4,0,0.031,-0.414,-0.910,0.051,-0.066,0.103
AIRPOT,1648115708414,1648115709073,4,0,0.059,-0.405,-0.913,-0.008,-0.198,0.194
AIRPOT,1648115708451,1648115709110,4,0,0.080,-0.396,-0.915,-0.084,-0.180,0.232
AIRPOT,1648115708500,1648115709159,4,0,0.087,-0.383,-0.920,-0.026,-0.046,0.112
AIRPOT,1648115708530,1648115709189,4,0,0.087,-0.368,-0.926,0.003,0.060,0.034
AIRPOT,1648115708572,1648115709231,4,0,0.083,-0.353,-0.932,-0.019,0.109,0.027
AIRPOT,1648115708612,1648115709271,4,0,0.075,-0.344,-0.936,-0.048,0.155,0.037
AIRPOT,1648115708653,1648115709312,4,0,0.065,-0.341,-0.938,-0.089,0.115,0.024
AIRPOT,1648115708721,1648115709380,4,0,0.053,-0.340,-0.939,-0.096,0.082,-0.055
AIRPOT,1648115708723,1648115709382,4,0,0.045,-0.332,-0.942,-0.152,0.107,-0.018
AIRPOT,1648115708768,1648115709427,4,0,0.039,-0.318,-0.947,-0.157,0.026,-0.034
AIRPOT,1648115708816,1648115709475,4,0,0.032,-0.304,-0.952,-0.150,-0.031,0.002
AIRPOT,1648115708856,1648115709515,4,0,0.018,-0.298,-0.954,-0.015,-0.174,-0.320
AIRPOT,1648115708919,1648115709578,4,0,0.025,-0.294,-0.956,0.044,0.033,-0.068
AIRPOT,1648115708962,1648115709621,4,0,0.037,-0.292,-0.956,0.097,0.002,0.011
AIRPOT,1648115708982,1648115709641,4,0,0.046,-0.292,-0.955,0.149,0.095,0.011
AIRPOT,1648115709009,1648115709668,4,0,0.056,-0.287,-0.956,0.168,0.125,0.072
AIRPOT,1648115709063,1648115709722,4,0,0.063,-0.282,-0.957,0.157,0.082,0.059
AIRPOT,1648115709096,1648115709755,4,0,0.069,-0.285,-0.956,0.156,0.067,0.002
AIRPOT,1648115709139,1648115709798,4,0,0.070,-0.292,-0.954,0.165,0.142,-0.029
AIRPOT,1648115709171,1648115709830,4,0,0.075,-0.298,-0.952,0.142,0.087,-0.006
AIRPOT,1648115709220,1648115709879,4,0,0.080,-0.298,-0.951,0.153,0.089,-0.037
AIRPOT,1648115709250,1648115709909,4,0,0.088,-0.298,-0.950,0.115,0.061,0.031
AIRPOT,1648115709297,1648115709956,4,0,0.093,-0.299,-0.950,0.107,0.114,0.025
AIRPOT,1648115709371,1648115710030,4,0,0.089,-0.299,-0.950,0.080,0.085,-0.009
AIRPOT,1648115709411,1648115710070,4,0,0.085,-0.297,-0.951,0.077,0.058,-0.006
AIRPOT,1648115709441,1648115710100,4,0,0.082,-0.295,-0.952,0.062,0.037,-0.014
AIRPOT,1648115709474,1648115710133,4,0,0.081,-0.293,-0.953,0.047,0.031,0.007
AIRPOT,1648115709521,1648115710180,4,0,0.079,-0.291,-0.953,0.051,0.008,-0.001
AIRPOT,1648115709337,1648115709996,4,0,0.093,-0.300,-0.950,0.103,0.097,0.002
AIRPOT,1648115709612,1648115710271,4,0,0.075,-0.286,-0.955,0.065,0.020,0.004
AIRPOT,1648115709651,1648115710310,4,0,0.069,-0.279,-0.958,0.067,0.033,0.017
AIRPOT,1648115709692,1648115710351,4,0,0.057,-0.250,-0.967,0.076,0.209,0.021
AIRPOT,1648115709730,1648115710389,4,0,0.036,-0.163,-0.986,0.146,0.342,-0.114
AIRPOT,1648115709786,1648115710445,4,0,0.037,-0.043,-0.998,-0.016,0.550,-0.216
AIRPOT,1648115709811,1648115710470,4,0,0.060,-0.027,-0.998,0.059,0.203,-0.246
AIRPOT,1648115709873,1648115710532,4,0,0.082,-0.094,-0.992,-0.144,0.221,0.023
AIRPOT,1648115709923,1648115710582,4,0,0.084,-0.142,-0.986,-0.290,-0.172,0.149
AIRPOT,1648115709938,1648115710597,4,0,0.070,-0.137,-0.988,-0.169,-0.399,0.081
AIRPOT,1648115710000,1648115710659,4,0,0.069,-0.101,-0.992,-0.097,-0.490,0.079
AIRPOT,1648115710004,1648115710663,4,0,0.075,-0.059,-0.995,-0.099,-0.454,0.167
AIRPOT,1648115710054,1648115710713,4,0,0.072,-0.029,-0.997,-0.045,-0.286,0.166
AIRPOT,1648115710091,1648115710750,4,0,0.067,-0.008,-0.998,-0.019,-0.212,0.171
AIRPOT,1648115710113,1648115710772,4,0,0.063,0.009,-0.998,-0.052,-0.252,0.103
AIRPOT,1648115710164,1648115710823,4,0,0.062,0.025,-0.998,-0.130,-0.287,0.079
AIRPOT,1648115710190,1648115710849,4,0,0.064,0.041,-0.997,-0.115,-0.300,0.001
AIRPOT,1648115710241,1648115710900,4,0,0.066,0.051,-0.996,-0.098,-0.334,-0.210
AIRPOT,1648115710275,1648115710934,4,0,0.084,0.059,-0.995,-0.096,-0.220,-0.223
AIRPOT,1648115710324,1648115710983,4,0,0.106,0.065,-0.992,-0.077,0.004,-0.075
AIRPOT,1648115710362,1648115711021,4,0,0.122,0.089,-0.989,-0.064,0.315,-0.173
AIRPOT,1648115710406,1648115711065,4,0,0.127,0.129,-0.984,-0.157,0.426,-0.267
AIRPOT,1648115710430,1648115711089,4,0,0.132,0.169,-0.977,-0.205,0.585,-0.134
AIRPOT,1648115710485,1648115711144,4,0,0.122,0.190,-0.974,-0.162,0.451,-0.010
AIRPOT,1648115710511,1648115711170,4,0,0.118,0.198,-0.973,-0.187,0.427,0.033
AIRPOT,1648115710564,1648115711223,4,0,0.111,0.193,-0.975,-0.230,0.338,0.135
AIRPOT,1648115710595,1648115711254,4,0,0.095,0.177,-0.980,-0.214,0.221,0.100
AIRPOT,1648115710643,1648115711302,4,0,0.077,0.156,-0.985,-0.277,0.165,0.053
AIRPOT,1648115710683,1648115711342,4,0,0.058,0.121,-0.991,-0.341,-0.020,0.088
AIRPOT,1648115710721,1648115711380,4,0,0.040,0.071,-0.997,-0.334,0.010,0.046
AIRPOT,1648115710750,1648115711409,4,0,0.037,0.018,-0.999,-0.312,0.100,-0.024
AIRPOT,1648115710810,1648115711469,4,0,0.053,-0.029,-0.998,-0.252,0.146,0.068
AIRPOT,1648115710832,1648115711491,4,0,0.078,-0.067,-0.995,-0.247,0.158,0.080
AIRPOT,1648115710881,1648115711540,4,0,0.106,-0.096,-0.990,-0.190,0.172,0.097
AIRPOT,1648115710912,1648115711571,4,0,0.142,-0.113,-0.983,-0.156,0.120,0.069
AIRPOT,1648115710962,1648115711621,4,0,0.183,-0.120,-0.976,-0.123,0.091,0.141
AIRPOT,1648115710990,1648115711649,4,0,0.227,-0.117,-0.967,-0.077,0.055,0.157
AIRPOT,1648115711046,1648115711705,4,0,0.272,-0.107,-0.956,-0.075,0.055,0.210
AIRPOT,1648115711071,1648115711730,4,0,0.316,-0.096,-0.944,-0.032,-0.014,0.283
AIRPOT,1648115711123,1648115711782,4,0,0.352,-0.082,-0.933,-0.045,-0.091,0.052
AIRPOT,1648115711150,1648115711809,4,0,0.399,-0.067,-0.915,0.105,-0.136,0.153
AIRPOT,1648115711202,1648115711861,4,0,0.446,-0.062,-0.893,-0.008,-0.151,0.313
AIRPOT,1648115711231,1648115711890,4,0,0.479,-0.061,-0.876,-0.030,-0.148,0.307
AIRPOT,1648115711294,1648115711953,4,0,0.501,-0.061,-0.863,0.048,-0.155,0.268
AIRPOT,1648115711313,1648115711972,4,0,0.521,-0.066,-0.851,0.061,-0.098,0.286
AIRPOT,1648115711364,1648115712023,4,0,0.537,-0.072,-0.840,0.042,-0.090,0.215
AIRPOT,1648115711389,1648115712048,4,0,0.548,-0.079,-0.833,0.169,-0.151,0.042
AIRPOT,1648115711442,1648115712101,4,0,0.565,-0.073,-0.822,0.243,-0.015,-0.184
AIRPOT,1648115711470,1648115712129,4,0,0.578,-0.055,-0.814,0.209,0.046,-0.102
AIRPOT,1648115711527,1648115712186,4,0,0.575,-0.036,-0.817,0.200,-0.066,-0.184
AIRPOT,1648115711558,1648115712217,4,0,0.564,-0.023,-0.826,0.205,0.036,-0.238
AIRPOT,1648115711605,1648115712264,4,0,0.554,-0.019,-0.833,0.165,0.011,-0.207
AIRPOT,1648115711630,1648115712289,4,0,0.537,-0.022,-0.843,0.114,-0.016,-0.166
AIRPOT,1648115711685,1648115712344,4,0,0.509,-0.019,-0.860,0.179,-0.026,-0.220
AIRPOT,1648115711710,1648115712369,4,0,0.475,-0.014,-0.880,0.155,-0.021,-0.093
AIRPOT,1648115711760,1648115712419,4,0,0.420,-0.008,-0.908,0.128,0.055,-0.340
AIRPOT,1648115711795,1648115712454,4,0,0.354,0.001,-0.935,0.083,-0.026,-0.577
AIRPOT,1648115711841,1648115712500,4,0,0.285,0.014,-0.958,0.171,0.127,-0.693
AIRPOT,1648115711872,1648115712531,4,0,0.230,0.015,-0.973,0.116,0.223,-0.261
AIRPOT,1648115711921,1648115712580,4,0,0.184,-0.009,-0.983,0.001,0.294,0.104
AIRPOT,1648115711954,1648115712613,4,0,0.150,-0.043,-0.988,-0.000,0.262,0.311
AIRPOT,1648115712003,1648115712662,4,0,0.138,-0.081,-0.987,-0.013,0.158,0.548
AIRPOT,1648115712036,1648115712695,4,0,0.118,-0.117,-0.986,-0.045,0.038,0.537
AIRPOT,1648115712081,1648115712740,4,0,0.084,-0.145,-0.986,-0.047,-0.169,0.212
AIRPOT,1648115712114,1648115712773,4,0,0.047,-0.177,-0.983,-0.006,-0.235,-0.158
AIRPOT,1648115712163,1648115712822,4,0,0.029,-0.191,-0.981,-0.083,-0.050,-0.050
AIRPOT,1648115712186,1648115712845,4,0,0.016,-0.197,-0.980,-0.063,-0.162,-0.072
AIRPOT,1648115712246,1648115712905,4,0,0.018,-0.216,-0.976,0.053,-0.253,0.064
AIRPOT,1648115712276,1648115712935,4,0,0.026,-0.249,-0.968,0.095,-0.221,0.234
AIRPOT,1648115712322,1648115712981,4,0,0.026,-0.281,-0.959,0.091,-0.171,0.300
AIRPOT,1648115712351,1648115713010,4,0,0.013,-0.299,-0.954,0.064,-0.184,0.221
AIRPOT,1648115712401,1648115713060,4,0,-0.003,-0.304,-0.953,0.017,-0.181,0.079
AIRPOT,1648115712426,1648115713085,4,0,-0.019,-0.300,-0.954,0.000,-0.191,-0.062
AIRPOT,1648115712489,1648115713148,4,0,-0.020,-0.293,-0.956,-0.037,-0.228,-0.085
AIRPOT,1648115712512,1648115713171,4,0,-0.013,-0.293,-0.956,-0.123,-0.147,0.012
AIRPOT,1648115712573,1648115713232,4,0,-0.007,-0.293,-0.956,-0.135,-0.112,0.037
AIRPOT,1648115712590,1648115713249,4,0,-0.005,-0.304,-0.953,-0.199,-0.134,0.125
AIRPOT,1648115712644,1648115713303,4,0,-0.023,-0.328,-0.944,-0.236,-0.099,0.166
AIRPOT,1648115712674,1648115713333,4,0,-0.052,-0.352,-0.935,-0.230,-0.091,0.050
AIRPOT,1648115712725,1648115713384,4,0,-0.073,-0.360,-0.930,-0.149,-0.010,-0.029
AIRPOT,1648115712751,1648115713410,4,0,-0.079,-0.357,-0.931,0.006,-0.036,-0.054
AIRPOT,1648115712804,1648115713463,4,0,-0.067,-0.350,-0.934,0.125,0.003,0.028
AIRPOT,1648115712831,1648115713490,4,0,-0.051,-0.342,-0.938,0.197,0.032,0.013
AIRPOT,1648115712884,1648115713543,4,0,-0.040,-0.334,-0.942,0.239,0.101,0.091
AIRPOT,1648115712911,1648115713570,4,0,-0.026,-0.320,-0.947,0.294,0.107,-0.041
AIRPOT,1648115712961,1648115713620,4,0,-0.005,-0.300,-0.954,0.208,0.070,0.010
AIRPOT,1648115712998,1648115713657,4,0,0.016,-0.271,-0.962,0.260,-0.046,-0.211
AIRPOT,1648115713044,1648115713703,4,0,0.043,-0.245,-0.969,0.013,-0.076,0.077
AIRPOT,1648115713070,1648115713729,4,0,0.036,-0.234,-0.971,-0.093,-0.147,0.180
AIRPOT,1648115713121,1648115713780,4,0,0.021,-0.228,-0.973,0.056,-0.263,-0.010
AIRPOT,1648115713152,1648115713811,4,0,0.023,-0.216,-0.976,0.027,0.008,0.005
AIRPOT,1648115713215,1648115713874,4,0,0.027,-0.197,-0.980,0.058,-0.039,-0.042
AIRPOT,1648115713221,1648115713880,4,0,0.027,-0.183,-0.983,0.004,-0.003,0.052
AIRPOT,1648115713284,1648115713943,4,0,0.025,-0.174,-0.984,0.023,-0.043,-0.030
AIRPOT,1648115713310,1648115713969,4,0,0.025,-0.164,-0.986,0.006,-0.034,-0.016
AIRPOT,1648115713362,1648115714021,4,0,0.028,-0.158,-0.987,-0.005,-0.047,0.021
AIRPOT,1648115713386,1648115714045,4,0,0.030,-0.152,-0.988,-0.003,-0.021,0.044
AIRPOT,1648115713445,1648115714104,4,0,0.029,-0.149,-0.988,0.036,-0.053,0.001
AIRPOT,1648115713471,1648115714130,4,0,0.030,-0.144,-0.989,0.048,-0.015,0.007
AIRPOT,1648115713525,1648115714184,4,0,0.030,-0.139,-0.990,0.043,-0.006,0.022
AIRPOT,1648115713551,1648115714210,4,0,0.032,-0.134,-0.991,0.055,-0.051,0.005
AIRPOT,1648115713602,1648115714261,4,0,0.034,-0.131,-0.991,0.030,-0.078,-0.015
AIRPOT,1648115713631,1648115714290,4,0,0.037,-0.134,-0.990,0.014,-0.129,0.018
AIRPOT,1648115713685,1648115714344,4,0,0.034,-0.143,-0.989,-0.010,-0.078,0.039
AIRPOT,1648115713711,1648115714370,4,0,0.028,-0.148,-0.989,0.031,0.003,-0.019
AIRPOT,1648115713761,1648115714420,4,0,0.025,-0.152,-0.988,0.015,-0.034,0.012
AIRPOT,1648115713796,1648115714455,4,0,0.024,-0.154,-0.988,0.013,-0.032,0.009
AIRPOT,1648115713854,1648115714513,4,0,0.024,-0.157,-0.987,0.005,-0.040,-0.004
AIRPOT,1648115713872,1648115714531,4,0,0.025,-0.162,-0.986,0.001,-0.055,-0.009
AIRPOT,1648115713926,1648115714585,4,0,0.027,-0.166,-0.986,0.034,0.013,-0.011
AIRPOT,1648115713960,1648115714619,4,0,0.032,-0.169,-0.985,0.070,0.014,0.016
AIRPOT,1648115714004,1648115714663,4,0,0.039,-0.172,-0.984,0.081,0.028,0.020
AIRPOT,1648115714020,1648115714679,4,0,0.044,-0.173,-0.984,0.106,0.051,-0.014
AIRPOT,1648115714081,1648115714740,4,0,0.051,-0.173,-0.984,0.105,0.031,-0.034
AIRPOT,1648115714111,1648115714770,4,0,0.055,-0.175,-0.983,0.077,0.034,-0.033
AIRPOT,1648115714161,1648115714820,4,0,0.053,-0.180,-0.982,-0.001,-0.005,0.039
AIRPOT,1648115714201,1648115714860,4,0,0.042,-0.191,-0.981,-0.009,-0.049,0.034
AIRPOT,1648115714244,1648115714903,4,0,0.024,-0.204,-0.979,-0.049,-0.089,0.032
AIRPOT,1648115714259,1648115714918,4,0,-0.001,-0.219,-0.976,-0.091,0.022,0.046
AIRPOT,1648115714323,1648115714982,4,0,-0.030,-0.237,-0.971,-0.060,-0.000,0.002
AIRPOT,1648115714340,1648115714999,4,0,-0.055,-0.261,-0.964,-0.049,0.054,-0.026
AIRPOT,1648115714408,1648115715067,4,0,-0.072,-0.274,-0.959,-0.013,0.009,-0.040
AIRPOT,1648115714434,1648115715093,4,0,-0.074,-0.283,-0.956,-0.045,-0.008,0.035
AIRPOT,1648115714484,1648115715143,4,0,-0.074,-0.292,-0.953,-0.002,-0.064,-0.006
AIRPOT,1648115714510,1648115715169,4,0,-0.066,-0.301,-0.951,0.052,-0.019,-0.021
AIRPOT,1648115714567,1648115715226,4,0,-0.054,-0.305,-0.951,0.100,0.009,-0.008
AIRPOT,1648115714580,1648115715239,4,0,-0.044,-0.306,-0.951,0.100,0.003,0.012
AIRPOT,1648115714643,1648115715302,4,0,-0.036,-0.309,-0.950,0.055,-0.025,0.005
AIRPOT,1648115714671,1648115715330,4,0,-0.032,-0.313,-0.949,0.016,-0.029,-0.000
AIRPOT,1648115714722,1648115715381,4,0,-0.029,-0.316,-0.948,-0.016,0.013,-0.016
AIRPOT,1648115714737,1648115715396,4,0,-0.026,-0.320,-0.947,-0.026,0.014,0.016
AIRPOT,1648115714803,1648115715462,4,0,-0.024,-0.326,-0.945,-0.001,0.048,-0.022
AIRPOT,1648115714817,1648115715476,4,0,-0.020,-0.332,-0.943,0.033,0.040,-0.042
AIRPOT,1648115714858,1648115715517,4,0,-0.015,-0.337,-0.941,0.024,0.068,-0.005
AIRPOT,1648115714916,1648115715575,4,0,-0.011,-0.344,-0.939,0.034,0.046,-0.011
AIRPOT,1648115714961,1648115715620,4,0,-0.011,-0.352,-0.936,0.034,0.048,-0.010
AIRPOT,1648115714995,1648115715654,4,0,-0.012,-0.364,-0.931,0.024,0.022,0.010
AIRPOT,1648115715044,1648115715703,4,0,-0.013,-0.376,-0.927,0.012,0.017,-0.007
AIRPOT,1648115715071,1648115715730,4,0,-0.011,-0.384,-0.923,0.001,-0.004,0.008
AIRPOT,1648115715129,1648115715788,4,0,-0.012,-0.396,-0.918,-0.021,-0.076,0.027
AIRPOT,1648115715153,1648115715812,4,0,-0.018,-0.412,-0.911,-0.023,-0.006,0.051
AIRPOT,1648115715202,1648115715861,4,0,-0.026,-0.425,-0.905,-0.004,-0.025,-0.006
AIRPOT,1648115715232,1648115715891,4,0,-0.029,-0.432,-0.901,0.017,-0.016,0.002
AIRPOT,1648115715287,1648115715946,4,0,-0.029,-0.430,-0.902,0.009,-0.015,0.033
AIRPOT,1648115715312,1648115715971,4,0,-0.031,-0.427,-0.904,0.006,-0.033,0.022
AIRPOT,1648115715338,1648115715997,4,0,-0.034,-0.426,-0.904,0.004,-0.037,0.009
AIRPOT,1648115715375,1648115716034,4,0,-0.037,-0.428,-0.903,-0.038,0.015,0.006
AIRPOT,1648115715443,1648115716102,4,0,-0.044,-0.431,-0.901,0.003,-0.021,-0.004
AIRPOT,1648115715457,1648115716116,4,0,-0.045,-0.434,-0.900,-0.037,0.010,0.039
AIRPOT,1648115715521,1648115716180,4,0,-0.050,-0.437,-0.898,0.039,0.044,-0.034
AIRPOT,1648115715536,1648115716195,4,0,-0.053,-0.440,-0.897,-0.003,-0.026,0.021
AIRPOT,1648115715601,1648115716260,4,0,-0.059,-0.445,-0.894,0.001,-0.008,0.025
AIRPOT,1648115715636,1648115716295,4,0,-0.066,-0.450,-0.891,-0.032,-0.009,0.021
AIRPOT,1648115715683,1648115716342,4,0,-0.074,-0.447,-0.892,0.002,0.071,-0.095
AIRPOT,1648115715696,1648115716355,4,0,-0.073,-0.437,-0.896,0.046,-0.039,-0.080
AIRPOT,1648115715763,1648115716422,4,0,-0.068,-0.427,-0.902,0.016,-0.019,0.028
AIRPOT,1648115715775,1648115716434,4,0,-0.065,-0.419,-0.906,-0.026,-0.034,0.044
AIRPOT,1648115715816,1648115716475,4,0,-0.063,-0.411,-0.910,-0.028,0.028,-0.018
AIRPOT,1648115715876,1648115716535,4,0,-0.059,-0.408,-0.911,-0.017,0.028,0.003
AIRPOT,1648115715936,1648115716595,4,0,-0.058,-0.403,-0.913,0.011,0.022,-0.022
AIRPOT,1648115715949,1648115716608,4,0,-0.056,-0.403,-0.913,0.006,-0.045,0.001
AIRPOT,1648115716002,1648115716661,4,0,-0.051,-0.402,-0.914,0.020,-0.033,-0.002
AIRPOT,1648115716017,1648115716676,4,0,-0.045,-0.400,-0.916,0.032,-0.038,0.029
AIRPOT,1648115716056,1648115716715,4,0,-0.041,-0.396,-0.918,0.017,-0.030,0.031
AIRPOT,1648115716097,1648115716756,4,0,-0.038,-0.393,-0.919,0.002,-0.009,0.013
AIRPOT,1648115716136,1648115716795,4,0,-0.035,-0.392,-0.920,0.013,-0.018,0.005
AIRPOT,1648115716178,1648115716837,4,0,-0.034,-0.391,-0.920,0.001,0.005,0.019
AIRPOT,1648115716241,1648115716900,4,0,-0.036,-0.391,-0.920,0.015,-0.011,-0.005
AIRPOT,1648115716270,1648115716929,4,0,-0.036,-0.390,-0.920,-0.007,-0.006,0.008
AIRPOT,1648115716298,1648115716957,4,0,-0.038,-0.390,-0.920,-0.027,-0.025,0.024
AIRPOT,1648115716350,1648115717009,4,0,-0.039,-0.392,-0.919,-0.006,-0.011,0.009
AIRPOT,1648115716400,1648115717059,4,0,-0.040,-0.392,-0.919,0.008,-0.008,-0.002
AIRPOT,1648115716413,1648115717072,4,0,-0.040,-0.392,-0.919,0.026,0.020,0.005
AIRPOT,1648115716482,1648115717141,4,0,-0.040,-0.390,-0.920,0.016,0.031,0.005
AIRPOT,1648115716495,1648115717154,4,0,-0.041,-0.388,-0.921,0.017,0.026,-0.012
AIRPOT,1648115716539,1648115717198,4,0,-0.041,-0.386,-0.922,-0.001,0.028,-0.020
AIRPOT,1648115716593,1648115717252,4,0,-0.043,-0.385,-0.922,-0.010,0.036,-0.022
AIRPOT,1648115716616,1648115717275,4,0,-0.045,-0.385,-0.922,-0.008,0.035,-0.037
AIRPOT,1648115716657,1648115717316,4,0,-0.047,-0.386,-0.921,-0.006,-0.018,0.004
AIRPOT,1648115716721,1648115717380,4,0,-0.049,-0.392,-0.918,-0.005,-0.008,0.049
AIRPOT,1648115716731,1648115717390,4,0,-0.061,-0.404,-0.913,0.005,-0.029,0.053
AIRPOT,1648115716776,1648115717435,4,0,-0.072,-0.414,-0.907,-0.012,-0.005,-0.002
AIRPOT,1648115716834,1648115717493,4,0,-0.082,-0.418,-0.905,-0.022,-0.005,-0.029
AIRPOT,1648115716886,1648115717545,4,0,-0.087,-0.418,-0.904,0.014,-0.008,-0.039
AIRPOT,1648115716892,1648115717551,4,0,-0.090,-0.414,-0.906,0.001,0.019,-0.043
AIRPOT,1648115716964,1648115717623,4,0,-0.091,-0.408,-0.908,-0.027,0.070,0.005
AIRPOT,1648115716971,1648115717630,4,0,-0.091,-0.407,-0.909,0.018,0.013,-0.040
AIRPOT,1648115717016,1648115717675,4,0,-0.088,-0.407,-0.909,0.020,-0.022,0.008
AIRPOT,1648115717057,1648115717716,4,0,-0.082,-0.410,-0.908,0.020,-0.089,0.035
AIRPOT,1648115717091,1648115717750,4,0,-0.078,-0.412,-0.908,0.009,-0.029,0.029
AIRPOT,1648115717135,1648115717794,4,0,-0.072,-0.413,-0.908,0.027,-0.013,0.023
AIRPOT,1648115717172,1648115717831,4,0,-0.067,-0.412,-0.909,0.016,-0.040,0.018
AIRPOT,1648115717210,1648115717869,4,0,-0.062,-0.407,-0.911,0.022,-0.013,0.022
AIRPOT,1648115717256,1648115717915,4,0,-0.060,-0.399,-0.915,0.001,-0.006,0.003
AIRPOT,1648115717292,1648115717951,4,0,-0.059,-0.391,-0.918,0.002,0.006,-0.002
AIRPOT,1648115717330,1648115717989,4,0,-0.059,-0.386,-0.921,-0.007,0.037,-0.015
AIRPOT,1648115717376,1648115718035,4,0,-0.060,-0.384,-0.921,-0.025,-0.009,0.009
AIRPOT,1648115717455,1648115718114,4,0,-0.060,-0.382,-0.922,-0.017,-0.018,0.012
AIRPOT,1648115717490,1648115718149,4,0,-0.059,-0.379,-0.924,-0.008,-0.021,0.013
AIRPOT,1648115717530,1648115718189,4,0,-0.058,-0.372,-0.926,-0.002,0.048,0.009
AIRPOT,1648115717572,1648115718231,4,0,-0.058,-0.362,-0.931,0.004,0.031,-0.015
AIRPOT,1648115717616,1648115718275,4,0,-0.058,-0.350,-0.935,-0.018,0.022,-0.012
AIRPOT,1648115717682,1648115718341,4,0,-0.058,-0.338,-0.939,0.011,0.027,-0.030
AIRPOT,1648115717705,1648115718364,4,0,-0.052,-0.322,-0.945,0.022,0.068,-0.011
AIRPOT,1648115717765,1648115718424,4,0,-0.043,-0.302,-0.952,0.004,0.034,0.013
AIRPOT,1648115717771,1648115718430,4,0,-0.029,-0.273,-0.962,-0.011,0.010,-0.012
AIRPOT,1648115717811,1648115718470,4,0,-0.020,-0.260,-0.965,-0.020,-0.048,-0.011
AIRPOT,1648115717852,1648115718511,4,0,-0.010,-0.250,-0.968,-0.034,-0.070,0.026
AIRPOT,1648115717891,1648115718550,4,0,-0.005,-0.248,-0.969,0.005,-0.111,0.043
AIRPOT,1648115717936,1648115718595,4,0,-0.005,-0.251,-0.968,-0.029,0.028,0.076
AIRPOT,1648115717973,1648115718632,4,0,-0.014,-0.253,-0.967,0.004,-0.046,0.002
AIRPOT,1648115718012,1648115718671,4,0,-0.016,-0.250,-0.968,-0.015,0.043,-0.023
AIRPOT,1648115718056,1648115718715,4,0,-0.016,-0.243,-0.970,0.014,0.042,-0.043
AIRPOT,1648115718096,1648115718755,4,0,-0.009,-0.236,-0.972,0.001,-0.046,0.004
AIRPOT,1648115718133,1648115718792,4,0,-0.006,-0.234,-0.972,-0.000,-0.101,0.053
AIRPOT,1648115718171,1648115718830,4,0,-0.018,-0.238,-0.971,0.002,-0.012,0.025
AIRPOT,1648115718212,1648115718871,4,0,-0.038,-0.243,-0.969,0.029,0.014,-0.009
AIRPOT,1648115718254,1648115718913,4,0,-0.056,-0.250,-0.967,0.028,0.040,-0.060
AIRPOT,1648115718292,1648115718951,4,0,-0.062,-0.256,-0.965,0.013,0.075,-0.070
AIRPOT,1648115718336,1648115718995,4,0,-0.064,-0.261,-0.963,0.024,0.005,-0.011
AIRPOT,1648115718372,1648115719031,4,0,-0.070,-0.273,-0.959,0.012,0.006,0.021
AIRPOT,1648115718410,1648115719069,4,0,-0.073,-0.275,-0.959,-0.005,-0.047,0.037
AIRPOT,1648115718530,1648115719189,4,0,-0.079,-0.271,-0.959,0.013,0.037,-0.033
AIRPOT,1648115718575,1648115719234,4,0,-0.077,-0.271,-0.959,0.013,0.031,-0.018
AIRPOT,1648115718456,1648115719115,4,0,-0.077,-0.276,-0.958,-0.010,0.004,0.019
AIRPOT,1648115718490,1648115719149,4,0,-0.080,-0.273,-0.959,-0.009,-0.001,-0.003
AIRPOT,1648115718612,1648115719271,4,0,-0.074,-0.273,-0.959,-0.004,-0.019,0.009
AIRPOT,1648115718655,1648115719314,4,0,-0.074,-0.278,-0.958,0.014,-0.002,0.000
AIRPOT,1648115718696,1648115719355,4,0,-0.074,-0.284,-0.956,0.021,0.008,-0.015
AIRPOT,1648115718726,1648115719385,4,0,-0.071,-0.288,-0.955,-0.004,0.015,0.013
AIRPOT,1648115718770,1648115719429,4,0,-0.072,-0.290,-0.954,-0.018,0.000,0.013
AIRPOT,1648115718816,1648115719475,4,0,-0.074,-0.296,-0.952,-0.034,-0.024,0.004
AIRPOT,1648115718852,1648115719511,4,0,-0.077,-0.303,-0.950,-0.030,-0.025,0.005
AIRPOT,1648115718899,1648115719558,4,0,-0.079,-0.309,-0.948,0.007,0.006,-0.031
AIRPOT,1648115718962,1648115719621,4,0,-0.074,-0.316,-0.946,0.031,0.041,-0.016
AIRPOT,1648115718971,1648115719630,4,0,-0.068,-0.325,-0.943,0.036,0.082,0.015
AIRPOT,1648115719014,1648115719673,4,0,-0.064,-0.333,-0.941,0.041,0.100,-0.007
AIRPOT,1648115719056,1648115719715,4,0,-0.060,-0.336,-0.940,0.058,0.071,-0.041
AIRPOT,1648115719091,1648115719750,4,0,-0.054,-0.332,-0.942,0.013,0.049,-0.075
AIRPOT,1648115719131,1648115719790,4,0,-0.050,-0.336,-0.941,-0.023,-0.065,0.009
AIRPOT,1648115719176,1648115719835,4,0,-0.055,-0.354,-0.934,-0.028,-0.058,0.094
AIRPOT,1648115719206,1648115719865,4,0,-0.067,-0.378,-0.923,-0.010,0.008,0.015
AIRPOT,1648115719251,1648115719910,4,0,-0.079,-0.392,-0.916,-0.054,0.012,0.013
AIRPOT,1648115719296,1648115719955,4,0,-0.088,-0.404,-0.910,-0.078,-0.065,0.014
AIRPOT,1648115719332,1648115719991,4,0,-0.093,-0.416,-0.905,-0.024,-0.039,0.017
AIRPOT,1648115719364,1648115720023,4,0,-0.096,-0.428,-0.899,-0.050,-0.036,0.031
AIRPOT,1648115719444,1648115720103,4,0,-0.095,-0.436,-0.895,0.015,-0.051,-0.016
AIRPOT,1648115719492,1648115720151,4,0,-0.082,-0.434,-0.897,0.054,-0.056,0.017
AIRPOT,1648115719533,1648115720192,4,0,-0.071,-0.427,-0.901,0.031,0.014,0.038
AIRPOT,1648115719571,1648115720230,4,0,-0.062,-0.421,-0.905,0.049,0.012,-0.005
AIRPOT,1648115719618,1648115720277,4,0,-0.056,-0.416,-0.908,0.014,0.012,-0.003
AIRPOT,1648115719654,1648115720313,4,0,-0.052,-0.412,-0.910,-0.013,0.035,0.006
AIRPOT,1648115719690,1648115720349,4,0,-0.052,-0.408,-0.911,-0.018,0.028,-0.024
AIRPOT,1648115719731,1648115720390,4,0,-0.051,-0.405,-0.913,-0.005,-0.007,-0.016
AIRPOT,1648115719777,1648115720436,4,0,-0.047,-0.401,-0.915,0.026,-0.013,-0.004
AIRPOT,1648115719815,1648115720474,4,0,-0.044,-0.400,-0.915,0.036,-0.001,0.009
AIRPOT,1648115719852,1648115720511,4,0,-0.040,-0.403,-0.914,0.031,0.029,0.015
AIRPOT,1648115719886,1648115720545,4,0,-0.038,-0.405,-0.913,0.017,-0.018,-0.008
AIRPOT,1648115719924,1648115720583,4,0,-0.035,-0.407,-0.913,0.016,-0.020,0.015
AIRPOT,1648115719973,1648115720632,4,0,-0.034,-0.408,-0.912,-0.001,-0.016,0.041
AIRPOT,1648115720003,1648115720662,4,0,-0.037,-0.412,-0.910,0.013,-0.037,0.012
AIRPOT,1648115720051,1648115720710,4,0,-0.037,-0.416,-0.909,-0.002,-0.045,0.015
AIRPOT,1648115720090,1648115720749,4,0,-0.038,-0.419,-0.907,0.004,-0.026,0.027
AIRPOT,1648115720136,1648115720795,4,0,-0.041,-0.420,-0.907,-0.002,0.012,0.035
AIRPOT,1648115720169,1648115720828,4,0,-0.047,-0.417,-0.908,-0.009,0.006,0.002
AIRPOT,1648115720242,1648115720901,4,0,-0.050,-0.411,-0.910,0.001,0.008,-0.009
AIRPOT,1648115720243,1648115720902,4,0,-0.051,-0.405,-0.913,-0.017,-0.003,-0.011
AIRPOT,1648115720291,1648115720950,4,0,-0.052,-0.401,-0.915,-0.015,-0.005,-0.008
AIRPOT,1648115720321,1648115720980,4,0,-0.052,-0.398,-0.916,-0.007,0.023,-0.004
AIRPOT,1648115720378,1648115721037,4,0,-0.056,-0.394,-0.917,-0.021,-0.005,-0.009
AIRPOT,1648115720405,1648115721064,4,0,-0.056,-0.393,-0.918,-0.006,0.019,-0.016
AIRPOT,1648115720453,1648115721112,4,0,-0.057,-0.394,-0.918,0.012,-0.027,-0.025
AIRPOT,1648115720483,1648115721142,4,0,-0.056,-0.397,-0.916,-0.025,0.042,0.042
AIRPOT,1648115720532,1648115721191,4,0,-0.062,-0.402,-0.914,0.005,0.014,0.009
AIRPOT,1648115720561,1648115721220,4,0,-0.067,-0.407,-0.911,0.000,0.036,0.022
AIRPOT,1648115720618,1648115721277,4,0,-0.076,-0.411,-0.909,0.003,0.028,0.009
AIRPOT,1648115720645,1648115721304,4,0,-0.080,-0.407,-0.910,-0.020,-0.015,0.012
AIRPOT,1648115720691,1648115721350,4,0,-0.082,-0.405,-0.911,0.017,-0.009,0.021
AIRPOT,1648115720721,1648115721380,4,0,-0.080,-0.401,-0.912,0.011,-0.017,0.019
AIRPOT,1648115720771,1648115721430,4,0,-0.081,-0.399,-0.913,0.034,0.024,-0.041
AIRPOT,1648115720803,1648115721462,4,0,-0.077,-0.397,-0.915,0.003,-0.009,0.016
AIRPOT,1648115720853,1648115721512,4,0,-0.079,-0.395,-0.916,-0.015,-0.021,0.006
AIRPOT,1648115720887,1648115721546,4,0,-0.078,-0.392,-0.917,-0.040,-0.004,0.010
AIRPOT,1648115720930,1648115721589,4,0,-0.078,-0.391,-0.917,-0.029,0.034,-0.015
AIRPOT,1648115720964,1648115721623,4,0,-0.076,-0.390,-0.918,-0.010,0.018,-0.023
AIRPOT,1648115721010,1648115721669,4,0,-0.072,-0.389,-0.918,0.004,-0.005,-0.003
AIRPOT,1648115721044,1648115721703,4,0,-0.067,-0.389,-0.919,0.020,-0.026,0.022
AIRPOT,1648115721093,1648115721752,4,0,-0.062,-0.390,-0.919,0.014,-0.045,0.009
AIRPOT,1648115721123,1648115721782,4,0,-0.056,-0.393,-0.918,-0.016,-0.024,0.028
AIRPOT,1648115721162,1648115721821,4,0,-0.053,-0.396,-0.917,0.008,0.002,-0.003
AIRPOT,1648115721203,1648115721862,4,0,-0.048,-0.395,-0.917,0.009,0.001,0.002
AIRPOT,1648115721251,1648115721910,4,0,-0.045,-0.394,-0.918,0.015,-0.005,0.002
AIRPOT,1648115721281,1648115721940,4,0,-0.043,-0.392,-0.919,0.009,0.022,0.000
AIRPOT,1648115721337,1648115721996,4,0,-0.043,-0.393,-0.919,0.010,-0.007,0.007
AIRPOT,1648115721361,1648115722020,4,0,-0.043,-0.396,-0.917,0.027,-0.009,0.009
AIRPOT,1648115721521,1648115722180,4,0,-0.045,-0.404,-0.914,-0.028,0.002,0.005
AIRPOT,1648115721531,1648115722190,4,0,-0.048,-0.405,-0.913,-0.020,0.010,-0.007
AIRPOT,1648115721577,1648115722236,4,0,-0.051,-0.407,-0.912,-0.010,0.009,-0.005
AIRPOT,1648115721606,1648115722265,4,0,-0.054,-0.408,-0.911,0.001,0.020,-0.020
AIRPOT,1648115721657,1648115722316,4,0,-0.053,-0.408,-0.912,0.003,-0.005,-0.014
AIRPOT,1648115721681,1648115722340,4,0,-0.050,-0.408,-0.912,-0.018,-0.004,0.039
AIRPOT,1648115721401,1648115722060,4,0,-0.044,-0.399,-0.916,0.010,0.016,0.007
AIRPOT,1648115721444,1648115722103,4,0,-0.045,-0.401,-0.915,-0.009,0.005,0.003
AIRPOT,1648115721761,1648115722420,4,0,-0.053,-0.409,-0.911,0.007,-0.023,-0.006
AIRPOT,1648115721815,1648115722474,4,0,-0.057,-0.410,-0.910,0.013,-0.035,-0.021
AIRPOT,1648115721844,1648115722503,4,0,-0.057,-0.410,-0.910,0.001,-0.005,0.037
AIRPOT,1648115721891,1648115722550,4,0,-0.059,-0.407,-0.911,0.089,0.004,-0.003
AIRPOT,1648115721923,1648115722582,4,0,-0.058,-0.398,-0.915,-0.030,-0.055,0.060
AIRPOT,1648115721972,1648115722631,4,0,-0.055,-0.383,-0.922,0.033,-0.044,-0.030
AIRPOT,1648115722003,1648115722662,4,0,-0.044,-0.360,-0.932,-0.025,-0.058,0.050
AIRPOT,1648115722054,1648115722713,4,0,-0.029,-0.321,-0.947,-0.054,0.034,0.005
AIRPOT,1648115722085,1648115722744,4,0,-0.003,-0.269,-0.963,-0.079,-0.043,0.071
AIRPOT,1648115722132,1648115722791,4,0,0.036,-0.210,-0.977,-0.131,-0.114,0.056
AIRPOT,1648115722162,1648115722821,4,0,0.088,-0.134,-0.987,-0.154,-0.173,0.055
AIRPOT,1648115722209,1648115722868,4,0,0.154,-0.054,-0.987,-0.136,-0.174,0.053
AIRPOT,1648115722242,1648115722901,4,0,0.230,0.031,-0.973,-0.081,-0.134,0.094
AIRPOT,1648115722292,1648115722951,4,0,0.301,0.112,-0.947,-0.096,-0.065,0.045
AIRPOT,1648115722326,1648115722985,4,0,0.358,0.177,-0.917,-0.071,-0.058,-0.118
AIRPOT,1648115722371,1648115723030,4,0,0.408,0.227,-0.884,-0.075,-0.042,-0.163
AIRPOT,1648115722404,1648115723063,4,0,0.443,0.250,-0.861,-0.090,-0.185,-0.184
AIRPOT,1648115722451,1648115723110,4,0,0.462,0.245,-0.852,-0.145,-0.128,-0.145
AIRPOT,1648115722484,1648115723143,4,0,0.473,0.219,-0.853,-0.220,-0.116,-0.044
AIRPOT,1648115722537,1648115723196,4,0,0.474,0.180,-0.862,-0.156,-0.130,-0.092
AIRPOT,1648115722566,1648115723225,4,0,0.478,0.133,-0.868,-0.180,-0.113,0.075
AIRPOT,1648115722597,1648115723256,4,0,0.477,0.078,-0.875,-0.149,-0.157,0.173
AIRPOT,1648115722643,1648115723302,4,0,0.474,0.021,-0.880,-0.093,-0.123,0.208
AIRPOT,1648115722691,1648115723350,4,0,0.470,-0.037,-0.882,-0.004,-0.073,0.183
AIRPOT,1648115722722,1648115723381,4,0,0.463,-0.091,-0.882,0.124,-0.143,0.048
AIRPOT,1648115722801,1648115723460,4,0,0.462,-0.131,-0.877,0.411,-0.082,-0.094
AIRPOT,1648115722801,1648115723460,4,0,0.463,-0.158,-0.872,0.552,-0.004,-0.137
AIRPOT,1648115722853,1648115723512,4,0,0.460,-0.176,-0.870,0.628,0.001,-0.236
AIRPOT,1648115722881,1648115723540,4,0,0.451,-0.184,-0.874,0.573,0.020,-0.281
AIRPOT,1648115722933,1648115723592,4,0,0.437,-0.180,-0.881,0.546,0.070,-0.327
AIRPOT,1648115722963,1648115723622,4,0,0.415,-0.174,-0.893,0.438,0.015,-0.303
AIRPOT,1648115723015,1648115723674,4,0,0.382,-0.175,-0.907,0.363,-0.017,-0.308
AIRPOT,1648115723047,1648115723706,4,0,0.342,-0.192,-0.920,0.275,-0.035,-0.291
AIRPOT,1648115723076,1648115723735,4,0,0.302,-0.216,-0.928,0.196,-0.041,-0.225
AIRPOT,1648115723123,1648115723782,4,0,0.270,-0.239,-0.933,0.182,0.006,-0.133
AIRPOT,1648115723172,1648115723831,4,0,0.255,-0.259,-0.932,0.153,0.089,0.085
AIRPOT,1648115723202,1648115723861,4,0,0.253,-0.271,-0.929,0.025,0.193,0.318
AIRPOT,1648115723254,1648115723913,4,0,0.247,-0.284,-0.927,-0.041,0.165,0.375
AIRPOT,1648115723287,1648115723946,4,0,0.236,-0.295,-0.926,-0.147,0.223,0.400
AIRPOT,1648115723315,1648115723974,4,0,0.218,-0.303,-0.928,-0.186,0.206,0.338
AIRPOT,1648115723378,1648115724037,4,0,0.196,-0.309,-0.931,-0.239,0.165,0.249
AIRPOT,1648115723410,1648115724069,4,0,0.174,-0.313,-0.934,-0.259,0.153,0.225
AIRPOT,1648115723441,1648115724100,4,0,0.150,-0.317,-0.937,-0.267,0.093,0.165
AIRPOT,1648115723473,1648115724132,4,0,0.127,-0.323,-0.938,-0.239,0.066,0.085
AIRPOT,1648115723526,1648115724185,4,0,0.114,-0.327,-0.938,-0.213,0.070,0.060
AIRPOT,1648115723563,1648115724222,4,0,0.108,-0.330,-0.938,-0.209,0.037,0.069
AIRPOT,1648115723604,1648115724263,4,0,0.107,-0.333,-0.937,-0.210,0.050,0.089
AIRPOT,1648115723651,1648115724310,4,0,0.108,-0.338,-0.935,-0.216,0.093,0.103
AIRPOT,1648115723683,1648115724342,4,0,0.108,-0.344,-0.933,-0.205,0.119,0.073
AIRPOT,1648115723737,1648115724396,4,0,0.105,-0.348,-0.931,-0.197,0.155,0.035
AIRPOT,1648115723766,1648115724425,4,0,0.100,-0.348,-0.932,-0.215,0.179,0.077
AIRPOT,1648115723792,1648115724451,4,0,0.083,-0.344,-0.935,-0.150,0.026,-0.159
AIRPOT,1648115723842,1648115724501,4,0,0.050,-0.338,-0.940,-0.131,-0.384,-0.552
AIRPOT,1648115723873,1648115724532,4,0,0.041,-0.332,-0.942,0.043,-0.365,-0.380
AIRPOT,1648115723923,1648115724582,4,0,0.048,-0.339,-0.940,0.100,-0.400,-0.091
AIRPOT,1648115723973,1648115724632,4,0,0.070,-0.351,-0.934,0.150,-0.273,-0.043
AIRPOT,1648115724006,1648115724665,4,0,0.097,-0.359,-0.928,0.165,-0.219,0.138
AIRPOT,1648115724032,1648115724691,4,0,0.117,-0.360,-0.926,0.121,-0.109,0.237
AIRPOT,1648115724082,1648115724741,4,0,0.123,-0.355,-0.927,0.094,-0.086,0.215
AIRPOT,1648115724111,1648115724770,4,0,0.125,-0.349,-0.929,0.050,-0.092,0.177
AIRPOT,1648115724161,1648115724820,4,0,0.123,-0.347,-0.930,0.022,-0.111,0.132
AIRPOT,1648115724192,1648115724851,4,0,0.120,-0.352,-0.928,0.035,-0.111,0.100
AIRPOT,1648115724243,1648115724902,4,0,0.116,-0.361,-0.925,0.055,-0.126,0.091
AIRPOT,1648115724276,1648115724935,4,0,0.114,-0.372,-0.921,0.086,-0.107,0.081
AIRPOT,1648115724324,1648115724983,4,0,0.110,-0.382,-0.918,0.076,-0.074,0.152
AIRPOT,1648115724351,1648115725010,4,0,0.098,-0.391,-0.915,0.090,-0.078,0.120
AIRPOT,1648115724396,1648115725055,4,0,0.084,-0.400,-0.913,0.091,-0.156,0.027
AIRPOT,1648115724433,1648115725092,4,0,0.063,-0.409,-0.910,0.071,-0.309,-0.231
AIRPOT,1648115724477,1648115725136,4,0,0.052,-0.416,-0.908,0.097,-0.065,0.036
AIRPOT,1648115724516,1648115725175,4,0,0.030,-0.416,-0.909,0.058,0.013,0.071
AIRPOT,1648115724552,1648115725211,4,0,0.004,-0.409,-0.913,0.040,0.044,0.073
AIRPOT,1648115724593,1648115725252,4,0,-0.020,-0.401,-0.916,-0.002,0.013,0.089
AIRPOT,1648115724636,1648115725295,4,0,-0.041,-0.397,-0.917,0.008,-0.025,-0.051
AIRPOT,1648115724671,1648115725330,4,0,-0.051,-0.395,-0.917,0.020,0.010,-0.104
AIRPOT,1648115724710,1648115725369,4,0,-0.056,-0.390,-0.919,0.001,0.060,-0.064
AIRPOT,1648115724756,1648115725415,4,0,-0.060,-0.381,-0.923,-0.007,0.082,-0.023
AIRPOT,1648115724807,1648115725466,4,0,-0.063,-0.371,-0.926,-0.012,0.079,-0.008
AIRPOT,1648115724830,1648115725489,4,0,-0.062,-0.365,-0.929,-0.006,0.075,-0.001
