DeviceName,PTPTime,UnixTime,protocool,CurrentDeviceTime,DistanceMM,DistanceCM,Weight,Count,DistanceADC,WeightADCDeviceName(Current)
DEVICE,1655115544328,1655115544329,4,1655115544329,46,4,5,0,0,0
DEVICE,1655115544360,1655115544361,4,1655115544361,44,4,5,0,0,0
DEVICE,1655115544391,1655115544392,4,1655115544392,45,4,5,0,0,0
DEVICE,1655115544423,1655115544424,4,1655115544424,45,4,5,0,0,0
DEVICE,1655115544455,1655115544456,4,1655115544456,46,4,5,0,0,0
DEVICE,1655115544487,1655115544488,4,1655115544488,48,4,5,0,0,0
DEVICE,1655115544519,1655115544520,4,1655115544520,46,4,5,0,0,0
DEVICE,1655115544551,1655115544552,4,1655115544552,45,4,5,0,0,0
DEVICE,1655115544584,1655115544585,4,1655115544585,45,4,5,0,0,0
DEVICE,1655115544615,1655115544616,4,1655115544616,46,4,5,0,0,0
DEVICE,1655115544647,1655115544648,4,1655115544648,47,4,5,0,0,0
DEVICE,1655115544679,1655115544680,4,1655115544680,46,4,5,0,0,0
DEVICE,1655115544712,1655115544713,4,1655115544713,46,4,5,0,0,0
DEVICE,1655115544744,1655115544745,4,1655115544745,47,4,5,0,0,0
DEVICE,1655115544775,1655115544776,4,1655115544776,46,4,5,0,0,0
DEVICE,1655115544808,1655115544809,4,1655115544809,45,4,5,0,0,0
DEVICE,1655115544839,1655115544840,4,1655115544840,45,4,5,0,0,0
DEVICE,1655115544871,1655115544872,4,1655115544872,45,4,5,0,0,0
DEVICE,1655115544903,1655115544904,4,1655115544904,45,4,5,0,0,0
DEVICE,1655115544936,1655115544937,4,1655115544937,47,4,5,0,0,0
DEVICE,1655115544967,1655115544968,4,1655115544968,45,4,5,0,0,0
DEVICE,1655115544999,1655115545000,4,1655115545000,46,4,5,0,0,0
DEVICE,1655115545031,1655115545032,4,1655115545032,45,4,5,0,0,0
DEVICE,1655115545063,1655115545064,4,1655115545064,46,4,5,0,0,0
DEVICE,1655115545095,1655115545096,4,1655115545096,45,4,5,0,0,0
DEVICE,1655115545127,1655115545128,4,1655115545128,47,4,5,0,0,0
DEVICE,1655115545159,1655115545160,4,1655115545160,43,4,5,0,0,0
DEVICE,1655115545192,1655115545193,4,1655115545193,44,4,5,0,0,0
DEVICE,1655115545223,1655115545224,4,1655115545224,43,4,5,0,0,0
DEVICE,1655115545255,1655115545256,4,1655115545256,47,4,5,0,0,0
DEVICE,1655115545287,1655115545288,4,1655115545288,47,4,5,0,0,0
DEVICE,1655115545303,1655115545304,4,1655115545304,46,4,5,0,0,0
DEVICE,1655115545335,1655115545336,4,1655115545336,46,4,5,0,0,0
DEVICE,1655115545367,1655115545368,4,1655115545368,47,4,5,0,0,0
DEVICE,1655115545399,1655115545400,4,1655115545400,44,4,5,0,0,0
DEVICE,1655115545431,1655115545432,4,1655115545432,47,4,5,0,0,0
DEVICE,1655115545463,1655115545464,4,1655115545464,46,4,5,0,0,0
DEVICE,1655115545494,1655115545495,4,1655115545495,44,4,5,0,0,0
DEVICE,1655115545527,1655115545528,4,1655115545528,45,4,5,0,0,0
DEVICE,1655115545559,1655115545560,4,1655115545560,47,4,5,0,0,0
DEVICE,1655115545591,1655115545592,4,1655115545592,46,4,5,0,0,0
DEVICE,1655115545623,1655115545624,4,1655115545624,46,4,5,0,0,0
DEVICE,1655115545654,1655115545655,4,1655115545655,46,4,5,0,0,0
DEVICE,1655115545686,1655115545687,4,1655115545687,45,4,5,0,0,0
DEVICE,1655115545718,1655115545719,4,1655115545719,49,4,5,0,0,0
DEVICE,1655115545750,1655115545751,4,1655115545751,45,4,5,0,0,0
DEVICE,1655115545783,1655115545784,4,1655115545784,47,4,5,0,0,0
DEVICE,1655115545815,1655115545816,4,1655115545816,45,4,5,0,0,0
DEVICE,1655115545847,1655115545848,4,1655115545848,46,4,5,0,0,0
DEVICE,1655115545879,1655115545880,4,1655115545880,44,4,5,0,0,0
DEVICE,1655115545911,1655115545912,4,1655115545912,46,4,5,0,0,0
DEVICE,1655115545943,1655115545944,4,1655115545944,44,4,5,0,0,0
DEVICE,1655115545974,1655115545975,4,1655115545975,45,4,5,0,0,0
DEVICE,1655115546006,1655115546007,4,1655115546007,46,4,5,0,0,0
DEVICE,1655115546039,1655115546040,4,1655115546040,46,4,5,0,0,0
DEVICE,1655115546071,1655115546072,4,1655115546072,45,4,5,0,0,0
DEVICE,1655115546103,1655115546104,4,1655115546104,48,4,5,0,0,0
DEVICE,1655115546134,1655115546135,4,1655115546135,45,4,5,0,0,0
DEVICE,1655115546166,1655115546167,4,1655115546167,46,4,5,0,0,0
DEVICE,1655115546198,1655115546199,4,1655115546199,46,4,5,0,0,0
DEVICE,1655115546230,1655115546231,4,1655115546231,47,4,5,0,0,0
DEVICE,1655115546262,1655115546263,4,1655115546263,46,4,5,0,0,0
DEVICE,1655115546294,1655115546295,4,1655115546295,44,4,5,0,0,0
DEVICE,1655115546326,1655115546327,4,1655115546327,47,4,5,0,0,0
DEVICE,1655115546358,1655115546359,4,1655115546359,45,4,5,0,0,0
DEVICE,1655115546390,1655115546391,4,1655115546391,46,4,5,0,0,0
DEVICE,1655115546422,1655115546423,4,1655115546423,49,4,5,0,0,0
DEVICE,1655115546454,1655115546455,4,1655115546455,45,4,5,0,0,0
DEVICE,1655115546486,1655115546487,4,1655115546487,44,4,5,0,0,0
DEVICE,1655115546519,1655115546520,4,1655115546520,47,4,5,0,0,0
DEVICE,1655115546550,1655115546551,4,1655115546551,43,4,5,0,0,0
DEVICE,1655115546583,1655115546584,4,1655115546584,47,4,5,0,0,0
DEVICE,1655115546614,1655115546615,4,1655115546615,46,4,5,0,0,0
DEVICE,1655115546646,1655115546647,4,1655115546647,45,4,5,0,0,0
DEVICE,1655115546678,1655115546679,4,1655115546679,47,4,5,0,0,0
DEVICE,1655115546710,1655115546711,4,1655115546711,43,4,5,0,0,0
DEVICE,1655115546741,1655115546742,4,1655115546742,46,4,5,0,0,0
DEVICE,1655115546774,1655115546775,4,1655115546775,46,4,5,0,0,0
DEVICE,1655115546806,1655115546807,4,1655115546807,44,4,5,0,0,0
DEVICE,1655115546838,1655115546839,4,1655115546839,45,4,5,0,0,0
DEVICE,1655115546869,1655115546870,4,1655115546870,45,4,5,0,0,0
DEVICE,1655115546901,1655115546902,4,1655115546902,45,4,5,0,0,0
DEVICE,1655115546934,1655115546935,4,1655115546935,47,4,5,0,0,0
DEVICE,1655115546966,1655115546967,4,1655115546967,46,4,5,0,0,0
DEVICE,1655115546997,1655115546998,4,1655115546998,46,4,5,0,0,0
DEVICE,1655115547030,1655115547031,4,1655115547031,43,4,5,0,0,0
DEVICE,1655115547062,1655115547063,4,1655115547063,44,4,5,0,0,0
DEVICE,1655115547093,1655115547094,4,1655115547094,46,4,5,0,0,0
DEVICE,1655115547109,1655115547110,4,1655115547110,45,4,5,0,0,0
DEVICE,1655115547142,1655115547143,4,1655115547143,44,4,5,0,0,0
DEVICE,1655115547174,1655115547175,4,1655115547175,45,4,5,0,0,0
DEVICE,1655115547206,1655115547207,4,1655115547207,45,4,5,0,0,0
DEVICE,1655115547238,1655115547239,4,1655115547239,44,4,5,0,0,0
DEVICE,1655115547269,1655115547270,4,1655115547270,46,4,5,0,0,0
DEVICE,1655115547301,1655115547302,4,1655115547302,47,4,5,0,0,0
DEVICE,1655115547333,1655115547334,4,1655115547334,46,4,5,0,0,0
DEVICE,1655115547365,1655115547366,4,1655115547366,45,4,5,0,0,0
DEVICE,1655115547397,1655115547398,4,1655115547398,47,4,5,0,0,0
DEVICE,1655115547430,1655115547431,4,1655115547431,45,4,5,0,0,0
DEVICE,1655115547462,1655115547463,4,1655115547463,44,4,5,0,0,0
DEVICE,1655115547494,1655115547495,4,1655115547495,45,4,5,0,0,0
DEVICE,1655115547526,1655115547527,4,1655115547527,44,4,5,0,0,0
DEVICE,1655115547558,1655115547559,4,1655115547559,45,4,5,0,0,0
DEVICE,1655115547589,1655115547590,4,1655115547590,45,4,5,0,0,0
DEVICE,1655115547621,1655115547622,4,1655115547622,45,4,5,0,0,0
DEVICE,1655115547653,1655115547654,4,1655115547654,46,4,5,0,0,0
DEVICE,1655115547685,1655115547686,4,1655115547686,46,4,5,0,0,0
DEVICE,1655115547717,1655115547718,4,1655115547718,44,4,5,0,0,0
DEVICE,1655115547749,1655115547750,4,1655115547750,46,4,5,0,0,0
DEVICE,1655115547781,1655115547782,4,1655115547782,45,4,5,0,0,0
DEVICE,1655115547813,1655115547814,4,1655115547814,46,4,5,0,0,0
DEVICE,1655115547845,1655115547846,4,1655115547846,46,4,5,0,0,0
DEVICE,1655115547877,1655115547878,4,1655115547878,47,4,5,0,0,0
DEVICE,1655115547909,1655115547910,4,1655115547910,46,4,5,0,0,0
DEVICE,1655115547942,1655115547943,4,1655115547943,45,4,5,0,0,0
DEVICE,1655115547973,1655115547974,4,1655115547974,46,4,5,0,0,0
DEVICE,1655115548005,1655115548006,4,1655115548006,44,4,5,0,0,0
DEVICE,1655115548037,1655115548038,4,1655115548038,45,4,5,0,0,0
DEVICE,1655115548069,1655115548070,4,1655115548070,47,4,5,0,0,0
DEVICE,1655115548101,1655115548102,4,1655115548102,46,4,5,0,0,0
DEVICE,1655115548133,1655115548134,4,1655115548134,46,4,5,0,0,0
DEVICE,1655115548165,1655115548166,4,1655115548166,47,4,5,0,0,0
DEVICE,1655115548197,1655115548198,4,1655115548198,45,4,5,0,0,0
DEVICE,1655115548229,1655115548230,4,1655115548230,45,4,5,0,0,0
DEVICE,1655115548261,1655115548262,4,1655115548262,47,4,5,0,0,0
DEVICE,1655115548293,1655115548294,4,1655115548294,46,4,5,0,0,0
DEVICE,1655115548325,1655115548326,4,1655115548326,46,4,5,0,0,0
DEVICE,1655115548357,1655115548358,4,1655115548358,46,4,5,0,0,0
DEVICE,1655115548389,1655115548390,4,1655115548390,44,4,5,0,0,0
DEVICE,1655115548421,1655115548422,4,1655115548422,48,4,5,0,0,0
DEVICE,1655115548453,1655115548454,4,1655115548454,46,4,5,0,0,0
DEVICE,1655115548485,1655115548486,4,1655115548486,47,4,5,0,0,0
DEVICE,1655115548517,1655115548518,4,1655115548518,43,4,5,0,0,0
DEVICE,1655115548549,1655115548550,4,1655115548550,43,4,5,0,0,0
DEVICE,1655115548580,1655115548581,4,1655115548581,47,4,5,0,0,0
DEVICE,1655115548612,1655115548613,4,1655115548613,45,4,5,0,0,0
DEVICE,1655115548644,1655115548645,4,1655115548645,43,4,5,0,0,0
DEVICE,1655115548676,1655115548677,4,1655115548677,46,4,5,0,0,0
DEVICE,1655115548708,1655115548709,4,1655115548709,46,4,5,0,0,0
DEVICE,1655115548741,1655115548742,4,1655115548742,45,4,5,0,0,0
DEVICE,1655115548772,1655115548773,4,1655115548773,44,4,5,0,0,0
DEVICE,1655115548804,1655115548805,4,1655115548805,44,4,5,0,0,0
DEVICE,1655115548836,1655115548837,4,1655115548837,45,4,5,0,0,0
DEVICE,1655115548868,1655115548869,4,1655115548869,45,4,5,0,0,0
DEVICE,1655115548900,1655115548901,4,1655115548901,44,4,5,0,0,0
DEVICE,1655115548917,1655115548918,4,1655115548918,46,4,5,0,0,0
DEVICE,1655115548949,1655115548950,4,1655115548950,42,4,5,0,0,0
DEVICE,1655115548981,1655115548982,4,1655115548982,47,4,5,0,0,0
DEVICE,1655115549012,1655115549013,4,1655115549013,45,4,5,0,0,0
DEVICE,1655115549045,1655115549046,4,1655115549046,45,4,5,0,0,0
DEVICE,1655115549076,1655115549077,4,1655115549077,45,4,5,0,0,0
DEVICE,1655115549108,1655115549109,4,1655115549109,46,4,5,0,0,0
DEVICE,1655115549140,1655115549141,4,1655115549141,48,4,5,0,0,0
DEVICE,1655115549172,1655115549173,4,1655115549173,45,4,5,0,0,0
DEVICE,1655115549205,1655115549206,4,1655115549206,45,4,5,0,0,0
DEVICE,1655115549237,1655115549238,4,1655115549238,46,4,5,0,0,0
DEVICE,1655115549268,1655115549269,4,1655115549269,45,4,5,0,0,0
DEVICE,1655115549301,1655115549302,4,1655115549302,45,4,5,0,0,0
DEVICE,1655115549332,1655115549333,4,1655115549333,45,4,5,0,0,0
DEVICE,1655115549364,1655115549365,4,1655115549365,45,4,5,0,0,0
DEVICE,1655115549396,1655115549397,4,1655115549397,47,4,5,0,0,0
DEVICE,1655115549428,1655115549429,4,1655115549429,46,4,5,0,0,0
DEVICE,1655115549460,1655115549461,4,1655115549461,44,4,5,0,0,0
DEVICE,1655115549492,1655115549493,4,1655115549493,45,4,5,0,0,0
DEVICE,1655115549524,1655115549525,4,1655115549525,47,4,5,0,0,0
DEVICE,1655115549556,1655115549557,4,1655115549557,46,4,5,0,0,0
DEVICE,1655115549588,1655115549589,4,1655115549589,46,4,5,0,0,0
DEVICE,1655115549620,1655115549621,4,1655115549621,46,4,5,0,0,0
DEVICE,1655115549652,1655115549653,4,1655115549653,45,4,5,0,0,0
DEVICE,1655115549684,1655115549685,4,1655115549685,46,4,5,0,0,0
DEVICE,1655115549716,1655115549717,4,1655115549717,46,4,5,0,0,0
DEVICE,1655115549748,1655115549749,4,1655115549749,46,4,5,0,0,0
DEVICE,1655115549780,1655115549781,4,1655115549781,46,4,5,0,0,0
DEVICE,1655115549812,1655115549813,4,1655115549813,45,4,5,0,0,0
DEVICE,1655115549843,1655115549844,4,1655115549844,45,4,5,0,0,0
DEVICE,1655115549876,1655115549877,4,1655115549877,46,4,5,0,0,0
DEVICE,1655115549908,1655115549909,4,1655115549909,47,4,5,0,0,0
DEVICE,1655115549940,1655115549941,4,1655115549941,45,4,5,0,0,0
DEVICE,1655115549972,1655115549973,4,1655115549973,45,4,5,0,0,0
DEVICE,1655115550003,1655115550004,4,1655115550004,46,4,5,0,0,0
DEVICE,1655115550035,1655115550036,4,1655115550036,43,4,5,0,0,0
DEVICE,1655115550068,1655115550069,4,1655115550069,45,4,5,0,0,0
DEVICE,1655115550100,1655115550101,4,1655115550101,46,4,5,0,0,0
DEVICE,1655115550132,1655115550133,4,1655115550133,45,4,5,0,0,0
DEVICE,1655115550164,1655115550165,4,1655115550165,46,4,5,0,0,0
DEVICE,1655115550195,1655115550196,4,1655115550196,45,4,5,0,0,0
DEVICE,1655115550227,1655115550228,4,1655115550228,46,4,5,0,0,0
DEVICE,1655115550259,1655115550260,4,1655115550260,45,4,5,0,0,0
DEVICE,1655115550291,1655115550292,4,1655115550292,42,4,5,0,0,0
DEVICE,1655115550324,1655115550325,4,1655115550325,45,4,5,0,0,0
DEVICE,1655115550356,1655115550357,4,1655115550357,47,4,5,0,0,0
DEVICE,1655115550388,1655115550389,4,1655115550389,45,4,5,0,0,0
DEVICE,1655115550419,1655115550420,4,1655115550420,45,4,5,0,0,0
DEVICE,1655115550451,1655115550452,4,1655115550452,45,4,5,0,0,0
DEVICE,1655115550483,1655115550484,4,1655115550484,47,4,5,0,0,0
DEVICE,1655115550515,1655115550516,4,1655115550516,46,4,5,0,0,0
DEVICE,1655115550548,1655115550549,4,1655115550549,46,4,5,0,0,0
DEVICE,1655115550580,1655115550581,4,1655115550581,46,4,5,0,0,0
DEVICE,1655115550612,1655115550613,4,1655115550613,43,4,5,0,0,0
DEVICE,1655115550643,1655115550644,4,1655115550644,43,4,5,0,0,0
DEVICE,1655115550675,1655115550676,4,1655115550676,46,4,5,0,0,0
DEVICE,1655115550691,1655115550692,4,1655115550692,46,4,5,0,0,0
DEVICE,1655115550723,1655115550724,4,1655115550724,45,4,5,0,0,0
DEVICE,1655115550756,1655115550757,4,1655115550757,44,4,5,0,0,0
DEVICE,1655115550788,1655115550789,4,1655115550789,46,4,5,0,0,0
DEVICE,1655115550819,1655115550820,4,1655115550820,46,4,5,0,0,0
DEVICE,1655115550851,1655115550852,4,1655115550852,47,4,5,0,0,0
DEVICE,1655115550883,1655115550884,4,1655115550884,45,4,5,0,0,0
DEVICE,1655115550916,1655115550917,4,1655115550917,47,4,5,0,0,0
DEVICE,1655115550947,1655115550948,4,1655115550948,46,4,5,0,0,0
DEVICE,1655115550979,1655115550980,4,1655115550980,46,4,5,0,0,0
DEVICE,1655115551011,1655115551012,4,1655115551012,45,4,5,0,0,0
DEVICE,1655115551044,1655115551045,4,1655115551045,47,4,5,0,0,0
DEVICE,1655115551075,1655115551076,4,1655115551076,44,4,5,0,0,0
DEVICE,1655115551107,1655115551108,4,1655115551108,45,4,5,0,0,0
DEVICE,1655115551139,1655115551140,4,1655115551140,46,4,5,0,0,0
DEVICE,1655115551171,1655115551172,4,1655115551172,45,4,5,0,0,0
DEVICE,1655115551203,1655115551204,4,1655115551204,46,4,5,0,0,0
DEVICE,1655115551235,1655115551236,4,1655115551236,47,4,5,0,0,0
DEVICE,1655115551267,1655115551268,4,1655115551268,44,4,5,0,0,0
DEVICE,1655115551299,1655115551300,4,1655115551300,46,4,5,0,0,0
DEVICE,1655115551330,1655115551331,4,1655115551331,47,4,5,0,0,0
DEVICE,1655115551363,1655115551364,4,1655115551364,45,4,5,0,0,0
DEVICE,1655115551395,1655115551396,4,1655115551396,46,4,5,0,0,0
DEVICE,1655115551427,1655115551428,4,1655115551428,48,4,5,0,0,0
DEVICE,1655115551459,1655115551460,4,1655115551460,46,4,5,0,0,0
DEVICE,1655115551491,1655115551492,4,1655115551492,46,4,5,0,0,0
DEVICE,1655115551523,1655115551524,4,1655115551524,45,4,5,0,0,0
DEVICE,1655115551555,1655115551556,4,1655115551556,47,4,5,0,0,0
DEVICE,1655115551587,1655115551588,4,1655115551588,48,4,5,0,0,0
DEVICE,1655115551619,1655115551620,4,1655115551620,45,4,5,0,0,0
DEVICE,1655115551651,1655115551652,4,1655115551652,47,4,5,0,0,0
DEVICE,1655115551683,1655115551684,4,1655115551684,44,4,5,0,0,0
DEVICE,1655115551715,1655115551716,4,1655115551716,45,4,5,0,0,0
DEVICE,1655115551747,1655115551748,4,1655115551748,43,4,5,0,0,0
DEVICE,1655115551779,1655115551780,4,1655115551780,46,4,5,0,0,0
DEVICE,1655115551811,1655115551812,4,1655115551812,44,4,5,0,0,0
DEVICE,1655115551843,1655115551844,4,1655115551844,45,4,5,0,0,0
DEVICE,1655115551874,1655115551875,4,1655115551875,45,4,5,0,0,0
DEVICE,1655115551906,1655115551907,4,1655115551907,45,4,5,0,0,0
DEVICE,1655115551939,1655115551940,4,1655115551940,45,4,5,0,0,0
DEVICE,1655115551970,1655115551971,4,1655115551971,46,4,5,0,0,0
DEVICE,1655115552002,1655115552003,4,1655115552003,43,4,5,0,0,0
DEVICE,1655115552034,1655115552035,4,1655115552035,46,4,5,0,0,0
DEVICE,1655115552066,1655115552067,4,1655115552067,46,4,5,0,0,0
DEVICE,1655115552098,1655115552099,4,1655115552099,44,4,5,0,0,0
DEVICE,1655115552130,1655115552131,4,1655115552131,46,4,5,0,0,0
DEVICE,1655115552162,1655115552163,4,1655115552163,47,4,5,0,0,0
DEVICE,1655115552195,1655115552196,4,1655115552196,45,4,5,0,0,0
DEVICE,1655115552227,1655115552228,4,1655115552228,45,4,5,0,0,0
DEVICE,1655115552259,1655115552260,4,1655115552260,48,4,5,0,0,0
DEVICE,1655115552290,1655115552291,4,1655115552291,46,4,5,0,0,0
DEVICE,1655115552322,1655115552323,4,1655115552323,46,4,5,0,0,0
DEVICE,1655115552354,1655115552355,4,1655115552355,46,4,5,0,0,0
DEVICE,1655115552386,1655115552387,4,1655115552387,45,4,5,0,0,0
DEVICE,1655115552418,1655115552419,4,1655115552419,44,4,5,0,0,0
DEVICE,1655115552434,1655115552435,4,1655115552435,47,4,5,0,0,0
DEVICE,1655115552466,1655115552467,4,1655115552467,43,4,5,0,0,0
DEVICE,1655115552498,1655115552499,4,1655115552499,47,4,5,0,0,0
DEVICE,1655115552530,1655115552531,4,1655115552531,48,4,5,0,0,0
DEVICE,1655115552562,1655115552563,4,1655115552563,45,4,5,0,0,0
DEVICE,1655115552594,1655115552595,4,1655115552595,47,4,5,0,0,0
DEVICE,1655115552626,1655115552627,4,1655115552627,47,4,5,0,0,0
DEVICE,1655115552658,1655115552659,4,1655115552659,46,4,5,0,0,0
DEVICE,1655115552690,1655115552691,4,1655115552691,44,4,5,0,0,0
DEVICE,1655115552722,1655115552723,4,1655115552723,47,4,5,0,0,0
DEVICE,1655115552754,1655115552755,4,1655115552755,45,4,5,0,0,0
DEVICE,1655115552786,1655115552787,4,1655115552787,47,4,5,0,0,0
DEVICE,1655115552818,1655115552819,4,1655115552819,46,4,5,0,0,0
DEVICE,1655115552850,1655115552851,4,1655115552851,46,4,5,0,0,0
DEVICE,1655115552882,1655115552883,4,1655115552883,45,4,5,0,0,0
DEVICE,1655115552914,1655115552915,4,1655115552915,46,4,5,0,0,0
DEVICE,1655115552946,1655115552947,4,1655115552947,43,4,5,0,0,0
DEVICE,1655115552977,1655115552978,4,1655115552978,47,4,5,0,0,0
DEVICE,1655115553009,1655115553010,4,1655115553010,45,4,5,0,0,0
DEVICE,1655115553042,1655115553043,4,1655115553043,47,4,5,0,0,0
DEVICE,1655115553073,1655115553074,4,1655115553074,47,4,5,0,0,0
DEVICE,1655115553106,1655115553107,4,1655115553107,45,4,5,0,0,0
DEVICE,1655115553137,1655115553138,4,1655115553138,45,4,5,0,0,0
DEVICE,1655115553169,1655115553170,4,1655115553170,45,4,5,0,0,0
DEVICE,1655115553202,1655115553203,4,1655115553203,48,4,5,0,0,0
DEVICE,1655115553234,1655115553235,4,1655115553235,45,4,5,0,0,0
DEVICE,1655115553266,1655115553267,4,1655115553267,45,4,5,0,0,0
DEVICE,1655115553298,1655115553299,4,1655115553299,46,4,5,0,0,0
DEVICE,1655115553330,1655115553331,4,1655115553331,47,4,5,0,0,0
DEVICE,1655115553362,1655115553363,4,1655115553363,47,4,5,0,0,0
DEVICE,1655115553394,1655115553395,4,1655115553395,45,4,5,0,0,0
DEVICE,1655115553426,1655115553427,4,1655115553427,45,4,5,0,0,0
DEVICE,1655115553457,1655115553458,4,1655115553458,44,4,5,0,0,0
DEVICE,1655115553489,1655115553490,4,1655115553490,45,4,5,0,0,0
DEVICE,1655115553521,1655115553522,4,1655115553522,45,4,5,0,0,0
DEVICE,1655115553553,1655115553554,4,1655115553554,45,4,5,0,0,0
DEVICE,1655115553585,1655115553586,4,1655115553586,45,4,5,0,0,0
DEVICE,1655115553618,1655115553619,4,1655115553619,47,4,5,0,0,0
DEVICE,1655115553650,1655115553651,4,1655115553651,47,4,5,0,0,0
DEVICE,1655115553681,1655115553682,4,1655115553682,45,4,5,0,0,0
DEVICE,1655115553713,1655115553714,4,1655115553714,46,4,5,0,0,0
DEVICE,1655115553745,1655115553746,4,1655115553746,48,4,5,0,0,0
DEVICE,1655115553778,1655115553779,4,1655115553779,45,4,5,0,0,0
DEVICE,1655115553809,1655115553810,4,1655115553810,45,4,5,0,0,0
DEVICE,1655115553841,1655115553842,4,1655115553842,44,4,5,0,0,0
DEVICE,1655115553873,1655115553874,4,1655115553874,46,4,5,0,0,0
DEVICE,1655115553905,1655115553906,4,1655115553906,45,4,5,0,0,0
DEVICE,1655115553937,1655115553938,4,1655115553938,44,4,5,0,0,0
DEVICE,1655115553969,1655115553970,4,1655115553970,45,4,5,0,0,0
DEVICE,1655115554001,1655115554002,4,1655115554002,45,4,5,0,0,0
DEVICE,1655115554033,1655115554034,4,1655115554034,45,4,5,0,0,0
DEVICE,1655115554065,1655115554066,4,1655115554066,45,4,5,0,0,0
DEVICE,1655115554097,1655115554098,4,1655115554098,46,4,5,0,0,0
DEVICE,1655115554129,1655115554130,4,1655115554130,47,4,5,0,0,0
DEVICE,1655115554161,1655115554162,4,1655115554162,47,4,5,0,0,0
DEVICE,1655115554193,1655115554194,4,1655115554194,44,4,5,0,0,0
DEVICE,1655115554209,1655115554210,4,1655115554210,47,4,5,0,0,0
DEVICE,1655115554241,1655115554242,4,1655115554242,43,4,5,0,0,0
DEVICE,1655115554273,1655115554274,4,1655115554274,44,4,5,0,0,0
DEVICE,1655115554305,1655115554306,4,1655115554306,45,4,5,0,0,0
DEVICE,1655115554337,1655115554338,4,1655115554338,48,4,5,0,0,0
DEVICE,1655115554369,1655115554370,4,1655115554370,45,4,5,0,0,0
DEVICE,1655115554401,1655115554402,4,1655115554402,46,4,5,0,0,0
DEVICE,1655115554433,1655115554434,4,1655115554434,46,4,5,0,0,0
DEVICE,1655115554465,1655115554466,4,1655115554466,46,4,5,0,0,0
DEVICE,1655115554497,1655115554498,4,1655115554498,45,4,5,0,0,0
DEVICE,1655115554528,1655115554529,4,1655115554529,45,4,5,0,0,0
DEVICE,1655115554561,1655115554562,4,1655115554562,47,4,5,0,0,0
DEVICE,1655115554592,1655115554593,4,1655115554593,46,4,5,0,0,0
DEVICE,1655115554624,1655115554625,4,1655115554625,46,4,5,0,0,0
DEVICE,1655115554656,1655115554657,4,1655115554657,47,4,5,0,0,0
DEVICE,1655115554688,1655115554689,4,1655115554689,46,4,5,0,0,0
DEVICE,1655115554721,1655115554722,4,1655115554722,46,4,5,0,0,0
DEVICE,1655115554753,1655115554754,4,1655115554754,46,4,5,0,0,0
DEVICE,1655115554785,1655115554786,4,1655115554786,46,4,5,0,0,0
DEVICE,1655115554817,1655115554818,4,1655115554818,46,4,5,0,0,0
DEVICE,1655115554849,1655115554850,4,1655115554850,46,4,5,0,0,0
DEVICE,1655115554881,1655115554882,4,1655115554882,45,4,5,0,0,0
DEVICE,1655115554912,1655115554913,4,1655115554913,45,4,5,0,0,0
DEVICE,1655115554944,1655115554945,4,1655115554945,48,4,5,0,0,0
DEVICE,1655115554977,1655115554978,4,1655115554978,45,4,5,0,0,0
DEVICE,1655115555009,1655115555010,4,1655115555010,44,4,5,0,0,0
DEVICE,1655115555041,1655115555042,4,1655115555042,45,4,5,0,0,0
DEVICE,1655115555072,1655115555073,4,1655115555073,45,4,5,0,0,0
DEVICE,1655115555105,1655115555106,4,1655115555106,47,4,5,0,0,0
DEVICE,1655115555137,1655115555138,4,1655115555138,47,4,5,0,0,0
DEVICE,1655115555169,1655115555170,4,1655115555170,45,4,5,0,0,0
DEVICE,1655115555200,1655115555201,4,1655115555201,42,4,5,0,0,0
DEVICE,1655115555232,1655115555233,4,1655115555233,45,4,5,0,0,0
DEVICE,1655115555264,1655115555265,4,1655115555265,47,4,5,0,0,0
DEVICE,1655115555297,1655115555298,4,1655115555298,45,4,5,0,0,0
DEVICE,1655115555328,1655115555329,4,1655115555329,47,4,5,0,0,0
DEVICE,1655115555361,1655115555362,4,1655115555362,46,4,5,0,0,0
DEVICE,1655115555392,1655115555393,4,1655115555393,47,4,5,0,0,0
DEVICE,1655115555424,1655115555425,4,1655115555425,47,4,5,0,0,0
DEVICE,1655115555456,1655115555457,4,1655115555457,47,4,5,0,0,0
DEVICE,1655115555488,1655115555489,4,1655115555489,45,4,5,0,0,0
DEVICE,1655115555520,1655115555521,4,1655115555521,45,4,5,0,0,0
DEVICE,1655115555552,1655115555553,4,1655115555553,45,4,5,0,0,0
DEVICE,1655115555584,1655115555585,4,1655115555585,47,4,5,0,0,0
DEVICE,1655115555616,1655115555617,4,1655115555617,46,4,5,0,0,0
DEVICE,1655115555648,1655115555649,4,1655115555649,47,4,5,0,0,0
DEVICE,1655115555680,1655115555681,4,1655115555681,45,4,5,0,0,0
DEVICE,1655115555712,1655115555713,4,1655115555713,44,4,5,0,0,0
DEVICE,1655115555744,1655115555745,4,1655115555745,45,4,5,0,0,0
DEVICE,1655115555776,1655115555777,4,1655115555777,47,4,5,0,0,0
DEVICE,1655115555808,1655115555809,4,1655115555809,47,4,5,0,0,0
DEVICE,1655115555840,1655115555841,4,1655115555841,47,4,5,0,0,0
DEVICE,1655115555872,1655115555873,4,1655115555873,46,4,5,0,0,0
DEVICE,1655115555904,1655115555905,4,1655115555905,46,4,5,0,0,0
DEVICE,1655115555936,1655115555937,4,1655115555937,46,4,5,0,0,0
DEVICE,1655115555968,1655115555969,4,1655115555969,46,4,5,0,0,0
DEVICE,1655115556000,1655115556001,4,1655115556001,45,4,5,0,0,0
DEVICE,1655115556016,1655115556017,4,1655115556017,43,4,5,0,0,0
DEVICE,1655115556048,1655115556049,4,1655115556049,46,4,5,0,0,0
DEVICE,1655115556079,1655115556080,4,1655115556080,46,4,5,0,0,0
DEVICE,1655115556111,1655115556112,4,1655115556112,45,4,5,0,0,0
DEVICE,1655115556144,1655115556145,4,1655115556145,46,4,5,0,0,0
DEVICE,1655115556176,1655115556177,4,1655115556177,45,4,5,0,0,0
DEVICE,1655115556208,1655115556209,4,1655115556209,45,4,5,0,0,0
DEVICE,1655115556240,1655115556241,4,1655115556241,46,4,5,0,0,0
DEVICE,1655115556272,1655115556273,4,1655115556273,46,4,5,0,0,0
DEVICE,1655115556304,1655115556305,4,1655115556305,43,4,5,0,0,0
DEVICE,1655115556336,1655115556337,4,1655115556337,48,4,5,0,0,0
DEVICE,1655115556368,1655115556369,4,1655115556369,44,4,5,0,0,0
DEVICE,1655115556400,1655115556401,4,1655115556401,44,4,5,0,0,0
DEVICE,1655115556432,1655115556433,4,1655115556433,46,4,5,0,0,0
DEVICE,1655115556463,1655115556464,4,1655115556464,45,4,5,0,0,0
DEVICE,1655115556495,1655115556496,4,1655115556496,46,4,5,0,0,0
DEVICE,1655115556527,1655115556528,4,1655115556528,46,4,5,0,0,0
DEVICE,1655115556559,1655115556560,4,1655115556560,47,4,5,0,0,0
DEVICE,1655115556591,1655115556592,4,1655115556592,44,4,5,0,0,0
DEVICE,1655115556623,1655115556624,4,1655115556624,45,4,5,0,0,0
DEVICE,1655115556655,1655115556656,4,1655115556656,45,4,5,0,0,0
DEVICE,1655115556687,1655115556688,4,1655115556688,46,4,5,0,0,0
DEVICE,1655115556720,1655115556721,4,1655115556721,47,4,5,0,0,0
DEVICE,1655115556751,1655115556752,4,1655115556752,45,4,5,0,0,0
DEVICE,1655115556783,1655115556784,4,1655115556784,45,4,5,0,0,0
DEVICE,1655115556815,1655115556816,4,1655115556816,46,4,5,0,0,0
DEVICE,1655115556847,1655115556848,4,1655115556848,46,4,5,0,0,0
DEVICE,1655115556880,1655115556881,4,1655115556881,47,4,5,0,0,0
DEVICE,1655115556911,1655115556912,4,1655115556912,48,4,5,0,0,0
DEVICE,1655115556943,1655115556944,4,1655115556944,46,4,5,0,0,0
DEVICE,1655115556975,1655115556976,4,1655115556976,47,4,5,0,0,0
DEVICE,1655115557007,1655115557008,4,1655115557008,45,4,5,0,0,0
DEVICE,1655115557039,1655115557040,4,1655115557040,47,4,5,0,0,0
DEVICE,1655115557071,1655115557072,4,1655115557072,48,4,5,0,0,0
DEVICE,1655115557103,1655115557104,4,1655115557104,45,4,5,0,0,0
DEVICE,1655115557135,1655115557136,4,1655115557136,49,4,5,0,0,0
DEVICE,1655115557167,1655115557168,4,1655115557168,45,4,5,0,0,0
DEVICE,1655115557199,1655115557200,4,1655115557200,44,4,5,0,0,0
DEVICE,1655115557231,1655115557232,4,1655115557232,46,4,5,0,0,0
DEVICE,1655115557263,1655115557264,4,1655115557264,45,4,5,0,0,0
DEVICE,1655115557295,1655115557296,4,1655115557296,45,4,5,0,0,0
DEVICE,1655115557327,1655115557328,4,1655115557328,46,4,5,0,0,0
DEVICE,1655115557359,1655115557360,4,1655115557360,43,4,5,0,0,0
DEVICE,1655115557391,1655115557392,4,1655115557392,47,4,5,0,0,0
DEVICE,1655115557423,1655115557424,4,1655115557424,46,4,5,0,0,0
DEVICE,1655115557455,1655115557456,4,1655115557456,46,4,5,0,0,0
DEVICE,1655115557487,1655115557488,4,1655115557488,47,4,5,0,0,0
DEVICE,1655115557518,1655115557519,4,1655115557519,46,4,5,0,0,0
DEVICE,1655115557551,1655115557552,4,1655115557552,45,4,5,0,0,0
DEVICE,1655115557583,1655115557584,4,1655115557584,47,4,5,0,0,0
DEVICE,1655115557615,1655115557616,4,1655115557616,46,4,5,0,0,0
DEVICE,1655115557647,1655115557648,4,1655115557648,45,4,5,0,0,0
DEVICE,1655115557678,1655115557679,4,1655115557679,45,4,5,0,0,0
DEVICE,1655115557711,1655115557712,4,1655115557712,46,4,5,0,0,0
DEVICE,1655115557743,1655115557744,4,1655115557744,45,4,5,0,0,0
DEVICE,1655115557775,1655115557776,4,1655115557776,46,4,5,0,0,0
DEVICE,1655115557791,1655115557792,4,1655115557792,43,4,5,0,0,0
DEVICE,1655115557823,1655115557824,4,1655115557824,46,4,5,0,0,0
DEVICE,1655115557855,1655115557856,4,1655115557856,44,4,5,0,0,0
DEVICE,1655115557887,1655115557888,4,1655115557888,45,4,5,0,0,0
DEVICE,1655115557919,1655115557920,4,1655115557920,48,4,5,0,0,0
DEVICE,1655115557951,1655115557952,4,1655115557952,44,4,5,0,0,0
DEVICE,1655115557982,1655115557983,4,1655115557983,46,4,5,0,0,0
DEVICE,1655115558014,1655115558015,4,1655115558015,50,5,5,0,0,0
DEVICE,1655115558047,1655115558048,4,1655115558048,47,4,5,0,0,0
DEVICE,1655115558079,1655115558080,4,1655115558080,45,4,5,0,0,0
DEVICE,1655115558110,1655115558111,4,1655115558111,44,4,5,0,0,0
DEVICE,1655115558143,1655115558144,4,1655115558144,46,4,5,0,0,0
DEVICE,1655115558175,1655115558176,4,1655115558176,47,4,5,0,0,0
DEVICE,1655115558207,1655115558208,4,1655115558208,46,4,5,0,0,0
DEVICE,1655115558238,1655115558239,4,1655115558239,45,4,5,0,0,0
DEVICE,1655115558270,1655115558271,4,1655115558271,46,4,5,0,0,0
DEVICE,1655115558302,1655115558303,4,1655115558303,45,4,5,0,0,0
DEVICE,1655115558334,1655115558335,4,1655115558335,46,4,5,0,0,0
DEVICE,1655115558366,1655115558367,4,1655115558367,45,4,5,0,0,0
DEVICE,1655115558398,1655115558399,4,1655115558399,44,4,5,0,0,0
DEVICE,1655115558430,1655115558431,4,1655115558431,45,4,5,0,0,0
DEVICE,1655115558462,1655115558463,4,1655115558463,44,4,5,0,0,0
DEVICE,1655115558494,1655115558495,4,1655115558495,47,4,5,0,0,0
DEVICE,1655115558526,1655115558527,4,1655115558527,49,4,5,0,0,0
DEVICE,1655115558558,1655115558559,4,1655115558559,47,4,5,0,0,0
DEVICE,1655115558590,1655115558591,4,1655115558591,47,4,5,0,0,0
DEVICE,1655115558622,1655115558623,4,1655115558623,45,4,5,0,0,0
DEVICE,1655115558654,1655115558655,4,1655115558655,47,4,5,0,0,0
DEVICE,1655115558686,1655115558687,4,1655115558687,46,4,5,0,0,0
DEVICE,1655115558718,1655115558719,4,1655115558719,47,4,5,0,0,0
DEVICE,1655115558750,1655115558751,4,1655115558751,47,4,5,0,0,0
DEVICE,1655115558781,1655115558782,4,1655115558782,43,4,5,0,0,0
DEVICE,1655115558814,1655115558815,4,1655115558815,47,4,5,0,0,0
DEVICE,1655115558846,1655115558847,4,1655115558847,46,4,5,0,0,0
DEVICE,1655115558878,1655115558879,4,1655115558879,47,4,5,0,0,0
DEVICE,1655115558910,1655115558911,4,1655115558911,44,4,5,0,0,0
DEVICE,1655115558942,1655115558943,4,1655115558943,45,4,5,0,0,0
DEVICE,1655115558973,1655115558974,4,1655115558974,46,4,5,0,0,0
DEVICE,1655115559005,1655115559006,4,1655115559006,45,4,5,0,0,0
DEVICE,1655115559037,1655115559038,4,1655115559038,45,4,5,0,0,0
DEVICE,1655115559070,1655115559071,4,1655115559071,43,4,5,0,0,0
DEVICE,1655115559102,1655115559103,4,1655115559103,45,4,5,0,0,0
DEVICE,1655115559134,1655115559135,4,1655115559135,45,4,5,0,0,0
DEVICE,1655115559166,1655115559167,4,1655115559167,44,4,5,0,0,0
DEVICE,1655115559197,1655115559198,4,1655115559198,46,4,5,0,0,0
DEVICE,1655115559229,1655115559230,4,1655115559230,44,4,5,0,0,0
DEVICE,1655115559261,1655115559262,4,1655115559262,44,4,5,0,0,0
DEVICE,1655115559293,1655115559294,4,1655115559294,46,4,5,0,0,0
DEVICE,1655115559326,1655115559327,4,1655115559327,46,4,5,0,0,0
DEVICE,1655115559358,1655115559359,4,1655115559359,46,4,5,0,0,0
