DeviceName,PTPTime,UnixTime,protocool,CurrentDeviceTime,DistanceMM,DistanceCM,Weight,Count,DistanceADC,WeightADC,DeviceName(Current)
DEVICE,1648111719913,1648111720956,4,1648111720956,55,5,10,0,0,0,ELT003#
DEVICE,1648111719945,1648111720988,4,1648111720988,55,5,10,0,0,0,ELT003#
DEVICE,1648111829023,1648111830066,4,1648111830066,55,5,10,0,0,0,ELT003#
DEVICE,1648111829054,1648111830097,4,1648111830097,53,5,10,0,0,0,ELT003#
DEVICE,1648111829086,1648111830129,4,1648111830129,54,5,10,0,0,0,ELT003#
DEVICE,1648111829119,1648111830162,4,1648111830162,54,5,10,0,0,0,ELT003#
DEVICE,1648111829151,1648111830194,4,1648111830194,54,5,10,0,0,0,ELT003#
DEVICE,1648111829183,1648111830226,4,1648111830226,51,5,10,0,0,0,ELT003#
DEVICE,1648111829215,1648111830258,4,1648111830258,54,5,10,0,0,0,ELT003#
DEVICE,1648111829247,1648111830290,4,1648111830290,52,5,10,0,0,0,ELT003#
DEVICE,1648111829278,1648111830321,4,1648111830321,54,5,10,0,0,0,ELT003#
DEVICE,1648111829311,1648111830354,4,1648111830354,56,5,10,0,0,0,ELT003#
DEVICE,1648111829342,1648111830385,4,1648111830385,55,5,10,0,0,0,ELT003#
DEVICE,1648111829374,1648111830417,4,1648111830417,55,5,10,0,0,0,ELT003#
DEVICE,1648111829406,1648111830449,4,1648111830449,55,5,10,0,0,0,ELT003#
DEVICE,1648111829438,1648111830481,4,1648111830481,55,5,10,0,0,0,ELT003#
DEVICE,1648111829470,1648111830513,4,1648111830513,54,5,10,0,0,0,ELT003#
DEVICE,1648111829502,1648111830545,4,1648111830545,53,5,10,0,0,0,ELT003#
DEVICE,1648111829520,1648111830563,4,1648111830563,55,5,10,0,0,0,ELT003#
DEVICE,1648111829550,1648111830593,4,1648111830593,53,5,10,0,0,0,ELT003#
DEVICE,1648111829582,1648111830625,4,1648111830625,55,5,10,0,0,0,ELT003#
DEVICE,1648111829614,1648111830657,4,1648111830657,54,5,10,0,0,0,ELT003#
DEVICE,1648111829647,1648111830690,4,1648111830690,55,5,10,0,0,0,ELT003#
DEVICE,1648111829679,1648111830722,4,1648111830722,56,5,10,0,0,0,ELT003#
DEVICE,1648111829711,1648111830754,4,1648111830754,52,5,10,0,0,0,ELT003#
DEVICE,1648111829743,1648111830786,4,1648111830786,55,5,10,0,0,0,ELT003#
DEVICE,1648111829774,1648111830817,4,1648111830817,51,5,10,0,0,0,ELT003#
DEVICE,1648111829806,1648111830849,4,1648111830849,55,5,10,0,0,0,ELT003#
DEVICE,1648111829838,1648111830881,4,1648111830881,52,5,10,0,0,0,ELT003#
DEVICE,1648111829871,1648111830914,4,1648111830914,57,5,10,0,0,0,ELT003#
DEVICE,1648111829903,1648111830946,4,1648111830946,53,5,10,0,0,0,ELT003#
DEVICE,1648111829935,1648111830978,4,1648111830978,56,5,10,0,0,0,ELT003#
DEVICE,1648111829967,1648111831010,4,1648111831010,52,5,10,0,0,0,ELT003#
DEVICE,1648111829999,1648111831042,4,1648111831042,58,5,10,0,0,0,ELT003#
DEVICE,1648111830030,1648111831073,4,1648111831073,52,5,10,0,0,0,ELT003#
DEVICE,1648111830062,1648111831105,4,1648111831105,55,5,10,0,0,0,ELT003#
DEVICE,1648111830094,1648111831137,4,1648111831137,52,5,10,0,0,0,ELT003#
DEVICE,1648111830126,1648111831169,4,1648111831169,56,5,10,0,0,0,ELT003#
DEVICE,1648111830159,1648111831202,4,1648111831202,54,5,10,0,0,0,ELT003#
DEVICE,1648111830190,1648111831233,4,1648111831233,54,5,10,0,0,0,ELT003#
DEVICE,1648111830222,1648111831265,4,1648111831265,54,5,10,0,0,0,ELT003#
DEVICE,1648111830254,1648111831297,4,1648111831297,53,5,10,0,0,0,ELT003#
DEVICE,1648111830286,1648111831329,4,1648111831329,52,5,10,0,0,0,ELT003#
DEVICE,1648111830318,1648111831361,4,1648111831361,54,5,10,0,0,0,ELT003#
DEVICE,1648111830350,1648111831393,4,1648111831393,55,5,10,0,0,0,ELT003#
DEVICE,1648111830382,1648111831425,4,1648111831425,54,5,10,0,0,0,ELT003#
DEVICE,1648111830414,1648111831457,4,1648111831457,56,5,10,0,0,0,ELT003#
DEVICE,1648111830446,1648111831489,4,1648111831489,56,5,10,0,0,0,ELT003#
DEVICE,1648111830478,1648111831521,4,1648111831521,56,5,10,0,0,0,ELT003#
DEVICE,1648111830510,1648111831553,4,1648111831553,52,5,10,0,0,0,ELT003#
DEVICE,1648111830542,1648111831585,4,1648111831585,53,5,10,0,0,0,ELT003#
DEVICE,1648111830573,1648111831616,4,1648111831616,55,5,10,0,0,0,ELT003#
DEVICE,1648111830605,1648111831648,4,1648111831648,52,5,10,0,0,0,ELT003#
DEVICE,1648111830637,1648111831680,4,1648111831680,52,5,10,0,0,0,ELT003#
DEVICE,1648111830669,1648111831712,4,1648111831712,55,5,10,0,0,0,ELT003#
DEVICE,1648111830701,1648111831744,4,1648111831744,55,5,10,0,0,0,ELT003#
DEVICE,1648111830733,1648111831776,4,1648111831776,54,5,10,0,0,0,ELT003#
DEVICE,1648111830765,1648111831808,4,1648111831808,54,5,10,0,0,0,ELT003#
DEVICE,1648111830797,1648111831840,4,1648111831840,53,5,10,0,0,0,ELT003#
DEVICE,1648111830829,1648111831872,4,1648111831872,53,5,10,0,0,0,ELT003#
DEVICE,1648111830861,1648111831904,4,1648111831904,55,5,10,0,0,0,ELT003#
DEVICE,1648111830893,1648111831936,4,1648111831936,53,5,10,0,0,0,ELT003#
DEVICE,1648111830925,1648111831968,4,1648111831968,53,5,10,0,0,0,ELT003#
DEVICE,1648111830957,1648111832000,4,1648111832000,53,5,10,0,0,0,ELT003#
DEVICE,1648111830989,1648111832032,4,1648111832032,53,5,10,0,0,0,ELT003#
DEVICE,1648111831021,1648111832064,4,1648111832064,55,5,10,0,0,0,ELT003#
DEVICE,1648111831053,1648111832096,4,1648111832096,56,5,10,0,0,0,ELT003#
DEVICE,1648111831085,1648111832128,4,1648111832128,55,5,10,0,0,0,ELT003#
DEVICE,1648111831117,1648111832160,4,1648111832160,53,5,10,0,0,0,ELT003#
DEVICE,1648111831149,1648111832192,4,1648111832192,54,5,10,0,0,0,ELT003#
DEVICE,1648111831181,1648111832224,4,1648111832224,53,5,10,0,0,0,ELT003#
DEVICE,1648111831213,1648111832256,4,1648111832256,54,5,10,0,0,0,ELT003#
DEVICE,1648111831245,1648111832288,4,1648111832288,54,5,10,0,0,0,ELT003#
DEVICE,1648111831277,1648111832320,4,1648111832320,54,5,10,0,0,0,ELT003#
DEVICE,1648111831309,1648111832352,4,1648111832352,50,5,10,0,0,0,ELT003#
DEVICE,1648111831341,1648111832384,4,1648111832384,53,5,10,0,0,0,ELT003#
DEVICE,1648111831373,1648111832416,4,1648111832416,55,5,10,0,0,0,ELT003#
DEVICE,1648111831389,1648111832432,4,1648111832432,55,5,10,0,0,0,ELT003#
DEVICE,1648111831421,1648111832464,4,1648111832464,55,5,10,0,0,0,ELT003#
DEVICE,1648111831453,1648111832496,4,1648111832496,53,5,10,0,0,0,ELT003#
DEVICE,1648111831485,1648111832528,4,1648111832528,55,5,10,0,0,0,ELT003#
DEVICE,1648111831517,1648111832560,4,1648111832560,53,5,10,0,0,0,ELT003#
DEVICE,1648111831549,1648111832592,4,1648111832592,53,5,10,0,0,0,ELT003#
DEVICE,1648111831581,1648111832624,4,1648111832624,55,5,10,0,0,0,ELT003#
DEVICE,1648111831613,1648111832656,4,1648111832656,55,5,10,0,0,0,ELT003#
DEVICE,1648111831645,1648111832688,4,1648111832688,54,5,10,0,0,0,ELT003#
DEVICE,1648111831677,1648111832720,4,1648111832720,52,5,10,0,0,0,ELT003#
DEVICE,1648111831709,1648111832752,4,1648111832752,51,5,10,0,0,0,ELT003#
DEVICE,1648111831741,1648111832784,4,1648111832784,56,5,10,0,0,0,ELT003#
DEVICE,1648111831773,1648111832816,4,1648111832816,53,5,10,0,0,0,ELT003#
DEVICE,1648111831805,1648111832848,4,1648111832848,56,5,10,0,0,0,ELT003#
DEVICE,1648111831837,1648111832880,4,1648111832880,54,5,10,0,0,0,ELT003#
DEVICE,1648111831869,1648111832912,4,1648111832912,54,5,10,0,0,0,ELT003#
DEVICE,1648111831901,1648111832944,4,1648111832944,54,5,10,0,0,0,ELT003#
DEVICE,1648111831933,1648111832976,4,1648111832976,55,5,10,0,0,0,ELT003#
DEVICE,1648111831965,1648111833008,4,1648111833008,55,5,10,0,0,0,ELT003#
DEVICE,1648111831997,1648111833040,4,1648111833040,55,5,10,0,0,0,ELT003#
DEVICE,1648111832029,1648111833072,4,1648111833072,56,5,10,0,0,0,ELT003#
DEVICE,1648111832061,1648111833104,4,1648111833104,54,5,10,0,0,0,ELT003#
DEVICE,1648111832093,1648111833136,4,1648111833136,56,5,10,0,0,0,ELT003#
DEVICE,1648111832125,1648111833168,4,1648111833168,56,5,10,0,0,0,ELT003#
DEVICE,1648111832157,1648111833200,4,1648111833200,54,5,10,0,0,0,ELT003#
DEVICE,1648111832189,1648111833232,4,1648111833232,55,5,10,0,0,0,ELT003#
DEVICE,1648111832221,1648111833264,4,1648111833264,54,5,10,0,0,0,ELT003#
DEVICE,1648111832253,1648111833296,4,1648111833296,54,5,10,0,0,0,ELT003#
DEVICE,1648111832286,1648111833329,4,1648111833329,54,5,10,0,0,0,ELT003#
DEVICE,1648111832317,1648111833360,4,1648111833360,52,5,10,0,0,0,ELT003#
DEVICE,1648111832349,1648111833392,4,1648111833392,53,5,10,0,0,0,ELT003#
DEVICE,1648111832381,1648111833424,4,1648111833424,56,5,10,0,0,0,ELT003#
DEVICE,1648111832413,1648111833456,4,1648111833456,52,5,10,0,0,0,ELT003#
DEVICE,1648111832445,1648111833488,4,1648111833488,55,5,10,0,0,0,ELT003#
DEVICE,1648111832477,1648111833520,4,1648111833520,56,5,10,0,0,0,ELT003#
DEVICE,1648111832509,1648111833552,4,1648111833552,56,5,10,0,0,0,ELT003#
DEVICE,1648111832541,1648111833584,4,1648111833584,54,5,10,0,0,0,ELT003#
DEVICE,1648111832573,1648111833616,4,1648111833616,55,5,10,0,0,0,ELT003#
DEVICE,1648111832605,1648111833648,4,1648111833648,53,5,10,0,0,0,ELT003#
DEVICE,1648111832637,1648111833680,4,1648111833680,53,5,10,0,0,0,ELT003#
DEVICE,1648111832669,1648111833712,4,1648111833712,55,5,10,0,0,0,ELT003#
DEVICE,1648111832701,1648111833744,4,1648111833744,55,5,10,0,0,0,ELT003#
DEVICE,1648111832733,1648111833776,4,1648111833776,56,5,10,0,0,0,ELT003#
DEVICE,1648111832765,1648111833808,4,1648111833808,54,5,10,0,0,0,ELT003#
DEVICE,1648111832797,1648111833840,4,1648111833840,56,5,10,0,0,0,ELT003#
DEVICE,1648111832830,1648111833873,4,1648111833873,55,5,10,0,0,0,ELT003#
DEVICE,1648111832861,1648111833904,4,1648111833904,54,5,10,0,0,0,ELT003#
DEVICE,1648111832893,1648111833936,4,1648111833936,55,5,10,0,0,0,ELT003#
DEVICE,1648111832924,1648111833967,4,1648111833967,54,5,10,0,0,0,ELT003#
DEVICE,1648111832956,1648111833999,4,1648111833999,55,5,10,0,0,0,ELT003#
DEVICE,1648111832989,1648111834032,4,1648111834032,55,5,10,0,0,0,ELT003#
DEVICE,1648111833020,1648111834063,4,1648111834063,54,5,10,0,0,0,ELT003#
DEVICE,1648111833052,1648111834095,4,1648111834095,54,5,10,0,0,0,ELT003#
DEVICE,1648111833084,1648111834127,4,1648111834127,56,5,10,0,0,0,ELT003#
DEVICE,1648111833116,1648111834159,4,1648111834159,55,5,10,0,0,0,ELT003#
DEVICE,1648111833148,1648111834191,4,1648111834191,53,5,10,0,0,0,ELT003#
DEVICE,1648111833180,1648111834223,4,1648111834223,53,5,10,0,0,0,ELT003#
DEVICE,1648111833212,1648111834255,4,1648111834255,54,5,10,0,0,0,ELT003#
DEVICE,1648111833244,1648111834287,4,1648111834287,56,5,10,0,0,0,ELT003#
DEVICE,1648111833260,1648111834303,4,1648111834303,55,5,10,0,0,0,ELT003#
DEVICE,1648111833292,1648111834335,4,1648111834335,54,5,10,0,0,0,ELT003#
DEVICE,1648111833324,1648111834367,4,1648111834367,55,5,10,0,0,0,ELT003#
DEVICE,1648111833356,1648111834399,4,1648111834399,54,5,10,0,0,0,ELT003#
DEVICE,1648111833388,1648111834431,4,1648111834431,54,5,10,0,0,0,ELT003#
DEVICE,1648111833420,1648111834463,4,1648111834463,54,5,10,0,0,0,ELT003#
DEVICE,1648111833452,1648111834495,4,1648111834495,55,5,10,0,0,0,ELT003#
DEVICE,1648111833484,1648111834527,4,1648111834527,53,5,10,0,0,0,ELT003#
DEVICE,1648111833516,1648111834559,4,1648111834559,53,5,10,0,0,0,ELT003#
DEVICE,1648111833548,1648111834591,4,1648111834591,55,5,10,0,0,0,ELT003#
DEVICE,1648111833580,1648111834623,4,1648111834623,55,5,10,0,0,0,ELT003#
DEVICE,1648111833612,1648111834655,4,1648111834655,55,5,10,0,0,0,ELT003#
DEVICE,1648111833644,1648111834687,4,1648111834687,57,5,10,0,0,0,ELT003#
DEVICE,1648111833676,1648111834719,4,1648111834719,53,5,10,0,0,0,ELT003#
DEVICE,1648111833708,1648111834751,4,1648111834751,56,5,10,0,0,0,ELT003#
DEVICE,1648111833740,1648111834783,4,1648111834783,52,5,10,0,0,0,ELT003#
DEVICE,1648111833772,1648111834815,4,1648111834815,54,5,10,0,0,0,ELT003#
DEVICE,1648111833804,1648111834847,4,1648111834847,56,5,10,0,0,0,ELT003#
DEVICE,1648111833836,1648111834879,4,1648111834879,54,5,10,0,0,0,ELT003#
DEVICE,1648111833868,1648111834911,4,1648111834911,54,5,10,0,0,0,ELT003#
DEVICE,1648111833900,1648111834943,4,1648111834943,52,5,10,0,0,0,ELT003#
DEVICE,1648111833932,1648111834975,4,1648111834975,53,5,10,0,0,0,ELT003#
DEVICE,1648111833964,1648111835007,4,1648111835007,53,5,10,0,0,0,ELT003#
DEVICE,1648111833996,1648111835039,4,1648111835039,55,5,10,0,0,0,ELT003#
DEVICE,1648111834028,1648111835071,4,1648111835071,54,5,10,0,0,0,ELT003#
DEVICE,1648111834060,1648111835103,4,1648111835103,53,5,10,0,0,0,ELT003#
DEVICE,1648111834092,1648111835135,4,1648111835135,54,5,10,0,0,0,ELT003#
DEVICE,1648111834124,1648111835167,4,1648111835167,53,5,10,0,0,0,ELT003#
DEVICE,1648111834156,1648111835199,4,1648111835199,54,5,10,0,0,0,ELT003#
DEVICE,1648111834188,1648111835231,4,1648111835231,55,5,10,0,0,0,ELT003#
DEVICE,1648111834220,1648111835263,4,1648111835263,56,5,10,0,0,0,ELT003#
DEVICE,1648111834252,1648111835295,4,1648111835295,54,5,10,0,0,0,ELT003#
DEVICE,1648111834285,1648111835328,4,1648111835328,56,5,10,0,0,0,ELT003#
DEVICE,1648111834316,1648111835359,4,1648111835359,53,5,10,0,0,0,ELT003#
DEVICE,1648111834348,1648111835391,4,1648111835391,55,5,10,0,0,0,ELT003#
DEVICE,1648111834380,1648111835423,4,1648111835423,53,5,10,0,0,0,ELT003#
DEVICE,1648111834413,1648111835456,4,1648111835456,52,5,10,0,0,0,ELT003#
DEVICE,1648111834444,1648111835487,4,1648111835487,55,5,10,0,0,0,ELT003#
DEVICE,1648111834476,1648111835519,4,1648111835519,53,5,10,0,0,0,ELT003#
DEVICE,1648111834508,1648111835551,4,1648111835551,56,5,10,0,0,0,ELT003#
DEVICE,1648111834540,1648111835583,4,1648111835583,54,5,10,0,0,0,ELT003#
DEVICE,1648111834572,1648111835615,4,1648111835615,55,5,10,0,0,0,ELT003#
DEVICE,1648111834604,1648111835647,4,1648111835647,53,5,10,0,0,0,ELT003#
DEVICE,1648111834636,1648111835679,4,1648111835679,56,5,10,0,0,0,ELT003#
DEVICE,1648111834669,1648111835712,4,1648111835712,56,5,10,0,0,0,ELT003#
DEVICE,1648111834700,1648111835743,4,1648111835743,53,5,10,0,0,0,ELT003#
DEVICE,1648111834732,1648111835775,4,1648111835775,54,5,10,0,0,0,ELT003#
DEVICE,1648111834764,1648111835807,4,1648111835807,56,5,10,0,0,0,ELT003#
DEVICE,1648111834796,1648111835839,4,1648111835839,53,5,10,0,0,0,ELT003#
DEVICE,1648111834828,1648111835871,4,1648111835871,53,5,10,0,0,0,ELT003#
DEVICE,1648111834860,1648111835903,4,1648111835903,56,5,10,0,0,0,ELT003#
DEVICE,1648111834892,1648111835935,4,1648111835935,55,5,10,0,0,0,ELT003#
DEVICE,1648111834924,1648111835967,4,1648111835967,56,5,10,0,0,0,ELT003#
DEVICE,1648111834955,1648111835998,4,1648111835998,54,5,10,0,0,0,ELT003#
DEVICE,1648111834987,1648111836030,4,1648111836030,53,5,10,0,0,0,ELT003#
DEVICE,1648111835019,1648111836062,4,1648111836062,56,5,10,0,0,0,ELT003#
DEVICE,1648111835051,1648111836094,4,1648111836094,54,5,10,0,0,0,ELT003#
DEVICE,1648111835083,1648111836126,4,1648111836126,52,5,10,0,0,0,ELT003#
DEVICE,1648111835115,1648111836158,4,1648111836158,52,5,10,0,0,0,ELT003#
DEVICE,1648111835147,1648111836190,4,1648111836190,55,5,10,0,0,0,ELT003#
DEVICE,1648111835164,1648111836207,4,1648111836207,55,5,10,0,0,0,ELT003#
DEVICE,1648111835211,1648111836254,4,1648111836254,55,5,10,0,0,0,ELT003#
DEVICE,1648111835227,1648111836270,4,1648111836270,54,5,10,0,0,0,ELT003#
DEVICE,1648111835259,1648111836302,4,1648111836302,53,5,10,0,0,0,ELT003#
DEVICE,1648111835291,1648111836334,4,1648111836334,56,5,10,0,0,0,ELT003#
DEVICE,1648111835323,1648111836366,4,1648111836366,54,5,10,0,0,0,ELT003#
DEVICE,1648111835355,1648111836398,4,1648111836398,55,5,10,0,0,0,ELT003#
DEVICE,1648111835388,1648111836431,4,1648111836431,55,5,10,0,0,0,ELT003#
DEVICE,1648111835420,1648111836463,4,1648111836463,54,5,10,0,0,0,ELT003#
DEVICE,1648111835451,1648111836494,4,1648111836494,55,5,10,0,0,0,ELT003#
DEVICE,1648111835483,1648111836526,4,1648111836526,52,5,10,0,0,0,ELT003#
DEVICE,1648111835516,1648111836559,4,1648111836559,54,5,10,0,0,0,ELT003#
DEVICE,1648111835548,1648111836591,4,1648111836591,55,5,10,0,0,0,ELT003#
DEVICE,1648111835579,1648111836622,4,1648111836622,56,5,10,0,0,0,ELT003#
DEVICE,1648111835611,1648111836654,4,1648111836654,54,5,10,0,0,0,ELT003#
DEVICE,1648111835643,1648111836686,4,1648111836686,55,5,10,0,0,0,ELT003#
DEVICE,1648111835675,1648111836718,4,1648111836718,56,5,10,0,0,0,ELT003#
DEVICE,1648111835707,1648111836750,4,1648111836750,54,5,10,0,0,0,ELT003#
DEVICE,1648111835739,1648111836782,4,1648111836782,54,5,10,0,0,0,ELT003#
DEVICE,1648111835771,1648111836814,4,1648111836814,55,5,10,0,0,0,ELT003#
DEVICE,1648111835803,1648111836846,4,1648111836846,54,5,10,0,0,0,ELT003#
DEVICE,1648111835836,1648111836879,4,1648111836879,56,5,10,0,0,0,ELT003#
DEVICE,1648111835868,1648111836911,4,1648111836911,53,5,10,0,0,0,ELT003#
DEVICE,1648111835899,1648111836942,4,1648111836942,57,5,10,0,0,0,ELT003#
DEVICE,1648111835931,1648111836974,4,1648111836974,55,5,10,0,0,0,ELT003#
DEVICE,1648111835963,1648111837006,4,1648111837006,56,5,10,0,0,0,ELT003#
DEVICE,1648111835995,1648111837038,4,1648111837038,53,5,10,0,0,0,ELT003#
DEVICE,1648111836027,1648111837070,4,1648111837070,55,5,10,0,0,0,ELT003#
DEVICE,1648111836059,1648111837102,4,1648111837102,54,5,10,0,0,0,ELT003#
DEVICE,1648111836091,1648111837134,4,1648111837134,55,5,10,0,0,0,ELT003#
DEVICE,1648111836123,1648111837166,4,1648111837166,55,5,10,0,0,0,ELT003#
DEVICE,1648111836155,1648111837198,4,1648111837198,54,5,10,0,0,0,ELT003#
DEVICE,1648111836187,1648111837230,4,1648111837230,56,5,10,0,0,0,ELT003#
DEVICE,1648111836219,1648111837262,4,1648111837262,54,5,10,0,0,0,ELT003#
DEVICE,1648111836251,1648111837294,4,1648111837294,55,5,10,0,0,0,ELT003#
DEVICE,1648111836283,1648111837326,4,1648111837326,57,5,10,0,0,0,ELT003#
DEVICE,1648111836315,1648111837358,4,1648111837358,54,5,10,0,0,0,ELT003#
DEVICE,1648111836347,1648111837390,4,1648111837390,55,5,10,0,0,0,ELT003#
DEVICE,1648111836379,1648111837422,4,1648111837422,54,5,10,0,0,0,ELT003#
DEVICE,1648111836411,1648111837454,4,1648111837454,54,5,10,0,0,0,ELT003#
