DeviceName,PTPTime,UnixTime,protocool,CurrentDeviceTime,DistanceMM,DistanceCM,Weight,Count,DistanceADC,WeightADCDeviceName(Current)
DEVICE,1655361120321,1655361120323,4,1655361120323,44,4,5,0,0,0
DEVICE,1655361120354,1655361120356,4,1655361120356,43,4,5,0,0,0
DEVICE,1655361120384,1655361120386,4,1655361120386,42,4,5,0,0,0
DEVICE,1655361120416,1655361120418,4,1655361120418,42,4,5,0,0,0
DEVICE,1655361120448,1655361120450,4,1655361120450,41,4,5,0,0,0
DEVICE,1655361120480,1655361120482,4,1655361120482,45,4,5,0,0,0
DEVICE,1655361120513,1655361120515,4,1655361120515,43,4,5,0,0,0
DEVICE,1655361120545,1655361120547,4,1655361120547,42,4,5,0,0,0
DEVICE,1655361120577,1655361120579,4,1655361120579,44,4,5,0,0,0
DEVICE,1655361120608,1655361120610,4,1655361120610,42,4,5,0,0,0
DEVICE,1655361120640,1655361120642,4,1655361120642,43,4,5,0,0,0
DEVICE,1655361120672,1655361120674,4,1655361120674,42,4,5,0,0,0
DEVICE,1655361120704,1655361120706,4,1655361120706,45,4,5,0,0,0
DEVICE,1655361120736,1655361120738,4,1655361120738,44,4,5,0,0,0
DEVICE,1655361120769,1655361120771,4,1655361120771,42,4,5,0,0,0
DEVICE,1655361120800,1655361120802,4,1655361120802,44,4,5,0,0,0
DEVICE,1655361120832,1655361120834,4,1655361120834,41,4,5,0,0,0
DEVICE,1655361120864,1655361120866,4,1655361120866,41,4,5,0,0,0
DEVICE,1655361120897,1655361120899,4,1655361120899,42,4,5,0,0,0
DEVICE,1655361120928,1655361120930,4,1655361120930,43,4,5,0,0,0
DEVICE,1655361120960,1655361120962,4,1655361120962,41,4,5,0,0,0
DEVICE,1655361120993,1655361120995,4,1655361120995,44,4,5,0,0,0
DEVICE,1655361121025,1655361121027,4,1655361121027,44,4,5,0,0,0
DEVICE,1655361121057,1655361121059,4,1655361121059,42,4,5,0,0,0
DEVICE,1655361121088,1655361121090,4,1655361121090,41,4,5,0,0,0
DEVICE,1655361121120,1655361121122,4,1655361121122,44,4,5,0,0,0
DEVICE,1655361121152,1655361121154,4,1655361121154,42,4,5,0,0,0
DEVICE,1655361121184,1655361121186,4,1655361121186,42,4,5,0,0,0
DEVICE,1655361121216,1655361121218,4,1655361121218,42,4,5,0,0,0
DEVICE,1655361121248,1655361121250,4,1655361121250,40,4,5,0,0,0
DEVICE,1655361121280,1655361121282,4,1655361121282,45,4,5,0,0,0
DEVICE,1655361121312,1655361121314,4,1655361121314,42,4,5,0,0,0
DEVICE,1655361121344,1655361121346,4,1655361121346,44,4,5,0,0,0
DEVICE,1655361121360,1655361121362,4,1655361121362,44,4,5,0,0,0
DEVICE,1655361121392,1655361121394,4,1655361121394,44,4,5,0,0,0
DEVICE,1655361121424,1655361121426,4,1655361121426,42,4,5,0,0,0
DEVICE,1655361121456,1655361121458,4,1655361121458,43,4,5,0,0,0
DEVICE,1655361121488,1655361121490,4,1655361121490,42,4,5,0,0,0
DEVICE,1655361121520,1655361121522,4,1655361121522,43,4,5,0,0,0
DEVICE,1655361121552,1655361121554,4,1655361121554,41,4,5,0,0,0
DEVICE,1655361121584,1655361121586,4,1655361121586,41,4,5,0,0,0
DEVICE,1655361121615,1655361121617,4,1655361121617,42,4,5,0,0,0
DEVICE,1655361121648,1655361121650,4,1655361121650,41,4,5,0,0,0
DEVICE,1655361121680,1655361121682,4,1655361121682,45,4,5,0,0,0
DEVICE,1655361121712,1655361121714,4,1655361121714,41,4,5,0,0,0
DEVICE,1655361121743,1655361121745,4,1655361121745,45,4,5,0,0,0
DEVICE,1655361121776,1655361121778,4,1655361121778,43,4,5,0,0,0
DEVICE,1655361121808,1655361121810,4,1655361121810,40,4,5,0,0,0
DEVICE,1655361121840,1655361121842,4,1655361121842,42,4,5,0,0,0
DEVICE,1655361121872,1655361121874,4,1655361121874,44,4,5,0,0,0
DEVICE,1655361121904,1655361121906,4,1655361121906,41,4,5,0,0,0
DEVICE,1655361121936,1655361121938,4,1655361121938,42,4,5,0,0,0
DEVICE,1655361121968,1655361121970,4,1655361121970,42,4,5,0,0,0
DEVICE,1655361122000,1655361122002,4,1655361122002,44,4,5,0,0,0
DEVICE,1655361122032,1655361122034,4,1655361122034,43,4,5,0,0,0
DEVICE,1655361122064,1655361122066,4,1655361122066,41,4,5,0,0,0
DEVICE,1655361122096,1655361122098,4,1655361122098,44,4,5,0,0,0
DEVICE,1655361122128,1655361122130,4,1655361122130,42,4,5,0,0,0
DEVICE,1655361122160,1655361122162,4,1655361122162,41,4,5,0,0,0
DEVICE,1655361122193,1655361122195,4,1655361122195,42,4,5,0,0,0
DEVICE,1655361122224,1655361122226,4,1655361122226,45,4,5,0,0,0
DEVICE,1655361122256,1655361122258,4,1655361122258,45,4,5,0,0,0
DEVICE,1655361122288,1655361122290,4,1655361122290,46,4,5,0,0,0
DEVICE,1655361122319,1655361122321,4,1655361122321,44,4,5,0,0,0
DEVICE,1655361122352,1655361122354,4,1655361122354,41,4,5,0,0,0
DEVICE,1655361122383,1655361122385,4,1655361122385,42,4,5,0,0,0
DEVICE,1655361122415,1655361122417,4,1655361122417,43,4,5,0,0,0
DEVICE,1655361122448,1655361122450,4,1655361122450,40,4,5,0,0,0
DEVICE,1655361122480,1655361122482,4,1655361122482,43,4,5,0,0,0
DEVICE,1655361122512,1655361122514,4,1655361122514,45,4,5,0,0,0
DEVICE,1655361122544,1655361122546,4,1655361122546,42,4,5,0,0,0
DEVICE,1655361122576,1655361122578,4,1655361122578,42,4,5,0,0,0
DEVICE,1655361122608,1655361122610,4,1655361122610,42,4,5,0,0,0
DEVICE,1655361122639,1655361122641,4,1655361122641,45,4,5,0,0,0
DEVICE,1655361122672,1655361122674,4,1655361122674,43,4,5,0,0,0
DEVICE,1655361122704,1655361122706,4,1655361122706,41,4,5,0,0,0
DEVICE,1655361122735,1655361122737,4,1655361122737,42,4,5,0,0,0
DEVICE,1655361122767,1655361122769,4,1655361122769,43,4,5,0,0,0
DEVICE,1655361122799,1655361122801,4,1655361122801,44,4,5,0,0,0
DEVICE,1655361122831,1655361122833,4,1655361122833,44,4,5,0,0,0
DEVICE,1655361122864,1655361122866,4,1655361122866,43,4,5,0,0,0
DEVICE,1655361122895,1655361122897,4,1655361122897,41,4,5,0,0,0
DEVICE,1655361122928,1655361122930,4,1655361122930,43,4,5,0,0,0
DEVICE,1655361122959,1655361122961,4,1655361122961,43,4,5,0,0,0
DEVICE,1655361122991,1655361122993,4,1655361122993,45,4,5,0,0,0
DEVICE,1655361123024,1655361123026,4,1655361123026,44,4,5,0,0,0
DEVICE,1655361123055,1655361123057,4,1655361123057,42,4,5,0,0,0
DEVICE,1655361123071,1655361123073,4,1655361123073,42,4,5,0,0,0
DEVICE,1655361123104,1655361123106,4,1655361123106,42,4,5,0,0,0
DEVICE,1655361123136,1655361123138,4,1655361123138,43,4,5,0,0,0
DEVICE,1655361123167,1655361123169,4,1655361123169,43,4,5,0,0,0
DEVICE,1655361123200,1655361123202,4,1655361123202,43,4,5,0,0,0
DEVICE,1655361123231,1655361123233,4,1655361123233,41,4,5,0,0,0
DEVICE,1655361123263,1655361123265,4,1655361123265,42,4,5,0,0,0
DEVICE,1655361123295,1655361123297,4,1655361123297,41,4,5,0,0,0
DEVICE,1655361123327,1655361123329,4,1655361123329,41,4,5,0,0,0
DEVICE,1655361123359,1655361123361,4,1655361123361,40,4,5,0,0,0
DEVICE,1655361123392,1655361123394,4,1655361123394,42,4,5,0,0,0
DEVICE,1655361123424,1655361123426,4,1655361123426,44,4,5,0,0,0
DEVICE,1655361123455,1655361123457,4,1655361123457,41,4,5,0,0,0
DEVICE,1655361123487,1655361123489,4,1655361123489,43,4,5,0,0,0
DEVICE,1655361123520,1655361123522,4,1655361123522,44,4,5,0,0,0
DEVICE,1655361123551,1655361123553,4,1655361123553,41,4,5,0,0,0
DEVICE,1655361123583,1655361123585,4,1655361123585,43,4,5,0,0,0
DEVICE,1655361123615,1655361123617,4,1655361123617,43,4,5,0,0,0
DEVICE,1655361123647,1655361123649,4,1655361123649,40,4,5,0,0,0
DEVICE,1655361123679,1655361123681,4,1655361123681,42,4,5,0,0,0
DEVICE,1655361123711,1655361123713,4,1655361123713,44,4,5,0,0,0
DEVICE,1655361123743,1655361123745,4,1655361123745,43,4,5,0,0,0
DEVICE,1655361123776,1655361123778,4,1655361123778,41,4,5,0,0,0
DEVICE,1655361123807,1655361123809,4,1655361123809,43,4,5,0,0,0
DEVICE,1655361123839,1655361123841,4,1655361123841,42,4,5,0,0,0
DEVICE,1655361123871,1655361123873,4,1655361123873,41,4,5,0,0,0
DEVICE,1655361123903,1655361123905,4,1655361123905,43,4,5,0,0,0
DEVICE,1655361123935,1655361123937,4,1655361123937,43,4,5,0,0,0
DEVICE,1655361123967,1655361123969,4,1655361123969,43,4,5,0,0,0
DEVICE,1655361123999,1655361124001,4,1655361124001,44,4,5,0,0,0
DEVICE,1655361124031,1655361124033,4,1655361124033,43,4,5,0,0,0
DEVICE,1655361124063,1655361124065,4,1655361124065,44,4,5,0,0,0
DEVICE,1655361124096,1655361124098,4,1655361124098,46,4,5,0,0,0
DEVICE,1655361124127,1655361124129,4,1655361124129,41,4,5,0,0,0
DEVICE,1655361124159,1655361124161,4,1655361124161,42,4,5,0,0,0
DEVICE,1655361124191,1655361124193,4,1655361124193,41,4,5,0,0,0
DEVICE,1655361124223,1655361124225,4,1655361124225,41,4,5,0,0,0
DEVICE,1655361124255,1655361124257,4,1655361124257,44,4,5,0,0,0
DEVICE,1655361124286,1655361124288,4,1655361124288,44,4,5,0,0,0
DEVICE,1655361124319,1655361124321,4,1655361124321,44,4,5,0,0,0
DEVICE,1655361124351,1655361124353,4,1655361124353,44,4,5,0,0,0
DEVICE,1655361124383,1655361124385,4,1655361124385,43,4,5,0,0,0
DEVICE,1655361124415,1655361124417,4,1655361124417,43,4,5,0,0,0
DEVICE,1655361124447,1655361124449,4,1655361124449,42,4,5,0,0,0
DEVICE,1655361124479,1655361124481,4,1655361124481,44,4,5,0,0,0
DEVICE,1655361124511,1655361124513,4,1655361124513,45,4,5,0,0,0
DEVICE,1655361124543,1655361124545,4,1655361124545,44,4,5,0,0,0
DEVICE,1655361124575,1655361124577,4,1655361124577,42,4,5,0,0,0
DEVICE,1655361124607,1655361124609,4,1655361124609,42,4,5,0,0,0
DEVICE,1655361124639,1655361124641,4,1655361124641,43,4,5,0,0,0
DEVICE,1655361124671,1655361124673,4,1655361124673,42,4,5,0,0,0
DEVICE,1655361124703,1655361124705,4,1655361124705,44,4,5,0,0,0
DEVICE,1655361124735,1655361124737,4,1655361124737,43,4,5,0,0,0
DEVICE,1655361124767,1655361124769,4,1655361124769,42,4,5,0,0,0
DEVICE,1655361124782,1655361124784,4,1655361124784,44,4,5,0,0,0
DEVICE,1655361124815,1655361124817,4,1655361124817,44,4,5,0,0,0
DEVICE,1655361124847,1655361124849,4,1655361124849,40,4,5,0,0,0
DEVICE,1655361124879,1655361124881,4,1655361124881,42,4,5,0,0,0
DEVICE,1655361124911,1655361124913,4,1655361124913,42,4,5,0,0,0
DEVICE,1655361124942,1655361124944,4,1655361124944,41,4,5,0,0,0
DEVICE,1655361124975,1655361124977,4,1655361124977,45,4,5,0,0,0
DEVICE,1655361125007,1655361125009,4,1655361125009,41,4,5,0,0,0
DEVICE,1655361125039,1655361125041,4,1655361125041,40,4,5,0,0,0
DEVICE,1655361125071,1655361125073,4,1655361125073,43,4,5,0,0,0
DEVICE,1655361125103,1655361125105,4,1655361125105,41,4,5,0,0,0
DEVICE,1655361125135,1655361125137,4,1655361125137,42,4,5,0,0,0
DEVICE,1655361125167,1655361125169,4,1655361125169,42,4,5,0,0,0
DEVICE,1655361125199,1655361125201,4,1655361125201,42,4,5,0,0,0
DEVICE,1655361125231,1655361125233,4,1655361125233,45,4,5,0,0,0
DEVICE,1655361125262,1655361125264,4,1655361125264,40,4,5,0,0,0
DEVICE,1655361125295,1655361125297,4,1655361125297,42,4,5,0,0,0
DEVICE,1655361125327,1655361125329,4,1655361125329,42,4,5,0,0,0
DEVICE,1655361125359,1655361125361,4,1655361125361,41,4,5,0,0,0
DEVICE,1655361125390,1655361125392,4,1655361125392,44,4,5,0,0,0
DEVICE,1655361125422,1655361125424,4,1655361125424,41,4,5,0,0,0
DEVICE,1655361125455,1655361125457,4,1655361125457,41,4,5,0,0,0
DEVICE,1655361125487,1655361125489,4,1655361125489,42,4,5,0,0,0
DEVICE,1655361125519,1655361125521,4,1655361125521,44,4,5,0,0,0
DEVICE,1655361125551,1655361125553,4,1655361125553,42,4,5,0,0,0
DEVICE,1655361125582,1655361125584,4,1655361125584,43,4,5,0,0,0
DEVICE,1655361125614,1655361125616,4,1655361125616,40,4,5,0,0,0
DEVICE,1655361125647,1655361125649,4,1655361125649,44,4,5,0,0,0
DEVICE,1655361125678,1655361125680,4,1655361125680,43,4,5,0,0,0
DEVICE,1655361125710,1655361125712,4,1655361125712,41,4,5,0,0,0
DEVICE,1655361125742,1655361125744,4,1655361125744,42,4,5,0,0,0
DEVICE,1655361125774,1655361125776,4,1655361125776,45,4,5,0,0,0
DEVICE,1655361125807,1655361125809,4,1655361125809,43,4,5,0,0,0
DEVICE,1655361125838,1655361125840,4,1655361125840,45,4,5,0,0,0
DEVICE,1655361125870,1655361125872,4,1655361125872,43,4,5,0,0,0
DEVICE,1655361125902,1655361125904,4,1655361125904,40,4,5,0,0,0
DEVICE,1655361125934,1655361125936,4,1655361125936,42,4,5,0,0,0
DEVICE,1655361125966,1655361125968,4,1655361125968,44,4,5,0,0,0
DEVICE,1655361125998,1655361126000,4,1655361126000,43,4,5,0,0,0
DEVICE,1655361126030,1655361126032,4,1655361126032,42,4,5,0,0,0
DEVICE,1655361126063,1655361126065,4,1655361126065,43,4,5,0,0,0
DEVICE,1655361126095,1655361126097,4,1655361126097,42,4,5,0,0,0
DEVICE,1655361126126,1655361126128,4,1655361126128,42,4,5,0,0,0
DEVICE,1655361126159,1655361126161,4,1655361126161,42,4,5,0,0,0
DEVICE,1655361126190,1655361126192,4,1655361126192,43,4,5,0,0,0
DEVICE,1655361126222,1655361126224,4,1655361126224,41,4,5,0,0,0
DEVICE,1655361126254,1655361126256,4,1655361126256,40,4,5,0,0,0
DEVICE,1655361126286,1655361126288,4,1655361126288,40,4,5,0,0,0
DEVICE,1655361126319,1655361126321,4,1655361126321,41,4,5,0,0,0
DEVICE,1655361126350,1655361126352,4,1655361126352,43,4,5,0,0,0
DEVICE,1655361126382,1655361126384,4,1655361126384,41,4,5,0,0,0
DEVICE,1655361126415,1655361126417,4,1655361126417,42,4,5,0,0,0
DEVICE,1655361126447,1655361126449,4,1655361126449,42,4,5,0,0,0
DEVICE,1655361126462,1655361126464,4,1655361126464,44,4,5,0,0,0
DEVICE,1655361126494,1655361126496,4,1655361126496,45,4,5,0,0,0
DEVICE,1655361126526,1655361126528,4,1655361126528,44,4,5,0,0,0
DEVICE,1655361126558,1655361126560,4,1655361126560,42,4,5,0,0,0
DEVICE,1655361126590,1655361126592,4,1655361126592,43,4,5,0,0,0
DEVICE,1655361126622,1655361126624,4,1655361126624,39,3,5,0,0,0
DEVICE,1655361126654,1655361126656,4,1655361126656,43,4,5,0,0,0
DEVICE,1655361126686,1655361126688,4,1655361126688,44,4,5,0,0,0
DEVICE,1655361126717,1655361126719,4,1655361126719,41,4,5,0,0,0
DEVICE,1655361126750,1655361126752,4,1655361126752,42,4,5,0,0,0
DEVICE,1655361126782,1655361126784,4,1655361126784,43,4,5,0,0,0
DEVICE,1655361126814,1655361126816,4,1655361126816,42,4,5,0,0,0
DEVICE,1655361126846,1655361126848,4,1655361126848,44,4,5,0,0,0
DEVICE,1655361126878,1655361126880,4,1655361126880,41,4,5,0,0,0
DEVICE,1655361126910,1655361126912,4,1655361126912,44,4,5,0,0,0
DEVICE,1655361126941,1655361126943,4,1655361126943,42,4,5,0,0,0
DEVICE,1655361126973,1655361126975,4,1655361126975,44,4,5,0,0,0
DEVICE,1655361127006,1655361127008,4,1655361127008,45,4,5,0,0,0
DEVICE,1655361127038,1655361127040,4,1655361127040,42,4,5,0,0,0
DEVICE,1655361127070,1655361127072,4,1655361127072,43,4,5,0,0,0
DEVICE,1655361127102,1655361127104,4,1655361127104,42,4,5,0,0,0
DEVICE,1655361127134,1655361127136,4,1655361127136,43,4,5,0,0,0
DEVICE,1655361127166,1655361127168,4,1655361127168,42,4,5,0,0,0
DEVICE,1655361127198,1655361127200,4,1655361127200,44,4,5,0,0,0
DEVICE,1655361127230,1655361127232,4,1655361127232,45,4,5,0,0,0
DEVICE,1655361127261,1655361127263,4,1655361127263,44,4,5,0,0,0
DEVICE,1655361127294,1655361127296,4,1655361127296,42,4,5,0,0,0
DEVICE,1655361127326,1655361127328,4,1655361127328,42,4,5,0,0,0
DEVICE,1655361127358,1655361127360,4,1655361127360,42,4,5,0,0,0
DEVICE,1655361127390,1655361127392,4,1655361127392,43,4,5,0,0,0
DEVICE,1655361127422,1655361127424,4,1655361127424,44,4,5,0,0,0
DEVICE,1655361127454,1655361127456,4,1655361127456,44,4,5,0,0,0
DEVICE,1655361127486,1655361127488,4,1655361127488,45,4,5,0,0,0
DEVICE,1655361127517,1655361127519,4,1655361127519,43,4,5,0,0,0
DEVICE,1655361127550,1655361127552,4,1655361127552,43,4,5,0,0,0
DEVICE,1655361127582,1655361127584,4,1655361127584,43,4,5,0,0,0
DEVICE,1655361127614,1655361127616,4,1655361127616,43,4,5,0,0,0
DEVICE,1655361127646,1655361127648,4,1655361127648,42,4,5,0,0,0
DEVICE,1655361127678,1655361127680,4,1655361127680,44,4,5,0,0,0
DEVICE,1655361127709,1655361127711,4,1655361127711,43,4,5,0,0,0
DEVICE,1655361127741,1655361127743,4,1655361127743,44,4,5,0,0,0
DEVICE,1655361127773,1655361127775,4,1655361127775,42,4,5,0,0,0
DEVICE,1655361127806,1655361127808,4,1655361127808,45,4,5,0,0,0
DEVICE,1655361127838,1655361127840,4,1655361127840,42,4,5,0,0,0
DEVICE,1655361127870,1655361127872,4,1655361127872,43,4,5,0,0,0
DEVICE,1655361127901,1655361127903,4,1655361127903,43,4,5,0,0,0
DEVICE,1655361127933,1655361127935,4,1655361127935,44,4,5,0,0,0
DEVICE,1655361127966,1655361127968,4,1655361127968,40,4,5,0,0,0
DEVICE,1655361127997,1655361127999,4,1655361127999,41,4,5,0,0,0
DEVICE,1655361128029,1655361128031,4,1655361128031,43,4,5,0,0,0
DEVICE,1655361128062,1655361128064,4,1655361128064,44,4,5,0,0,0
DEVICE,1655361128094,1655361128096,4,1655361128096,43,4,5,0,0,0
DEVICE,1655361128125,1655361128127,4,1655361128127,45,4,5,0,0,0
DEVICE,1655361128157,1655361128159,4,1655361128159,40,4,5,0,0,0
DEVICE,1655361128189,1655361128191,4,1655361128191,44,4,5,0,0,0
DEVICE,1655361128205,1655361128207,4,1655361128207,42,4,5,0,0,0
DEVICE,1655361128237,1655361128239,4,1655361128239,43,4,5,0,0,0
DEVICE,1655361128269,1655361128271,4,1655361128271,44,4,5,0,0,0
DEVICE,1655361128302,1655361128304,4,1655361128304,41,4,5,0,0,0
DEVICE,1655361128333,1655361128335,4,1655361128335,41,4,5,0,0,0
DEVICE,1655361128366,1655361128368,4,1655361128368,42,4,5,0,0,0
DEVICE,1655361128397,1655361128399,4,1655361128399,43,4,5,0,0,0
DEVICE,1655361128429,1655361128431,4,1655361128431,42,4,5,0,0,0
DEVICE,1655361128461,1655361128463,4,1655361128463,43,4,5,0,0,0
DEVICE,1655361128494,1655361128496,4,1655361128496,46,4,5,0,0,0
DEVICE,1655361128525,1655361128527,4,1655361128527,42,4,5,0,0,0
DEVICE,1655361128557,1655361128559,4,1655361128559,43,4,5,0,0,0
DEVICE,1655361128590,1655361128592,4,1655361128592,43,4,5,0,0,0
DEVICE,1655361128621,1655361128623,4,1655361128623,44,4,5,0,0,0
DEVICE,1655361128653,1655361128655,4,1655361128655,42,4,5,0,0,0
DEVICE,1655361128685,1655361128687,4,1655361128687,42,4,5,0,0,0
DEVICE,1655361128717,1655361128719,4,1655361128719,43,4,5,0,0,0
DEVICE,1655361128749,1655361128751,4,1655361128751,43,4,5,0,0,0
DEVICE,1655361128782,1655361128784,4,1655361128784,41,4,5,0,0,0
DEVICE,1655361128813,1655361128815,4,1655361128815,45,4,5,0,0,0
DEVICE,1655361128845,1655361128847,4,1655361128847,44,4,5,0,0,0
DEVICE,1655361128877,1655361128879,4,1655361128879,42,4,5,0,0,0
DEVICE,1655361128909,1655361128911,4,1655361128911,42,4,5,0,0,0
DEVICE,1655361128941,1655361128943,4,1655361128943,43,4,5,0,0,0
DEVICE,1655361128973,1655361128975,4,1655361128975,42,4,5,0,0,0
DEVICE,1655361129005,1655361129007,4,1655361129007,42,4,5,0,0,0
DEVICE,1655361129037,1655361129039,4,1655361129039,43,4,5,0,0,0
DEVICE,1655361129069,1655361129071,4,1655361129071,44,4,5,0,0,0
DEVICE,1655361129101,1655361129103,4,1655361129103,42,4,5,0,0,0
DEVICE,1655361129133,1655361129135,4,1655361129135,44,4,5,0,0,0
DEVICE,1655361129165,1655361129167,4,1655361129167,43,4,5,0,0,0
DEVICE,1655361129197,1655361129199,4,1655361129199,41,4,5,0,0,0
DEVICE,1655361129229,1655361129231,4,1655361129231,42,4,5,0,0,0
DEVICE,1655361129261,1655361129263,4,1655361129263,44,4,5,0,0,0
DEVICE,1655361129293,1655361129295,4,1655361129295,40,4,5,0,0,0
DEVICE,1655361129325,1655361129327,4,1655361129327,44,4,5,0,0,0
DEVICE,1655361129357,1655361129359,4,1655361129359,44,4,5,0,0,0
DEVICE,1655361129389,1655361129391,4,1655361129391,43,4,5,0,0,0
DEVICE,1655361129421,1655361129423,4,1655361129423,44,4,5,0,0,0
DEVICE,1655361129453,1655361129455,4,1655361129455,43,4,5,0,0,0
DEVICE,1655361129485,1655361129487,4,1655361129487,44,4,5,0,0,0
DEVICE,1655361129517,1655361129519,4,1655361129519,44,4,5,0,0,0
DEVICE,1655361129548,1655361129550,4,1655361129550,46,4,5,0,0,0
DEVICE,1655361129581,1655361129583,4,1655361129583,42,4,5,0,0,0
DEVICE,1655361129613,1655361129615,4,1655361129615,43,4,5,0,0,0
DEVICE,1655361129645,1655361129647,4,1655361129647,41,4,5,0,0,0
DEVICE,1655361129677,1655361129679,4,1655361129679,44,4,5,0,0,0
DEVICE,1655361129709,1655361129711,4,1655361129711,42,4,5,0,0,0
DEVICE,1655361129741,1655361129743,4,1655361129743,44,4,5,0,0,0
DEVICE,1655361129772,1655361129774,4,1655361129774,43,4,5,0,0,0
DEVICE,1655361129804,1655361129806,4,1655361129806,44,4,5,0,0,0
DEVICE,1655361129836,1655361129838,4,1655361129838,42,4,5,0,0,0
DEVICE,1655361129869,1655361129871,4,1655361129871,43,4,5,0,0,0
DEVICE,1655361129885,1655361129887,4,1655361129887,41,4,5,0,0,0
DEVICE,1655361129917,1655361129919,4,1655361129919,41,4,5,0,0,0
DEVICE,1655361129957,1655361129959,4,1655361129959,42,4,5,0,0,0
DEVICE,1655361129981,1655361129983,4,1655361129983,42,4,5,0,0,0
DEVICE,1655361130013,1655361130015,4,1655361130015,43,4,5,0,0,0
DEVICE,1655361130044,1655361130046,4,1655361130046,41,4,5,0,0,0
DEVICE,1655361130077,1655361130079,4,1655361130079,41,4,5,0,0,0
DEVICE,1655361130109,1655361130111,4,1655361130111,44,4,5,0,0,0
DEVICE,1655361130141,1655361130143,4,1655361130143,42,4,5,0,0,0
DEVICE,1655361130172,1655361130174,4,1655361130174,43,4,5,0,0,0
DEVICE,1655361130204,1655361130206,4,1655361130206,43,4,5,0,0,0
DEVICE,1655361130237,1655361130239,4,1655361130239,41,4,5,0,0,0
DEVICE,1655361130268,1655361130270,4,1655361130270,41,4,5,0,0,0
DEVICE,1655361130300,1655361130302,4,1655361130302,45,4,5,0,0,0
DEVICE,1655361130333,1655361130335,4,1655361130335,42,4,5,0,0,0
DEVICE,1655361130364,1655361130366,4,1655361130366,42,4,5,0,0,0
DEVICE,1655361130397,1655361130399,4,1655361130399,43,4,5,0,0,0
DEVICE,1655361130429,1655361130431,4,1655361130431,42,4,5,0,0,0
DEVICE,1655361130461,1655361130463,4,1655361130463,40,4,5,0,0,0
DEVICE,1655361130492,1655361130494,4,1655361130494,41,4,5,0,0,0
DEVICE,1655361130525,1655361130527,4,1655361130527,40,4,5,0,0,0
DEVICE,1655361130557,1655361130559,4,1655361130559,42,4,5,0,0,0
DEVICE,1655361130588,1655361130590,4,1655361130590,44,4,5,0,0,0
DEVICE,1655361130620,1655361130622,4,1655361130622,45,4,5,0,0,0
DEVICE,1655361130652,1655361130654,4,1655361130654,44,4,5,0,0,0
DEVICE,1655361130684,1655361130686,4,1655361130686,41,4,5,0,0,0
DEVICE,1655361130716,1655361130718,4,1655361130718,43,4,5,0,0,0
DEVICE,1655361130749,1655361130751,4,1655361130751,45,4,5,0,0,0
DEVICE,1655361130780,1655361130782,4,1655361130782,42,4,5,0,0,0
DEVICE,1655361130813,1655361130815,4,1655361130815,42,4,5,0,0,0
DEVICE,1655361130845,1655361130847,4,1655361130847,44,4,5,0,0,0
DEVICE,1655361130877,1655361130879,4,1655361130879,42,4,5,0,0,0
DEVICE,1655361130909,1655361130911,4,1655361130911,44,4,5,0,0,0
DEVICE,1655361130941,1655361130943,4,1655361130943,44,4,5,0,0,0
DEVICE,1655361130972,1655361130974,4,1655361130974,43,4,5,0,0,0
DEVICE,1655361131004,1655361131006,4,1655361131006,43,4,5,0,0,0
DEVICE,1655361131037,1655361131039,4,1655361131039,43,4,5,0,0,0
DEVICE,1655361131068,1655361131070,4,1655361131070,44,4,5,0,0,0
DEVICE,1655361131101,1655361131103,4,1655361131103,42,4,5,0,0,0
DEVICE,1655361131132,1655361131134,4,1655361131134,42,4,5,0,0,0
DEVICE,1655361131164,1655361131166,4,1655361131166,43,4,5,0,0,0
DEVICE,1655361131196,1655361131198,4,1655361131198,41,4,5,0,0,0
DEVICE,1655361131228,1655361131230,4,1655361131230,42,4,5,0,0,0
DEVICE,1655361131260,1655361131262,4,1655361131262,41,4,5,0,0,0
DEVICE,1655361131292,1655361131294,4,1655361131294,43,4,5,0,0,0
DEVICE,1655361131325,1655361131327,4,1655361131327,42,4,5,0,0,0
DEVICE,1655361131356,1655361131358,4,1655361131358,42,4,5,0,0,0
DEVICE,1655361131389,1655361131391,4,1655361131391,43,4,5,0,0,0
DEVICE,1655361131421,1655361131423,4,1655361131423,44,4,5,0,0,0
DEVICE,1655361131452,1655361131454,4,1655361131454,41,4,5,0,0,0
DEVICE,1655361131484,1655361131486,4,1655361131486,41,4,5,0,0,0
DEVICE,1655361131516,1655361131518,4,1655361131518,41,4,5,0,0,0
DEVICE,1655361131548,1655361131550,4,1655361131550,43,4,5,0,0,0
DEVICE,1655361131580,1655361131582,4,1655361131582,42,4,5,0,0,0
DEVICE,1655361131596,1655361131598,4,1655361131598,41,4,5,0,0,0
DEVICE,1655361131628,1655361131630,4,1655361131630,45,4,5,0,0,0
DEVICE,1655361131660,1655361131662,4,1655361131662,43,4,5,0,0,0
DEVICE,1655361131692,1655361131694,4,1655361131694,43,4,5,0,0,0
DEVICE,1655361131724,1655361131726,4,1655361131726,41,4,5,0,0,0
DEVICE,1655361131756,1655361131758,4,1655361131758,43,4,5,0,0,0
DEVICE,1655361131788,1655361131790,4,1655361131790,42,4,5,0,0,0
DEVICE,1655361131820,1655361131822,4,1655361131822,43,4,5,0,0,0
DEVICE,1655361131852,1655361131854,4,1655361131854,43,4,5,0,0,0
DEVICE,1655361131884,1655361131886,4,1655361131886,42,4,5,0,0,0
DEVICE,1655361131916,1655361131918,4,1655361131918,43,4,5,0,0,0
DEVICE,1655361131947,1655361131949,4,1655361131949,46,4,5,0,0,0
DEVICE,1655361131980,1655361131982,4,1655361131982,44,4,5,0,0,0
DEVICE,1655361132012,1655361132014,4,1655361132014,43,4,5,0,0,0
DEVICE,1655361132044,1655361132046,4,1655361132046,41,4,5,0,0,0
DEVICE,1655361132076,1655361132078,4,1655361132078,43,4,5,0,0,0
DEVICE,1655361132108,1655361132110,4,1655361132110,43,4,5,0,0,0
DEVICE,1655361132140,1655361132142,4,1655361132142,43,4,5,0,0,0
DEVICE,1655361132172,1655361132174,4,1655361132174,45,4,5,0,0,0
DEVICE,1655361132204,1655361132206,4,1655361132206,43,4,5,0,0,0
DEVICE,1655361132236,1655361132238,4,1655361132238,40,4,5,0,0,0
DEVICE,1655361132268,1655361132270,4,1655361132270,44,4,5,0,0,0
DEVICE,1655361132299,1655361132301,4,1655361132301,43,4,5,0,0,0
DEVICE,1655361132331,1655361132333,4,1655361132333,41,4,5,0,0,0
DEVICE,1655361132363,1655361132365,4,1655361132365,43,4,5,0,0,0
DEVICE,1655361132395,1655361132397,4,1655361132397,45,4,5,0,0,0
DEVICE,1655361132428,1655361132430,4,1655361132430,43,4,5,0,0,0
