DeviceName,PTPTime,UnixTime,protocool,CurrentDeviceTime,DistanceMM,DistanceCM,Weight,Count,DistanceADC,WeightADC,DeviceName(Current)
DEVICE,1648187111188,1648187112649,4,1648187112649,53,5,10,0,0,0,ELT003#
DEVICE,1648187116868,1648187118329,4,1648187118329,55,5,10,0,0,0,ELT003#
DEVICE,1648187116899,1648187118360,4,1648187118360,56,5,10,0,0,0,ELT003#
DEVICE,1648187116930,1648187118391,4,1648187118391,53,5,10,0,0,0,ELT003#
DEVICE,1648187116963,1648187118424,4,1648187118424,54,5,10,0,0,0,ELT003#
DEVICE,1648187116996,1648187118457,4,1648187118457,52,5,10,0,0,0,ELT003#
DEVICE,1648187117026,1648187118487,4,1648187118487,56,5,10,0,0,0,ELT003#
DEVICE,1648187117059,1648187118520,4,1648187118520,54,5,10,0,0,0,ELT003#
DEVICE,1648187117091,1648187118552,4,1648187118552,54,5,10,0,0,0,ELT003#
DEVICE,1648187117123,1648187118584,4,1648187118584,54,5,10,0,0,0,ELT003#
DEVICE,1648187117155,1648187118616,4,1648187118616,54,5,10,0,0,0,ELT003#
DEVICE,1648187117187,1648187118648,4,1648187118648,55,5,10,0,0,0,ELT003#
DEVICE,1648187117219,1648187118680,4,1648187118680,52,5,10,0,0,0,ELT003#
DEVICE,1648187117251,1648187118712,4,1648187118712,52,5,10,0,0,0,ELT003#
DEVICE,1648187117283,1648187118744,4,1648187118744,52,5,10,0,0,0,ELT003#
DEVICE,1648187117314,1648187118775,4,1648187118775,54,5,10,0,0,0,ELT003#
DEVICE,1648187117347,1648187118808,4,1648187118808,52,5,10,0,0,0,ELT003#
DEVICE,1648187117378,1648187118839,4,1648187118839,55,5,10,0,0,0,ELT003#
DEVICE,1648187117410,1648187118871,4,1648187118871,51,5,10,0,0,0,ELT003#
DEVICE,1648187117443,1648187118904,4,1648187118904,54,5,10,0,0,0,ELT003#
DEVICE,1648187117474,1648187118935,4,1648187118935,53,5,10,0,0,0,ELT003#
DEVICE,1648187117507,1648187118968,4,1648187118968,56,5,10,0,0,0,ELT003#
DEVICE,1648187117539,1648187119000,4,1648187119000,54,5,10,0,0,0,ELT003#
DEVICE,1648187117570,1648187119031,4,1648187119031,52,5,10,0,0,0,ELT003#
DEVICE,1648187117602,1648187119063,4,1648187119063,56,5,10,0,0,0,ELT003#
DEVICE,1648187117634,1648187119095,4,1648187119095,53,5,10,0,0,0,ELT003#
DEVICE,1648187117666,1648187119127,4,1648187119127,53,5,10,0,0,0,ELT003#
DEVICE,1648187117698,1648187119159,4,1648187119159,52,5,10,0,0,0,ELT003#
DEVICE,1648187117730,1648187119191,4,1648187119191,52,5,10,0,0,0,ELT003#
DEVICE,1648187117762,1648187119223,4,1648187119223,54,5,10,0,0,0,ELT003#
DEVICE,1648187117794,1648187119255,4,1648187119255,54,5,10,0,0,0,ELT003#
DEVICE,1648187117826,1648187119287,4,1648187119287,55,5,10,0,0,0,ELT003#
DEVICE,1648187117858,1648187119319,4,1648187119319,52,5,10,0,0,0,ELT003#
DEVICE,1648187117890,1648187119351,4,1648187119351,54,5,10,0,0,0,ELT003#
DEVICE,1648187117922,1648187119383,4,1648187119383,52,5,10,0,0,0,ELT003#
DEVICE,1648187117954,1648187119415,4,1648187119415,53,5,10,0,0,0,ELT003#
DEVICE,1648187117986,1648187119447,4,1648187119447,51,5,10,0,0,0,ELT003#
DEVICE,1648187118002,1648187119463,4,1648187119463,54,5,10,0,0,0,ELT003#
DEVICE,1648187118034,1648187119495,4,1648187119495,53,5,10,0,0,0,ELT003#
DEVICE,1648187118066,1648187119527,4,1648187119527,54,5,10,0,0,0,ELT003#
DEVICE,1648187118098,1648187119559,4,1648187119559,54,5,10,0,0,0,ELT003#
DEVICE,1648187118130,1648187119591,4,1648187119591,54,5,10,0,0,0,ELT003#
DEVICE,1648187118163,1648187119624,4,1648187119624,55,5,10,0,0,0,ELT003#
DEVICE,1648187118194,1648187119655,4,1648187119655,52,5,10,0,0,0,ELT003#
DEVICE,1648187118226,1648187119687,4,1648187119687,54,5,10,0,0,0,ELT003#
DEVICE,1648187118258,1648187119719,4,1648187119719,53,5,10,0,0,0,ELT003#
DEVICE,1648187118289,1648187119750,4,1648187119750,52,5,10,0,0,0,ELT003#
DEVICE,1648187118322,1648187119783,4,1648187119783,54,5,10,0,0,0,ELT003#
DEVICE,1648187118354,1648187119815,4,1648187119815,51,5,10,0,0,0,ELT003#
DEVICE,1648187118386,1648187119847,4,1648187119847,53,5,10,0,0,0,ELT003#
DEVICE,1648187118419,1648187119880,4,1648187119880,53,5,10,0,0,0,ELT003#
DEVICE,1648187118450,1648187119911,4,1648187119911,53,5,10,0,0,0,ELT003#
DEVICE,1648187118482,1648187119943,4,1648187119943,52,5,10,0,0,0,ELT003#
DEVICE,1648187118514,1648187119975,4,1648187119975,55,5,10,0,0,0,ELT003#
DEVICE,1648187118546,1648187120007,4,1648187120007,53,5,10,0,0,0,ELT003#
DEVICE,1648187118578,1648187120039,4,1648187120039,52,5,10,0,0,0,ELT003#
DEVICE,1648187118610,1648187120071,4,1648187120071,54,5,10,0,0,0,ELT003#
DEVICE,1648187118642,1648187120103,4,1648187120103,51,5,10,0,0,0,ELT003#
DEVICE,1648187118674,1648187120135,4,1648187120135,54,5,10,0,0,0,ELT003#
DEVICE,1648187118706,1648187120167,4,1648187120167,53,5,10,0,0,0,ELT003#
DEVICE,1648187118738,1648187120199,4,1648187120199,54,5,10,0,0,0,ELT003#
DEVICE,1648187118770,1648187120231,4,1648187120231,54,5,10,0,0,0,ELT003#
DEVICE,1648187118802,1648187120263,4,1648187120263,54,5,10,0,0,0,ELT003#
DEVICE,1648187118834,1648187120295,4,1648187120295,54,5,10,0,0,0,ELT003#
DEVICE,1648187118866,1648187120327,4,1648187120327,54,5,10,0,0,0,ELT003#
DEVICE,1648187118898,1648187120359,4,1648187120359,56,5,10,0,0,0,ELT003#
DEVICE,1648187118930,1648187120391,4,1648187120391,52,5,10,0,0,0,ELT003#
DEVICE,1648187118962,1648187120423,4,1648187120423,53,5,10,0,0,0,ELT003#
DEVICE,1648187118994,1648187120455,4,1648187120455,52,5,10,0,0,0,ELT003#
DEVICE,1648187119026,1648187120487,4,1648187120487,50,5,10,0,0,0,ELT003#
DEVICE,1648187119058,1648187120519,4,1648187120519,54,5,10,0,0,0,ELT003#
DEVICE,1648187119089,1648187120550,4,1648187120550,53,5,10,0,0,0,ELT003#
DEVICE,1648187119122,1648187120583,4,1648187120583,54,5,10,0,0,0,ELT003#
DEVICE,1648187119153,1648187120614,4,1648187120614,53,5,10,0,0,0,ELT003#
DEVICE,1648187119185,1648187120646,4,1648187120646,52,5,10,0,0,0,ELT003#
DEVICE,1648187119217,1648187120678,4,1648187120678,51,5,10,0,0,0,ELT003#
DEVICE,1648187119249,1648187120710,4,1648187120710,54,5,10,0,0,0,ELT003#
DEVICE,1648187119281,1648187120742,4,1648187120742,53,5,10,0,0,0,ELT003#
DEVICE,1648187119313,1648187120774,4,1648187120774,53,5,10,0,0,0,ELT003#
DEVICE,1648187119345,1648187120806,4,1648187120806,56,5,10,0,0,0,ELT003#
DEVICE,1648187119377,1648187120838,4,1648187120838,51,5,10,0,0,0,ELT003#
DEVICE,1648187119409,1648187120870,4,1648187120870,52,5,10,0,0,0,ELT003#
DEVICE,1648187119441,1648187120902,4,1648187120902,53,5,10,0,0,0,ELT003#
DEVICE,1648187119473,1648187120934,4,1648187120934,50,5,10,0,0,0,ELT003#
DEVICE,1648187119505,1648187120966,4,1648187120966,54,5,10,0,0,0,ELT003#
DEVICE,1648187119537,1648187120998,4,1648187120998,52,5,10,0,0,0,ELT003#
DEVICE,1648187119569,1648187121030,4,1648187121030,55,5,10,0,0,0,ELT003#
DEVICE,1648187119601,1648187121062,4,1648187121062,52,5,10,0,0,0,ELT003#
DEVICE,1648187119633,1648187121094,4,1648187121094,53,5,10,0,0,0,ELT003#
DEVICE,1648187119665,1648187121126,4,1648187121126,53,5,10,0,0,0,ELT003#
DEVICE,1648187119697,1648187121158,4,1648187121158,53,5,10,0,0,0,ELT003#
DEVICE,1648187119729,1648187121190,4,1648187121190,55,5,10,0,0,0,ELT003#
DEVICE,1648187119746,1648187121207,4,1648187121207,53,5,10,0,0,0,ELT003#
DEVICE,1648187119777,1648187121238,4,1648187121238,55,5,10,0,0,0,ELT003#
DEVICE,1648187119809,1648187121270,4,1648187121270,53,5,10,0,0,0,ELT003#
DEVICE,1648187119841,1648187121302,4,1648187121302,53,5,10,0,0,0,ELT003#
DEVICE,1648187119874,1648187121335,4,1648187121335,54,5,10,0,0,0,ELT003#
DEVICE,1648187119905,1648187121366,4,1648187121366,52,5,10,0,0,0,ELT003#
DEVICE,1648187119937,1648187121398,4,1648187121398,51,5,10,0,0,0,ELT003#
DEVICE,1648187119969,1648187121430,4,1648187121430,53,5,10,0,0,0,ELT003#
DEVICE,1648187120001,1648187121462,4,1648187121462,53,5,10,0,0,0,ELT003#
DEVICE,1648187120033,1648187121494,4,1648187121494,53,5,10,0,0,0,ELT003#
DEVICE,1648187120065,1648187121526,4,1648187121526,50,5,10,0,0,0,ELT003#
DEVICE,1648187120097,1648187121558,4,1648187121558,54,5,10,0,0,0,ELT003#
DEVICE,1648187120129,1648187121590,4,1648187121590,53,5,10,0,0,0,ELT003#
DEVICE,1648187120161,1648187121622,4,1648187121622,53,5,10,0,0,0,ELT003#
DEVICE,1648187120193,1648187121654,4,1648187121654,51,5,10,0,0,0,ELT003#
DEVICE,1648187120225,1648187121686,4,1648187121686,56,5,10,0,0,0,ELT003#
DEVICE,1648187120257,1648187121718,4,1648187121718,55,5,10,0,0,0,ELT003#
DEVICE,1648187120289,1648187121750,4,1648187121750,54,5,10,0,0,0,ELT003#
DEVICE,1648187120321,1648187121782,4,1648187121782,53,5,10,0,0,0,ELT003#
DEVICE,1648187120353,1648187121814,4,1648187121814,54,5,10,0,0,0,ELT003#
DEVICE,1648187120385,1648187121846,4,1648187121846,51,5,10,0,0,0,ELT003#
DEVICE,1648187120417,1648187121878,4,1648187121878,53,5,10,0,0,0,ELT003#
DEVICE,1648187120449,1648187121910,4,1648187121910,50,5,10,0,0,0,ELT003#
DEVICE,1648187120481,1648187121942,4,1648187121942,53,5,10,0,0,0,ELT003#
DEVICE,1648187120513,1648187121974,4,1648187121974,52,5,10,0,0,0,ELT003#
DEVICE,1648187120545,1648187122006,4,1648187122006,51,5,10,0,0,0,ELT003#
DEVICE,1648187120577,1648187122038,4,1648187122038,52,5,10,0,0,0,ELT003#
DEVICE,1648187120609,1648187122070,4,1648187122070,52,5,10,0,0,0,ELT003#
DEVICE,1648187120641,1648187122102,4,1648187122102,53,5,10,0,0,0,ELT003#
DEVICE,1648187120673,1648187122134,4,1648187122134,52,5,10,0,0,0,ELT003#
DEVICE,1648187120705,1648187122166,4,1648187122166,52,5,10,0,0,0,ELT003#
DEVICE,1648187120737,1648187122198,4,1648187122198,53,5,10,0,0,0,ELT003#
DEVICE,1648187120769,1648187122230,4,1648187122230,54,5,10,0,0,0,ELT003#
DEVICE,1648187120801,1648187122262,4,1648187122262,52,5,10,0,0,0,ELT003#
DEVICE,1648187120833,1648187122294,4,1648187122294,51,5,10,0,0,0,ELT003#
DEVICE,1648187120865,1648187122326,4,1648187122326,52,5,10,0,0,0,ELT003#
DEVICE,1648187120897,1648187122358,4,1648187122358,54,5,10,0,0,0,ELT003#
DEVICE,1648187120929,1648187122390,4,1648187122390,54,5,10,0,0,0,ELT003#
DEVICE,1648187120961,1648187122422,4,1648187122422,53,5,10,0,0,0,ELT003#
DEVICE,1648187120993,1648187122454,4,1648187122454,53,5,10,0,0,0,ELT003#
DEVICE,1648187121025,1648187122486,4,1648187122486,53,5,10,0,0,0,ELT003#
DEVICE,1648187121057,1648187122518,4,1648187122518,53,5,10,0,0,0,ELT003#
DEVICE,1648187121089,1648187122550,4,1648187122550,53,5,10,0,0,0,ELT003#
DEVICE,1648187121121,1648187122582,4,1648187122582,54,5,10,0,0,0,ELT003#
DEVICE,1648187121153,1648187122614,4,1648187122614,54,5,10,0,0,0,ELT003#
DEVICE,1648187121185,1648187122646,4,1648187122646,53,5,10,0,0,0,ELT003#
DEVICE,1648187121217,1648187122678,4,1648187122678,55,5,10,0,0,0,ELT003#
DEVICE,1648187121249,1648187122710,4,1648187122710,53,5,10,0,0,0,ELT003#
DEVICE,1648187121281,1648187122742,4,1648187122742,52,5,10,0,0,0,ELT003#
DEVICE,1648187121313,1648187122774,4,1648187122774,54,5,10,0,0,0,ELT003#
DEVICE,1648187121345,1648187122806,4,1648187122806,54,5,10,0,0,0,ELT003#
DEVICE,1648187121377,1648187122838,4,1648187122838,52,5,10,0,0,0,ELT003#
DEVICE,1648187121409,1648187122870,4,1648187122870,52,5,10,0,0,0,ELT003#
DEVICE,1648187121441,1648187122902,4,1648187122902,54,5,10,0,0,0,ELT003#
DEVICE,1648187121472,1648187122933,4,1648187122933,52,5,10,0,0,0,ELT003#
DEVICE,1648187121505,1648187122966,4,1648187122966,54,5,10,0,0,0,ELT003#
DEVICE,1648187121521,1648187122982,4,1648187122982,53,5,10,0,0,0,ELT003#
DEVICE,1648187121552,1648187123013,4,1648187123013,53,5,10,0,0,0,ELT003#
DEVICE,1648187121584,1648187123045,4,1648187123045,55,5,10,0,0,0,ELT003#
DEVICE,1648187121616,1648187123077,4,1648187123077,53,5,10,0,0,0,ELT003#
DEVICE,1648187121648,1648187123109,4,1648187123109,55,5,10,0,0,0,ELT003#
DEVICE,1648187121680,1648187123141,4,1648187123141,55,5,10,0,0,0,ELT003#
DEVICE,1648187121712,1648187123173,4,1648187123173,54,5,10,0,0,0,ELT003#
DEVICE,1648187121744,1648187123205,4,1648187123205,52,5,10,0,0,0,ELT003#
DEVICE,1648187121776,1648187123237,4,1648187123237,55,5,10,0,0,0,ELT003#
DEVICE,1648187121808,1648187123269,4,1648187123269,51,5,10,0,0,0,ELT003#
DEVICE,1648187121840,1648187123301,4,1648187123301,52,5,10,0,0,0,ELT003#
DEVICE,1648187121873,1648187123334,4,1648187123334,51,5,10,0,0,0,ELT003#
DEVICE,1648187121904,1648187123365,4,1648187123365,54,5,10,0,0,0,ELT003#
DEVICE,1648187121936,1648187123397,4,1648187123397,53,5,10,0,0,0,ELT003#
DEVICE,1648187121968,1648187123429,4,1648187123429,53,5,10,0,0,0,ELT003#
DEVICE,1648187122000,1648187123461,4,1648187123461,54,5,10,0,0,0,ELT003#
DEVICE,1648187122032,1648187123493,4,1648187123493,54,5,10,0,0,0,ELT003#
DEVICE,1648187122064,1648187123525,4,1648187123525,54,5,10,0,0,0,ELT003#
DEVICE,1648187122096,1648187123557,4,1648187123557,53,5,10,0,0,0,ELT003#
DEVICE,1648187122128,1648187123589,4,1648187123589,54,5,10,0,0,0,ELT003#
DEVICE,1648187122160,1648187123621,4,1648187123621,54,5,10,0,0,0,ELT003#
DEVICE,1648187122192,1648187123653,4,1648187123653,52,5,10,0,0,0,ELT003#
DEVICE,1648187122224,1648187123685,4,1648187123685,52,5,10,0,0,0,ELT003#
DEVICE,1648187122256,1648187123717,4,1648187123717,53,5,10,0,0,0,ELT003#
DEVICE,1648187122288,1648187123749,4,1648187123749,53,5,10,0,0,0,ELT003#
DEVICE,1648187122320,1648187123781,4,1648187123781,53,5,10,0,0,0,ELT003#
DEVICE,1648187122352,1648187123813,4,1648187123813,53,5,10,0,0,0,ELT003#
DEVICE,1648187122384,1648187123845,4,1648187123845,55,5,10,0,0,0,ELT003#
DEVICE,1648187122416,1648187123877,4,1648187123877,53,5,10,0,0,0,ELT003#
DEVICE,1648187122448,1648187123909,4,1648187123909,51,5,10,0,0,0,ELT003#
DEVICE,1648187122480,1648187123941,4,1648187123941,52,5,10,0,0,0,ELT003#
DEVICE,1648187122512,1648187123973,4,1648187123973,54,5,10,0,0,0,ELT003#
DEVICE,1648187122544,1648187124005,4,1648187124005,53,5,10,0,0,0,ELT003#
DEVICE,1648187122576,1648187124037,4,1648187124037,52,5,10,0,0,0,ELT003#
DEVICE,1648187122608,1648187124069,4,1648187124069,54,5,10,0,0,0,ELT003#
DEVICE,1648187122640,1648187124101,4,1648187124101,56,5,10,0,0,0,ELT003#
DEVICE,1648187122672,1648187124133,4,1648187124133,52,5,10,0,0,0,ELT003#
DEVICE,1648187122704,1648187124165,4,1648187124165,52,5,10,0,0,0,ELT003#
DEVICE,1648187122736,1648187124197,4,1648187124197,54,5,10,0,0,0,ELT003#
DEVICE,1648187122768,1648187124229,4,1648187124229,52,5,10,0,0,0,ELT003#
DEVICE,1648187122800,1648187124261,4,1648187124261,54,5,10,0,0,0,ELT003#
DEVICE,1648187122832,1648187124293,4,1648187124293,53,5,10,0,0,0,ELT003#
DEVICE,1648187122864,1648187124325,4,1648187124325,54,5,10,0,0,0,ELT003#
DEVICE,1648187122896,1648187124357,4,1648187124357,52,5,10,0,0,0,ELT003#
DEVICE,1648187122928,1648187124389,4,1648187124389,53,5,10,0,0,0,ELT003#
DEVICE,1648187122960,1648187124421,4,1648187124421,55,5,10,0,0,0,ELT003#
DEVICE,1648187122992,1648187124453,4,1648187124453,54,5,10,0,0,0,ELT003#
DEVICE,1648187123024,1648187124485,4,1648187124485,53,5,10,0,0,0,ELT003#
DEVICE,1648187123056,1648187124517,4,1648187124517,54,5,10,0,0,0,ELT003#
DEVICE,1648187123088,1648187124549,4,1648187124549,54,5,10,0,0,0,ELT003#
DEVICE,1648187123120,1648187124581,4,1648187124581,52,5,10,0,0,0,ELT003#
DEVICE,1648187123152,1648187124613,4,1648187124613,54,5,10,0,0,0,ELT003#
DEVICE,1648187123184,1648187124645,4,1648187124645,53,5,10,0,0,0,ELT003#
DEVICE,1648187123216,1648187124677,4,1648187124677,52,5,10,0,0,0,ELT003#
DEVICE,1648187123248,1648187124709,4,1648187124709,54,5,10,0,0,0,ELT003#
DEVICE,1648187123264,1648187124725,4,1648187124725,53,5,10,0,0,0,ELT003#
DEVICE,1648187123296,1648187124757,4,1648187124757,53,5,10,0,0,0,ELT003#
DEVICE,1648187123328,1648187124789,4,1648187124789,54,5,10,0,0,0,ELT003#
DEVICE,1648187123360,1648187124821,4,1648187124821,53,5,10,0,0,0,ELT003#
DEVICE,1648187123392,1648187124853,4,1648187124853,53,5,10,0,0,0,ELT003#
DEVICE,1648187123424,1648187124885,4,1648187124885,52,5,10,0,0,0,ELT003#
DEVICE,1648187123455,1648187124916,4,1648187124916,52,5,10,0,0,0,ELT003#
DEVICE,1648187123488,1648187124949,4,1648187124949,53,5,10,0,0,0,ELT003#
DEVICE,1648187123520,1648187124981,4,1648187124981,54,5,10,0,0,0,ELT003#
DEVICE,1648187123552,1648187125013,4,1648187125013,53,5,10,0,0,0,ELT003#
DEVICE,1648187123584,1648187125045,4,1648187125045,52,5,10,0,0,0,ELT003#
DEVICE,1648187123616,1648187125077,4,1648187125077,53,5,10,0,0,0,ELT003#
DEVICE,1648187123648,1648187125109,4,1648187125109,54,5,10,0,0,0,ELT003#
DEVICE,1648187123679,1648187125140,4,1648187125140,55,5,10,0,0,0,ELT003#
DEVICE,1648187123712,1648187125173,4,1648187125173,54,5,10,0,0,0,ELT003#
DEVICE,1648187123744,1648187125205,4,1648187125205,53,5,10,0,0,0,ELT003#
DEVICE,1648187123775,1648187125236,4,1648187125236,54,5,10,0,0,0,ELT003#
DEVICE,1648187123807,1648187125268,4,1648187125268,52,5,10,0,0,0,ELT003#
DEVICE,1648187123839,1648187125300,4,1648187125300,52,5,10,0,0,0,ELT003#
DEVICE,1648187123871,1648187125332,4,1648187125332,53,5,10,0,0,0,ELT003#
DEVICE,1648187123903,1648187125364,4,1648187125364,53,5,10,0,0,0,ELT003#
DEVICE,1648187123935,1648187125396,4,1648187125396,53,5,10,0,0,0,ELT003#
DEVICE,1648187123967,1648187125428,4,1648187125428,56,5,10,0,0,0,ELT003#
DEVICE,1648187123999,1648187125460,4,1648187125460,53,5,10,0,0,0,ELT003#
DEVICE,1648187124031,1648187125492,4,1648187125492,51,5,10,0,0,0,ELT003#
DEVICE,1648187124063,1648187125524,4,1648187125524,54,5,10,0,0,0,ELT003#
DEVICE,1648187124095,1648187125556,4,1648187125556,53,5,10,0,0,0,ELT003#
DEVICE,1648187124127,1648187125588,4,1648187125588,55,5,10,0,0,0,ELT003#
DEVICE,1648187124159,1648187125620,4,1648187125620,54,5,10,0,0,0,ELT003#
DEVICE,1648187124191,1648187125652,4,1648187125652,54,5,10,0,0,0,ELT003#
DEVICE,1648187124223,1648187125684,4,1648187125684,53,5,10,0,0,0,ELT003#
DEVICE,1648187124256,1648187125717,4,1648187125717,53,5,10,0,0,0,ELT003#
DEVICE,1648187124287,1648187125748,4,1648187125748,50,5,10,0,0,0,ELT003#
DEVICE,1648187124319,1648187125780,4,1648187125780,56,5,10,0,0,0,ELT003#
DEVICE,1648187124351,1648187125812,4,1648187125812,53,5,10,0,0,0,ELT003#
DEVICE,1648187124383,1648187125844,4,1648187125844,55,5,10,0,0,0,ELT003#
DEVICE,1648187124415,1648187125876,4,1648187125876,53,5,10,0,0,0,ELT003#
DEVICE,1648187124447,1648187125908,4,1648187125908,52,5,10,0,0,0,ELT003#
DEVICE,1648187124479,1648187125940,4,1648187125940,53,5,10,0,0,0,ELT003#
DEVICE,1648187124512,1648187125973,4,1648187125973,53,5,10,0,0,0,ELT003#
DEVICE,1648187124543,1648187126004,4,1648187126004,52,5,10,0,0,0,ELT003#
DEVICE,1648187124575,1648187126036,4,1648187126036,54,5,10,0,0,0,ELT003#
DEVICE,1648187124607,1648187126068,4,1648187126068,55,5,10,0,0,0,ELT003#
DEVICE,1648187124640,1648187126101,4,1648187126101,55,5,10,0,0,0,ELT003#
DEVICE,1648187124671,1648187126132,4,1648187126132,53,5,10,0,0,0,ELT003#
DEVICE,1648187124703,1648187126164,4,1648187126164,53,5,10,0,0,0,ELT003#
DEVICE,1648187124735,1648187126196,4,1648187126196,54,5,10,0,0,0,ELT003#
DEVICE,1648187124767,1648187126228,4,1648187126228,54,5,10,0,0,0,ELT003#
DEVICE,1648187124799,1648187126260,4,1648187126260,54,5,10,0,0,0,ELT003#
DEVICE,1648187124831,1648187126292,4,1648187126292,53,5,10,0,0,0,ELT003#
DEVICE,1648187124863,1648187126324,4,1648187126324,51,5,10,0,0,0,ELT003#
DEVICE,1648187124895,1648187126356,4,1648187126356,52,5,10,0,0,0,ELT003#
DEVICE,1648187124927,1648187126388,4,1648187126388,53,5,10,0,0,0,ELT003#
DEVICE,1648187124959,1648187126420,4,1648187126420,53,5,10,0,0,0,ELT003#
DEVICE,1648187124991,1648187126452,4,1648187126452,52,5,10,0,0,0,ELT003#
DEVICE,1648187125007,1648187126468,4,1648187126468,52,5,10,0,0,0,ELT003#
DEVICE,1648187125039,1648187126500,4,1648187126500,53,5,10,0,0,0,ELT003#
DEVICE,1648187125071,1648187126532,4,1648187126532,53,5,10,0,0,0,ELT003#
DEVICE,1648187125103,1648187126564,4,1648187126564,52,5,10,0,0,0,ELT003#
DEVICE,1648187125135,1648187126596,4,1648187126596,55,5,10,0,0,0,ELT003#
DEVICE,1648187125167,1648187126628,4,1648187126628,54,5,10,0,0,0,ELT003#
DEVICE,1648187125199,1648187126660,4,1648187126660,54,5,10,0,0,0,ELT003#
DEVICE,1648187125231,1648187126692,4,1648187126692,51,5,10,0,0,0,ELT003#
DEVICE,1648187125263,1648187126724,4,1648187126724,53,5,10,0,0,0,ELT003#
DEVICE,1648187125295,1648187126756,4,1648187126756,53,5,10,0,0,0,ELT003#
DEVICE,1648187125327,1648187126788,4,1648187126788,54,5,10,0,0,0,ELT003#
DEVICE,1648187125359,1648187126820,4,1648187126820,53,5,10,0,0,0,ELT003#
DEVICE,1648187125391,1648187126852,4,1648187126852,51,5,10,0,0,0,ELT003#
DEVICE,1648187125423,1648187126884,4,1648187126884,55,5,10,0,0,0,ELT003#
DEVICE,1648187125455,1648187126916,4,1648187126916,52,5,10,0,0,0,ELT003#
DEVICE,1648187125487,1648187126948,4,1648187126948,52,5,10,0,0,0,ELT003#
DEVICE,1648187125519,1648187126980,4,1648187126980,54,5,10,0,0,0,ELT003#
DEVICE,1648187125551,1648187127012,4,1648187127012,54,5,10,0,0,0,ELT003#
DEVICE,1648187125583,1648187127044,4,1648187127044,50,5,10,0,0,0,ELT003#
DEVICE,1648187125614,1648187127075,4,1648187127075,52,5,10,0,0,0,ELT003#
DEVICE,1648187125647,1648187127108,4,1648187127108,54,5,10,0,0,0,ELT003#
DEVICE,1648187125679,1648187127140,4,1648187127140,52,5,10,0,0,0,ELT003#
DEVICE,1648187125711,1648187127172,4,1648187127172,52,5,10,0,0,0,ELT003#
DEVICE,1648187125743,1648187127204,4,1648187127204,55,5,10,0,0,0,ELT003#
DEVICE,1648187125775,1648187127236,4,1648187127236,53,5,10,0,0,0,ELT003#
DEVICE,1648187125807,1648187127268,4,1648187127268,53,5,10,0,0,0,ELT003#
DEVICE,1648187125839,1648187127300,4,1648187127300,53,5,10,0,0,0,ELT003#
DEVICE,1648187125871,1648187127332,4,1648187127332,54,5,10,0,0,0,ELT003#
DEVICE,1648187125903,1648187127364,4,1648187127364,53,5,10,0,0,0,ELT003#
DEVICE,1648187125935,1648187127396,4,1648187127396,54,5,10,0,0,0,ELT003#
DEVICE,1648187125967,1648187127428,4,1648187127428,55,5,10,0,0,0,ELT003#
DEVICE,1648187125998,1648187127459,4,1648187127459,52,5,10,0,0,0,ELT003#
DEVICE,1648187126030,1648187127491,4,1648187127491,55,5,10,0,0,0,ELT003#
DEVICE,1648187126062,1648187127523,4,1648187127523,52,5,10,0,0,0,ELT003#
DEVICE,1648187126094,1648187127555,4,1648187127555,53,5,10,0,0,0,ELT003#
DEVICE,1648187126126,1648187127587,4,1648187127587,51,5,10,0,0,0,ELT003#
DEVICE,1648187126158,1648187127619,4,1648187127619,52,5,10,0,0,0,ELT003#
DEVICE,1648187126190,1648187127651,4,1648187127651,52,5,10,0,0,0,ELT003#
DEVICE,1648187126223,1648187127684,4,1648187127684,56,5,10,0,0,0,ELT003#
DEVICE,1648187126254,1648187127715,4,1648187127715,57,5,10,0,0,0,ELT003#
DEVICE,1648187126286,1648187127747,4,1648187127747,52,5,10,0,0,0,ELT003#
DEVICE,1648187126318,1648187127779,4,1648187127779,52,5,10,0,0,0,ELT003#
DEVICE,1648187126350,1648187127811,4,1648187127811,50,5,10,0,0,0,ELT003#
DEVICE,1648187126382,1648187127843,4,1648187127843,51,5,10,0,0,0,ELT003#
DEVICE,1648187126414,1648187127875,4,1648187127875,53,5,10,0,0,0,ELT003#
DEVICE,1648187126446,1648187127907,4,1648187127907,52,5,10,0,0,0,ELT003#
DEVICE,1648187126478,1648187127939,4,1648187127939,52,5,10,0,0,0,ELT003#
DEVICE,1648187126510,1648187127971,4,1648187127971,53,5,10,0,0,0,ELT003#
DEVICE,1648187126542,1648187128003,4,1648187128003,54,5,10,0,0,0,ELT003#
DEVICE,1648187126574,1648187128035,4,1648187128035,53,5,10,0,0,0,ELT003#
DEVICE,1648187126606,1648187128067,4,1648187128067,51,5,10,0,0,0,ELT003#
DEVICE,1648187126638,1648187128099,4,1648187128099,52,5,10,0,0,0,ELT003#
DEVICE,1648187126670,1648187128131,4,1648187128131,52,5,10,0,0,0,ELT003#
DEVICE,1648187126702,1648187128163,4,1648187128163,53,5,10,0,0,0,ELT003#
DEVICE,1648187126734,1648187128195,4,1648187128195,52,5,10,0,0,0,ELT003#
DEVICE,1648187126766,1648187128227,4,1648187128227,56,5,10,0,0,0,ELT003#
DEVICE,1648187126782,1648187128243,4,1648187128243,51,5,10,0,0,0,ELT003#
DEVICE,1648187126815,1648187128276,4,1648187128276,54,5,10,0,0,0,ELT003#
DEVICE,1648187126846,1648187128307,4,1648187128307,53,5,10,0,0,0,ELT003#
DEVICE,1648187126878,1648187128339,4,1648187128339,53,5,10,0,0,0,ELT003#
DEVICE,1648187126910,1648187128371,4,1648187128371,52,5,10,0,0,0,ELT003#
DEVICE,1648187126942,1648187128403,4,1648187128403,55,5,10,0,0,0,ELT003#
DEVICE,1648187126974,1648187128435,4,1648187128435,52,5,10,0,0,0,ELT003#
DEVICE,1648187127006,1648187128467,4,1648187128467,55,5,10,0,0,0,ELT003#
DEVICE,1648187127038,1648187128499,4,1648187128499,53,5,10,0,0,0,ELT003#
DEVICE,1648187127070,1648187128531,4,1648187128531,54,5,10,0,0,0,ELT003#
DEVICE,1648187127102,1648187128563,4,1648187128563,50,5,10,0,0,0,ELT003#
DEVICE,1648187127134,1648187128595,4,1648187128595,55,5,10,0,0,0,ELT003#
DEVICE,1648187127166,1648187128627,4,1648187128627,56,5,10,0,0,0,ELT003#
DEVICE,1648187127198,1648187128659,4,1648187128659,54,5,10,0,0,0,ELT003#
DEVICE,1648187127230,1648187128691,4,1648187128691,50,5,10,0,0,0,ELT003#
DEVICE,1648187127262,1648187128723,4,1648187128723,52,5,10,0,0,0,ELT003#
DEVICE,1648187127294,1648187128755,4,1648187128755,55,5,10,0,0,0,ELT003#
DEVICE,1648187127326,1648187128787,4,1648187128787,53,5,10,0,0,0,ELT003#
DEVICE,1648187127358,1648187128819,4,1648187128819,54,5,10,0,0,0,ELT003#
DEVICE,1648187127390,1648187128851,4,1648187128851,53,5,10,0,0,0,ELT003#
DEVICE,1648187127422,1648187128883,4,1648187128883,52,5,10,0,0,0,ELT003#
DEVICE,1648187127454,1648187128915,4,1648187128915,54,5,10,0,0,0,ELT003#
DEVICE,1648187127485,1648187128946,4,1648187128946,51,5,10,0,0,0,ELT003#
DEVICE,1648187127517,1648187128978,4,1648187128978,54,5,10,0,0,0,ELT003#
DEVICE,1648187127550,1648187129011,4,1648187129011,53,5,10,0,0,0,ELT003#
DEVICE,1648187127582,1648187129043,4,1648187129043,53,5,10,0,0,0,ELT003#
DEVICE,1648187127615,1648187129076,4,1648187129076,52,5,10,0,0,0,ELT003#
DEVICE,1648187127646,1648187129107,4,1648187129107,52,5,10,0,0,0,ELT003#
DEVICE,1648187127678,1648187129139,4,1648187129139,53,5,10,0,0,0,ELT003#
DEVICE,1648187127710,1648187129171,4,1648187129171,54,5,10,0,0,0,ELT003#
DEVICE,1648187127742,1648187129203,4,1648187129203,51,5,10,0,0,0,ELT003#
DEVICE,1648187127774,1648187129235,4,1648187129235,54,5,10,0,0,0,ELT003#
DEVICE,1648187127806,1648187129267,4,1648187129267,52,5,10,0,0,0,ELT003#
DEVICE,1648187127838,1648187129299,4,1648187129299,53,5,10,0,0,0,ELT003#
DEVICE,1648187127870,1648187129331,4,1648187129331,54,5,10,0,0,0,ELT003#
DEVICE,1648187127902,1648187129363,4,1648187129363,52,5,10,0,0,0,ELT003#
DEVICE,1648187127934,1648187129395,4,1648187129395,55,5,10,0,0,0,ELT003#
DEVICE,1648187127966,1648187129427,4,1648187129427,52,5,10,0,0,0,ELT003#
DEVICE,1648187127998,1648187129459,4,1648187129459,53,5,10,0,0,0,ELT003#
DEVICE,1648187128030,1648187129491,4,1648187129491,54,5,10,0,0,0,ELT003#
DEVICE,1648187128061,1648187129522,4,1648187129522,51,5,10,0,0,0,ELT003#
DEVICE,1648187128094,1648187129555,4,1648187129555,52,5,10,0,0,0,ELT003#
DEVICE,1648187128126,1648187129587,4,1648187129587,52,5,10,0,0,0,ELT003#
DEVICE,1648187128158,1648187129619,4,1648187129619,52,5,10,0,0,0,ELT003#
DEVICE,1648187128190,1648187129651,4,1648187129651,54,5,10,0,0,0,ELT003#
DEVICE,1648187128221,1648187129682,4,1648187129682,53,5,10,0,0,0,ELT003#
DEVICE,1648187128253,1648187129714,4,1648187129714,52,5,10,0,0,0,ELT003#
DEVICE,1648187128285,1648187129746,4,1648187129746,53,5,10,0,0,0,ELT003#
DEVICE,1648187128317,1648187129778,4,1648187129778,53,5,10,0,0,0,ELT003#
DEVICE,1648187128349,1648187129810,4,1648187129810,54,5,10,0,0,0,ELT003#
DEVICE,1648187128381,1648187129842,4,1648187129842,52,5,10,0,0,0,ELT003#
DEVICE,1648187128413,1648187129874,4,1648187129874,52,5,10,0,0,0,ELT003#
DEVICE,1648187128445,1648187129906,4,1648187129906,51,5,10,0,0,0,ELT003#
DEVICE,1648187128477,1648187129938,4,1648187129938,56,5,10,0,0,0,ELT003#
DEVICE,1648187128509,1648187129970,4,1648187129970,54,5,10,0,0,0,ELT003#
DEVICE,1648187128526,1648187129987,4,1648187129987,53,5,10,0,0,0,ELT003#
DEVICE,1648187128557,1648187130018,4,1648187130018,53,5,10,0,0,0,ELT003#
DEVICE,1648187128589,1648187130050,4,1648187130050,52,5,10,0,0,0,ELT003#
DEVICE,1648187128621,1648187130082,4,1648187130082,51,5,10,0,0,0,ELT003#
DEVICE,1648187128653,1648187130114,4,1648187130114,55,5,10,0,0,0,ELT003#
DEVICE,1648187128685,1648187130146,4,1648187130146,53,5,10,0,0,0,ELT003#
DEVICE,1648187128717,1648187130178,4,1648187130178,53,5,10,0,0,0,ELT003#
DEVICE,1648187128749,1648187130210,4,1648187130210,52,5,10,0,0,0,ELT003#
DEVICE,1648187128781,1648187130242,4,1648187130242,54,5,10,0,0,0,ELT003#
DEVICE,1648187128813,1648187130274,4,1648187130274,53,5,10,0,0,0,ELT003#
DEVICE,1648187128845,1648187130306,4,1648187130306,55,5,10,0,0,0,ELT003#
DEVICE,1648187128877,1648187130338,4,1648187130338,54,5,10,0,0,0,ELT003#
DEVICE,1648187128909,1648187130370,4,1648187130370,53,5,10,0,0,0,ELT003#
DEVICE,1648187128941,1648187130402,4,1648187130402,52,5,10,0,0,0,ELT003#
DEVICE,1648187128973,1648187130434,4,1648187130434,54,5,10,0,0,0,ELT003#
DEVICE,1648187129005,1648187130466,4,1648187130466,53,5,10,0,0,0,ELT003#
DEVICE,1648187129037,1648187130498,4,1648187130498,52,5,10,0,0,0,ELT003#
DEVICE,1648187129069,1648187130530,4,1648187130530,52,5,10,0,0,0,ELT003#
DEVICE,1648187129101,1648187130562,4,1648187130562,55,5,10,0,0,0,ELT003#
DEVICE,1648187129133,1648187130594,4,1648187130594,50,5,10,0,0,0,ELT003#
DEVICE,1648187129165,1648187130626,4,1648187130626,54,5,10,0,0,0,ELT003#
DEVICE,1648187129197,1648187130658,4,1648187130658,53,5,10,0,0,0,ELT003#
DEVICE,1648187129229,1648187130690,4,1648187130690,54,5,10,0,0,0,ELT003#
DEVICE,1648187129261,1648187130722,4,1648187130722,53,5,10,0,0,0,ELT003#
DEVICE,1648187129293,1648187130754,4,1648187130754,53,5,10,0,0,0,ELT003#
DEVICE,1648187129325,1648187130786,4,1648187130786,52,5,10,0,0,0,ELT003#
DEVICE,1648187129357,1648187130818,4,1648187130818,52,5,10,0,0,0,ELT003#
DEVICE,1648187129389,1648187130850,4,1648187130850,53,5,10,0,0,0,ELT003#
DEVICE,1648187129421,1648187130882,4,1648187130882,53,5,10,0,0,0,ELT003#
DEVICE,1648187129453,1648187130914,4,1648187130914,53,5,10,0,0,0,ELT003#
DEVICE,1648187129485,1648187130946,4,1648187130946,51,5,10,0,0,0,ELT003#
DEVICE,1648187129517,1648187130978,4,1648187130978,53,5,10,0,0,0,ELT003#
DEVICE,1648187129549,1648187131010,4,1648187131010,52,5,10,0,0,0,ELT003#
DEVICE,1648187129581,1648187131042,4,1648187131042,55,5,10,0,0,0,ELT003#
DEVICE,1648187129613,1648187131074,4,1648187131074,54,5,10,0,0,0,ELT003#
DEVICE,1648187129645,1648187131106,4,1648187131106,54,5,10,0,0,0,ELT003#
DEVICE,1648187129677,1648187131138,4,1648187131138,52,5,10,0,0,0,ELT003#
DEVICE,1648187129709,1648187131170,4,1648187131170,51,5,10,0,0,0,ELT003#
DEVICE,1648187129741,1648187131202,4,1648187131202,53,5,10,0,0,0,ELT003#
DEVICE,1648187129773,1648187131234,4,1648187131234,51,5,10,0,0,0,ELT003#
DEVICE,1648187129805,1648187131266,4,1648187131266,53,5,10,0,0,0,ELT003#
DEVICE,1648187129837,1648187131298,4,1648187131298,53,5,10,0,0,0,ELT003#
DEVICE,1648187129869,1648187131330,4,1648187131330,51,5,10,0,0,0,ELT003#
DEVICE,1648187129901,1648187131362,4,1648187131362,52,5,10,0,0,0,ELT003#
DEVICE,1648187129933,1648187131394,4,1648187131394,53,5,10,0,0,0,ELT003#
DEVICE,1648187129965,1648187131426,4,1648187131426,53,5,10,0,0,0,ELT003#
DEVICE,1648187129997,1648187131458,4,1648187131458,52,5,10,0,0,0,ELT003#
DEVICE,1648187130029,1648187131490,4,1648187131490,52,5,10,0,0,0,ELT003#
DEVICE,1648187130061,1648187131522,4,1648187131522,54,5,10,0,0,0,ELT003#
DEVICE,1648187130093,1648187131554,4,1648187131554,54,5,10,0,0,0,ELT003#
DEVICE,1648187130125,1648187131586,4,1648187131586,51,5,10,0,0,0,ELT003#
DEVICE,1648187130157,1648187131618,4,1648187131618,52,5,10,0,0,0,ELT003#
DEVICE,1648187130189,1648187131650,4,1648187131650,53,5,10,0,0,0,ELT003#
DEVICE,1648187130221,1648187131682,4,1648187131682,56,5,10,0,0,0,ELT003#
DEVICE,1648187130253,1648187131714,4,1648187131714,54,5,10,0,0,0,ELT003#
DEVICE,1648187130285,1648187131746,4,1648187131746,54,5,10,0,0,0,ELT003#
DEVICE,1648187130301,1648187131762,4,1648187131762,53,5,10,0,0,0,ELT003#
DEVICE,1648187130333,1648187131794,4,1648187131794,50,5,10,0,0,0,ELT003#
DEVICE,1648187130365,1648187131826,4,1648187131826,51,5,10,0,0,0,ELT003#
DEVICE,1648187130396,1648187131857,4,1648187131857,54,5,10,0,0,0,ELT003#
DEVICE,1648187130429,1648187131890,4,1648187131890,53,5,10,0,0,0,ELT003#
DEVICE,1648187130461,1648187131922,4,1648187131922,54,5,10,0,0,0,ELT003#
DEVICE,1648187130492,1648187131953,4,1648187131953,52,5,10,0,0,0,ELT003#
DEVICE,1648187130524,1648187131985,4,1648187131985,54,5,10,0,0,0,ELT003#
DEVICE,1648187130556,1648187132017,4,1648187132017,54,5,10,0,0,0,ELT003#
DEVICE,1648187130588,1648187132049,4,1648187132049,53,5,10,0,0,0,ELT003#
DEVICE,1648187130620,1648187132081,4,1648187132081,51,5,10,0,0,0,ELT003#
DEVICE,1648187130653,1648187132114,4,1648187132114,53,5,10,0,0,0,ELT003#
DEVICE,1648187130684,1648187132145,4,1648187132145,53,5,10,0,0,0,ELT003#
DEVICE,1648187130716,1648187132177,4,1648187132177,54,5,10,0,0,0,ELT003#
DEVICE,1648187130748,1648187132209,4,1648187132209,55,5,10,0,0,0,ELT003#
DEVICE,1648187130780,1648187132241,4,1648187132241,52,5,10,0,0,0,ELT003#
DEVICE,1648187130812,1648187132273,4,1648187132273,54,5,10,0,0,0,ELT003#
DEVICE,1648187130844,1648187132305,4,1648187132305,53,5,10,0,0,0,ELT003#
DEVICE,1648187130876,1648187132337,4,1648187132337,54,5,10,0,0,0,ELT003#
DEVICE,1648187130908,1648187132369,4,1648187132369,52,5,10,0,0,0,ELT003#
DEVICE,1648187130940,1648187132401,4,1648187132401,52,5,10,0,0,0,ELT003#
DEVICE,1648187130972,1648187132433,4,1648187132433,54,5,10,0,0,0,ELT003#
DEVICE,1648187131004,1648187132465,4,1648187132465,55,5,10,0,0,0,ELT003#
DEVICE,1648187131036,1648187132497,4,1648187132497,54,5,10,0,0,0,ELT003#
DEVICE,1648187131068,1648187132529,4,1648187132529,53,5,10,0,0,0,ELT003#
DEVICE,1648187131100,1648187132561,4,1648187132561,53,5,10,0,0,0,ELT003#
DEVICE,1648187131132,1648187132593,4,1648187132593,52,5,10,0,0,0,ELT003#
DEVICE,1648187131164,1648187132625,4,1648187132625,53,5,10,0,0,0,ELT003#
DEVICE,1648187131196,1648187132657,4,1648187132657,53,5,10,0,0,0,ELT003#
DEVICE,1648187131228,1648187132689,4,1648187132689,53,5,10,0,0,0,ELT003#
DEVICE,1648187131260,1648187132721,4,1648187132721,54,5,10,0,0,0,ELT003#
DEVICE,1648187131292,1648187132753,4,1648187132753,53,5,10,0,0,0,ELT003#
DEVICE,1648187131324,1648187132785,4,1648187132785,55,5,10,0,0,0,ELT003#
DEVICE,1648187131356,1648187132817,4,1648187132817,52,5,10,0,0,0,ELT003#
DEVICE,1648187131388,1648187132849,4,1648187132849,52,5,10,0,0,0,ELT003#
DEVICE,1648187131420,1648187132881,4,1648187132881,55,5,10,0,0,0,ELT003#
DEVICE,1648187131452,1648187132913,4,1648187132913,52,5,10,0,0,0,ELT003#
DEVICE,1648187131484,1648187132945,4,1648187132945,53,5,10,0,0,0,ELT003#
DEVICE,1648187131516,1648187132977,4,1648187132977,53,5,10,0,0,0,ELT003#
DEVICE,1648187131548,1648187133009,4,1648187133009,52,5,10,0,0,0,ELT003#
DEVICE,1648187131580,1648187133041,4,1648187133041,53,5,10,0,0,0,ELT003#
DEVICE,1648187131612,1648187133073,4,1648187133073,54,5,10,0,0,0,ELT003#
DEVICE,1648187131645,1648187133106,4,1648187133106,52,5,10,0,0,0,ELT003#
DEVICE,1648187131676,1648187133137,4,1648187133137,52,5,10,0,0,0,ELT003#
DEVICE,1648187131708,1648187133169,4,1648187133169,53,5,10,0,0,0,ELT003#
DEVICE,1648187131740,1648187133201,4,1648187133201,52,5,10,0,0,0,ELT003#
DEVICE,1648187131772,1648187133233,4,1648187133233,54,5,10,0,0,0,ELT003#
DEVICE,1648187131804,1648187133265,4,1648187133265,56,5,10,0,0,0,ELT003#
DEVICE,1648187131836,1648187133297,4,1648187133297,52,5,10,0,0,0,ELT003#
DEVICE,1648187131868,1648187133329,4,1648187133329,52,5,10,0,0,0,ELT003#
DEVICE,1648187131900,1648187133361,4,1648187133361,52,5,10,0,0,0,ELT003#
DEVICE,1648187131932,1648187133393,4,1648187133393,50,5,10,0,0,0,ELT003#
DEVICE,1648187131964,1648187133425,4,1648187133425,52,5,10,0,0,0,ELT003#
DEVICE,1648187131996,1648187133457,4,1648187133457,51,5,10,0,0,0,ELT003#
DEVICE,1648187132012,1648187133473,4,1648187133473,54,5,10,0,0,0,ELT003#
DEVICE,1648187132060,1648187133521,4,1648187133521,53,5,10,0,0,0,ELT003#
DEVICE,1648187132077,1648187133538,4,1648187133538,54,5,10,0,0,0,ELT003#
DEVICE,1648187132108,1648187133569,4,1648187133569,54,5,10,0,0,0,ELT003#
DEVICE,1648187132140,1648187133601,4,1648187133601,51,5,10,0,0,0,ELT003#
DEVICE,1648187132172,1648187133633,4,1648187133633,54,5,10,0,0,0,ELT003#
DEVICE,1648187132204,1648187133665,4,1648187133665,56,5,10,0,0,0,ELT003#
DEVICE,1648187132236,1648187133697,4,1648187133697,52,5,10,0,0,0,ELT003#
DEVICE,1648187132268,1648187133729,4,1648187133729,54,5,10,0,0,0,ELT003#
DEVICE,1648187132300,1648187133761,4,1648187133761,55,5,10,0,0,0,ELT003#
DEVICE,1648187132332,1648187133793,4,1648187133793,53,5,10,0,0,0,ELT003#
DEVICE,1648187132364,1648187133825,4,1648187133825,54,5,10,0,0,0,ELT003#
DEVICE,1648187132396,1648187133857,4,1648187133857,56,5,10,0,0,0,ELT003#
DEVICE,1648187132428,1648187133889,4,1648187133889,54,5,10,0,0,0,ELT003#
DEVICE,1648187132460,1648187133921,4,1648187133921,53,5,10,0,0,0,ELT003#
DEVICE,1648187132492,1648187133953,4,1648187133953,52,5,10,0,0,0,ELT003#
DEVICE,1648187132524,1648187133985,4,1648187133985,53,5,10,0,0,0,ELT003#
DEVICE,1648187132556,1648187134017,4,1648187134017,54,5,10,0,0,0,ELT003#
DEVICE,1648187132588,1648187134049,4,1648187134049,53,5,10,0,0,0,ELT003#
DEVICE,1648187132619,1648187134080,4,1648187134080,53,5,10,0,0,0,ELT003#
DEVICE,1648187132652,1648187134113,4,1648187134113,52,5,10,0,0,0,ELT003#
DEVICE,1648187132684,1648187134145,4,1648187134145,53,5,10,0,0,0,ELT003#
DEVICE,1648187132716,1648187134177,4,1648187134177,53,5,10,0,0,0,ELT003#
DEVICE,1648187132747,1648187134208,4,1648187134208,52,5,10,0,0,0,ELT003#
DEVICE,1648187132780,1648187134241,4,1648187134241,52,5,10,0,0,0,ELT003#
DEVICE,1648187132811,1648187134272,4,1648187134272,54,5,10,0,0,0,ELT003#
DEVICE,1648187132843,1648187134304,4,1648187134304,52,5,10,0,0,0,ELT003#
DEVICE,1648187132875,1648187134336,4,1648187134336,54,5,10,0,0,0,ELT003#
DEVICE,1648187132907,1648187134368,4,1648187134368,56,5,10,0,0,0,ELT003#
DEVICE,1648187132939,1648187134400,4,1648187134400,54,5,10,0,0,0,ELT003#
DEVICE,1648187132971,1648187134432,4,1648187134432,53,5,10,0,0,0,ELT003#
DEVICE,1648187133003,1648187134464,4,1648187134464,55,5,10,0,0,0,ELT003#
DEVICE,1648187133035,1648187134496,4,1648187134496,53,5,10,0,0,0,ELT003#
DEVICE,1648187133067,1648187134528,4,1648187134528,54,5,10,0,0,0,ELT003#
DEVICE,1648187133099,1648187134560,4,1648187134560,55,5,10,0,0,0,ELT003#
DEVICE,1648187133131,1648187134592,4,1648187134592,51,5,10,0,0,0,ELT003#
DEVICE,1648187133163,1648187134624,4,1648187134624,53,5,10,0,0,0,ELT003#
DEVICE,1648187133195,1648187134656,4,1648187134656,51,5,10,0,0,0,ELT003#
DEVICE,1648187133227,1648187134688,4,1648187134688,53,5,10,0,0,0,ELT003#
DEVICE,1648187133259,1648187134720,4,1648187134720,52,5,10,0,0,0,ELT003#
DEVICE,1648187133291,1648187134752,4,1648187134752,54,5,10,0,0,0,ELT003#
DEVICE,1648187133323,1648187134784,4,1648187134784,52,5,10,0,0,0,ELT003#
DEVICE,1648187133355,1648187134816,4,1648187134816,51,5,10,0,0,0,ELT003#
DEVICE,1648187133388,1648187134849,4,1648187134849,52,5,10,0,0,0,ELT003#
DEVICE,1648187133419,1648187134880,4,1648187134880,54,5,10,0,0,0,ELT003#
DEVICE,1648187133451,1648187134912,4,1648187134912,53,5,10,0,0,0,ELT003#
DEVICE,1648187133483,1648187134944,4,1648187134944,54,5,10,0,0,0,ELT003#
DEVICE,1648187133515,1648187134976,4,1648187134976,52,5,10,0,0,0,ELT003#
DEVICE,1648187133547,1648187135008,4,1648187135008,54,5,10,0,0,0,ELT003#
DEVICE,1648187133579,1648187135040,4,1648187135040,54,5,10,0,0,0,ELT003#
DEVICE,1648187133611,1648187135072,4,1648187135072,52,5,10,0,0,0,ELT003#
DEVICE,1648187133643,1648187135104,4,1648187135104,55,5,10,0,0,0,ELT003#
DEVICE,1648187133675,1648187135136,4,1648187135136,51,5,10,0,0,0,ELT003#
DEVICE,1648187133707,1648187135168,4,1648187135168,51,5,10,0,0,0,ELT003#
DEVICE,1648187133739,1648187135200,4,1648187135200,52,5,10,0,0,0,ELT003#
DEVICE,1648187133771,1648187135232,4,1648187135232,52,5,10,0,0,0,ELT003#
DEVICE,1648187133803,1648187135264,4,1648187135264,54,5,10,0,0,0,ELT003#
DEVICE,1648187133819,1648187135280,4,1648187135280,53,5,10,0,0,0,ELT003#
DEVICE,1648187133851,1648187135312,4,1648187135312,54,5,10,0,0,0,ELT003#
DEVICE,1648187133883,1648187135344,4,1648187135344,53,5,10,0,0,0,ELT003#
DEVICE,1648187133915,1648187135376,4,1648187135376,52,5,10,0,0,0,ELT003#
DEVICE,1648187133947,1648187135408,4,1648187135408,52,5,10,0,0,0,ELT003#
DEVICE,1648187133979,1648187135440,4,1648187135440,53,5,10,0,0,0,ELT003#
DEVICE,1648187134012,1648187135473,4,1648187135473,54,5,10,0,0,0,ELT003#
DEVICE,1648187134044,1648187135505,4,1648187135505,52,5,10,0,0,0,ELT003#
DEVICE,1648187134075,1648187135536,4,1648187135536,53,5,10,0,0,0,ELT003#
DEVICE,1648187134107,1648187135568,4,1648187135568,51,5,10,0,0,0,ELT003#
DEVICE,1648187134139,1648187135600,4,1648187135600,55,5,10,0,0,0,ELT003#
DEVICE,1648187134172,1648187135633,4,1648187135633,53,5,10,0,0,0,ELT003#
DEVICE,1648187134203,1648187135664,4,1648187135664,53,5,10,0,0,0,ELT003#
DEVICE,1648187134235,1648187135696,4,1648187135696,51,5,10,0,0,0,ELT003#
DEVICE,1648187134267,1648187135728,4,1648187135728,54,5,10,0,0,0,ELT003#
DEVICE,1648187134299,1648187135760,4,1648187135760,55,5,10,0,0,0,ELT003#
DEVICE,1648187134331,1648187135792,4,1648187135792,53,5,10,0,0,0,ELT003#
DEVICE,1648187134363,1648187135824,4,1648187135824,52,5,10,0,0,0,ELT003#
DEVICE,1648187134395,1648187135856,4,1648187135856,52,5,10,0,0,0,ELT003#
DEVICE,1648187134427,1648187135888,4,1648187135888,52,5,10,0,0,0,ELT003#
DEVICE,1648187134459,1648187135920,4,1648187135920,53,5,10,0,0,0,ELT003#
DEVICE,1648187134491,1648187135952,4,1648187135952,54,5,10,0,0,0,ELT003#
DEVICE,1648187134523,1648187135984,4,1648187135984,53,5,10,0,0,0,ELT003#
DEVICE,1648187134555,1648187136016,4,1648187136016,53,5,10,0,0,0,ELT003#
DEVICE,1648187134587,1648187136048,4,1648187136048,55,5,10,0,0,0,ELT003#
DEVICE,1648187134619,1648187136080,4,1648187136080,54,5,10,0,0,0,ELT003#
DEVICE,1648187134651,1648187136112,4,1648187136112,53,5,10,0,0,0,ELT003#
DEVICE,1648187134683,1648187136144,4,1648187136144,53,5,10,0,0,0,ELT003#
DEVICE,1648187134715,1648187136176,4,1648187136176,54,5,10,0,0,0,ELT003#
DEVICE,1648187134747,1648187136208,4,1648187136208,51,5,10,0,0,0,ELT003#
DEVICE,1648187134779,1648187136240,4,1648187136240,52,5,10,0,0,0,ELT003#
DEVICE,1648187134811,1648187136272,4,1648187136272,54,5,10,0,0,0,ELT003#
DEVICE,1648187134843,1648187136304,4,1648187136304,53,5,10,0,0,0,ELT003#
DEVICE,1648187134875,1648187136336,4,1648187136336,55,5,10,0,0,0,ELT003#
DEVICE,1648187134907,1648187136368,4,1648187136368,52,5,10,0,0,0,ELT003#
DEVICE,1648187134939,1648187136400,4,1648187136400,53,5,10,0,0,0,ELT003#
DEVICE,1648187134970,1648187136431,4,1648187136431,52,5,10,0,0,0,ELT003#
DEVICE,1648187135003,1648187136464,4,1648187136464,52,5,10,0,0,0,ELT003#
DEVICE,1648187135034,1648187136495,4,1648187136495,52,5,10,0,0,0,ELT003#
DEVICE,1648187135066,1648187136527,4,1648187136527,52,5,10,0,0,0,ELT003#
DEVICE,1648187135098,1648187136559,4,1648187136559,53,5,10,0,0,0,ELT003#
DEVICE,1648187135130,1648187136591,4,1648187136591,52,5,10,0,0,0,ELT003#
DEVICE,1648187135162,1648187136623,4,1648187136623,52,5,10,0,0,0,ELT003#
DEVICE,1648187135194,1648187136655,4,1648187136655,53,5,10,0,0,0,ELT003#
DEVICE,1648187135226,1648187136687,4,1648187136687,55,5,10,0,0,0,ELT003#
DEVICE,1648187135258,1648187136719,4,1648187136719,53,5,10,0,0,0,ELT003#
DEVICE,1648187135290,1648187136751,4,1648187136751,54,5,10,0,0,0,ELT003#
DEVICE,1648187135322,1648187136783,4,1648187136783,52,5,10,0,0,0,ELT003#
DEVICE,1648187135354,1648187136815,4,1648187136815,54,5,10,0,0,0,ELT003#
DEVICE,1648187135386,1648187136847,4,1648187136847,53,5,10,0,0,0,ELT003#
DEVICE,1648187135418,1648187136879,4,1648187136879,53,5,10,0,0,0,ELT003#
DEVICE,1648187135450,1648187136911,4,1648187136911,55,5,10,0,0,0,ELT003#
DEVICE,1648187135482,1648187136943,4,1648187136943,52,5,10,0,0,0,ELT003#
DEVICE,1648187135514,1648187136975,4,1648187136975,55,5,10,0,0,0,ELT003#
DEVICE,1648187135546,1648187137007,4,1648187137007,53,5,10,0,0,0,ELT003#
DEVICE,1648187135562,1648187137023,4,1648187137023,54,5,10,0,0,0,ELT003#
DEVICE,1648187135594,1648187137055,4,1648187137055,53,5,10,0,0,0,ELT003#
DEVICE,1648187135626,1648187137087,4,1648187137087,54,5,10,0,0,0,ELT003#
DEVICE,1648187135658,1648187137119,4,1648187137119,52,5,10,0,0,0,ELT003#
DEVICE,1648187135690,1648187137151,4,1648187137151,53,5,10,0,0,0,ELT003#
DEVICE,1648187135722,1648187137183,4,1648187137183,52,5,10,0,0,0,ELT003#
DEVICE,1648187135754,1648187137215,4,1648187137215,53,5,10,0,0,0,ELT003#
DEVICE,1648187135786,1648187137247,4,1648187137247,53,5,10,0,0,0,ELT003#
DEVICE,1648187135818,1648187137279,4,1648187137279,54,5,10,0,0,0,ELT003#
DEVICE,1648187135850,1648187137311,4,1648187137311,52,5,10,0,0,0,ELT003#
DEVICE,1648187135882,1648187137343,4,1648187137343,51,5,10,0,0,0,ELT003#
DEVICE,1648187135914,1648187137375,4,1648187137375,54,5,10,0,0,0,ELT003#
DEVICE,1648187135946,1648187137407,4,1648187137407,52,5,10,0,0,0,ELT003#
DEVICE,1648187135978,1648187137439,4,1648187137439,53,5,10,0,0,0,ELT003#
DEVICE,1648187136010,1648187137471,4,1648187137471,55,5,10,0,0,0,ELT003#
DEVICE,1648187136042,1648187137503,4,1648187137503,54,5,10,0,0,0,ELT003#
DEVICE,1648187136074,1648187137535,4,1648187137535,52,5,10,0,0,0,ELT003#
DEVICE,1648187136106,1648187137567,4,1648187137567,54,5,10,0,0,0,ELT003#
DEVICE,1648187136138,1648187137599,4,1648187137599,51,5,10,0,0,0,ELT003#
DEVICE,1648187136170,1648187137631,4,1648187137631,53,5,10,0,0,0,ELT003#
DEVICE,1648187136202,1648187137663,4,1648187137663,54,5,10,0,0,0,ELT003#
DEVICE,1648187136234,1648187137695,4,1648187137695,54,5,10,0,0,0,ELT003#
DEVICE,1648187136266,1648187137727,4,1648187137727,53,5,10,0,0,0,ELT003#
DEVICE,1648187136298,1648187137759,4,1648187137759,53,5,10,0,0,0,ELT003#
DEVICE,1648187136330,1648187137791,4,1648187137791,54,5,10,0,0,0,ELT003#
DEVICE,1648187136362,1648187137823,4,1648187137823,50,5,10,0,0,0,ELT003#
DEVICE,1648187136394,1648187137855,4,1648187137855,53,5,10,0,0,0,ELT003#
DEVICE,1648187136426,1648187137887,4,1648187137887,53,5,10,0,0,0,ELT003#
DEVICE,1648187136458,1648187137919,4,1648187137919,52,5,10,0,0,0,ELT003#
DEVICE,1648187136490,1648187137951,4,1648187137951,54,5,10,0,0,0,ELT003#
DEVICE,1648187136522,1648187137983,4,1648187137983,52,5,10,0,0,0,ELT003#
DEVICE,1648187136554,1648187138015,4,1648187138015,52,5,10,0,0,0,ELT003#
DEVICE,1648187136586,1648187138047,4,1648187138047,53,5,10,0,0,0,ELT003#
DEVICE,1648187136618,1648187138079,4,1648187138079,56,5,10,0,0,0,ELT003#
DEVICE,1648187136650,1648187138111,4,1648187138111,53,5,10,0,0,0,ELT003#
DEVICE,1648187136682,1648187138143,4,1648187138143,54,5,10,0,0,0,ELT003#
DEVICE,1648187136714,1648187138175,4,1648187138175,52,5,10,0,0,0,ELT003#
DEVICE,1648187136746,1648187138207,4,1648187138207,53,5,10,0,0,0,ELT003#
DEVICE,1648187136778,1648187138239,4,1648187138239,54,5,10,0,0,0,ELT003#
DEVICE,1648187136810,1648187138271,4,1648187138271,52,5,10,0,0,0,ELT003#
DEVICE,1648187136842,1648187138303,4,1648187138303,54,5,10,0,0,0,ELT003#
DEVICE,1648187136874,1648187138335,4,1648187138335,53,5,10,0,0,0,ELT003#
DEVICE,1648187136906,1648187138367,4,1648187138367,51,5,10,0,0,0,ELT003#
DEVICE,1648187136937,1648187138398,4,1648187138398,55,5,10,0,0,0,ELT003#
DEVICE,1648187136970,1648187138431,4,1648187138431,54,5,10,0,0,0,ELT003#
DEVICE,1648187137002,1648187138463,4,1648187138463,54,5,10,0,0,0,ELT003#
DEVICE,1648187137033,1648187138494,4,1648187138494,53,5,10,0,0,0,ELT003#
DEVICE,1648187137066,1648187138527,4,1648187138527,53,5,10,0,0,0,ELT003#
DEVICE,1648187137097,1648187138558,4,1648187138558,52,5,10,0,0,0,ELT003#
DEVICE,1648187137129,1648187138590,4,1648187138590,53,5,10,0,0,0,ELT003#
DEVICE,1648187137162,1648187138623,4,1648187138623,52,5,10,0,0,0,ELT003#
DEVICE,1648187137194,1648187138655,4,1648187138655,52,5,10,0,0,0,ELT003#
DEVICE,1648187137226,1648187138687,4,1648187138687,54,5,10,0,0,0,ELT003#
DEVICE,1648187137258,1648187138719,4,1648187138719,53,5,10,0,0,0,ELT003#
DEVICE,1648187137289,1648187138750,4,1648187138750,55,5,10,0,0,0,ELT003#
DEVICE,1648187137321,1648187138782,4,1648187138782,51,5,10,0,0,0,ELT003#
DEVICE,1648187137337,1648187138798,4,1648187138798,53,5,10,0,0,0,ELT003#
DEVICE,1648187137370,1648187138831,4,1648187138831,54,5,10,0,0,0,ELT003#
DEVICE,1648187137402,1648187138863,4,1648187138863,52,5,10,0,0,0,ELT003#
DEVICE,1648187137433,1648187138894,4,1648187138894,53,5,10,0,0,0,ELT003#
DEVICE,1648187137465,1648187138926,4,1648187138926,53,5,10,0,0,0,ELT003#
DEVICE,1648187137497,1648187138958,4,1648187138958,53,5,10,0,0,0,ELT003#
DEVICE,1648187137529,1648187138990,4,1648187138990,51,5,10,0,0,0,ELT003#
DEVICE,1648187137561,1648187139022,4,1648187139022,53,5,10,0,0,0,ELT003#
DEVICE,1648187137593,1648187139054,4,1648187139054,54,5,10,0,0,0,ELT003#
DEVICE,1648187137626,1648187139087,4,1648187139087,53,5,10,0,0,0,ELT003#
DEVICE,1648187137657,1648187139118,4,1648187139118,50,5,10,0,0,0,ELT003#
DEVICE,1648187137689,1648187139150,4,1648187139150,54,5,10,0,0,0,ELT003#
DEVICE,1648187137721,1648187139182,4,1648187139182,53,5,10,0,0,0,ELT003#
DEVICE,1648187137753,1648187139214,4,1648187139214,53,5,10,0,0,0,ELT003#
DEVICE,1648187137785,1648187139246,4,1648187139246,50,5,10,0,0,0,ELT003#
DEVICE,1648187137817,1648187139278,4,1648187139278,53,5,10,0,0,0,ELT003#
DEVICE,1648187137849,1648187139310,4,1648187139310,52,5,10,0,0,0,ELT003#
DEVICE,1648187137881,1648187139342,4,1648187139342,53,5,10,0,0,0,ELT003#
DEVICE,1648187137913,1648187139374,4,1648187139374,53,5,10,0,0,0,ELT003#
DEVICE,1648187137945,1648187139406,4,1648187139406,54,5,10,0,0,0,ELT003#
DEVICE,1648187137977,1648187139438,4,1648187139438,55,5,10,0,0,0,ELT003#
DEVICE,1648187138009,1648187139470,4,1648187139470,53,5,10,0,0,0,ELT003#
DEVICE,1648187138041,1648187139502,4,1648187139502,53,5,10,0,0,0,ELT003#
DEVICE,1648187138073,1648187139534,4,1648187139534,52,5,10,0,0,0,ELT003#
DEVICE,1648187138105,1648187139566,4,1648187139566,52,5,10,0,0,0,ELT003#
DEVICE,1648187138137,1648187139598,4,1648187139598,50,5,10,0,0,0,ELT003#
DEVICE,1648187138169,1648187139630,4,1648187139630,54,5,10,0,0,0,ELT003#
DEVICE,1648187138201,1648187139662,4,1648187139662,53,5,10,0,0,0,ELT003#
DEVICE,1648187138233,1648187139694,4,1648187139694,52,5,10,0,0,0,ELT003#
DEVICE,1648187138265,1648187139726,4,1648187139726,54,5,10,0,0,0,ELT003#
DEVICE,1648187138297,1648187139758,4,1648187139758,52,5,10,0,0,0,ELT003#
DEVICE,1648187138329,1648187139790,4,1648187139790,50,5,10,0,0,0,ELT003#
DEVICE,1648187138361,1648187139822,4,1648187139822,55,5,10,0,0,0,ELT003#
DEVICE,1648187138393,1648187139854,4,1648187139854,54,5,10,0,0,0,ELT003#
DEVICE,1648187138425,1648187139886,4,1648187139886,54,5,10,0,0,0,ELT003#
DEVICE,1648187138457,1648187139918,4,1648187139918,54,5,10,0,0,0,ELT003#
DEVICE,1648187138489,1648187139950,4,1648187139950,54,5,10,0,0,0,ELT003#
DEVICE,1648187138521,1648187139982,4,1648187139982,51,5,10,0,0,0,ELT003#
DEVICE,1648187138553,1648187140014,4,1648187140014,51,5,10,0,0,0,ELT003#
DEVICE,1648187138585,1648187140046,4,1648187140046,52,5,10,0,0,0,ELT003#
DEVICE,1648187138617,1648187140078,4,1648187140078,52,5,10,0,0,0,ELT003#
DEVICE,1648187138649,1648187140110,4,1648187140110,52,5,10,0,0,0,ELT003#
DEVICE,1648187138681,1648187140142,4,1648187140142,53,5,10,0,0,0,ELT003#
DEVICE,1648187138713,1648187140174,4,1648187140174,52,5,10,0,0,0,ELT003#
DEVICE,1648187138745,1648187140206,4,1648187140206,53,5,10,0,0,0,ELT003#
DEVICE,1648187138777,1648187140238,4,1648187140238,52,5,10,0,0,0,ELT003#
DEVICE,1648187138809,1648187140270,4,1648187140270,54,5,10,0,0,0,ELT003#
DEVICE,1648187138841,1648187140302,4,1648187140302,51,5,10,0,0,0,ELT003#
DEVICE,1648187138873,1648187140334,4,1648187140334,54,5,10,0,0,0,ELT003#
DEVICE,1648187138905,1648187140366,4,1648187140366,53,5,10,0,0,0,ELT003#
DEVICE,1648187138937,1648187140398,4,1648187140398,53,5,10,0,0,0,ELT003#
DEVICE,1648187138969,1648187140430,4,1648187140430,53,5,10,0,0,0,ELT003#
DEVICE,1648187139001,1648187140462,4,1648187140462,53,5,10,0,0,0,ELT003#
DEVICE,1648187139033,1648187140494,4,1648187140494,53,5,10,0,0,0,ELT003#
DEVICE,1648187139065,1648187140526,4,1648187140526,52,5,10,0,0,0,ELT003#
DEVICE,1648187139097,1648187140558,4,1648187140558,55,5,10,0,0,0,ELT003#
DEVICE,1648187139113,1648187140574,4,1648187140574,56,5,10,0,0,0,ELT003#
DEVICE,1648187139145,1648187140606,4,1648187140606,53,5,10,0,0,0,ELT003#
DEVICE,1648187139177,1648187140638,4,1648187140638,54,5,10,0,0,0,ELT003#
DEVICE,1648187139209,1648187140670,4,1648187140670,54,5,10,0,0,0,ELT003#
DEVICE,1648187139241,1648187140702,4,1648187140702,52,5,10,0,0,0,ELT003#
DEVICE,1648187139273,1648187140734,4,1648187140734,54,5,10,0,0,0,ELT003#
DEVICE,1648187139305,1648187140766,4,1648187140766,51,5,10,0,0,0,ELT003#
DEVICE,1648187139337,1648187140798,4,1648187140798,52,5,10,0,0,0,ELT003#
DEVICE,1648187139369,1648187140830,4,1648187140830,55,5,10,0,0,0,ELT003#
DEVICE,1648187139401,1648187140862,4,1648187140862,55,5,10,0,0,0,ELT003#
DEVICE,1648187139433,1648187140894,4,1648187140894,52,5,10,0,0,0,ELT003#
DEVICE,1648187139465,1648187140926,4,1648187140926,53,5,10,0,0,0,ELT003#
DEVICE,1648187139496,1648187140957,4,1648187140957,51,5,10,0,0,0,ELT003#
DEVICE,1648187139529,1648187140990,4,1648187140990,55,5,10,0,0,0,ELT003#
DEVICE,1648187139560,1648187141021,4,1648187141021,51,5,10,0,0,0,ELT003#
DEVICE,1648187139593,1648187141054,4,1648187141054,52,5,10,0,0,0,ELT003#
DEVICE,1648187139624,1648187141085,4,1648187141085,54,5,10,0,0,0,ELT003#
DEVICE,1648187139656,1648187141117,4,1648187141117,52,5,10,0,0,0,ELT003#
DEVICE,1648187139688,1648187141149,4,1648187141149,52,5,10,0,0,0,ELT003#
DEVICE,1648187139720,1648187141181,4,1648187141181,54,5,10,0,0,0,ELT003#
DEVICE,1648187139752,1648187141213,4,1648187141213,53,5,10,0,0,0,ELT003#
DEVICE,1648187139784,1648187141245,4,1648187141245,54,5,10,0,0,0,ELT003#
DEVICE,1648187139816,1648187141277,4,1648187141277,50,5,10,0,0,0,ELT003#
DEVICE,1648187139848,1648187141309,4,1648187141309,53,5,10,0,0,0,ELT003#
DEVICE,1648187139880,1648187141341,4,1648187141341,52,5,10,0,0,0,ELT003#
DEVICE,1648187139912,1648187141373,4,1648187141373,54,5,10,0,0,0,ELT003#
DEVICE,1648187139944,1648187141405,4,1648187141405,52,5,10,0,0,0,ELT003#
DEVICE,1648187139976,1648187141437,4,1648187141437,52,5,10,0,0,0,ELT003#
DEVICE,1648187140008,1648187141469,4,1648187141469,51,5,10,0,0,0,ELT003#
DEVICE,1648187140040,1648187141501,4,1648187141501,52,5,10,0,0,0,ELT003#
DEVICE,1648187140072,1648187141533,4,1648187141533,52,5,10,0,0,0,ELT003#
DEVICE,1648187140104,1648187141565,4,1648187141565,54,5,10,0,0,0,ELT003#
DEVICE,1648187140136,1648187141597,4,1648187141597,54,5,10,0,0,0,ELT003#
DEVICE,1648187140168,1648187141629,4,1648187141629,53,5,10,0,0,0,ELT003#
DEVICE,1648187140200,1648187141661,4,1648187141661,52,5,10,0,0,0,ELT003#
DEVICE,1648187140232,1648187141693,4,1648187141693,52,5,10,0,0,0,ELT003#
DEVICE,1648187140264,1648187141725,4,1648187141725,53,5,10,0,0,0,ELT003#
DEVICE,1648187140296,1648187141757,4,1648187141757,55,5,10,0,0,0,ELT003#
DEVICE,1648187140328,1648187141789,4,1648187141789,53,5,10,0,0,0,ELT003#
DEVICE,1648187140360,1648187141821,4,1648187141821,53,5,10,0,0,0,ELT003#
DEVICE,1648187140392,1648187141853,4,1648187141853,52,5,10,0,0,0,ELT003#
DEVICE,1648187140424,1648187141885,4,1648187141885,55,5,10,0,0,0,ELT003#
DEVICE,1648187140456,1648187141917,4,1648187141917,53,5,10,0,0,0,ELT003#
DEVICE,1648187140488,1648187141949,4,1648187141949,53,5,10,0,0,0,ELT003#
DEVICE,1648187140520,1648187141981,4,1648187141981,55,5,10,0,0,0,ELT003#
DEVICE,1648187140553,1648187142014,4,1648187142014,55,5,10,0,0,0,ELT003#
DEVICE,1648187140584,1648187142045,4,1648187142045,52,5,10,0,0,0,ELT003#
DEVICE,1648187140616,1648187142077,4,1648187142077,52,5,10,0,0,0,ELT003#
DEVICE,1648187140648,1648187142109,4,1648187142109,54,5,10,0,0,0,ELT003#
DEVICE,1648187140680,1648187142141,4,1648187142141,52,5,10,0,0,0,ELT003#
DEVICE,1648187140712,1648187142173,4,1648187142173,53,5,10,0,0,0,ELT003#
DEVICE,1648187140744,1648187142205,4,1648187142205,52,5,10,0,0,0,ELT003#
DEVICE,1648187140776,1648187142237,4,1648187142237,53,5,10,0,0,0,ELT003#
DEVICE,1648187140808,1648187142269,4,1648187142269,54,5,10,0,0,0,ELT003#
DEVICE,1648187140840,1648187142301,4,1648187142301,52,5,10,0,0,0,ELT003#
DEVICE,1648187140855,1648187142316,4,1648187142316,52,5,10,0,0,0,ELT003#
DEVICE,1648187140888,1648187142349,4,1648187142349,51,5,10,0,0,0,ELT003#
DEVICE,1648187140920,1648187142381,4,1648187142381,54,5,10,0,0,0,ELT003#
DEVICE,1648187140953,1648187142414,4,1648187142414,52,5,10,0,0,0,ELT003#
DEVICE,1648187140984,1648187142445,4,1648187142445,54,5,10,0,0,0,ELT003#
DEVICE,1648187141016,1648187142477,4,1648187142477,54,5,10,0,0,0,ELT003#
DEVICE,1648187141048,1648187142509,4,1648187142509,53,5,10,0,0,0,ELT003#
DEVICE,1648187141080,1648187142541,4,1648187142541,51,5,10,0,0,0,ELT003#
DEVICE,1648187141112,1648187142573,4,1648187142573,54,5,10,0,0,0,ELT003#
DEVICE,1648187141144,1648187142605,4,1648187142605,54,5,10,0,0,0,ELT003#
DEVICE,1648187141176,1648187142637,4,1648187142637,52,5,10,0,0,0,ELT003#
DEVICE,1648187141208,1648187142669,4,1648187142669,52,5,10,0,0,0,ELT003#
DEVICE,1648187141240,1648187142701,4,1648187142701,52,5,10,0,0,0,ELT003#
DEVICE,1648187141272,1648187142733,4,1648187142733,52,5,10,0,0,0,ELT003#
DEVICE,1648187141303,1648187142764,4,1648187142764,52,5,10,0,0,0,ELT003#
DEVICE,1648187141335,1648187142796,4,1648187142796,52,5,10,0,0,0,ELT003#
DEVICE,1648187141368,1648187142829,4,1648187142829,50,5,10,0,0,0,ELT003#
DEVICE,1648187141400,1648187142861,4,1648187142861,50,5,10,0,0,0,ELT003#
DEVICE,1648187141432,1648187142893,4,1648187142893,53,5,10,0,0,0,ELT003#
DEVICE,1648187141464,1648187142925,4,1648187142925,55,5,10,0,0,0,ELT003#
DEVICE,1648187141496,1648187142957,4,1648187142957,52,5,10,0,0,0,ELT003#
DEVICE,1648187141528,1648187142989,4,1648187142989,53,5,10,0,0,0,ELT003#
DEVICE,1648187141560,1648187143021,4,1648187143021,52,5,10,0,0,0,ELT003#
DEVICE,1648187141592,1648187143053,4,1648187143053,53,5,10,0,0,0,ELT003#
DEVICE,1648187141623,1648187143084,4,1648187143084,55,5,10,0,0,0,ELT003#
DEVICE,1648187141656,1648187143117,4,1648187143117,52,5,10,0,0,0,ELT003#
DEVICE,1648187141687,1648187143148,4,1648187143148,51,5,10,0,0,0,ELT003#
DEVICE,1648187141720,1648187143181,4,1648187143181,52,5,10,0,0,0,ELT003#
DEVICE,1648187141751,1648187143212,4,1648187143212,53,5,10,0,0,0,ELT003#
DEVICE,1648187141784,1648187143245,4,1648187143245,52,5,10,0,0,0,ELT003#
DEVICE,1648187141816,1648187143277,4,1648187143277,51,5,10,0,0,0,ELT003#
DEVICE,1648187141848,1648187143309,4,1648187143309,54,5,10,0,0,0,ELT003#
DEVICE,1648187141879,1648187143340,4,1648187143340,54,5,10,0,0,0,ELT003#
DEVICE,1648187141911,1648187143372,4,1648187143372,55,5,10,0,0,0,ELT003#
DEVICE,1648187141944,1648187143405,4,1648187143405,53,5,10,0,0,0,ELT003#
DEVICE,1648187141975,1648187143436,4,1648187143436,55,5,10,0,0,0,ELT003#
DEVICE,1648187142007,1648187143468,4,1648187143468,52,5,10,0,0,0,ELT003#
DEVICE,1648187142039,1648187143500,4,1648187143500,53,5,10,0,0,0,ELT003#
DEVICE,1648187142071,1648187143532,4,1648187143532,53,5,10,0,0,0,ELT003#
DEVICE,1648187142103,1648187143564,4,1648187143564,54,5,10,0,0,0,ELT003#
DEVICE,1648187142135,1648187143596,4,1648187143596,52,5,10,0,0,0,ELT003#
DEVICE,1648187142167,1648187143628,4,1648187143628,51,5,10,0,0,0,ELT003#
DEVICE,1648187142199,1648187143660,4,1648187143660,52,5,10,0,0,0,ELT003#
DEVICE,1648187142231,1648187143692,4,1648187143692,52,5,10,0,0,0,ELT003#
DEVICE,1648187142263,1648187143724,4,1648187143724,52,5,10,0,0,0,ELT003#
DEVICE,1648187142295,1648187143756,4,1648187143756,52,5,10,0,0,0,ELT003#
DEVICE,1648187142327,1648187143788,4,1648187143788,54,5,10,0,0,0,ELT003#
DEVICE,1648187142359,1648187143820,4,1648187143820,52,5,10,0,0,0,ELT003#
DEVICE,1648187142391,1648187143852,4,1648187143852,54,5,10,0,0,0,ELT003#
DEVICE,1648187142423,1648187143884,4,1648187143884,53,5,10,0,0,0,ELT003#
DEVICE,1648187142455,1648187143916,4,1648187143916,55,5,10,0,0,0,ELT003#
DEVICE,1648187142487,1648187143948,4,1648187143948,53,5,10,0,0,0,ELT003#
DEVICE,1648187142519,1648187143980,4,1648187143980,51,5,10,0,0,0,ELT003#
DEVICE,1648187142551,1648187144012,4,1648187144012,53,5,10,0,0,0,ELT003#
DEVICE,1648187142583,1648187144044,4,1648187144044,55,5,10,0,0,0,ELT003#
DEVICE,1648187142615,1648187144076,4,1648187144076,51,5,10,0,0,0,ELT003#
DEVICE,1648187142631,1648187144092,4,1648187144092,55,5,10,0,0,0,ELT003#
DEVICE,1648187142663,1648187144124,4,1648187144124,52,5,10,0,0,0,ELT003#
DEVICE,1648187142695,1648187144156,4,1648187144156,52,5,10,0,0,0,ELT003#
DEVICE,1648187142727,1648187144188,4,1648187144188,53,5,10,0,0,0,ELT003#
DEVICE,1648187142759,1648187144220,4,1648187144220,52,5,10,0,0,0,ELT003#
DEVICE,1648187142791,1648187144252,4,1648187144252,53,5,10,0,0,0,ELT003#
DEVICE,1648187142823,1648187144284,4,1648187144284,54,5,10,0,0,0,ELT003#
DEVICE,1648187142855,1648187144316,4,1648187144316,53,5,10,0,0,0,ELT003#
DEVICE,1648187142887,1648187144348,4,1648187144348,54,5,10,0,0,0,ELT003#
DEVICE,1648187142919,1648187144380,4,1648187144380,54,5,10,0,0,0,ELT003#
DEVICE,1648187142951,1648187144412,4,1648187144412,51,5,10,0,0,0,ELT003#
DEVICE,1648187142983,1648187144444,4,1648187144444,53,5,10,0,0,0,ELT003#
DEVICE,1648187143015,1648187144476,4,1648187144476,53,5,10,0,0,0,ELT003#
DEVICE,1648187143047,1648187144508,4,1648187144508,52,5,10,0,0,0,ELT003#
DEVICE,1648187143079,1648187144540,4,1648187144540,53,5,10,0,0,0,ELT003#
DEVICE,1648187143148,1648187144609,4,1648187144609,53,5,10,0,0,0,ELT003#
DEVICE,1648187143164,1648187144625,4,1648187144625,52,5,10,0,0,0,ELT003#
DEVICE,1648187143179,1648187144640,4,1648187144640,52,5,10,0,0,0,ELT003#
DEVICE,1648187143244,1648187144705,4,1648187144705,53,5,10,0,0,0,ELT003#
DEVICE,1648187143255,1648187144716,4,1648187144716,53,5,10,0,0,0,ELT003#
DEVICE,1648187143270,1648187144731,4,1648187144731,52,5,10,0,0,0,ELT003#
DEVICE,1648187143303,1648187144764,4,1648187144764,51,5,10,0,0,0,ELT003#
DEVICE,1648187143335,1648187144796,4,1648187144796,55,5,10,0,0,0,ELT003#
DEVICE,1648187143367,1648187144828,4,1648187144828,52,5,10,0,0,0,ELT003#
DEVICE,1648187143398,1648187144859,4,1648187144859,53,5,10,0,0,0,ELT003#
DEVICE,1648187143431,1648187144892,4,1648187144892,55,5,10,0,0,0,ELT003#
DEVICE,1648187143462,1648187144923,4,1648187144923,52,5,10,0,0,0,ELT003#
DEVICE,1648187143495,1648187144956,4,1648187144956,53,5,10,0,0,0,ELT003#
DEVICE,1648187143527,1648187144988,4,1648187144988,53,5,10,0,0,0,ELT003#
DEVICE,1648187143560,1648187145021,4,1648187145021,54,5,10,0,0,0,ELT003#
DEVICE,1648187143590,1648187145051,4,1648187145051,51,5,10,0,0,0,ELT003#
DEVICE,1648187143623,1648187145084,4,1648187145084,52,5,10,0,0,0,ELT003#
DEVICE,1648187143654,1648187145115,4,1648187145115,52,5,10,0,0,0,ELT003#
DEVICE,1648187143687,1648187145148,4,1648187145148,52,5,10,0,0,0,ELT003#
DEVICE,1648187143718,1648187145179,4,1648187145179,52,5,10,0,0,0,ELT003#
DEVICE,1648187143751,1648187145212,4,1648187145212,54,5,10,0,0,0,ELT003#
DEVICE,1648187143783,1648187145244,4,1648187145244,52,5,10,0,0,0,ELT003#
DEVICE,1648187143814,1648187145275,4,1648187145275,54,5,10,0,0,0,ELT003#
DEVICE,1648187143846,1648187145307,4,1648187145307,53,5,10,0,0,0,ELT003#
DEVICE,1648187143878,1648187145339,4,1648187145339,55,5,10,0,0,0,ELT003#
DEVICE,1648187143911,1648187145372,4,1648187145372,52,5,10,0,0,0,ELT003#
DEVICE,1648187143943,1648187145404,4,1648187145404,55,5,10,0,0,0,ELT003#
DEVICE,1648187143975,1648187145436,4,1648187145436,53,5,10,0,0,0,ELT003#
DEVICE,1648187144006,1648187145467,4,1648187145467,54,5,10,0,0,0,ELT003#
DEVICE,1648187144038,1648187145499,4,1648187145499,53,5,10,0,0,0,ELT003#
DEVICE,1648187144070,1648187145531,4,1648187145531,51,5,10,0,0,0,ELT003#
DEVICE,1648187144103,1648187145564,4,1648187145564,53,5,10,0,0,0,ELT003#
DEVICE,1648187144134,1648187145595,4,1648187145595,53,5,10,0,0,0,ELT003#
DEVICE,1648187144166,1648187145627,4,1648187145627,56,5,10,0,0,0,ELT003#
DEVICE,1648187144198,1648187145659,4,1648187145659,52,5,10,0,0,0,ELT003#
DEVICE,1648187144230,1648187145691,4,1648187145691,54,5,10,0,0,0,ELT003#
DEVICE,1648187144262,1648187145723,4,1648187145723,53,5,10,0,0,0,ELT003#
DEVICE,1648187144294,1648187145755,4,1648187145755,54,5,10,0,0,0,ELT003#
DEVICE,1648187144326,1648187145787,4,1648187145787,50,5,10,0,0,0,ELT003#
DEVICE,1648187144357,1648187145818,4,1648187145818,51,5,10,0,0,0,ELT003#
DEVICE,1648187144390,1648187145851,4,1648187145851,51,5,10,0,0,0,ELT003#
DEVICE,1648187144406,1648187145867,4,1648187145867,53,5,10,0,0,0,ELT003#
DEVICE,1648187144453,1648187145914,4,1648187145914,52,5,10,0,0,0,ELT003#
DEVICE,1648187144470,1648187145931,4,1648187145931,52,5,10,0,0,0,ELT003#
DEVICE,1648187144502,1648187145963,4,1648187145963,52,5,10,0,0,0,ELT003#
DEVICE,1648187144534,1648187145995,4,1648187145995,54,5,10,0,0,0,ELT003#
DEVICE,1648187144566,1648187146027,4,1648187146027,54,5,10,0,0,0,ELT003#
DEVICE,1648187144598,1648187146059,4,1648187146059,53,5,10,0,0,0,ELT003#
DEVICE,1648187144630,1648187146091,4,1648187146091,53,5,10,0,0,0,ELT003#
DEVICE,1648187144662,1648187146123,4,1648187146123,54,5,10,0,0,0,ELT003#
DEVICE,1648187144694,1648187146155,4,1648187146155,53,5,10,0,0,0,ELT003#
DEVICE,1648187144727,1648187146188,4,1648187146188,53,5,10,0,0,0,ELT003#
DEVICE,1648187144758,1648187146219,4,1648187146219,53,5,10,0,0,0,ELT003#
DEVICE,1648187144790,1648187146251,4,1648187146251,52,5,10,0,0,0,ELT003#
DEVICE,1648187144822,1648187146283,4,1648187146283,54,5,10,0,0,0,ELT003#
DEVICE,1648187144854,1648187146315,4,1648187146315,53,5,10,0,0,0,ELT003#
DEVICE,1648187144886,1648187146347,4,1648187146347,51,5,10,0,0,0,ELT003#
DEVICE,1648187144918,1648187146379,4,1648187146379,53,5,10,0,0,0,ELT003#
DEVICE,1648187144950,1648187146411,4,1648187146411,52,5,10,0,0,0,ELT003#
DEVICE,1648187144981,1648187146442,4,1648187146442,55,5,10,0,0,0,ELT003#
DEVICE,1648187145014,1648187146475,4,1648187146475,53,5,10,0,0,0,ELT003#
DEVICE,1648187145046,1648187146507,4,1648187146507,52,5,10,0,0,0,ELT003#
DEVICE,1648187145078,1648187146539,4,1648187146539,52,5,10,0,0,0,ELT003#
DEVICE,1648187145110,1648187146571,4,1648187146571,52,5,10,0,0,0,ELT003#
DEVICE,1648187145142,1648187146603,4,1648187146603,53,5,10,0,0,0,ELT003#
DEVICE,1648187145174,1648187146635,4,1648187146635,52,5,10,0,0,0,ELT003#
DEVICE,1648187145206,1648187146667,4,1648187146667,53,5,10,0,0,0,ELT003#
DEVICE,1648187145238,1648187146699,4,1648187146699,51,5,10,0,0,0,ELT003#
DEVICE,1648187145270,1648187146731,4,1648187146731,55,5,10,0,0,0,ELT003#
DEVICE,1648187145302,1648187146763,4,1648187146763,52,5,10,0,0,0,ELT003#
DEVICE,1648187145334,1648187146795,4,1648187146795,51,5,10,0,0,0,ELT003#
DEVICE,1648187145366,1648187146827,4,1648187146827,54,5,10,0,0,0,ELT003#
DEVICE,1648187145398,1648187146859,4,1648187146859,52,5,10,0,0,0,ELT003#
DEVICE,1648187145429,1648187146890,4,1648187146890,52,5,10,0,0,0,ELT003#
DEVICE,1648187145461,1648187146922,4,1648187146922,53,5,10,0,0,0,ELT003#
DEVICE,1648187145494,1648187146955,4,1648187146955,54,5,10,0,0,0,ELT003#
DEVICE,1648187145526,1648187146987,4,1648187146987,54,5,10,0,0,0,ELT003#
DEVICE,1648187145557,1648187147018,4,1648187147018,55,5,10,0,0,0,ELT003#
DEVICE,1648187145595,1648187147056,4,1648187147056,53,5,10,0,0,0,ELT003#
DEVICE,1648187145622,1648187147083,4,1648187147083,53,5,10,0,0,0,ELT003#
DEVICE,1648187145654,1648187147115,4,1648187147115,53,5,10,0,0,0,ELT003#
DEVICE,1648187145685,1648187147146,4,1648187147146,53,5,10,0,0,0,ELT003#
DEVICE,1648187145717,1648187147178,4,1648187147178,53,5,10,0,0,0,ELT003#
DEVICE,1648187145749,1648187147210,4,1648187147210,55,5,10,0,0,0,ELT003#
DEVICE,1648187145782,1648187147243,4,1648187147243,53,5,10,0,0,0,ELT003#
DEVICE,1648187145813,1648187147274,4,1648187147274,52,5,10,0,0,0,ELT003#
DEVICE,1648187145845,1648187147306,4,1648187147306,53,5,10,0,0,0,ELT003#
DEVICE,1648187145878,1648187147339,4,1648187147339,53,5,10,0,0,0,ELT003#
DEVICE,1648187145910,1648187147371,4,1648187147371,53,5,10,0,0,0,ELT003#
DEVICE,1648187145941,1648187147402,4,1648187147402,52,5,10,0,0,0,ELT003#
DEVICE,1648187145973,1648187147434,4,1648187147434,54,5,10,0,0,0,ELT003#
DEVICE,1648187146006,1648187147467,4,1648187147467,52,5,10,0,0,0,ELT003#
DEVICE,1648187146037,1648187147498,4,1648187147498,53,5,10,0,0,0,ELT003#
DEVICE,1648187146070,1648187147531,4,1648187147531,51,5,10,0,0,0,ELT003#
DEVICE,1648187146101,1648187147562,4,1648187147562,54,5,10,0,0,0,ELT003#
DEVICE,1648187146133,1648187147594,4,1648187147594,56,5,10,0,0,0,ELT003#
DEVICE,1648187146165,1648187147626,4,1648187147626,52,5,10,0,0,0,ELT003#
DEVICE,1648187146197,1648187147658,4,1648187147658,52,5,10,0,0,0,ELT003#
DEVICE,1648187146213,1648187147674,4,1648187147674,53,5,10,0,0,0,ELT003#
DEVICE,1648187146245,1648187147706,4,1648187147706,53,5,10,0,0,0,ELT003#
DEVICE,1648187146277,1648187147738,4,1648187147738,55,5,10,0,0,0,ELT003#
DEVICE,1648187146309,1648187147770,4,1648187147770,55,5,10,0,0,0,ELT003#
DEVICE,1648187146341,1648187147802,4,1648187147802,52,5,10,0,0,0,ELT003#
DEVICE,1648187146373,1648187147834,4,1648187147834,51,5,10,0,0,0,ELT003#
DEVICE,1648187146405,1648187147866,4,1648187147866,51,5,10,0,0,0,ELT003#
DEVICE,1648187146437,1648187147898,4,1648187147898,53,5,10,0,0,0,ELT003#
DEVICE,1648187146470,1648187147931,4,1648187147931,51,5,10,0,0,0,ELT003#
DEVICE,1648187146501,1648187147962,4,1648187147962,51,5,10,0,0,0,ELT003#
DEVICE,1648187146533,1648187147994,4,1648187147994,54,5,10,0,0,0,ELT003#
DEVICE,1648187146565,1648187148026,4,1648187148026,53,5,10,0,0,0,ELT003#
DEVICE,1648187146598,1648187148059,4,1648187148059,53,5,10,0,0,0,ELT003#
DEVICE,1648187146629,1648187148090,4,1648187148090,53,5,10,0,0,0,ELT003#
DEVICE,1648187146661,1648187148122,4,1648187148122,51,5,10,0,0,0,ELT003#
DEVICE,1648187146693,1648187148154,4,1648187148154,52,5,10,0,0,0,ELT003#
DEVICE,1648187146725,1648187148186,4,1648187148186,56,5,10,0,0,0,ELT003#
DEVICE,1648187146757,1648187148218,4,1648187148218,51,5,10,0,0,0,ELT003#
DEVICE,1648187146789,1648187148250,4,1648187148250,53,5,10,0,0,0,ELT003#
DEVICE,1648187146821,1648187148282,4,1648187148282,53,5,10,0,0,0,ELT003#
DEVICE,1648187146853,1648187148314,4,1648187148314,54,5,10,0,0,0,ELT003#
DEVICE,1648187146885,1648187148346,4,1648187148346,52,5,10,0,0,0,ELT003#
DEVICE,1648187146917,1648187148378,4,1648187148378,53,5,10,0,0,0,ELT003#
DEVICE,1648187146949,1648187148410,4,1648187148410,55,5,10,0,0,0,ELT003#
DEVICE,1648187146981,1648187148442,4,1648187148442,52,5,10,0,0,0,ELT003#
DEVICE,1648187147013,1648187148474,4,1648187148474,53,5,10,0,0,0,ELT003#
DEVICE,1648187147045,1648187148506,4,1648187148506,51,5,10,0,0,0,ELT003#
DEVICE,1648187147077,1648187148538,4,1648187148538,52,5,10,0,0,0,ELT003#
