DeviceName,PTPTime,UnixTime,protocool,CurrentDeviceTime,DistanceMM,DistanceCM,Weight,Count,DistanceADC,WeightADC,DeviceName(Current)
DEVICE,1648114461968,1648114462542,4,1648114462542,56,5,0,0,0,0
DEVICE,1648114462000,1648114462574,4,1648114462574,58,5,5,0,0,0
DEVICE,1648114462033,1648114462607,4,1648114462607,56,5,5,0,0,0
DEVICE,1648114462065,1648114462639,4,1648114462639,55,5,5,0,0,0
DEVICE,1648114462096,1648114462670,4,1648114462670,55,5,5,0,0,0
DEVICE,1648114462129,1648114462703,4,1648114462703,58,5,5,0,0,0
DEVICE,1648114462160,1648114462734,4,1648114462734,56,5,5,0,0,0
DEVICE,1648114462192,1648114462766,4,1648114462766,56,5,5,0,0,0
DEVICE,1648114462225,1648114462799,4,1648114462799,54,5,5,0,0,-831
DEVICE,1648114462257,1648114462831,4,1648114462831,56,5,5,0,0,-3327
DEVICE,1648114462287,1648114462861,4,1648114462861,55,5,5,0,0,-7489
DEVICE,1648114462320,1648114462894,4,1648114462894,56,5,5,0,0,-12487
DEVICE,1648114462351,1648114462925,4,1648114462925,55,5,5,0,0,-17487
DEVICE,1648114462383,1648114462957,4,1648114462957,54,5,5,0,0,-22487
DEVICE,1648114462416,1648114462990,4,1648114462990,55,5,5,0,0,-27489
DEVICE,1648114462448,1648114463022,4,1648114463022,54,5,5,0,0,-32493
DEVICE,1648114462479,1648114463053,4,1648114463053,53,5,5,0,0,28872
DEVICE,1648114462511,1648114463085,4,1648114463085,56,5,5,0,0,26368
DEVICE,1648114462543,1648114463117,4,1648114463117,53,5,5,0,0,25528
DEVICE,1648114462575,1648114463149,4,1648114463149,53,5,5,0,0,25520
DEVICE,1648114462608,1648114463182,4,1648114463182,53,5,5,0,0,25514
DEVICE,1648114462639,1648114463213,4,1648114463213,56,5,5,0,0,25511
DEVICE,1648114462672,1648114463246,4,1648114463246,56,5,5,0,0,25509
DEVICE,1648114462704,1648114463278,4,1648114463278,54,5,5,0,0,25505
DEVICE,1648114462736,1648114463310,4,1648114463310,55,5,5,0,0,25501
DEVICE,1648114462767,1648114463341,4,1648114463341,55,5,5,0,0,25497
DEVICE,1648114462799,1648114463373,4,1648114463373,54,5,5,0,0,25489
DEVICE,1648114462831,1648114463405,4,1648114463405,55,5,5,0,0,25476
DEVICE,1648114462863,1648114463437,4,1648114463437,53,5,5,0,0,25464
DEVICE,1648114462895,1648114463469,4,1648114463469,59,5,5,0,0,25457
DEVICE,1648114462927,1648114463501,4,1648114463501,55,5,5,0,0,25455
DEVICE,1648114462959,1648114463533,4,1648114463533,53,5,5,0,0,25455
DEVICE,1648114462991,1648114463565,4,1648114463565,55,5,5,0,0,25455
DEVICE,1648114463023,1648114463597,4,1648114463597,53,5,5,0,0,25457
DEVICE,1648114463055,1648114463629,4,1648114463629,55,5,5,0,0,25459
DEVICE,1648114463086,1648114463660,4,1648114463660,55,5,5,0,0,25461
DEVICE,1648114463120,1648114463694,4,1648114463694,59,5,5,0,0,25461
DEVICE,1648114463151,1648114463725,4,1648114463725,54,5,5,0,0,25461
DEVICE,1648114463183,1648114463757,4,1648114463757,56,5,5,0,0,25464
DEVICE,1648114463215,1648114463789,4,1648114463789,53,5,5,0,0,25466
DEVICE,1648114463247,1648114463821,4,1648114463821,57,5,5,0,0,25468
DEVICE,1648114463278,1648114463852,4,1648114463852,53,5,5,0,0,25468
DEVICE,1648114463310,1648114463884,4,1648114463884,55,5,5,0,0,25468
DEVICE,1648114463342,1648114463916,4,1648114463916,54,5,5,0,0,25468
DEVICE,1648114463374,1648114463948,4,1648114463948,54,5,5,0,0,25466
DEVICE,1648114463406,1648114463980,4,1648114463980,54,5,5,0,0,25464
DEVICE,1648114463438,1648114464012,4,1648114464012,52,5,5,0,0,25461
DEVICE,1648114463470,1648114464044,4,1648114464044,55,5,5,0,0,25461
DEVICE,1648114463503,1648114464077,4,1648114464077,55,5,5,0,0,25459
DEVICE,1648114463535,1648114464109,4,1648114464109,55,5,5,0,0,25455
DEVICE,1648114463566,1648114464140,4,1648114464140,55,5,5,0,0,25451
DEVICE,1648114463598,1648114464172,4,1648114464172,53,5,5,0,0,25449
DEVICE,1648114463630,1648114464204,4,1648114464204,56,5,5,0,0,25449
DEVICE,1648114463662,1648114464236,4,1648114464236,54,5,5,0,0,25449
DEVICE,1648114463694,1648114464268,4,1648114464268,57,5,5,0,0,25449
DEVICE,1648114463726,1648114464300,4,1648114464300,56,5,5,0,0,25451
DEVICE,1648114463758,1648114464332,4,1648114464332,56,5,5,0,0,25455
DEVICE,1648114463790,1648114464364,4,1648114464364,54,5,5,0,0,25459
DEVICE,1648114463822,1648114464396,4,1648114464396,55,5,5,0,0,25466
DEVICE,1648114463854,1648114464428,4,1648114464428,57,5,5,0,0,25476
DEVICE,1648114463886,1648114464460,4,1648114464460,54,5,5,0,0,25486
DEVICE,1648114463918,1648114464492,4,1648114464492,53,5,5,0,0,25495
DEVICE,1648114463950,1648114464524,4,1648114464524,56,5,5,0,0,25499
DEVICE,1648114463982,1648114464556,4,1648114464556,56,5,5,0,0,25505
DEVICE,1648114464014,1648114464588,4,1648114464588,55,5,5,0,0,25509
DEVICE,1648114464046,1648114464620,4,1648114464620,55,5,5,0,0,25509
DEVICE,1648114464078,1648114464652,4,1648114464652,55,5,5,0,0,25509
DEVICE,1648114464110,1648114464684,4,1648114464684,55,5,5,0,0,25507
DEVICE,1648114464142,1648114464716,4,1648114464716,57,5,5,0,0,25507
DEVICE,1648114464173,1648114464747,4,1648114464747,59,5,5,0,0,25507
DEVICE,1648114464205,1648114464779,4,1648114464779,57,5,5,0,0,25509
DEVICE,1648114464237,1648114464811,4,1648114464811,57,5,5,0,0,25514
DEVICE,1648114464270,1648114464844,4,1648114464844,54,5,5,0,0,25518
DEVICE,1648114464302,1648114464876,4,1648114464876,54,5,5,0,0,25534
DEVICE,1648114464334,1648114464908,4,1648114464908,57,5,5,0,0,25570
DEVICE,1648114464366,1648114464940,4,1648114464940,53,5,5,0,0,25624
DEVICE,1648114464397,1648114464971,4,1648114464971,56,5,5,0,0,25689
DEVICE,1648114464429,1648114465003,4,1648114465003,54,5,5,0,0,25757
DEVICE,1648114464461,1648114465035,4,1648114465035,55,5,5,0,0,25826
DEVICE,1648114464493,1648114465067,4,1648114465067,58,5,5,0,0,25899
DEVICE,1648114464525,1648114465099,4,1648114465099,57,5,5,0,0,25970
DEVICE,1648114464557,1648114465131,4,1648114465131,54,5,5,0,0,26032
DEVICE,1648114464589,1648114465163,4,1648114465163,52,5,5,0,0,26070
DEVICE,1648114464621,1648114465195,4,1648114465195,55,5,5,0,0,26084
DEVICE,1648114464653,1648114465227,4,1648114465227,53,5,5,0,0,26086
DEVICE,1648114464685,1648114465259,4,1648114465259,59,5,5,0,0,26086
DEVICE,1648114464717,1648114465291,4,1648114465291,58,5,5,0,0,26086
DEVICE,1648114464749,1648114465323,4,1648114465323,53,5,5,0,0,26080
DEVICE,1648114464781,1648114465355,4,1648114465355,57,5,5,0,0,26072
DEVICE,1648114464813,1648114465387,4,1648114465387,56,5,5,0,0,26059
DEVICE,1648114464845,1648114465419,4,1648114465419,56,5,5,0,0,26049
DEVICE,1648114464877,1648114465451,4,1648114465451,55,5,5,0,0,26034
DEVICE,1648114464908,1648114465482,4,1648114465482,53,5,5,0,0,26014
DEVICE,1648114464941,1648114465515,4,1648114465515,53,5,5,0,0,25989
DEVICE,1648114464973,1648114465547,4,1648114465547,58,5,5,0,0,25961
DEVICE,1648114465005,1648114465579,4,1648114465579,54,5,5,0,0,25939
DEVICE,1648114465036,1648114465610,4,1648114465610,55,5,5,0,0,25922
DEVICE,1648114465068,1648114465642,4,1648114465642,54,5,5,0,0,25911
DEVICE,1648114465100,1648114465674,4,1648114465674,53,5,5,0,0,25903
DEVICE,1648114465133,1648114465707,4,1648114465707,56,5,5,0,0,25893
DEVICE,1648114465165,1648114465739,4,1648114465739,55,5,5,0,0,25880
DEVICE,1648114465196,1648114465770,4,1648114465770,58,5,5,0,0,25870
DEVICE,1648114465228,1648114465802,4,1648114465802,54,5,5,0,0,25859
DEVICE,1648114465260,1648114465834,4,1648114465834,56,5,5,0,0,25847
DEVICE,1648114465292,1648114465866,4,1648114465866,54,5,5,0,0,25834
DEVICE,1648114465324,1648114465898,4,1648114465898,54,5,5,0,0,25820
DEVICE,1648114465356,1648114465930,4,1648114465930,57,5,5,0,0,25801
DEVICE,1648114465388,1648114465962,4,1648114465962,54,5,5,0,0,25778
DEVICE,1648114465420,1648114465994,4,1648114465994,52,5,5,0,0,25757
DEVICE,1648114465452,1648114466026,4,1648114466026,56,5,5,0,0,25743
DEVICE,1648114465484,1648114466058,4,1648114466058,56,5,5,0,0,25730
DEVICE,1648114465516,1648114466090,4,1648114466090,56,5,5,0,0,25720
DEVICE,1648114465548,1648114466122,4,1648114466122,56,5,5,0,0,25714
DEVICE,1648114465580,1648114466154,4,1648114466154,54,5,5,0,0,25711
DEVICE,1648114465612,1648114466186,4,1648114466186,57,5,5,0,0,25711
DEVICE,1648114465644,1648114466218,4,1648114466218,56,5,5,0,0,25711
DEVICE,1648114465676,1648114466250,4,1648114466250,57,5,5,0,0,25714
DEVICE,1648114465708,1648114466282,4,1648114466282,55,5,5,0,0,25718
DEVICE,1648114465740,1648114466314,4,1648114466314,56,5,5,0,0,25724
DEVICE,1648114465772,1648114466346,4,1648114466346,55,5,5,0,0,25730
DEVICE,1648114465803,1648114466377,4,1648114466377,55,5,5,0,0,25736
DEVICE,1648114465836,1648114466410,4,1648114466410,56,5,5,0,0,25743
DEVICE,1648114465868,1648114466442,4,1648114466442,56,5,5,0,0,25747
DEVICE,1648114465900,1648114466474,4,1648114466474,54,5,5,0,0,25749
DEVICE,1648114465932,1648114466506,4,1648114466506,57,5,5,0,0,25749
DEVICE,1648114465964,1648114466538,4,1648114466538,58,5,5,0,0,25749
DEVICE,1648114465996,1648114466570,4,1648114466570,56,5,5,0,0,25749
DEVICE,1648114466028,1648114466602,4,1648114466602,56,5,5,0,0,25747
DEVICE,1648114466060,1648114466634,4,1648114466634,55,5,5,0,0,25739
DEVICE,1648114466092,1648114466666,4,1648114466666,58,5,5,0,0,25724
DEVICE,1648114466123,1648114466697,4,1648114466697,57,5,5,0,0,25707
DEVICE,1648114466155,1648114466729,4,1648114466729,55,5,5,0,0,25695
DEVICE,1648114466187,1648114466761,4,1648114466761,56,5,5,0,0,25686
DEVICE,1648114466219,1648114466793,4,1648114466793,55,5,5,0,0,25678
DEVICE,1648114466251,1648114466825,4,1648114466825,55,5,5,0,0,25672
DEVICE,1648114466284,1648114466858,4,1648114466858,55,5,5,0,0,25668
DEVICE,1648114466315,1648114466889,4,1648114466889,56,5,5,0,0,25668
DEVICE,1648114466348,1648114466922,4,1648114466922,53,5,5,0,0,25670
DEVICE,1648114466380,1648114466954,4,1648114466954,55,5,5,0,0,25672
DEVICE,1648114466411,1648114466985,4,1648114466985,59,5,5,0,0,25674
DEVICE,1648114466443,1648114467017,4,1648114467017,53,5,5,0,0,25674
DEVICE,1648114466475,1648114467049,4,1648114467049,56,5,5,0,0,25674
DEVICE,1648114466507,1648114467081,4,1648114467081,53,5,5,0,0,25674
DEVICE,1648114466539,1648114467113,4,1648114467113,55,5,5,0,0,25674
DEVICE,1648114466571,1648114467145,4,1648114467145,57,5,5,0,0,25672
DEVICE,1648114466603,1648114467177,4,1648114467177,55,5,5,0,0,25668
DEVICE,1648114466635,1648114467209,4,1648114467209,55,5,5,0,0,25664
DEVICE,1648114466667,1648114467241,4,1648114467241,56,5,5,0,0,25661
DEVICE,1648114466699,1648114467273,4,1648114467273,55,5,5,0,0,25661
DEVICE,1648114466731,1648114467305,4,1648114467305,55,5,5,0,0,25661
DEVICE,1648114466763,1648114467337,4,1648114467337,55,5,5,0,0,25661
DEVICE,1648114466795,1648114467369,4,1648114467369,57,5,5,0,0,25661
DEVICE,1648114466827,1648114467401,4,1648114467401,57,5,5,0,0,25661
DEVICE,1648114466859,1648114467433,4,1648114467433,57,5,5,0,0,25664
DEVICE,1648114466891,1648114467465,4,1648114467465,57,5,5,0,0,25670
DEVICE,1648114466923,1648114467497,4,1648114467497,54,5,5,0,0,25680
DEVICE,1648114466955,1648114467529,4,1648114467529,58,5,5,0,0,25691
DEVICE,1648114466987,1648114467561,4,1648114467561,56,5,5,0,0,25699
DEVICE,1648114467020,1648114467594,4,1648114467594,55,5,5,0,0,25705
DEVICE,1648114467051,1648114467625,4,1648114467625,55,5,5,0,0,25709
DEVICE,1648114467083,1648114467657,4,1648114467657,55,5,5,0,0,25711
DEVICE,1648114467115,1648114467689,4,1648114467689,56,5,5,0,0,25714
DEVICE,1648114467210,1648114467784,4,1648114467784,55,5,5,0,0,25734
DEVICE,1648114467147,1648114467721,4,1648114467721,56,5,5,0,0,25720
DEVICE,1648114467179,1648114467753,4,1648114467753,55,5,5,0,0,25728
DEVICE,1648114467242,1648114467816,4,1648114467816,56,5,5,0,0,25736
DEVICE,1648114467275,1648114467849,4,1648114467849,56,5,5,0,0,25736
DEVICE,1648114467306,1648114467880,4,1648114467880,54,5,5,0,0,25736
DEVICE,1648114467338,1648114467912,4,1648114467912,57,5,5,0,0,25736
DEVICE,1648114467370,1648114467944,4,1648114467944,54,5,5,0,0,25736
DEVICE,1648114467403,1648114467977,4,1648114467977,56,5,5,0,0,25734
DEVICE,1648114467435,1648114468009,4,1648114468009,54,5,5,0,0,25728
DEVICE,1648114467467,1648114468041,4,1648114468041,56,5,5,0,0,25720
DEVICE,1648114467498,1648114468072,4,1648114468072,58,5,5,0,0,25711
DEVICE,1648114467530,1648114468104,4,1648114468104,56,5,5,0,0,25703
DEVICE,1648114467562,1648114468136,4,1648114468136,58,5,5,0,0,25695
DEVICE,1648114467594,1648114468168,4,1648114468168,56,5,5,0,0,25689
DEVICE,1648114467626,1648114468200,4,1648114468200,55,5,5,0,0,25686
DEVICE,1648114467642,1648114468216,4,1648114468216,56,5,5,0,0,25686
DEVICE,1648114467674,1648114468248,4,1648114468248,58,5,5,0,0,25684
DEVICE,1648114467706,1648114468280,4,1648114468280,56,5,5,0,0,25680
DEVICE,1648114467738,1648114468312,4,1648114468312,55,5,5,0,0,25676
DEVICE,1648114467786,1648114468360,4,1648114468360,55,5,5,0,0,25672
DEVICE,1648114467818,1648114468392,4,1648114468392,55,5,5,0,0,25668
DEVICE,1648114467850,1648114468424,4,1648114468424,55,5,5,0,0,25664
DEVICE,1648114467882,1648114468456,4,1648114468456,57,5,5,0,0,25659
DEVICE,1648114467898,1648114468472,4,1648114468472,57,5,5,0,0,25653
DEVICE,1648114467930,1648114468504,4,1648114468504,55,5,5,0,0,25645
DEVICE,1648114467962,1648114468536,4,1648114468536,56,5,5,0,0,25636
DEVICE,1648114467994,1648114468568,4,1648114468568,57,5,5,0,0,25630
DEVICE,1648114468026,1648114468600,4,1648114468600,56,5,5,0,0,25626
DEVICE,1648114468058,1648114468632,4,1648114468632,54,5,5,0,0,25624
DEVICE,1648114468106,1648114468680,4,1648114468680,57,5,5,0,0,25624
DEVICE,1648114468122,1648114468696,4,1648114468696,55,5,5,0,0,25626
DEVICE,1648114468154,1648114468728,4,1648114468728,57,5,5,0,0,25630
DEVICE,1648114468186,1648114468760,4,1648114468760,56,5,5,0,0,25636
DEVICE,1648114468218,1648114468792,4,1648114468792,60,6,5,0,0,25643
DEVICE,1648114468250,1648114468824,4,1648114468824,58,5,5,0,0,25651
DEVICE,1648114468282,1648114468856,4,1648114468856,55,5,5,0,0,25661
DEVICE,1648114468314,1648114468888,4,1648114468888,54,5,5,0,0,25670
DEVICE,1648114468346,1648114468920,4,1648114468920,58,5,5,0,0,25674
DEVICE,1648114468377,1648114468951,4,1648114468951,56,5,5,0,0,25674
DEVICE,1648114468409,1648114468983,4,1648114468983,57,5,5,0,0,25674
DEVICE,1648114468441,1648114469015,4,1648114469015,54,5,5,0,0,25674
DEVICE,1648114468473,1648114469047,4,1648114469047,56,5,5,0,0,25674
DEVICE,1648114468505,1648114469079,4,1648114469079,56,5,5,0,0,25674
DEVICE,1648114468537,1648114469111,4,1648114469111,55,5,5,0,0,25674
DEVICE,1648114468569,1648114469143,4,1648114469143,58,5,5,0,0,25674
DEVICE,1648114468602,1648114469176,4,1648114469176,56,5,5,0,0,25674
DEVICE,1648114468634,1648114469208,4,1648114469208,59,5,5,0,0,25672
DEVICE,1648114468666,1648114469240,4,1648114469240,55,5,5,0,0,25668
DEVICE,1648114468697,1648114469271,4,1648114469271,56,5,5,0,0,25664
DEVICE,1648114468729,1648114469303,4,1648114469303,54,5,5,0,0,25661
DEVICE,1648114468761,1648114469335,4,1648114469335,57,5,5,0,0,25661
DEVICE,1648114468793,1648114469367,4,1648114469367,58,5,5,0,0,25661
DEVICE,1648114468825,1648114469399,4,1648114469399,57,5,5,0,0,25661
DEVICE,1648114468857,1648114469431,4,1648114469431,55,5,5,0,0,25661
DEVICE,1648114468889,1648114469463,4,1648114469463,56,5,5,0,0,25661
DEVICE,1648114468921,1648114469495,4,1648114469495,57,5,5,0,0,25661
DEVICE,1648114468953,1648114469527,4,1648114469527,53,5,5,0,0,25664
DEVICE,1648114468985,1648114469559,4,1648114469559,54,5,5,0,0,25670
DEVICE,1648114469017,1648114469591,4,1648114469591,55,5,5,0,0,25682
DEVICE,1648114469049,1648114469623,4,1648114469623,59,5,5,0,0,25699
DEVICE,1648114469081,1648114469655,4,1648114469655,56,5,5,0,0,25720
DEVICE,1648114469113,1648114469687,4,1648114469687,57,5,5,0,0,25745
DEVICE,1648114469145,1648114469719,4,1648114469719,54,5,5,0,0,25776
DEVICE,1648114469177,1648114469751,4,1648114469751,55,5,5,0,0,25811
DEVICE,1648114469209,1648114469783,4,1648114469783,55,5,5,0,0,25845
DEVICE,1648114469241,1648114469815,4,1648114469815,55,5,5,0,0,25872
DEVICE,1648114469273,1648114469847,4,1648114469847,55,5,5,0,0,25889
DEVICE,1648114469305,1648114469879,4,1648114469879,56,5,5,0,0,25897
DEVICE,1648114469337,1648114469911,4,1648114469911,55,5,5,0,0,25899
DEVICE,1648114469369,1648114469943,4,1648114469943,54,5,5,0,0,25899
DEVICE,1648114469401,1648114469975,4,1648114469975,58,5,5,0,0,25899
DEVICE,1648114469433,1648114470007,4,1648114470007,51,5,5,0,0,25899
DEVICE,1648114469465,1648114470039,4,1648114470039,54,5,5,0,0,25897
DEVICE,1648114469497,1648114470071,4,1648114470071,56,5,5,0,0,25893
DEVICE,1648114469529,1648114470103,4,1648114470103,57,5,5,0,0,25886
DEVICE,1648114469560,1648114470134,4,1648114470134,54,5,5,0,0,25876
DEVICE,1648114469592,1648114470166,4,1648114470166,54,5,5,0,0,25861
DEVICE,1648114469624,1648114470198,4,1648114470198,54,5,5,0,0,25845
DEVICE,1648114469656,1648114470230,4,1648114470230,58,5,5,0,0,25830
DEVICE,1648114469688,1648114470262,4,1648114470262,55,5,5,0,0,25818
DEVICE,1648114469721,1648114470295,4,1648114470295,56,5,5,0,0,25809
DEVICE,1648114469752,1648114470326,4,1648114470326,58,5,5,0,0,25805
DEVICE,1648114469785,1648114470359,4,1648114470359,55,5,5,0,0,25805
DEVICE,1648114469816,1648114470390,4,1648114470390,57,5,5,0,0,25805
DEVICE,1648114469848,1648114470422,4,1648114470422,57,5,5,0,0,25807
DEVICE,1648114469880,1648114470454,4,1648114470454,57,5,5,0,0,25818
DEVICE,1648114469912,1648114470486,4,1648114470486,59,5,5,0,0,25836
DEVICE,1648114469944,1648114470518,4,1648114470518,58,5,5,0,0,25861
DEVICE,1648114469976,1648114470550,4,1648114470550,54,5,5,0,0,25889
DEVICE,1648114470008,1648114470582,4,1648114470582,54,5,5,0,0,25918
DEVICE,1648114470040,1648114470614,4,1648114470614,58,5,5,0,0,25947
DEVICE,1648114470072,1648114470646,4,1648114470646,56,5,5,0,0,25974
DEVICE,1648114470104,1648114470678,4,1648114470678,56,5,5,0,0,25997
DEVICE,1648114470136,1648114470710,4,1648114470710,59,5,5,0,0,26014
DEVICE,1648114470169,1648114470743,4,1648114470743,58,5,5,0,0,26022
DEVICE,1648114470200,1648114470774,4,1648114470774,58,5,5,0,0,26024
DEVICE,1648114470232,1648114470806,4,1648114470806,57,5,5,0,0,26024
DEVICE,1648114470264,1648114470838,4,1648114470838,59,5,5,0,0,26024
DEVICE,1648114470296,1648114470870,4,1648114470870,57,5,5,0,0,26024
DEVICE,1648114470328,1648114470902,4,1648114470902,54,5,5,0,0,26024
DEVICE,1648114470360,1648114470934,4,1648114470934,58,5,5,0,0,26020
DEVICE,1648114470392,1648114470966,4,1648114470966,53,5,5,0,0,26009
DEVICE,1648114470424,1648114470998,4,1648114470998,54,5,5,0,0,25995
DEVICE,1648114470456,1648114471030,4,1648114471030,55,5,5,0,0,25982
DEVICE,1648114470488,1648114471062,4,1648114471062,56,5,5,0,0,25972
DEVICE,1648114470520,1648114471094,4,1648114471094,52,5,5,0,0,25961
DEVICE,1648114470552,1648114471126,4,1648114471126,55,5,5,0,0,25953
DEVICE,1648114470584,1648114471158,4,1648114471158,59,5,5,0,0,25949
DEVICE,1648114470616,1648114471190,4,1648114471190,63,6,5,0,0,25949
DEVICE,1648114470648,1648114471222,4,1648114471222,72,7,5,0,0,25949
DEVICE,1648114470680,1648114471254,4,1648114471254,72,7,5,0,0,25951
DEVICE,1648114470712,1648114471286,4,1648114471286,70,7,5,0,0,25959
DEVICE,1648114470743,1648114471317,4,1648114471317,71,7,5,0,0,25972
DEVICE,1648114470775,1648114471349,4,1648114471349,69,6,5,0,0,25989
DEVICE,1648114470807,1648114471381,4,1648114471381,75,7,5,0,0,26014
DEVICE,1648114470839,1648114471413,4,1648114471413,77,7,5,0,0,26057
DEVICE,1648114470871,1648114471445,4,1648114471445,91,9,5,0,0,26145
DEVICE,1648114470903,1648114471477,4,1648114471477,97,9,5,0,0,26291
DEVICE,1648114470935,1648114471509,4,1648114471509,111,11,5,0,0,26493
DEVICE,1648114470968,1648114471542,4,1648114471542,119,11,5,0,0,26736
DEVICE,1648114471000,1648114471574,4,1648114471574,121,12,5,0,0,27020
DEVICE,1648114471031,1648114471605,4,1648114471605,132,13,5,0,0,27349
DEVICE,1648114471063,1648114471637,4,1648114471637,162,16,5,0,0,27716
DEVICE,1648114471095,1648114471669,4,1648114471669,230,23,5,0,0,28097
DEVICE,1648114471127,1648114471701,4,1648114471701,381,38,5,0,0,28457
DEVICE,1648114471159,1648114471733,4,1648114471733,461,46,5,0,0,28772
DEVICE,1648114471191,1648114471765,4,1648114471765,516,51,5,0,0,29036
DEVICE,1648114471223,1648114471797,4,1648114471797,522,52,5,0,0,29264
DEVICE,1648114471255,1648114471829,4,1648114471829,530,53,5,0,0,29447
DEVICE,1648114471287,1648114471861,4,1648114471861,545,54,5,0,0,29553
DEVICE,1648114471319,1648114471893,4,1648114471893,557,55,5,0,0,29593
DEVICE,1648114471351,1648114471925,4,1648114471925,543,54,5,0,0,29593
DEVICE,1648114471383,1648114471957,4,1648114471957,532,53,5,0,0,29593
DEVICE,1648114471415,1648114471989,4,1648114471989,528,52,5,0,0,29593
DEVICE,1648114471447,1648114472021,4,1648114472021,520,52,5,0,0,29593
DEVICE,1648114471479,1648114472053,4,1648114472053,2000,200,0,0,0,29593
DEVICE,1648114471511,1648114472085,4,1648114472085,19,1,0,1,0,29593
DEVICE,1648114471544,1648114472118,4,1648114472118,38,3,0,1,0,29774
DEVICE,1648114471575,1648114472149,4,1648114472149,55,5,0,1,0,29774
DEVICE,1648114471607,1648114472181,4,1648114472181,58,5,0,1,0,29780
DEVICE,1648114471639,1648114472213,4,1648114472213,56,5,0,1,0,29786
DEVICE,1648114471671,1648114472245,4,1648114472245,48,4,0,1,0,29786
DEVICE,1648114471702,1648114472276,4,1648114472276,41,4,0,1,0,29786
DEVICE,1648114471735,1648114472309,4,1648114472309,39,3,0,1,0,29786
DEVICE,1648114471767,1648114472341,4,1648114472341,93,9,0,1,0,29786
DEVICE,1648114471799,1648114472373,4,1648114472373,524,52,0,1,0,29786
DEVICE,1648114471831,1648114472405,4,1648114472405,530,53,0,1,0,29786
DEVICE,1648114471862,1648114472436,4,1648114472436,521,52,0,1,0,29786
DEVICE,1648114471894,1648114472468,4,1648114472468,522,52,0,1,0,29786
DEVICE,1648114471926,1648114472500,4,1648114472500,537,53,0,1,0,29786
DEVICE,1648114471958,1648114472532,4,1648114472532,564,56,0,1,0,29786
DEVICE,1648114471990,1648114472564,4,1648114472564,590,59,0,1,0,29786
DEVICE,1648114472022,1648114472596,4,1648114472596,604,60,0,1,0,29786
DEVICE,1648114472054,1648114472628,4,1648114472628,614,61,0,1,0,29786
DEVICE,1648114472086,1648114472660,4,1648114472660,619,61,0,1,0,29786
DEVICE,1648114472119,1648114472693,4,1648114472693,609,60,0,1,0,29786
DEVICE,1648114472151,1648114472725,4,1648114472725,536,53,0,1,0,29786
DEVICE,1648114472182,1648114472756,4,1648114472756,503,50,0,1,0,29786
DEVICE,1648114472214,1648114472788,4,1648114472788,381,38,0,2,0,29786
DEVICE,1648114472246,1648114472820,4,1648114472820,256,25,0,2,0,29799
DEVICE,1648114472278,1648114472852,4,1648114472852,165,16,0,2,0,29799
DEVICE,1648114472310,1648114472884,4,1648114472884,98,9,0,2,0,29799
DEVICE,1648114472342,1648114472916,4,1648114472916,108,10,0,2,0,29799
DEVICE,1648114472374,1648114472948,4,1648114472948,99,9,0,2,0,29801
DEVICE,1648114472406,1648114472980,4,1648114472980,83,8,0,2,0,29805
DEVICE,1648114472438,1648114473012,4,1648114473012,78,7,0,2,0,29809
DEVICE,1648114472470,1648114473044,4,1648114473044,79,7,0,2,0,29816
DEVICE,1648114472502,1648114473076,4,1648114473076,82,8,0,2,0,29826
DEVICE,1648114472533,1648114473107,4,1648114473107,117,11,0,2,0,29843
DEVICE,1648114472565,1648114473139,4,1648114473139,262,26,0,2,0,29859
DEVICE,1648114472598,1648114473172,4,1648114473172,482,48,0,2,0,29870
DEVICE,1648114472629,1648114473203,4,1648114473203,487,48,0,2,0,29876
DEVICE,1648114472661,1648114473235,4,1648114473235,489,48,0,2,0,29880
DEVICE,1648114472694,1648114473268,4,1648114473268,536,53,0,2,0,29893
DEVICE,1648114472725,1648114473299,4,1648114473299,572,57,0,2,0,29936
DEVICE,1648114472757,1648114473331,4,1648114473331,562,56,0,2,0,29978
DEVICE,1648114472789,1648114473363,4,1648114473363,577,57,0,2,0,30011
DEVICE,1648114472821,1648114473395,4,1648114473395,564,56,0,2,0,30011
DEVICE,1648114472853,1648114473427,4,1648114473427,539,53,0,2,0,30011
DEVICE,1648114472886,1648114473460,4,1648114473460,543,54,0,2,0,30011
DEVICE,1648114472917,1648114473491,4,1648114473491,540,54,0,2,0,30011
DEVICE,1648114472950,1648114473524,4,1648114473524,533,53,0,2,0,30011
DEVICE,1648114472982,1648114473556,4,1648114473556,75,7,0,3,0,30011
DEVICE,1648114473013,1648114473587,4,1648114473587,32,3,0,3,0,31368
DEVICE,1648114473045,1648114473619,4,1648114473619,32,3,0,3,0,31368
DEVICE,1648114473077,1648114473651,4,1648114473651,47,4,0,3,0,31368
DEVICE,1648114473109,1648114473683,4,1648114473683,51,5,0,3,0,31368
DEVICE,1648114473141,1648114473715,4,1648114473715,41,4,0,3,0,31353
DEVICE,1648114473173,1648114473747,4,1648114473747,33,3,0,3,0,31322
DEVICE,1648114473205,1648114473779,4,1648114473779,38,3,0,3,0,31278
DEVICE,1648114473237,1648114473811,4,1648114473811,2000,200,0,3,0,31241
DEVICE,1648114473269,1648114473843,4,1648114473843,523,52,0,3,0,31241
DEVICE,1648114473302,1648114473876,4,1648114473876,534,53,0,3,0,-22875
DEVICE,1648114473333,1648114473907,4,1648114473907,544,54,0,3,0,-11441
DEVICE,1648114473365,1648114473939,4,1648114473939,558,55,5,3,0,0
DEVICE,1648114473397,1648114473971,4,1648114473971,575,57,5,3,0,0
DEVICE,1648114473429,1648114474003,4,1648114474003,602,60,5,3,0,0
DEVICE,1648114473461,1648114474035,4,1648114474035,612,61,5,3,0,0
DEVICE,1648114473493,1648114474067,4,1648114474067,607,60,5,3,0,0
DEVICE,1648114473525,1648114474099,4,1648114474099,617,61,5,3,0,0
DEVICE,1648114473557,1648114474131,4,1648114474131,622,62,5,3,0,0
DEVICE,1648114473589,1648114474163,4,1648114474163,627,62,5,3,0,0
DEVICE,1648114473621,1648114474195,4,1648114474195,637,63,5,3,0,0
DEVICE,1648114473653,1648114474227,4,1648114474227,624,62,5,3,0,0
DEVICE,1648114473685,1648114474259,4,1648114474259,635,63,5,3,0,0
DEVICE,1648114473717,1648114474291,4,1648114474291,580,58,5,3,0,0
DEVICE,1648114473749,1648114474323,4,1648114474323,559,55,5,3,0,0
DEVICE,1648114473781,1648114474355,4,1648114474355,559,55,5,3,0,0
DEVICE,1648114473813,1648114474387,4,1648114474387,579,57,5,3,0,0
DEVICE,1648114473844,1648114474418,4,1648114474418,620,62,5,3,0,0
DEVICE,1648114473876,1648114474450,4,1648114474450,610,61,5,3,0,0
DEVICE,1648114473908,1648114474482,4,1648114474482,574,57,5,3,0,0
DEVICE,1648114473940,1648114474514,4,1648114474514,525,52,5,3,0,0
DEVICE,1648114473972,1648114474546,4,1648114474546,531,53,5,3,0,0
DEVICE,1648114474004,1648114474578,4,1648114474578,533,53,5,3,0,0
DEVICE,1648114474036,1648114474610,4,1648114474610,540,54,5,3,0,0
DEVICE,1648114474068,1648114474642,4,1648114474642,542,54,5,3,0,0
DEVICE,1648114474101,1648114474675,4,1648114474675,540,54,5,3,0,0
DEVICE,1648114474132,1648114474706,4,1648114474706,514,51,5,3,0,0
DEVICE,1648114474164,1648114474738,4,1648114474738,50,5,5,3,0,0
DEVICE,1648114474196,1648114474770,4,1648114474770,34,3,5,4,0,30949
DEVICE,1648114474228,1648114474802,4,1648114474802,35,3,5,4,0,30949
DEVICE,1648114474260,1648114474834,4,1648114474834,40,4,5,4,0,30949
DEVICE,1648114474292,1648114474866,4,1648114474866,41,4,5,4,0,30949
DEVICE,1648114474324,1648114474898,4,1648114474898,40,4,5,4,0,30949
DEVICE,1648114474356,1648114474930,4,1648114474930,34,3,5,4,0,30949
DEVICE,1648114474388,1648114474962,4,1648114474962,95,9,5,4,0,30949
DEVICE,1648114474420,1648114474994,4,1648114474994,519,51,5,4,0,30947
DEVICE,1648114474452,1648114475026,4,1648114475026,546,54,5,4,0,30945
DEVICE,1648114474484,1648114475058,4,1648114475058,551,55,5,4,0,30943
DEVICE,1648114474516,1648114475090,4,1648114475090,548,54,5,4,0,30943
DEVICE,1648114474548,1648114475122,4,1648114475122,570,57,5,4,0,30943
DEVICE,1648114474580,1648114475154,4,1648114475154,587,58,5,4,0,30943
DEVICE,1648114474612,1648114475186,4,1648114475186,598,59,5,4,0,30943
DEVICE,1648114474643,1648114475217,4,1648114475217,633,63,5,4,0,30943
DEVICE,1648114474675,1648114475249,4,1648114475249,635,63,5,4,0,30943
DEVICE,1648114474707,1648114475281,4,1648114475281,645,64,5,4,0,30943
DEVICE,1648114474739,1648114475313,4,1648114475313,640,64,5,4,0,30943
DEVICE,1648114474771,1648114475345,4,1648114475345,657,65,5,4,0,30943
DEVICE,1648114474803,1648114475377,4,1648114475377,680,68,5,4,0,30943
DEVICE,1648114474835,1648114475409,4,1648114475409,655,65,5,4,0,30943
DEVICE,1648114474868,1648114475442,4,1648114475442,618,61,5,4,0,30943
DEVICE,1648114474900,1648114475474,4,1648114475474,588,58,5,4,0,30943
DEVICE,1648114474931,1648114475505,4,1648114475505,596,59,5,4,0,30943
DEVICE,1648114474963,1648114475537,4,1648114475537,567,56,5,4,0,30943
DEVICE,1648114474995,1648114475569,4,1648114475569,585,58,5,4,0,30943
DEVICE,1648114475027,1648114475601,4,1648114475601,517,51,5,4,0,30943
DEVICE,1648114475059,1648114475633,4,1648114475633,493,49,5,4,0,30943
DEVICE,1648114475091,1648114475665,4,1648114475665,508,50,5,4,0,30943
DEVICE,1648114475123,1648114475697,4,1648114475697,540,54,5,4,0,30943
DEVICE,1648114475155,1648114475729,4,1648114475729,545,54,5,4,0,30943
DEVICE,1648114475187,1648114475761,4,1648114475761,559,55,5,4,0,30943
DEVICE,1648114475219,1648114475793,4,1648114475793,536,53,5,4,0,30943
DEVICE,1648114475251,1648114475825,4,1648114475825,544,54,5,4,0,30943
DEVICE,1648114475283,1648114475857,4,1648114475857,532,53,5,4,0,30943
DEVICE,1648114475315,1648114475889,4,1648114475889,542,54,5,4,0,30943
DEVICE,1648114475347,1648114475921,4,1648114475921,537,53,5,4,0,30943
DEVICE,1648114475379,1648114475953,4,1648114475953,516,51,5,4,0,30943
DEVICE,1648114475411,1648114475985,4,1648114475985,532,53,5,4,0,30943
DEVICE,1648114475443,1648114476017,4,1648114476017,538,53,5,4,0,30943
DEVICE,1648114475475,1648114476049,4,1648114476049,539,53,5,4,0,30943
DEVICE,1648114475507,1648114476081,4,1648114476081,545,54,5,4,0,30943
DEVICE,1648114475539,1648114476113,4,1648114476113,546,54,5,4,0,30943
DEVICE,1648114475570,1648114476144,4,1648114476144,554,55,5,4,0,30943
DEVICE,1648114475602,1648114476176,4,1648114476176,564,56,5,4,0,30943
DEVICE,1648114475635,1648114476209,4,1648114476209,570,57,5,4,0,30943
DEVICE,1648114475667,1648114476241,4,1648114476241,598,59,5,4,0,30943
DEVICE,1648114475699,1648114476273,4,1648114476273,604,60,5,4,0,30943
DEVICE,1648114475730,1648114476304,4,1648114476304,609,60,5,4,0,30943
DEVICE,1648114475766,1648114476340,4,1648114476340,620,62,5,4,0,30943
DEVICE,1648114475794,1648114476368,4,1648114476368,616,61,5,4,0,30943
DEVICE,1648114475826,1648114476400,4,1648114476400,620,62,5,4,0,30943
DEVICE,1648114475858,1648114476432,4,1648114476432,623,62,5,4,0,30943
DEVICE,1648114475890,1648114476464,4,1648114476464,655,65,5,4,0,30943
DEVICE,1648114475922,1648114476496,4,1648114476496,627,62,5,4,0,30943
DEVICE,1648114475954,1648114476528,4,1648114476528,608,60,5,4,0,30943
DEVICE,1648114475986,1648114476560,4,1648114476560,606,60,5,4,0,30943
DEVICE,1648114476019,1648114476593,4,1648114476593,587,58,5,4,0,30943
DEVICE,1648114476050,1648114476624,4,1648114476624,559,55,5,4,0,30943
DEVICE,1648114476082,1648114476656,4,1648114476656,544,54,5,4,0,30943
DEVICE,1648114476114,1648114476688,4,1648114476688,531,53,5,4,0,30943
DEVICE,1648114476146,1648114476720,4,1648114476720,555,55,5,4,0,30943
DEVICE,1648114476178,1648114476752,4,1648114476752,569,56,5,4,0,30943
DEVICE,1648114476210,1648114476784,4,1648114476784,561,56,5,4,0,30943
DEVICE,1648114476242,1648114476816,4,1648114476816,546,54,5,4,0,30943
DEVICE,1648114476274,1648114476848,4,1648114476848,551,55,5,4,0,30943
DEVICE,1648114476306,1648114476880,4,1648114476880,543,54,5,4,0,30943
DEVICE,1648114476338,1648114476912,4,1648114476912,543,54,5,4,0,30943
DEVICE,1648114476370,1648114476944,4,1648114476944,540,54,5,4,0,30943
DEVICE,1648114476402,1648114476976,4,1648114476976,543,54,5,4,0,30943
DEVICE,1648114476434,1648114477008,4,1648114477008,543,54,5,4,0,30943
DEVICE,1648114476466,1648114477040,4,1648114477040,538,53,5,4,0,30943
DEVICE,1648114476498,1648114477072,4,1648114477072,541,54,5,4,0,30943
DEVICE,1648114476529,1648114477103,4,1648114477103,542,54,5,4,0,30943
DEVICE,1648114476562,1648114477136,4,1648114477136,553,55,5,4,0,30943
DEVICE,1648114476594,1648114477168,4,1648114477168,550,55,5,4,0,30943
DEVICE,1648114476625,1648114477199,4,1648114477199,559,55,5,4,0,30943
DEVICE,1648114476657,1648114477231,4,1648114477231,562,56,5,4,0,30943
DEVICE,1648114476689,1648114477263,4,1648114477263,577,57,5,4,0,30943
DEVICE,1648114476721,1648114477295,4,1648114477295,583,58,5,4,0,30943
DEVICE,1648114476753,1648114477327,4,1648114477327,595,59,5,4,0,30943
DEVICE,1648114476785,1648114477359,4,1648114477359,611,61,5,4,0,30943
DEVICE,1648114476817,1648114477391,4,1648114477391,612,61,5,4,0,30943
DEVICE,1648114476849,1648114477423,4,1648114477423,592,59,5,4,0,30943
DEVICE,1648114476881,1648114477455,4,1648114477455,627,62,5,4,0,30943
DEVICE,1648114476913,1648114477487,4,1648114477487,659,65,5,4,0,30943
DEVICE,1648114476945,1648114477519,4,1648114477519,630,63,5,4,0,30943
DEVICE,1648114476977,1648114477551,4,1648114477551,603,60,5,4,0,30943
DEVICE,1648114477009,1648114477583,4,1648114477583,589,58,5,4,0,30943
DEVICE,1648114477041,1648114477615,4,1648114477615,589,58,5,4,0,30943
DEVICE,1648114477073,1648114477647,4,1648114477647,605,60,5,4,0,30943
DEVICE,1648114477105,1648114477679,4,1648114477679,585,58,5,4,0,30943
DEVICE,1648114477137,1648114477711,4,1648114477711,591,59,5,4,0,30943
DEVICE,1648114477169,1648114477743,4,1648114477743,568,56,5,4,0,30943
DEVICE,1648114477201,1648114477775,4,1648114477775,533,53,5,4,0,30943
DEVICE,1648114477233,1648114477807,4,1648114477807,518,51,5,4,0,30943
DEVICE,1648114477265,1648114477839,4,1648114477839,538,53,5,4,0,30943
DEVICE,1648114477297,1648114477871,4,1648114477871,545,54,5,4,0,30943
DEVICE,1648114477329,1648114477903,4,1648114477903,560,56,5,4,0,30943
DEVICE,1648114477361,1648114477935,4,1648114477935,557,55,5,4,0,30943
DEVICE,1648114477392,1648114477966,4,1648114477966,551,55,5,4,0,30943
DEVICE,1648114477424,1648114477998,4,1648114477998,542,54,5,4,0,30943
DEVICE,1648114477456,1648114478030,4,1648114478030,540,54,5,4,0,30943
DEVICE,1648114477488,1648114478062,4,1648114478062,528,52,5,4,0,30943
DEVICE,1648114477520,1648114478094,4,1648114478094,521,52,5,4,0,30943
DEVICE,1648114477552,1648114478126,4,1648114478126,509,50,5,4,0,30943
DEVICE,1648114477584,1648114478158,4,1648114478158,521,52,5,4,0,30943
DEVICE,1648114477616,1648114478190,4,1648114478190,532,53,5,4,0,30943
DEVICE,1648114477648,1648114478222,4,1648114478222,538,53,5,4,0,30943
DEVICE,1648114477680,1648114478254,4,1648114478254,544,54,5,4,0,30943
DEVICE,1648114477712,1648114478286,4,1648114478286,555,55,5,4,0,30943
DEVICE,1648114477744,1648114478318,4,1648114478318,548,54,5,4,0,30943
DEVICE,1648114477776,1648114478350,4,1648114478350,557,55,5,4,0,30943
DEVICE,1648114477808,1648114478382,4,1648114478382,563,56,5,4,0,30943
DEVICE,1648114477840,1648114478414,4,1648114478414,574,57,5,4,0,30943
DEVICE,1648114477872,1648114478446,4,1648114478446,584,58,5,4,0,30943
DEVICE,1648114477904,1648114478478,4,1648114478478,597,59,5,4,0,30943
DEVICE,1648114477936,1648114478510,4,1648114478510,610,61,5,4,0,30943
DEVICE,1648114477968,1648114478542,4,1648114478542,625,62,5,4,0,30943
DEVICE,1648114478001,1648114478575,4,1648114478575,629,62,5,4,0,30943
DEVICE,1648114478032,1648114478606,4,1648114478606,645,64,5,4,0,30943
DEVICE,1648114478064,1648114478638,4,1648114478638,645,64,5,4,0,30943
DEVICE,1648114478096,1648114478670,4,1648114478670,659,65,5,4,0,30943
DEVICE,1648114478128,1648114478702,4,1648114478702,645,64,5,4,0,30943
DEVICE,1648114478160,1648114478734,4,1648114478734,605,60,5,4,0,30943
DEVICE,1648114478192,1648114478766,4,1648114478766,568,56,5,4,0,30943
DEVICE,1648114478224,1648114478798,4,1648114478798,584,58,5,4,0,30943
DEVICE,1648114478255,1648114478829,4,1648114478829,542,54,5,4,0,30943
DEVICE,1648114478288,1648114478862,4,1648114478862,538,53,5,4,0,30943
DEVICE,1648114478319,1648114478893,4,1648114478893,544,54,5,4,0,30943
DEVICE,1648114478351,1648114478925,4,1648114478925,561,56,5,4,0,30943
DEVICE,1648114478383,1648114478957,4,1648114478957,554,55,5,4,0,30943
DEVICE,1648114478416,1648114478990,4,1648114478990,551,55,5,4,0,30943
DEVICE,1648114478448,1648114479022,4,1648114479022,546,54,5,4,0,30943
DEVICE,1648114478480,1648114479054,4,1648114479054,544,54,5,4,0,30943
DEVICE,1648114478512,1648114479086,4,1648114479086,540,54,5,4,0,30943
DEVICE,1648114478544,1648114479118,4,1648114479118,538,53,5,4,0,30943
DEVICE,1648114478575,1648114479149,4,1648114479149,516,51,5,4,0,30943
DEVICE,1648114478607,1648114479181,4,1648114479181,518,51,5,4,0,30943
DEVICE,1648114478639,1648114479213,4,1648114479213,521,52,5,4,0,30943
DEVICE,1648114478671,1648114479245,4,1648114479245,523,52,5,4,0,30943
DEVICE,1648114478703,1648114479277,4,1648114479277,536,53,5,4,0,30943
DEVICE,1648114478735,1648114479309,4,1648114479309,540,54,5,4,0,30943
DEVICE,1648114478767,1648114479341,4,1648114479341,546,54,5,4,0,30943
DEVICE,1648114478799,1648114479373,4,1648114479373,545,54,5,4,0,30943
DEVICE,1648114478831,1648114479405,4,1648114479405,559,55,5,4,0,30943
DEVICE,1648114478863,1648114479437,4,1648114479437,571,57,5,4,0,30943
DEVICE,1648114478895,1648114479469,4,1648114479469,569,56,5,4,0,30943
DEVICE,1648114478927,1648114479501,4,1648114479501,588,58,5,4,0,30943
DEVICE,1648114478959,1648114479533,4,1648114479533,600,60,5,4,0,30943
DEVICE,1648114478991,1648114479565,4,1648114479565,591,59,5,4,0,30943
DEVICE,1648114479023,1648114479597,4,1648114479597,590,59,5,4,0,30943
DEVICE,1648114479055,1648114479629,4,1648114479629,593,59,5,4,0,30943
DEVICE,1648114479087,1648114479661,4,1648114479661,617,61,5,4,0,30943
DEVICE,1648114479119,1648114479693,4,1648114479693,626,62,5,4,0,30943
DEVICE,1648114479151,1648114479725,4,1648114479725,578,57,5,4,0,30943
DEVICE,1648114479183,1648114479757,4,1648114479757,547,54,5,4,0,30943
DEVICE,1648114479215,1648114479789,4,1648114479789,500,50,5,4,0,30943
DEVICE,1648114479247,1648114479821,4,1648114479821,369,36,5,5,0,30943
DEVICE,1648114479279,1648114479853,4,1648114479853,344,34,5,5,0,30886
DEVICE,1648114479310,1648114479884,4,1648114479884,327,32,5,5,0,30886
DEVICE,1648114479343,1648114479917,4,1648114479917,434,43,5,5,0,30886
DEVICE,1648114479374,1648114479948,4,1648114479948,536,53,5,5,0,30886
DEVICE,1648114479406,1648114479980,4,1648114479980,596,59,5,5,0,30886
DEVICE,1648114479439,1648114480013,4,1648114480013,535,53,5,5,0,30886
DEVICE,1648114479470,1648114480044,4,1648114480044,532,53,5,5,0,30886
DEVICE,1648114479502,1648114480076,4,1648114480076,499,49,5,5,0,30886
DEVICE,1648114479534,1648114480108,4,1648114480108,491,49,5,5,0,30886
DEVICE,1648114479567,1648114480141,4,1648114480141,533,53,5,5,0,30886
DEVICE,1648114479598,1648114480172,4,1648114480172,568,56,5,5,0,30886
DEVICE,1648114479630,1648114480204,4,1648114480204,555,55,5,5,0,30886
DEVICE,1648114479662,1648114480236,4,1648114480236,565,56,5,5,0,30886
DEVICE,1648114479694,1648114480268,4,1648114480268,538,53,5,5,0,30886
DEVICE,1648114479726,1648114480300,4,1648114480300,543,54,5,5,0,30886
DEVICE,1648114479758,1648114480332,4,1648114480332,537,53,5,5,0,30886
DEVICE,1648114479790,1648114480364,4,1648114480364,523,52,5,5,0,30886
DEVICE,1648114479822,1648114480396,4,1648114480396,508,50,5,5,0,30886
DEVICE,1648114479854,1648114480428,4,1648114480428,516,51,5,5,0,30886
DEVICE,1648114479886,1648114480460,4,1648114480460,509,50,5,5,0,30886
DEVICE,1648114479918,1648114480492,4,1648114480492,519,51,5,5,0,30886
DEVICE,1648114479950,1648114480524,4,1648114480524,542,54,5,5,0,30886
DEVICE,1648114479982,1648114480556,4,1648114480556,540,54,5,5,0,30886
DEVICE,1648114480014,1648114480588,4,1648114480588,548,54,5,5,0,30886
DEVICE,1648114480046,1648114480620,4,1648114480620,561,56,5,5,0,30886
DEVICE,1648114480078,1648114480652,4,1648114480652,555,55,5,5,0,30886
DEVICE,1648114480110,1648114480684,4,1648114480684,583,58,5,5,0,30886
DEVICE,1648114480142,1648114480716,4,1648114480716,578,57,5,5,0,30886
DEVICE,1648114480174,1648114480748,4,1648114480748,590,59,5,5,0,30886
DEVICE,1648114480206,1648114480780,4,1648114480780,577,57,5,5,0,30886
DEVICE,1648114480238,1648114480812,4,1648114480812,591,59,5,5,0,30886
DEVICE,1648114480270,1648114480844,4,1648114480844,593,59,5,5,0,30886
DEVICE,1648114480302,1648114480876,4,1648114480876,609,60,5,5,0,30886
DEVICE,1648114480334,1648114480908,4,1648114480908,604,60,5,5,0,30886
DEVICE,1648114480366,1648114480940,4,1648114480940,548,54,5,5,0,30886
DEVICE,1648114480398,1648114480972,4,1648114480972,442,44,5,6,0,30886
DEVICE,1648114480430,1648114481004,4,1648114481004,426,42,5,6,0,30874
DEVICE,1648114480461,1648114481035,4,1648114481035,401,40,5,6,0,30874
DEVICE,1648114480494,1648114481068,4,1648114481068,323,32,5,6,0,30874
DEVICE,1648114480525,1648114481099,4,1648114481099,370,37,5,6,0,30874
DEVICE,1648114480557,1648114481131,4,1648114481131,475,47,5,6,0,30874
DEVICE,1648114480589,1648114481163,4,1648114481163,615,61,5,6,0,30874
DEVICE,1648114480621,1648114481195,4,1648114481195,576,57,5,6,0,30874
DEVICE,1648114480653,1648114481227,4,1648114481227,560,56,5,6,0,30874
DEVICE,1648114480685,1648114481259,4,1648114481259,470,47,5,7,0,30874
DEVICE,1648114480717,1648114481291,4,1648114481291,471,47,5,7,0,30924
DEVICE,1648114480750,1648114481324,4,1648114481324,522,52,5,7,0,30924
DEVICE,1648114480781,1648114481355,4,1648114481355,561,56,5,7,0,30924
DEVICE,1648114480813,1648114481387,4,1648114481387,561,56,5,7,0,30924
DEVICE,1648114480845,1648114481419,4,1648114481419,558,55,5,7,0,30924
DEVICE,1648114480877,1648114481451,4,1648114481451,559,55,5,7,0,30924
DEVICE,1648114480909,1648114481483,4,1648114481483,540,54,5,7,0,30924
DEVICE,1648114480941,1648114481515,4,1648114481515,547,54,5,7,0,30924
DEVICE,1648114480973,1648114481547,4,1648114481547,533,53,5,7,0,30924
DEVICE,1648114481005,1648114481579,4,1648114481579,537,53,5,7,0,30924
DEVICE,1648114481037,1648114481611,4,1648114481611,548,54,5,7,0,30924
DEVICE,1648114481069,1648114481643,4,1648114481643,541,54,5,7,0,30924
DEVICE,1648114481101,1648114481675,4,1648114481675,551,55,5,7,0,30924
DEVICE,1648114481133,1648114481707,4,1648114481707,541,54,5,7,0,30924
DEVICE,1648114481165,1648114481739,4,1648114481739,547,54,5,7,0,30924
DEVICE,1648114481197,1648114481771,4,1648114481771,558,55,5,7,0,30924
DEVICE,1648114481229,1648114481803,4,1648114481803,566,56,5,7,0,30924
DEVICE,1648114481261,1648114481835,4,1648114481835,589,58,5,7,0,30924
DEVICE,1648114481293,1648114481867,4,1648114481867,590,59,5,7,0,30924
DEVICE,1648114481325,1648114481899,4,1648114481899,578,57,5,7,0,30924
DEVICE,1648114481357,1648114481931,4,1648114481931,589,58,5,7,0,30924
DEVICE,1648114481389,1648114481963,4,1648114481963,583,58,5,7,0,30924
DEVICE,1648114481421,1648114481995,4,1648114481995,604,60,5,7,0,30924
DEVICE,1648114481452,1648114482026,4,1648114482026,624,62,5,7,0,30924
DEVICE,1648114481484,1648114482058,4,1648114482058,566,56,5,7,0,30924
DEVICE,1648114481517,1648114482091,4,1648114482091,482,48,5,7,0,30924
DEVICE,1648114481548,1648114482122,4,1648114482122,410,41,5,8,0,30924
DEVICE,1648114481581,1648114482155,4,1648114482155,355,35,5,8,0,30861
DEVICE,1648114481613,1648114482187,4,1648114482187,325,32,5,8,0,30861
DEVICE,1648114481645,1648114482219,4,1648114482219,307,30,5,8,0,30861
DEVICE,1648114481677,1648114482251,4,1648114482251,347,34,5,8,0,30861
DEVICE,1648114481708,1648114482282,4,1648114482282,496,49,5,8,0,30861
DEVICE,1648114481740,1648114482314,4,1648114482314,596,59,5,8,0,30861
DEVICE,1648114481772,1648114482346,4,1648114482346,591,59,5,8,0,30861
DEVICE,1648114481804,1648114482378,4,1648114482378,547,54,5,8,0,30861
DEVICE,1648114481836,1648114482410,4,1648114482410,485,48,5,8,0,30861
DEVICE,1648114481868,1648114482442,4,1648114482442,454,45,5,9,0,30861
DEVICE,1648114481900,1648114482474,4,1648114482474,506,50,5,9,0,30899
DEVICE,1648114481933,1648114482507,4,1648114482507,544,54,5,9,0,30899
DEVICE,1648114481980,1648114482554,4,1648114482554,560,56,5,9,0,30899
DEVICE,1648114482012,1648114482586,4,1648114482586,562,56,5,9,0,30899
DEVICE,1648114482028,1648114482602,4,1648114482602,555,55,5,9,0,30899
DEVICE,1648114482060,1648114482634,4,1648114482634,539,53,5,9,0,30899
DEVICE,1648114482092,1648114482666,4,1648114482666,529,52,5,9,0,30899
DEVICE,1648114482124,1648114482698,4,1648114482698,511,51,5,9,0,30899
DEVICE,1648114482156,1648114482730,4,1648114482730,508,50,5,9,0,30899
DEVICE,1648114482188,1648114482762,4,1648114482762,511,51,5,9,0,30899
DEVICE,1648114482236,1648114482810,4,1648114482810,518,51,5,9,0,30899
DEVICE,1648114482268,1648114482842,4,1648114482842,487,48,5,9,0,30899
DEVICE,1648114482300,1648114482874,4,1648114482874,548,54,5,9,0,30899
DEVICE,1648114482332,1648114482906,4,1648114482906,535,53,5,9,0,30899
DEVICE,1648114482364,1648114482938,4,1648114482938,543,54,5,9,0,30899
DEVICE,1648114482396,1648114482970,4,1648114482970,555,55,5,9,0,30899
DEVICE,1648114482412,1648114482986,4,1648114482986,554,55,5,9,0,30899
DEVICE,1648114482444,1648114483018,4,1648114483018,568,56,5,9,0,30899
DEVICE,1648114482476,1648114483050,4,1648114483050,566,56,5,9,0,30899
DEVICE,1648114482508,1648114483082,4,1648114483082,580,58,5,9,0,30899
DEVICE,1648114482540,1648114483114,4,1648114483114,601,60,5,9,0,30899
DEVICE,1648114482588,1648114483162,4,1648114483162,608,60,5,9,0,30899
DEVICE,1648114482619,1648114483193,4,1648114483193,583,58,5,9,0,30899
DEVICE,1648114482651,1648114483225,4,1648114483225,617,61,5,9,0,30899
DEVICE,1648114482683,1648114483257,4,1648114483257,645,64,5,9,0,30899
DEVICE,1648114482716,1648114483290,4,1648114483290,627,62,5,9,0,30899
DEVICE,1648114482748,1648114483322,4,1648114483322,603,60,5,9,0,30899
DEVICE,1648114482779,1648114483353,4,1648114483353,560,56,5,9,0,30899
DEVICE,1648114482812,1648114483386,4,1648114483386,510,51,5,9,0,30899
DEVICE,1648114482843,1648114483417,4,1648114483417,430,43,5,10,0,30899
DEVICE,1648114482875,1648114483449,4,1648114483449,443,44,5,10,0,30836
DEVICE,1648114482907,1648114483481,4,1648114483481,551,55,5,10,0,30836
DEVICE,1648114482939,1648114483513,4,1648114483513,564,56,5,10,0,30836
DEVICE,1648114482971,1648114483545,4,1648114483545,568,56,5,10,0,30836
DEVICE,1648114483003,1648114483577,4,1648114483577,507,50,5,10,0,30836
DEVICE,1648114483035,1648114483609,4,1648114483609,450,45,5,11,0,30836
DEVICE,1648114483067,1648114483641,4,1648114483641,473,47,5,11,0,30868
DEVICE,1648114483099,1648114483673,4,1648114483673,528,52,5,11,0,30868
DEVICE,1648114483131,1648114483705,4,1648114483705,571,57,5,11,0,30868
DEVICE,1648114483163,1648114483737,4,1648114483737,562,56,5,11,0,30868
DEVICE,1648114483195,1648114483769,4,1648114483769,556,55,5,11,0,30868
DEVICE,1648114483227,1648114483801,4,1648114483801,547,54,5,11,0,30868
DEVICE,1648114483259,1648114483833,4,1648114483833,539,53,5,11,0,30868
DEVICE,1648114483291,1648114483865,4,1648114483865,517,51,5,11,0,30868
DEVICE,1648114483323,1648114483897,4,1648114483897,509,50,5,11,0,30868
DEVICE,1648114483355,1648114483929,4,1648114483929,521,52,5,11,0,30868
DEVICE,1648114483387,1648114483961,4,1648114483961,516,51,5,11,0,30868
DEVICE,1648114483419,1648114483993,4,1648114483993,506,50,5,11,0,30868
DEVICE,1648114483450,1648114484024,4,1648114484024,512,51,5,11,0,30868
DEVICE,1648114483483,1648114484057,4,1648114484057,525,52,5,11,0,30868
DEVICE,1648114483515,1648114484089,4,1648114484089,540,54,5,11,0,30868
DEVICE,1648114483546,1648114484120,4,1648114484120,540,54,5,11,0,30868
DEVICE,1648114483579,1648114484153,4,1648114484153,549,54,5,11,0,30868
DEVICE,1648114483611,1648114484185,4,1648114484185,573,57,5,11,0,30868
DEVICE,1648114483643,1648114484217,4,1648114484217,568,56,5,11,0,30868
DEVICE,1648114483675,1648114484249,4,1648114484249,566,56,5,11,0,30868
DEVICE,1648114483706,1648114484280,4,1648114484280,592,59,5,11,0,30868
DEVICE,1648114483738,1648114484312,4,1648114484312,586,58,5,11,0,30868
DEVICE,1648114483770,1648114484344,4,1648114484344,578,57,5,11,0,30868
DEVICE,1648114483802,1648114484376,4,1648114484376,600,60,5,11,0,30868
DEVICE,1648114483834,1648114484408,4,1648114484408,629,62,5,11,0,30868
DEVICE,1648114483866,1648114484440,4,1648114484440,628,62,5,11,0,30868
DEVICE,1648114483899,1648114484473,4,1648114484473,568,56,5,11,0,30868
DEVICE,1648114483931,1648114484505,4,1648114484505,488,48,5,11,0,30868
DEVICE,1648114483963,1648114484537,4,1648114484537,461,46,5,12,0,30868
DEVICE,1648114483994,1648114484568,4,1648114484568,386,38,5,12,0,30849
DEVICE,1648114484026,1648114484600,4,1648114484600,329,32,5,12,0,30849
DEVICE,1648114484058,1648114484632,4,1648114484632,351,35,5,12,0,30849
DEVICE,1648114484090,1648114484664,4,1648114484664,472,47,5,12,0,30849
DEVICE,1648114484122,1648114484696,4,1648114484696,578,57,5,12,0,30849
DEVICE,1648114484154,1648114484728,4,1648114484728,597,59,5,12,0,30851
DEVICE,1648114484186,1648114484760,4,1648114484760,534,53,5,12,0,30853
DEVICE,1648114484218,1648114484792,4,1648114484792,462,46,5,13,0,30855
DEVICE,1648114484250,1648114484824,4,1648114484824,476,47,5,13,0,30893
DEVICE,1648114484283,1648114484857,4,1648114484857,496,49,5,13,0,30893
DEVICE,1648114484314,1648114484888,4,1648114484888,562,56,5,13,0,30893
DEVICE,1648114484346,1648114484920,4,1648114484920,565,56,5,13,0,30893
DEVICE,1648114484378,1648114484952,4,1648114484952,555,55,5,13,0,30893
DEVICE,1648114484410,1648114484984,4,1648114484984,555,55,5,13,0,30893
DEVICE,1648114484442,1648114485016,4,1648114485016,535,53,5,13,0,30893
DEVICE,1648114484474,1648114485048,4,1648114485048,531,53,5,13,0,30893
DEVICE,1648114484506,1648114485080,4,1648114485080,510,51,5,13,0,30893
DEVICE,1648114484538,1648114485112,4,1648114485112,515,51,5,13,0,30893
DEVICE,1648114484570,1648114485144,4,1648114485144,510,51,5,13,0,30893
DEVICE,1648114484602,1648114485176,4,1648114485176,510,51,5,13,0,30893
DEVICE,1648114484634,1648114485208,4,1648114485208,519,51,5,13,0,30893
DEVICE,1648114484666,1648114485240,4,1648114485240,519,51,5,13,0,30893
DEVICE,1648114484698,1648114485272,4,1648114485272,518,51,5,13,0,30893
DEVICE,1648114484730,1648114485304,4,1648114485304,530,53,5,13,0,30893
DEVICE,1648114484761,1648114485335,4,1648114485335,548,54,5,13,0,30893
DEVICE,1648114484793,1648114485367,4,1648114485367,548,54,5,13,0,30893
DEVICE,1648114484825,1648114485399,4,1648114485399,559,55,5,13,0,30893
DEVICE,1648114484857,1648114485431,4,1648114485431,552,55,5,13,0,30893
DEVICE,1648114484889,1648114485463,4,1648114485463,570,57,5,13,0,30893
DEVICE,1648114484921,1648114485495,4,1648114485495,575,57,5,13,0,30893
DEVICE,1648114484953,1648114485527,4,1648114485527,585,58,5,13,0,30893
DEVICE,1648114484985,1648114485559,4,1648114485559,599,59,5,13,0,30893
DEVICE,1648114485017,1648114485591,4,1648114485591,604,60,5,13,0,30893
DEVICE,1648114485049,1648114485623,4,1648114485623,607,60,5,13,0,30893
DEVICE,1648114485081,1648114485655,4,1648114485655,645,64,5,13,0,30893
DEVICE,1648114485113,1648114485687,4,1648114485687,634,63,5,13,0,30893
DEVICE,1648114485145,1648114485719,4,1648114485719,598,59,5,13,0,30893
DEVICE,1648114485177,1648114485751,4,1648114485751,587,58,5,13,0,30893
DEVICE,1648114485209,1648114485783,4,1648114485783,501,50,5,13,0,30893
DEVICE,1648114485241,1648114485815,4,1648114485815,487,48,5,13,0,30893
DEVICE,1648114485273,1648114485847,4,1648114485847,525,52,5,13,0,30893
DEVICE,1648114485305,1648114485879,4,1648114485879,523,52,5,13,0,30893
DEVICE,1648114485337,1648114485911,4,1648114485911,567,56,5,13,0,30893
DEVICE,1648114485369,1648114485943,4,1648114485943,588,58,5,13,0,30893
DEVICE,1648114485401,1648114485975,4,1648114485975,569,56,5,13,0,30893
DEVICE,1648114485433,1648114486007,4,1648114486007,536,53,5,13,0,30893
DEVICE,1648114485465,1648114486039,4,1648114486039,512,51,5,13,0,30893
DEVICE,1648114485497,1648114486071,4,1648114486071,535,53,5,13,0,30893
DEVICE,1648114485529,1648114486103,4,1648114486103,568,56,5,13,0,30893
DEVICE,1648114485561,1648114486135,4,1648114486135,573,57,5,13,0,30893
DEVICE,1648114485593,1648114486167,4,1648114486167,556,55,5,13,0,30893
DEVICE,1648114485625,1648114486199,4,1648114486199,555,55,5,13,0,30893
DEVICE,1648114485657,1648114486231,4,1648114486231,551,55,5,13,0,30893
DEVICE,1648114485688,1648114486262,4,1648114486262,537,53,5,13,0,30893
DEVICE,1648114485720,1648114486294,4,1648114486294,518,51,5,13,0,30893
DEVICE,1648114485752,1648114486326,4,1648114486326,507,50,5,13,0,30893
DEVICE,1648114485784,1648114486358,4,1648114486358,515,51,5,13,0,30893
DEVICE,1648114485817,1648114486391,4,1648114486391,511,51,5,13,0,30893
DEVICE,1648114485849,1648114486423,4,1648114486423,512,51,5,13,0,30893
DEVICE,1648114485881,1648114486455,4,1648114486455,501,50,5,13,0,30893
DEVICE,1648114485913,1648114486487,4,1648114486487,518,51,5,13,0,30893
DEVICE,1648114485944,1648114486518,4,1648114486518,537,53,5,13,0,30893
DEVICE,1648114485976,1648114486550,4,1648114486550,545,54,5,13,0,30893
DEVICE,1648114486008,1648114486582,4,1648114486582,543,54,5,13,0,30893
DEVICE,1648114486040,1648114486614,4,1648114486614,561,56,5,13,0,30893
DEVICE,1648114486072,1648114486646,4,1648114486646,574,57,5,13,0,30893
DEVICE,1648114486104,1648114486678,4,1648114486678,576,57,5,13,0,30893
DEVICE,1648114486136,1648114486710,4,1648114486710,586,58,5,13,0,30893
DEVICE,1648114486168,1648114486742,4,1648114486742,586,58,5,13,0,30893
DEVICE,1648114486201,1648114486775,4,1648114486775,605,60,5,13,0,30893
DEVICE,1648114486232,1648114486806,4,1648114486806,611,61,5,13,0,30893
DEVICE,1648114486264,1648114486838,4,1648114486838,619,61,5,13,0,30893
DEVICE,1648114486296,1648114486870,4,1648114486870,620,62,5,13,0,30893
DEVICE,1648114486328,1648114486902,4,1648114486902,639,63,5,13,0,30893
DEVICE,1648114486360,1648114486934,4,1648114486934,597,59,5,13,0,30893
DEVICE,1648114486392,1648114486966,4,1648114486966,577,57,5,13,0,30893
DEVICE,1648114486424,1648114486998,4,1648114486998,495,49,5,13,0,30893
DEVICE,1648114486456,1648114487030,4,1648114487030,428,42,5,14,0,30893
DEVICE,1648114486488,1648114487062,4,1648114487062,470,47,5,14,0,30911
DEVICE,1648114486520,1648114487094,4,1648114487094,522,52,5,14,0,30911
DEVICE,1648114486552,1648114487126,4,1648114487126,540,54,5,14,0,30911
DEVICE,1648114486584,1648114487158,4,1648114487158,577,57,5,14,0,30911
DEVICE,1648114486616,1648114487190,4,1648114487190,553,55,5,14,0,30911
DEVICE,1648114486648,1648114487222,4,1648114487222,527,52,5,14,0,30911
DEVICE,1648114486680,1648114487254,4,1648114487254,491,49,5,14,0,30911
DEVICE,1648114486712,1648114487286,4,1648114487286,502,50,5,14,0,30911
DEVICE,1648114486744,1648114487318,4,1648114487318,540,54,5,14,0,30911
DEVICE,1648114486775,1648114487349,4,1648114487349,562,56,5,14,0,30911
DEVICE,1648114486808,1648114487382,4,1648114487382,565,56,5,14,0,30911
DEVICE,1648114486840,1648114487414,4,1648114487414,563,56,5,14,0,30911
DEVICE,1648114486871,1648114487445,4,1648114487445,553,55,5,14,0,30911
DEVICE,1648114486903,1648114487477,4,1648114487477,537,53,5,14,0,30911
DEVICE,1648114486935,1648114487509,4,1648114487509,537,53,5,14,0,30911
DEVICE,1648114486967,1648114487541,4,1648114487541,529,52,5,14,0,30911
DEVICE,1648114486999,1648114487573,4,1648114487573,426,42,5,15,0,30911
DEVICE,1648114487031,1648114487605,4,1648114487605,456,45,5,15,0,30936
DEVICE,1648114487063,1648114487637,4,1648114487637,438,43,5,15,0,30936
DEVICE,1648114487095,1648114487669,4,1648114487669,395,39,5,15,0,30936
DEVICE,1648114487127,1648114487701,4,1648114487701,522,52,5,15,0,30936
DEVICE,1648114487159,1648114487733,4,1648114487733,528,52,5,15,0,30936
DEVICE,1648114487191,1648114487765,4,1648114487765,543,54,5,15,0,30936
DEVICE,1648114487223,1648114487797,4,1648114487797,562,56,5,15,0,30936
DEVICE,1648114487255,1648114487829,4,1648114487829,569,56,5,15,0,30936
DEVICE,1648114487287,1648114487861,4,1648114487861,570,57,5,15,0,30936
DEVICE,1648114487319,1648114487893,4,1648114487893,577,57,5,15,0,30936
DEVICE,1648114487350,1648114487924,4,1648114487924,589,58,5,15,0,30936
DEVICE,1648114487383,1648114487957,4,1648114487957,598,59,5,15,0,30936
DEVICE,1648114487415,1648114487989,4,1648114487989,591,59,5,15,0,30936
DEVICE,1648114487447,1648114488021,4,1648114488021,592,59,5,15,0,30936
DEVICE,1648114487479,1648114488053,4,1648114488053,625,62,5,15,0,30936
DEVICE,1648114487511,1648114488085,4,1648114488085,638,63,5,15,0,30936
DEVICE,1648114487543,1648114488117,4,1648114488117,610,61,5,15,0,30936
DEVICE,1648114487574,1648114488148,4,1648114488148,600,60,5,15,0,30936
DEVICE,1648114487606,1648114488180,4,1648114488180,596,59,5,15,0,30936
DEVICE,1648114487638,1648114488212,4,1648114488212,551,55,5,15,0,30936
DEVICE,1648114487670,1648114488244,4,1648114488244,513,51,5,15,0,30936
DEVICE,1648114487702,1648114488276,4,1648114488276,500,50,5,15,0,30936
DEVICE,1648114487734,1648114488308,4,1648114488308,520,52,5,15,0,30936
DEVICE,1648114487767,1648114488341,4,1648114488341,546,54,5,15,0,30936
DEVICE,1648114487798,1648114488372,4,1648114488372,548,54,5,15,0,30936
DEVICE,1648114487830,1648114488404,4,1648114488404,516,51,5,15,0,30936
DEVICE,1648114487862,1648114488436,4,1648114488436,453,45,5,16,0,30936
DEVICE,1648114487894,1648114488468,4,1648114488468,464,46,5,16,0,30980
DEVICE,1648114487926,1648114488500,4,1648114488500,518,51,5,16,0,30980
DEVICE,1648114487958,1648114488532,4,1648114488532,558,55,5,16,0,30980
DEVICE,1648114487990,1648114488564,4,1648114488564,556,55,5,16,0,30980
DEVICE,1648114488022,1648114488596,4,1648114488596,573,57,5,16,0,30980
DEVICE,1648114488057,1648114488631,4,1648114488631,557,55,5,16,0,30980
DEVICE,1648114488086,1648114488660,4,1648114488660,551,55,5,16,0,30980
DEVICE,1648114488118,1648114488692,4,1648114488692,549,54,5,16,0,30980
DEVICE,1648114488150,1648114488724,4,1648114488724,523,52,5,16,0,30980
DEVICE,1648114488183,1648114488757,4,1648114488757,2000,200,0,16,0,30980
DEVICE,1648114488214,1648114488788,4,1648114488788,42,4,0,17,0,30980
DEVICE,1648114488246,1648114488820,4,1648114488820,27,2,0,17,0,30961
DEVICE,1648114488278,1648114488852,4,1648114488852,36,3,0,17,0,30961
DEVICE,1648114488310,1648114488884,4,1648114488884,137,13,0,17,0,30961
DEVICE,1648114488342,1648114488916,4,1648114488916,527,52,0,17,0,30961
DEVICE,1648114488374,1648114488948,4,1648114488948,547,54,0,17,0,30959
DEVICE,1648114488406,1648114488980,4,1648114488980,557,55,0,17,0,30957
DEVICE,1648114488438,1648114489012,4,1648114489012,570,57,0,17,0,30955
DEVICE,1648114488470,1648114489044,4,1648114489044,556,55,0,17,0,30955
DEVICE,1648114488501,1648114489075,4,1648114489075,571,57,0,17,0,30955
DEVICE,1648114488533,1648114489107,4,1648114489107,553,55,0,17,0,30955
DEVICE,1648114488566,1648114489140,4,1648114489140,570,57,0,17,0,30955
DEVICE,1648114488598,1648114489172,4,1648114489172,586,58,0,17,0,30955
DEVICE,1648114488630,1648114489204,4,1648114489204,584,58,0,17,0,30955
DEVICE,1648114488662,1648114489236,4,1648114489236,607,60,0,17,0,30955
DEVICE,1648114488694,1648114489268,4,1648114489268,592,59,0,17,0,30955
DEVICE,1648114488725,1648114489299,4,1648114489299,585,58,0,17,0,30955
DEVICE,1648114488757,1648114489331,4,1648114489331,494,49,0,17,0,30955
DEVICE,1648114488789,1648114489363,4,1648114489363,503,50,0,17,0,30955
DEVICE,1648114488821,1648114489395,4,1648114489395,464,46,0,18,0,30955
DEVICE,1648114488853,1648114489427,4,1648114489427,362,36,0,18,0,30893
DEVICE,1648114488885,1648114489459,4,1648114489459,310,31,0,18,0,30893
DEVICE,1648114488917,1648114489491,4,1648114489491,280,28,0,18,0,30893
DEVICE,1648114488950,1648114489524,4,1648114489524,391,39,0,18,0,30893
DEVICE,1648114488981,1648114489555,4,1648114489555,440,44,0,18,0,30897
DEVICE,1648114489013,1648114489587,4,1648114489587,449,44,0,18,0,30903
DEVICE,1648114489045,1648114489619,4,1648114489619,449,44,0,18,0,30911
DEVICE,1648114489077,1648114489651,4,1648114489651,401,40,0,18,0,30918
DEVICE,1648114489109,1648114489683,4,1648114489683,364,36,0,18,0,30924
DEVICE,1648114489141,1648114489715,4,1648114489715,382,38,0,18,0,30932
DEVICE,1648114489173,1648114489747,4,1648114489747,476,47,0,18,0,30943
DEVICE,1648114489205,1648114489779,4,1648114489779,546,54,0,18,0,30951
DEVICE,1648114489237,1648114489811,4,1648114489811,569,56,0,18,0,30955
DEVICE,1648114489269,1648114489843,4,1648114489843,555,55,0,18,0,30955
DEVICE,1648114489300,1648114489874,4,1648114489874,552,55,0,18,0,30955
DEVICE,1648114489333,1648114489907,4,1648114489907,529,52,0,18,0,30955
DEVICE,1648114489365,1648114489939,4,1648114489939,528,52,0,18,0,30955
DEVICE,1648114489397,1648114489971,4,1648114489971,2000,200,0,18,0,30955
DEVICE,1648114489429,1648114490003,4,1648114490003,38,3,0,19,0,30955
DEVICE,1648114489460,1648114490034,4,1648114490034,32,3,0,19,0,30899
DEVICE,1648114489492,1648114490066,4,1648114490066,31,3,0,19,0,30899
DEVICE,1648114489524,1648114490098,4,1648114490098,57,5,0,19,0,30899
DEVICE,1648114489556,1648114490130,4,1648114490130,482,48,0,19,0,30899
DEVICE,1648114489588,1648114490162,4,1648114490162,552,55,0,19,0,30899
DEVICE,1648114489620,1648114490194,4,1648114490194,551,55,0,19,0,30901
DEVICE,1648114489652,1648114490226,4,1648114490226,565,56,0,19,0,30903
DEVICE,1648114489684,1648114490258,4,1648114490258,540,54,0,19,0,30905
DEVICE,1648114489716,1648114490290,4,1648114490290,547,54,0,19,0,30905
DEVICE,1648114489749,1648114490323,4,1648114490323,567,56,0,19,0,30905
DEVICE,1648114489780,1648114490354,4,1648114490354,556,55,0,19,0,30905
DEVICE,1648114489812,1648114490386,4,1648114490386,553,55,0,19,0,30905
DEVICE,1648114489844,1648114490418,4,1648114490418,571,57,0,19,0,30905
DEVICE,1648114489876,1648114490450,4,1648114490450,542,54,0,19,0,30905
DEVICE,1648114489908,1648114490482,4,1648114490482,604,60,0,19,0,30905
DEVICE,1648114489940,1648114490514,4,1648114490514,520,52,0,19,0,30905
DEVICE,1648114489972,1648114490546,4,1648114490546,527,52,0,19,0,30905
DEVICE,1648114490004,1648114490578,4,1648114490578,459,45,0,20,0,30905
DEVICE,1648114490036,1648114490610,4,1648114490610,496,49,0,20,0,30936
DEVICE,1648114490068,1648114490642,4,1648114490642,425,42,0,20,0,30936
DEVICE,1648114490100,1648114490674,4,1648114490674,2000,200,0,20,0,30936
DEVICE,1648114490132,1648114490706,4,1648114490706,394,39,0,21,0,30936
DEVICE,1648114490164,1648114490738,4,1648114490738,397,39,0,21,0,30949
DEVICE,1648114490196,1648114490770,4,1648114490770,391,39,0,21,0,30949
DEVICE,1648114490228,1648114490802,4,1648114490802,382,38,0,21,0,30949
DEVICE,1648114490260,1648114490834,4,1648114490834,404,40,0,21,0,30949
DEVICE,1648114490291,1648114490865,4,1648114490865,347,34,0,21,0,30951
DEVICE,1648114490323,1648114490897,4,1648114490897,351,35,0,21,0,30957
DEVICE,1648114490355,1648114490929,4,1648114490929,366,36,0,21,0,30970
DEVICE,1648114490387,1648114490961,4,1648114490961,472,47,0,21,0,30989
DEVICE,1648114490419,1648114490993,4,1648114490993,551,55,0,21,0,31014
DEVICE,1648114490452,1648114491026,4,1648114491026,565,56,0,21,0,31041
DEVICE,1648114490483,1648114491057,4,1648114491057,569,56,0,21,0,31059
DEVICE,1648114490516,1648114491090,4,1648114491090,549,54,0,21,0,31068
DEVICE,1648114490547,1648114491121,4,1648114491121,542,54,0,21,0,31068
DEVICE,1648114490579,1648114491153,4,1648114491153,504,50,0,21,0,31068
DEVICE,1648114490611,1648114491185,4,1648114491185,516,51,0,21,0,31068
DEVICE,1648114490643,1648114491217,4,1648114491217,146,14,0,22,0,31068
DEVICE,1648114490675,1648114491249,4,1648114491249,190,19,0,22,0,31086
DEVICE,1648114490707,1648114491281,4,1648114491281,488,48,0,22,0,31086
DEVICE,1648114490739,1648114491313,4,1648114491313,544,54,0,22,0,31086
DEVICE,1648114490771,1648114491345,4,1648114491345,542,54,0,22,0,31086
DEVICE,1648114490803,1648114491377,4,1648114491377,564,56,0,22,0,31086
DEVICE,1648114490835,1648114491409,4,1648114491409,567,56,0,22,0,31086
DEVICE,1648114490867,1648114491441,4,1648114491441,572,57,0,22,0,31086
DEVICE,1648114490899,1648114491473,4,1648114491473,580,58,0,22,0,31086
DEVICE,1648114490931,1648114491505,4,1648114491505,557,55,0,22,0,31086
DEVICE,1648114490963,1648114491537,4,1648114491537,555,55,0,22,0,31086
DEVICE,1648114490995,1648114491569,4,1648114491569,560,56,0,22,0,31086
DEVICE,1648114491027,1648114491601,4,1648114491601,561,56,0,22,0,31086
DEVICE,1648114491059,1648114491633,4,1648114491633,581,58,0,22,0,31086
DEVICE,1648114491091,1648114491665,4,1648114491665,557,55,0,22,0,31086
DEVICE,1648114491123,1648114491697,4,1648114491697,498,49,0,22,0,31086
DEVICE,1648114491154,1648114491728,4,1648114491728,488,48,0,22,0,31086
DEVICE,1648114491186,1648114491760,4,1648114491760,362,36,0,23,0,31086
DEVICE,1648114491218,1648114491792,4,1648114491792,369,36,0,23,0,30943
DEVICE,1648114491250,1648114491824,4,1648114491824,433,43,0,23,0,30943
DEVICE,1648114491282,1648114491856,4,1648114491856,293,29,0,23,0,30943
DEVICE,1648114491315,1648114491889,4,1648114491889,350,35,0,23,0,30943
DEVICE,1648114491347,1648114491921,4,1648114491921,427,42,0,23,0,30943
DEVICE,1648114491379,1648114491953,4,1648114491953,409,40,0,23,0,30943
DEVICE,1648114491410,1648114491984,4,1648114491984,404,40,0,23,0,30943
DEVICE,1648114491442,1648114492016,4,1648114492016,360,36,0,23,0,30943
DEVICE,1648114491474,1648114492048,4,1648114492048,375,37,0,23,0,30943
DEVICE,1648114491506,1648114492080,4,1648114492080,328,32,0,23,0,30949
DEVICE,1648114491538,1648114492112,4,1648114492112,359,35,0,23,0,30959
DEVICE,1648114491570,1648114492144,4,1648114492144,387,38,0,23,0,30970
DEVICE,1648114491602,1648114492176,4,1648114492176,500,50,0,23,0,30980
DEVICE,1648114491635,1648114492209,4,1648114492209,541,54,0,23,0,30997
DEVICE,1648114491666,1648114492240,4,1648114492240,560,56,0,23,0,31018
DEVICE,1648114491699,1648114492273,4,1648114492273,570,57,0,23,0,31032
DEVICE,1648114491730,1648114492304,4,1648114492304,558,55,0,23,0,31036
DEVICE,1648114491762,1648114492336,4,1648114492336,566,56,0,23,0,31036
DEVICE,1648114491794,1648114492368,4,1648114492368,544,54,0,23,0,31036
DEVICE,1648114491826,1648114492400,4,1648114492400,540,54,0,23,0,31036
DEVICE,1648114491858,1648114492432,4,1648114492432,538,53,0,23,0,31036
DEVICE,1648114491890,1648114492464,4,1648114492464,532,53,0,23,0,31036
DEVICE,1648114491922,1648114492496,4,1648114492496,559,55,0,23,0,31036
DEVICE,1648114491954,1648114492528,4,1648114492528,562,56,0,23,0,31036
DEVICE,1648114491986,1648114492560,4,1648114492560,556,55,0,23,0,31036
DEVICE,1648114492018,1648114492592,4,1648114492592,585,58,0,23,0,31036
DEVICE,1648114492050,1648114492624,4,1648114492624,575,57,0,23,0,31036
DEVICE,1648114492082,1648114492656,4,1648114492656,573,57,0,23,0,31036
DEVICE,1648114492114,1648114492688,4,1648114492688,571,57,0,23,0,31036
DEVICE,1648114492146,1648114492720,4,1648114492720,570,57,0,23,0,31036
DEVICE,1648114492178,1648114492752,4,1648114492752,558,55,0,23,0,31036
DEVICE,1648114492210,1648114492784,4,1648114492784,545,54,0,23,0,31036
DEVICE,1648114492242,1648114492816,4,1648114492816,557,55,0,23,0,31036
DEVICE,1648114492273,1648114492847,4,1648114492847,581,58,0,23,0,31036
DEVICE,1648114492305,1648114492879,4,1648114492879,601,60,0,23,0,31036
DEVICE,1648114492338,1648114492912,4,1648114492912,533,53,0,23,0,31036
DEVICE,1648114492370,1648114492944,4,1648114492944,512,51,0,23,0,31036
DEVICE,1648114492401,1648114492975,4,1648114492975,449,44,0,24,0,31036
DEVICE,1648114492433,1648114493007,4,1648114493007,2000,200,0,24,0,30968
DEVICE,1648114492466,1648114493040,4,1648114493040,2000,200,0,24,0,30968
DEVICE,1648114492497,1648114493071,4,1648114493071,353,35,0,25,0,-23045
DEVICE,1648114492529,1648114493103,4,1648114493103,347,34,0,25,0,30968
DEVICE,1648114492561,1648114493135,4,1648114493135,379,37,0,25,0,30968
DEVICE,1648114492593,1648114493167,4,1648114493167,413,41,0,25,0,30968
DEVICE,1648114492625,1648114493199,4,1648114493199,414,41,0,25,0,30968
DEVICE,1648114492657,1648114493231,4,1648114493231,368,36,0,25,0,30968
DEVICE,1648114492689,1648114493263,4,1648114493263,396,39,0,25,0,30970
DEVICE,1648114492721,1648114493295,4,1648114493295,394,39,0,25,0,30972
DEVICE,1648114492753,1648114493327,4,1648114493327,373,37,0,25,0,30974
DEVICE,1648114492785,1648114493359,4,1648114493359,357,35,0,25,0,30976
DEVICE,1648114492817,1648114493391,4,1648114493391,372,37,0,25,0,30978
DEVICE,1648114492849,1648114493423,4,1648114493423,412,41,0,25,0,30982
DEVICE,1648114492882,1648114493456,4,1648114493456,466,46,0,25,0,30984
DEVICE,1648114492914,1648114493488,4,1648114493488,524,52,0,25,0,30986
DEVICE,1648114492945,1648114493519,4,1648114493519,548,54,0,25,0,30986
DEVICE,1648114492977,1648114493551,4,1648114493551,558,55,0,25,0,30986
DEVICE,1648114493009,1648114493583,4,1648114493583,578,57,0,25,0,30986
DEVICE,1648114493041,1648114493615,4,1648114493615,569,56,0,25,0,30986
DEVICE,1648114493073,1648114493647,4,1648114493647,556,55,0,25,0,30986
DEVICE,1648114493105,1648114493679,4,1648114493679,578,57,0,25,0,30986
DEVICE,1648114493137,1648114493711,4,1648114493711,572,57,0,25,0,30986
DEVICE,1648114493169,1648114493743,4,1648114493743,555,55,0,25,0,30986
DEVICE,1648114493200,1648114493774,4,1648114493774,562,56,0,25,0,30986
DEVICE,1648114493233,1648114493807,4,1648114493807,550,55,0,25,0,30986
DEVICE,1648114493265,1648114493839,4,1648114493839,562,56,0,25,0,30986
DEVICE,1648114493297,1648114493871,4,1648114493871,568,56,0,25,0,30986
DEVICE,1648114493328,1648114493902,4,1648114493902,565,56,0,25,0,30986
DEVICE,1648114493361,1648114493935,4,1648114493935,557,55,0,25,0,30986
DEVICE,1648114493392,1648114493966,4,1648114493966,585,58,0,25,0,30986
DEVICE,1648114493425,1648114493999,4,1648114493999,556,55,0,25,0,30986
DEVICE,1648114493456,1648114494030,4,1648114494030,559,55,0,25,0,30986
DEVICE,1648114493488,1648114494062,4,1648114494062,547,54,0,25,0,30986
DEVICE,1648114493520,1648114494094,4,1648114494094,582,58,0,25,0,30986
DEVICE,1648114493552,1648114494126,4,1648114494126,591,59,0,25,0,30986
DEVICE,1648114493584,1648114494158,4,1648114494158,574,57,0,25,0,30986
DEVICE,1648114493616,1648114494190,4,1648114494190,504,50,0,25,0,30986
DEVICE,1648114493649,1648114494223,4,1648114494223,468,46,0,26,0,30986
DEVICE,1648114493680,1648114494254,4,1648114494254,372,37,0,26,0,30886
DEVICE,1648114493712,1648114494286,4,1648114494286,399,39,0,26,0,30886
DEVICE,1648114493744,1648114494318,4,1648114494318,315,31,0,26,0,30886
DEVICE,1648114493776,1648114494350,4,1648114494350,292,29,0,26,0,30886
DEVICE,1648114493808,1648114494382,4,1648114494382,253,25,0,26,0,30886
DEVICE,1648114493840,1648114494414,4,1648114494414,338,33,0,26,0,30886
DEVICE,1648114493872,1648114494446,4,1648114494446,397,39,0,26,0,30891
DEVICE,1648114493904,1648114494478,4,1648114494478,436,43,0,26,0,30901
DEVICE,1648114493936,1648114494510,4,1648114494510,412,41,0,26,0,30918
DEVICE,1648114493968,1648114494542,4,1648114494542,376,37,0,26,0,30939
DEVICE,1648114494000,1648114494574,4,1648114494574,353,35,0,26,0,30961
DEVICE,1648114494032,1648114494606,4,1648114494606,353,35,0,26,0,30984
DEVICE,1648114494064,1648114494638,4,1648114494638,365,36,0,26,0,31001
DEVICE,1648114494096,1648114494670,4,1648114494670,442,44,0,26,0,31009
DEVICE,1648114494128,1648114494702,4,1648114494702,517,51,0,26,0,31011
DEVICE,1648114494160,1648114494734,4,1648114494734,540,54,0,26,0,31011
DEVICE,1648114494192,1648114494766,4,1648114494766,558,55,0,26,0,31011
DEVICE,1648114494224,1648114494798,4,1648114494798,564,56,0,26,0,31011
DEVICE,1648114494256,1648114494830,4,1648114494830,572,57,0,26,0,31011
DEVICE,1648114494288,1648114494862,4,1648114494862,552,55,0,26,0,31011
DEVICE,1648114494320,1648114494894,4,1648114494894,552,55,0,26,0,31011
DEVICE,1648114494351,1648114494925,4,1648114494925,552,55,0,26,0,31011
DEVICE,1648114494383,1648114494957,4,1648114494957,554,55,0,26,0,31011
DEVICE,1648114494416,1648114494990,4,1648114494990,544,54,0,26,0,31011
DEVICE,1648114494448,1648114495022,4,1648114495022,561,56,0,26,0,31011
DEVICE,1648114494480,1648114495054,4,1648114495054,570,57,0,26,0,31011
DEVICE,1648114494512,1648114495086,4,1648114495086,573,57,0,26,0,31011
DEVICE,1648114494544,1648114495118,4,1648114495118,574,57,0,26,0,31011
DEVICE,1648114494575,1648114495149,4,1648114495149,575,57,0,26,0,31011
DEVICE,1648114494607,1648114495181,4,1648114495181,575,57,0,26,0,31011
DEVICE,1648114494639,1648114495213,4,1648114495213,540,54,0,26,0,31011
DEVICE,1648114494671,1648114495245,4,1648114495245,562,56,0,26,0,31011
DEVICE,1648114494703,1648114495277,4,1648114495277,570,57,0,26,0,31011
DEVICE,1648114494735,1648114495309,4,1648114495309,574,57,0,26,0,31011
DEVICE,1648114494767,1648114495341,4,1648114495341,576,57,0,26,0,31011
DEVICE,1648114494799,1648114495373,4,1648114495373,536,53,0,26,0,31011
DEVICE,1648114494832,1648114495406,4,1648114495406,478,47,0,27,0,31011
DEVICE,1648114494863,1648114495437,4,1648114495437,372,37,0,27,0,30980
DEVICE,1648114494895,1648114495469,4,1648114495469,362,36,0,27,0,30980
DEVICE,1648114494927,1648114495501,4,1648114495501,261,26,0,27,0,30980
DEVICE,1648114494959,1648114495533,4,1648114495533,259,25,0,27,0,30980
DEVICE,1648114494991,1648114495565,4,1648114495565,201,20,0,27,0,30980
DEVICE,1648114495023,1648114495597,4,1648114495597,179,17,0,27,0,30982
DEVICE,1648114495055,1648114495629,4,1648114495629,177,17,0,27,0,30984
DEVICE,1648114495087,1648114495661,4,1648114495661,163,16,0,27,0,30989
DEVICE,1648114495119,1648114495693,4,1648114495693,150,15,0,27,0,30995
DEVICE,1648114495151,1648114495725,4,1648114495725,135,13,0,27,0,31005
DEVICE,1648114495183,1648114495757,4,1648114495757,116,11,0,27,0,31020
DEVICE,1648114495215,1648114495789,4,1648114495789,98,9,0,27,0,31036
DEVICE,1648114495247,1648114495821,4,1648114495821,95,9,0,27,0,31051
DEVICE,1648114495279,1648114495853,4,1648114495853,86,8,0,27,0,31064
DEVICE,1648114495311,1648114495885,4,1648114495885,77,7,0,27,0,31072
DEVICE,1648114495343,1648114495917,4,1648114495917,66,6,0,27,0,31078
DEVICE,1648114495375,1648114495949,4,1648114495949,57,5,0,27,0,31080
DEVICE,1648114495407,1648114495981,4,1648114495981,48,4,0,27,0,31080
DEVICE,1648114495439,1648114496013,4,1648114496013,53,5,0,27,0,31080
DEVICE,1648114495471,1648114496045,4,1648114496045,62,6,0,27,0,31076
DEVICE,1648114495503,1648114496077,4,1648114496077,73,7,0,27,0,31064
DEVICE,1648114495534,1648114496108,4,1648114496108,70,7,0,27,0,31041
DEVICE,1648114495566,1648114496140,4,1648114496140,75,7,0,27,0,31016
DEVICE,1648114495598,1648114496172,4,1648114496172,72,7,0,27,0,30982
DEVICE,1648114495631,1648114496205,4,1648114496205,66,6,0,27,0,30930
DEVICE,1648114495663,1648114496237,4,1648114496237,65,6,0,27,0,30857
DEVICE,1648114495695,1648114496269,4,1648114496269,62,6,0,27,0,30764
DEVICE,1648114495727,1648114496301,4,1648114496301,61,6,0,27,0,30651
DEVICE,1648114495758,1648114496332,4,1648114496332,63,6,0,27,0,30520
DEVICE,1648114495790,1648114496364,4,1648114496364,65,6,0,27,0,30366
DEVICE,1648114495822,1648114496396,4,1648114496396,71,7,0,27,0,30180
DEVICE,1648114495854,1648114496428,4,1648114496428,67,6,0,27,0,29966
DEVICE,1648114495886,1648114496460,4,1648114496460,65,6,0,27,0,29743
DEVICE,1648114495918,1648114496492,4,1648114496492,62,6,0,27,0,29522
DEVICE,1648114495950,1648114496524,4,1648114496524,63,6,0,27,0,29297
DEVICE,1648114495982,1648114496556,4,1648114496556,66,6,0,27,0,29066
DEVICE,1648114496014,1648114496588,4,1648114496588,69,6,0,27,0,28830
DEVICE,1648114496046,1648114496620,4,1648114496620,69,6,0,27,0,28601
DEVICE,1648114496078,1648114496652,4,1648114496652,67,6,0,27,0,28393
DEVICE,1648114496110,1648114496684,4,1648114496684,66,6,0,27,0,28218
DEVICE,1648114496142,1648114496716,4,1648114496716,65,6,0,27,0,28068
DEVICE,1648114496174,1648114496748,4,1648114496748,64,6,0,27,0,27930
DEVICE,1648114496206,1648114496780,4,1648114496780,66,6,0,27,0,27811
DEVICE,1648114496238,1648114496812,4,1648114496812,64,6,0,27,0,27716
DEVICE,1648114496270,1648114496844,4,1648114496844,69,6,0,27,0,27645
DEVICE,1648114496302,1648114496876,4,1648114496876,67,6,0,27,0,27593
DEVICE,1648114496334,1648114496908,4,1648114496908,66,6,0,27,0,27553
DEVICE,1648114496366,1648114496940,4,1648114496940,66,6,0,27,0,27522
DEVICE,1648114496399,1648114496973,4,1648114496973,66,6,0,27,0,27497
DEVICE,1648114496430,1648114497004,4,1648114497004,69,6,0,27,0,27482
DEVICE,1648114496462,1648114497036,4,1648114497036,67,6,0,27,0,27476
DEVICE,1648114496494,1648114497068,4,1648114497068,67,6,0,27,0,27474
DEVICE,1648114496526,1648114497100,4,1648114497100,66,6,0,27,0,27472
DEVICE,1648114496557,1648114497131,4,1648114497131,65,6,0,27,0,27468
DEVICE,1648114496589,1648114497163,4,1648114497163,66,6,0,27,0,27459
DEVICE,1648114496621,1648114497195,4,1648114497195,67,6,0,27,0,27447
DEVICE,1648114496653,1648114497227,4,1648114497227,66,6,0,27,0,27430
DEVICE,1648114496685,1648114497259,4,1648114497259,63,6,0,27,0,27409
DEVICE,1648114496717,1648114497291,4,1648114497291,67,6,0,27,0,27389
DEVICE,1648114496749,1648114497323,4,1648114497323,66,6,0,27,0,27368
DEVICE,1648114496782,1648114497356,4,1648114497356,66,6,0,27,0,27349
DEVICE,1648114496814,1648114497388,4,1648114497388,67,6,0,27,0,27330
DEVICE,1648114496846,1648114497420,4,1648114497420,63,6,0,27,0,27311
DEVICE,1648114496877,1648114497451,4,1648114497451,66,6,0,27,0,27297
DEVICE,1648114496909,1648114497483,4,1648114497483,64,6,0,27,0,27289
DEVICE,1648114496941,1648114497515,4,1648114497515,67,6,0,27,0,27284
DEVICE,1648114496973,1648114497547,4,1648114497547,67,6,0,27,0,27280
DEVICE,1648114497005,1648114497579,4,1648114497579,69,6,0,27,0,27276
DEVICE,1648114497037,1648114497611,4,1648114497611,67,6,0,27,0,27274
DEVICE,1648114497069,1648114497643,4,1648114497643,67,6,0,27,0,27272
DEVICE,1648114497101,1648114497675,4,1648114497675,66,6,0,27,0,27266
DEVICE,1648114497134,1648114497708,4,1648114497708,66,6,0,27,0,27257
DEVICE,1648114497165,1648114497739,4,1648114497739,65,6,0,27,0,27251
DEVICE,1648114497197,1648114497771,4,1648114497771,63,6,0,27,0,27249
DEVICE,1648114497229,1648114497803,4,1648114497803,66,6,0,27,0,27247
DEVICE,1648114497261,1648114497835,4,1648114497835,65,6,0,27,0,27241
DEVICE,1648114497293,1648114497867,4,1648114497867,64,6,0,27,0,27232
DEVICE,1648114497325,1648114497899,4,1648114497899,65,6,0,27,0,27226
