DeviceName,PTPTime,UnixTime,protocool,CurrentDeviceTime,DistanceMM,DistanceCM,Weight,Count,DistanceADC,WeightADC,DeviceName(Current)
DEVICE,1648535395990,1648535396192,4,1648535396192,791,79,0,0,0,0
DEVICE,1648535396022,1648535396224,4,1648535396224,803,80,0,0,0,0
DEVICE,1648535396055,1648535396257,4,1648535396257,800,80,0,0,0,0
DEVICE,1648535396087,1648535396289,4,1648535396289,783,78,0,0,0,0
DEVICE,1648535396118,1648535396320,4,1648535396320,790,79,0,0,0,0
DEVICE,1648535396150,1648535396352,4,1648535396352,796,79,0,0,0,0
DEVICE,1648535396182,1648535396384,4,1648535396384,798,79,0,0,0,0
DEVICE,1648535396214,1648535396416,4,1648535396416,789,78,0,0,0,0
DEVICE,1648535396246,1648535396448,4,1648535396448,785,78,0,0,0,0
DEVICE,1648535396279,1648535396481,4,1648535396481,783,78,0,0,0,0
DEVICE,1648535396309,1648535396511,4,1648535396511,789,78,0,0,0,0
DEVICE,1648535396342,1648535396544,4,1648535396544,797,79,0,0,0,0
DEVICE,1648535396374,1648535396576,4,1648535396576,787,78,0,0,0,0
DEVICE,1648535396406,1648535396608,4,1648535396608,787,78,0,0,0,0
DEVICE,1648535396439,1648535396641,4,1648535396641,791,79,0,0,0,0
DEVICE,1648535396471,1648535396673,4,1648535396673,793,79,0,0,0,0
DEVICE,1648535396503,1648535396705,4,1648535396705,806,80,0,0,0,0
DEVICE,1648535396535,1648535396737,4,1648535396737,799,79,0,0,0,0
DEVICE,1648535396566,1648535396768,4,1648535396768,795,79,0,0,0,0
DEVICE,1648535396598,1648535396800,4,1648535396800,794,79,0,0,0,0
DEVICE,1648535396629,1648535396831,4,1648535396831,797,79,0,0,0,0
DEVICE,1648535396661,1648535396863,4,1648535396863,801,80,0,0,0,0
DEVICE,1648535396694,1648535396896,4,1648535396896,783,78,0,0,0,0
DEVICE,1648535396727,1648535396929,4,1648535396929,798,79,0,0,0,0
DEVICE,1648535396758,1648535396960,4,1648535396960,792,79,0,0,0,0
DEVICE,1648535396790,1648535396992,4,1648535396992,806,80,0,0,0,0
DEVICE,1648535396821,1648535397023,4,1648535397023,800,80,0,0,0,0
DEVICE,1648535396854,1648535397056,4,1648535397056,786,78,0,0,0,0
DEVICE,1648535396886,1648535397088,4,1648535397088,796,79,0,0,0,0
DEVICE,1648535396917,1648535397119,4,1648535397119,784,78,0,0,0,0
DEVICE,1648535396949,1648535397151,4,1648535397151,794,79,0,0,0,0
DEVICE,1648535396998,1648535397200,4,1648535397200,796,79,0,0,32706,0
DEVICE,1648535397013,1648535397215,4,1648535397215,796,79,0,0,32706,0
DEVICE,1648535397046,1648535397248,4,1648535397248,810,81,0,0,32706,0
DEVICE,1648535397077,1648535397279,4,1648535397279,806,80,0,0,32706,0
DEVICE,1648535397109,1648535397311,4,1648535397311,787,78,0,0,32706,0
DEVICE,1648535397142,1648535397344,4,1648535397344,811,81,0,0,32706,0
DEVICE,1648535397174,1648535397376,4,1648535397376,804,80,0,0,32706,0
DEVICE,1648535397205,1648535397407,4,1648535397407,789,78,0,0,32706,0
DEVICE,1648535397238,1648535397440,4,1648535397440,781,78,0,0,32706,0
DEVICE,1648535397270,1648535397472,4,1648535397472,799,79,0,0,32706,0
DEVICE,1648535397302,1648535397504,4,1648535397504,808,80,0,0,32706,0
DEVICE,1648535397334,1648535397536,4,1648535397536,792,79,0,0,32706,0
DEVICE,1648535397365,1648535397567,4,1648535397567,805,80,0,0,32706,0
DEVICE,1648535397398,1648535397600,4,1648535397600,785,78,0,0,32706,0
DEVICE,1648535397430,1648535397632,4,1648535397632,790,79,0,0,32706,0
DEVICE,1648535397461,1648535397663,4,1648535397663,787,78,0,0,32706,0
DEVICE,1648535397493,1648535397695,4,1648535397695,784,78,0,0,32706,0
DEVICE,1648535397525,1648535397727,4,1648535397727,778,77,0,0,32706,0
DEVICE,1648535397557,1648535397759,4,1648535397759,788,78,0,0,32706,0
DEVICE,1648535397589,1648535397791,4,1648535397791,797,79,0,0,32706,0
DEVICE,1648535397622,1648535397824,4,1648535397824,794,79,0,0,32706,0
DEVICE,1648535397654,1648535397856,4,1648535397856,781,78,0,0,32706,0
DEVICE,1648535397685,1648535397887,4,1648535397887,792,79,0,0,32706,0
DEVICE,1648535397717,1648535397919,4,1648535397919,781,78,0,0,32706,0
DEVICE,1648535397749,1648535397951,4,1648535397951,792,79,0,0,32706,0
DEVICE,1648535397781,1648535397983,4,1648535397983,779,77,0,0,32706,0
DEVICE,1648535397813,1648535398015,4,1648535398015,788,78,0,0,32706,0
DEVICE,1648535397845,1648535398047,4,1648535398047,783,78,0,0,32706,0
DEVICE,1648535397877,1648535398079,4,1648535398079,796,79,0,0,32706,0
DEVICE,1648535397909,1648535398111,4,1648535398111,795,79,0,0,32706,0
DEVICE,1648535397941,1648535398143,4,1648535398143,799,79,0,0,32706,0
DEVICE,1648535397973,1648535398175,4,1648535398175,791,79,0,0,32712,0
DEVICE,1648535398005,1648535398207,4,1648535398207,786,78,0,0,32712,0
DEVICE,1648535398037,1648535398239,4,1648535398239,782,78,0,0,32712,0
DEVICE,1648535398069,1648535398271,4,1648535398271,782,78,0,0,32712,0
DEVICE,1648535398101,1648535398303,4,1648535398303,773,77,0,0,32712,0
DEVICE,1648535398133,1648535398335,4,1648535398335,806,80,0,0,32712,0
DEVICE,1648535398165,1648535398367,4,1648535398367,790,79,0,0,32712,0
DEVICE,1648535398197,1648535398399,4,1648535398399,792,79,0,0,32712,0
DEVICE,1648535398229,1648535398431,4,1648535398431,784,78,0,0,32712,0
DEVICE,1648535398261,1648535398463,4,1648535398463,798,79,0,0,32712,0
DEVICE,1648535398293,1648535398495,4,1648535398495,787,78,0,0,32712,0
DEVICE,1648535398325,1648535398527,4,1648535398527,802,80,0,0,32712,0
DEVICE,1648535398357,1648535398559,4,1648535398559,794,79,0,0,32712,0
DEVICE,1648535398389,1648535398591,4,1648535398591,789,78,0,0,32712,0
DEVICE,1648535398421,1648535398623,4,1648535398623,794,79,0,0,32712,0
DEVICE,1648535398453,1648535398655,4,1648535398655,790,79,0,0,32712,0
DEVICE,1648535398485,1648535398687,4,1648535398687,799,79,0,0,32712,0
DEVICE,1648535398518,1648535398720,4,1648535398720,788,78,0,0,32712,0
DEVICE,1648535398550,1648535398752,4,1648535398752,797,79,0,0,32712,0
DEVICE,1648535398581,1648535398783,4,1648535398783,782,78,0,0,32712,0
DEVICE,1648535398612,1648535398814,4,1648535398814,804,80,0,0,32712,0
DEVICE,1648535398645,1648535398847,4,1648535398847,781,78,0,0,32712,0
DEVICE,1648535398677,1648535398879,4,1648535398879,791,79,0,0,32712,0
DEVICE,1648535398709,1648535398911,4,1648535398911,787,78,0,0,32712,0
DEVICE,1648535398741,1648535398943,4,1648535398943,791,79,0,0,32712,0
DEVICE,1648535398773,1648535398975,4,1648535398975,800,80,0,0,32712,0
DEVICE,1648535398805,1648535399007,4,1648535399007,790,79,0,0,32712,0
DEVICE,1648535398837,1648535399039,4,1648535399039,794,79,0,0,32712,0
DEVICE,1648535398869,1648535399071,4,1648535399071,803,80,0,0,32712,0
DEVICE,1648535398900,1648535399102,4,1648535399102,792,79,0,0,32712,0
DEVICE,1648535398933,1648535399135,4,1648535399135,789,78,0,0,32712,0
DEVICE,1648535398965,1648535399167,4,1648535399167,805,80,0,0,32712,0
DEVICE,1648535398996,1648535399198,4,1648535399198,804,80,0,0,32706,0
DEVICE,1648535399029,1648535399231,4,1648535399231,792,79,0,0,32706,0
DEVICE,1648535399060,1648535399262,4,1648535399262,785,78,0,0,32706,0
DEVICE,1648535399093,1648535399295,4,1648535399295,785,78,0,0,32706,0
DEVICE,1648535399125,1648535399327,4,1648535399327,801,80,0,0,32706,0
DEVICE,1648535399157,1648535399359,4,1648535399359,786,78,0,0,32706,0
DEVICE,1648535399189,1648535399391,4,1648535399391,792,79,0,0,32706,0
DEVICE,1648535399221,1648535399423,4,1648535399423,793,79,0,0,32706,0
DEVICE,1648535399252,1648535399454,4,1648535399454,787,78,0,0,32706,0
DEVICE,1648535399284,1648535399486,4,1648535399486,793,79,0,0,32706,0
DEVICE,1648535399322,1648535399524,4,1648535399524,785,78,0,0,32706,0
DEVICE,1648535399348,1648535399550,4,1648535399550,796,79,0,0,32706,0
DEVICE,1648535399380,1648535399582,4,1648535399582,779,77,0,0,32706,0
DEVICE,1648535399412,1648535399614,4,1648535399614,773,77,0,0,32706,0
DEVICE,1648535399444,1648535399646,4,1648535399646,780,78,0,0,32706,0
DEVICE,1648535399476,1648535399678,4,1648535399678,790,79,0,0,32706,0
DEVICE,1648535399508,1648535399710,4,1648535399710,794,79,0,0,32706,0
DEVICE,1648535399540,1648535399742,4,1648535399742,795,79,0,0,32706,0
DEVICE,1648535399572,1648535399774,4,1648535399774,796,79,0,0,32706,0
DEVICE,1648535399604,1648535399806,4,1648535399806,800,80,0,0,32706,0
DEVICE,1648535399636,1648535399838,4,1648535399838,784,78,0,0,32706,0
DEVICE,1648535399668,1648535399870,4,1648535399870,792,79,0,0,32706,0
DEVICE,1648535399700,1648535399902,4,1648535399902,792,79,0,0,32706,0
DEVICE,1648535399732,1648535399934,4,1648535399934,796,79,0,0,32706,0
DEVICE,1648535399764,1648535399966,4,1648535399966,772,77,0,0,32706,0
DEVICE,1648535399795,1648535399997,4,1648535399997,800,80,0,0,32706,0
DEVICE,1648535399822,1648535400024,4,1648535400024,810,81,0,0,32706,0
DEVICE,1648535399859,1648535400061,4,1648535400061,783,78,0,0,32706,0
DEVICE,1648535399876,1648535400078,4,1648535400078,797,79,0,0,32706,0
DEVICE,1648535399908,1648535400110,4,1648535400110,803,80,0,0,32706,0
DEVICE,1648535399940,1648535400142,4,1648535400142,778,77,0,0,32706,0
DEVICE,1648535399988,1648535400190,4,1648535400190,787,78,0,0,32725,0
DEVICE,1648535400006,1648535400208,4,1648535400208,797,79,0,0,32725,0
DEVICE,1648535400037,1648535400239,4,1648535400239,791,79,0,0,32725,0
DEVICE,1648535400068,1648535400270,4,1648535400270,799,79,0,0,32725,0
DEVICE,1648535400100,1648535400302,4,1648535400302,791,79,0,0,32725,0
DEVICE,1648535400132,1648535400334,4,1648535400334,793,79,0,0,32725,0
DEVICE,1648535400164,1648535400366,4,1648535400366,797,79,0,0,32725,0
DEVICE,1648535400196,1648535400398,4,1648535400398,777,77,0,0,32725,0
DEVICE,1648535400228,1648535400430,4,1648535400430,784,78,0,0,32725,0
DEVICE,1648535400260,1648535400462,4,1648535400462,794,79,0,0,32725,0
DEVICE,1648535400292,1648535400494,4,1648535400494,797,79,0,0,32725,0
DEVICE,1648535400325,1648535400527,4,1648535400527,793,79,0,0,32725,0
DEVICE,1648535400357,1648535400559,4,1648535400559,788,78,0,0,32725,0
DEVICE,1648535400388,1648535400590,4,1648535400590,795,79,0,0,32725,0
DEVICE,1648535400420,1648535400622,4,1648535400622,802,80,0,0,32725,0
DEVICE,1648535400452,1648535400654,4,1648535400654,787,78,0,0,32725,0
DEVICE,1648535400484,1648535400686,4,1648535400686,793,79,0,0,32725,0
DEVICE,1648535400516,1648535400718,4,1648535400718,789,78,0,0,32725,0
DEVICE,1648535400548,1648535400750,4,1648535400750,815,81,0,0,32725,0
DEVICE,1648535400580,1648535400782,4,1648535400782,808,80,0,0,32725,0
DEVICE,1648535400612,1648535400814,4,1648535400814,786,78,0,0,32725,0
DEVICE,1648535400644,1648535400846,4,1648535400846,792,79,0,0,32725,0
DEVICE,1648535400676,1648535400878,4,1648535400878,793,79,0,0,32725,0
DEVICE,1648535400708,1648535400910,4,1648535400910,802,80,0,0,32725,0
DEVICE,1648535400740,1648535400942,4,1648535400942,792,79,0,0,32725,0
DEVICE,1648535400772,1648535400974,4,1648535400974,790,79,0,0,32725,0
DEVICE,1648535400804,1648535401006,4,1648535401006,802,80,0,0,32725,0
DEVICE,1648535400836,1648535401038,4,1648535401038,796,79,0,0,32725,0
DEVICE,1648535400868,1648535401070,4,1648535401070,799,79,0,0,32725,0
DEVICE,1648535400900,1648535401102,4,1648535401102,775,77,0,0,32725,0
DEVICE,1648535400932,1648535401134,4,1648535401134,801,80,0,0,32725,0
DEVICE,1648535400964,1648535401166,4,1648535401166,790,79,0,0,32725,0
DEVICE,1648535400996,1648535401198,4,1648535401198,800,80,0,0,32725,0
DEVICE,1648535401028,1648535401230,4,1648535401230,796,79,0,0,32725,0
DEVICE,1648535401059,1648535401261,4,1648535401261,780,78,0,0,32725,0
DEVICE,1648535401091,1648535401293,4,1648535401293,789,78,0,0,32725,0
DEVICE,1648535401124,1648535401326,4,1648535401326,791,79,0,0,32725,0
DEVICE,1648535401156,1648535401358,4,1648535401358,791,79,0,0,32725,0
DEVICE,1648535401188,1648535401390,4,1648535401390,794,79,0,0,32725,0
DEVICE,1648535401219,1648535401421,4,1648535401421,788,78,0,0,32725,0
DEVICE,1648535401252,1648535401454,4,1648535401454,790,79,0,0,32725,0
