Device,PTPTime,UnixTime,Protocool,CurrentDeviceTime,GyroX,GyroY,GyroZ,AccX,AccY,AccZ,HeartRate
WATCH,1647939503272,1647939503363,4,1647939503127,-0.023,-0.002,0.017,0.011,-0.004,0.003,0
WATCH,1647939503272,1647939503363,4,1647939503137,-0.016,0.002,0.012,0.005,0.006,0.003,0
WATCH,1647939503273,1647939503364,4,1647939503147,-0.004,0.005,0.006,-0.000,0.009,0.000,0
WATCH,1647939503273,1647939503364,4,1647939503157,0.001,0.001,0.001,0.002,0.008,0.001,0
WATCH,1647939503277,1647939503368,4,1647939503167,0.001,0.000,-0.003,0.002,0.003,-0.003,0
WATCH,1647939503277,1647939503368,4,1647939503177,0.009,-0.003,-0.003,0.002,0.003,-0.003,0
WATCH,1647939503277,1647939503368,4,1647939503187,0.004,-0.000,-0.005,-0.000,0.004,-0.003,0
WATCH,1647939503277,1647939503368,4,1647939503197,-0.004,0.004,-0.006,0.002,-0.000,0.003,0
WATCH,1647939503279,1647939503370,4,1647939503207,-0.005,0.009,-0.003,0.006,-0.004,0.003,0
WATCH,1647939503357,1647939503448,4,1647939503217,-0.007,0.008,-0.000,0.007,-0.004,0.002,0
WATCH,1647939503357,1647939503448,4,1647939503227,-0.002,0.004,0.003,0.009,0.001,0.001,0
WATCH,1647939503357,1647939503448,4,1647939503236,-0.001,0.007,-0.002,0.005,0.005,-0.001,0
WATCH,1647939503358,1647939503449,4,1647939503246,0.002,0.008,-0.004,0.001,0.006,-0.002,0
WATCH,1647939503358,1647939503449,4,1647939503256,0.002,0.008,-0.003,0.000,0.004,-0.001,0
WATCH,1647939503444,1647939503535,4,1647939503267,-0.011,0.004,-0.001,-0.000,-0.002,-0.001,0
WATCH,1647939503445,1647939503536,4,1647939503276,-0.021,0.001,-0.000,-0.000,-0.002,0.004,0
WATCH,1647939503448,1647939503539,4,1647939503286,-0.020,0.002,0.002,-0.001,-0.000,0.000,0
WATCH,1647939503450,1647939503541,4,1647939503296,-0.011,0.003,0.002,0.001,0.001,-0.004,0
WATCH,1647939503451,1647939503542,4,1647939503306,-0.006,0.002,0.001,0.003,-0.003,-0.006,0
WATCH,1647939503483,1647939503574,4,1647939503316,-0.003,-0.000,0.001,0.008,0.001,-0.003,0
WATCH,1647939503484,1647939503575,4,1647939503326,0.004,-0.000,-0.006,0.010,0.006,-0.007,0
WATCH,1647939503484,1647939503575,4,1647939503336,0.012,0.001,-0.004,0.013,0.006,-0.009,0
WATCH,1647939503484,1647939503575,4,1647939503346,0.011,-0.003,-0.000,0.016,-0.000,-0.003,0
WATCH,1647939503485,1647939503576,4,1647939503356,0.013,-0.005,0.001,0.015,0.002,-0.005,0
WATCH,1647939503517,1647939503608,4,1647939503366,0.008,-0.003,-0.000,0.011,0.003,-0.008,0
WATCH,1647939503517,1647939503608,4,1647939503376,0.008,-0.010,-0.000,0.009,0.003,-0.007,0
WATCH,1647939503518,1647939503609,4,1647939503386,0.006,-0.015,-0.005,0.009,0.003,-0.010,0
WATCH,1647939503518,1647939503609,4,1647939503396,0.003,-0.017,-0.004,0.007,0.002,-0.008,0
WATCH,1647939503518,1647939503609,4,1647939503405,-0.003,-0.017,-0.005,0.004,-0.000,-0.005,0
WATCH,1647939503551,1647939503642,4,1647939503415,-0.006,-0.015,-0.010,0.005,0.001,-0.000,0
WATCH,1647939503551,1647939503642,4,1647939503425,-0.005,-0.016,-0.010,0.002,0.002,-0.002,0
WATCH,1647939503551,1647939503642,4,1647939503435,-0.005,-0.016,-0.011,0.002,-0.001,0.001,0
WATCH,1647939503552,1647939503643,4,1647939503446,-0.012,-0.015,-0.009,0.002,-0.003,-0.000,0
WATCH,1647939503552,1647939503643,4,1647939503455,-0.012,-0.017,-0.005,0.004,-0.006,-0.003,0
WATCH,1647939503584,1647939503675,4,1647939503465,-0.006,-0.018,-0.005,0.004,-0.002,-0.001,0
WATCH,1647939503584,1647939503675,4,1647939503475,-0.002,-0.018,-0.007,-0.002,0.002,0.002,0
WATCH,1647939503585,1647939503676,4,1647939503485,-0.003,-0.020,-0.006,-0.005,-0.002,-0.000,0
WATCH,1647939503585,1647939503676,4,1647939503495,-0.020,-0.013,0.000,-0.001,-0.005,0.005,0
WATCH,1647939503586,1647939503677,4,1647939503505,-0.020,-0.010,0.001,0.002,-0.005,0.003,0
WATCH,1647939503640,1647939503731,4,1647939503515,-0.018,-0.009,0.002,0.003,0.001,-0.000,0
WATCH,1647939503641,1647939503732,4,1647939503525,-0.013,-0.012,-0.002,-0.000,0.005,0.002,0
WATCH,1647939503641,1647939503732,4,1647939503535,-0.016,-0.008,-0.004,-0.002,0.003,0.002,0
WATCH,1647939503641,1647939503732,4,1647939503545,-0.016,-0.004,-0.002,-0.000,0.003,0.006,0
WATCH,1647939503642,1647939503733,4,1647939503554,-0.012,-0.004,-0.003,0.003,0.003,0.010,0
WATCH,1647939503679,1647939503770,4,1647939503565,-0.020,-0.003,0.002,0.006,0.001,0.008,0
WATCH,1647939503680,1647939503771,4,1647939503574,-0.018,-0.000,0.001,0.004,-0.000,0.007,0
WATCH,1647939503680,1647939503771,4,1647939503584,-0.020,0.002,0.002,0.006,-0.002,0.007,0
WATCH,1647939503682,1647939503773,4,1647939503594,-0.022,0.005,0.000,0.003,0.002,0.002,0
WATCH,1647939503682,1647939503773,4,1647939503604,-0.023,0.002,0.002,0.004,0.002,-0.002,0
WATCH,1647939503768,1647939503859,4,1647939503614,-0.027,0.005,0.003,0.004,-0.001,-0.002,0
WATCH,1647939503769,1647939503860,4,1647939503624,-0.029,0.003,-0.001,0.004,-0.000,0.001,0
WATCH,1647939503772,1647939503863,4,1647939503634,-0.030,0.006,0.001,0.007,0.003,0.003,0
WATCH,1647939503772,1647939503863,4,1647939503644,-0.020,0.002,0.004,0.009,0.002,0.002,0
WATCH,1647939503772,1647939503863,4,1647939503654,-0.009,0.008,-0.000,0.010,0.006,0.001,0
WATCH,1647939503774,1647939503865,4,1647939503664,-0.001,0.008,-0.001,0.010,0.009,-0.001,0
WATCH,1647939503774,1647939503865,4,1647939503674,0.005,0.005,-0.002,0.008,0.007,-0.003,0
WATCH,1647939503774,1647939503865,4,1647939503683,0.002,0.006,-0.003,0.006,0.004,-0.004,0
WATCH,1647939503775,1647939503866,4,1647939503693,-0.003,0.006,-0.004,0.003,-0.000,-0.005,0
WATCH,1647939503776,1647939503867,4,1647939503703,-0.015,0.003,-0.004,-0.004,-0.002,0.001,0
WATCH,1647939503849,1647939503940,4,1647939503713,-0.022,0.005,-0.001,-0.005,-0.005,0.005,0
WATCH,1647939503849,1647939503940,4,1647939503723,-0.026,0.004,0.001,-0.005,-0.005,0.004,0
WATCH,1647939503849,1647939503940,4,1647939503733,-0.014,-0.003,0.002,-0.000,-0.000,-0.001,0
WATCH,1647939503849,1647939503940,4,1647939503743,-0.005,-0.007,0.003,0.005,0.002,-0.007,0
WATCH,1647939503849,1647939503940,4,1647939503753,0.001,-0.010,-0.001,0.006,0.002,-0.007,0
WATCH,1647939503885,1647939503976,4,1647939503763,0.009,-0.015,-0.001,0.005,0.004,-0.010,0
WATCH,1647939503885,1647939503976,4,1647939503773,0.016,-0.017,-0.002,0.006,0.006,-0.008,0
WATCH,1647939503885,1647939503976,4,1647939503783,0.018,-0.018,-0.006,0.007,0.003,-0.006,0
WATCH,1647939503885,1647939503976,4,1647939503793,0.008,-0.021,-0.001,0.008,0.001,0.001,0
WATCH,1647939503885,1647939503976,4,1647939503803,-0.006,-0.019,0.004,0.007,-0.003,0.005,0
WATCH,1647939503933,1647939504024,4,1647939503813,-0.012,-0.022,0.003,0.007,-0.000,0.003,0
WATCH,1647939503933,1647939504024,4,1647939503823,-0.007,-0.024,0.005,0.006,0.003,-0.002,0
WATCH,1647939503934,1647939504025,4,1647939503832,-0.001,-0.024,-0.002,0.002,0.008,-0.003,0
WATCH,1647939503935,1647939504026,4,1647939503842,0.002,-0.023,-0.001,0.003,0.005,-0.002,0
WATCH,1647939503935,1647939504026,4,1647939503852,-0.001,-0.021,-0.004,0.002,0.000,-0.000,0
WATCH,1647939503977,1647939504068,4,1647939503862,-0.002,-0.020,-0.006,-0.000,0.001,0.005,0
WATCH,1647939503977,1647939504068,4,1647939503872,-0.003,-0.018,-0.005,0.002,-0.000,0.003,0
WATCH,1647939503978,1647939504069,4,1647939503882,-0.012,-0.016,-0.001,0.005,-0.003,0.004,0
WATCH,1647939503978,1647939504069,4,1647939503892,-0.018,-0.012,0.001,0.008,-0.003,0.005,0
WATCH,1647939503979,1647939504070,4,1647939503902,-0.006,-0.009,-0.003,0.007,0.002,0.002,0
WATCH,1647939504056,1647939504147,4,1647939503912,0.006,-0.012,-0.004,0.005,0.006,-0.002,0
WATCH,1647939504056,1647939504147,4,1647939503922,0.012,-0.010,-0.006,0.005,0.005,-0.003,0
WATCH,1647939504057,1647939504148,4,1647939503932,0.015,-0.006,-0.008,0.007,0.004,-0.001,0
WATCH,1647939504058,1647939504149,4,1647939503942,0.016,-0.002,-0.007,0.003,0.000,0.006,0
WATCH,1647939504059,1647939504150,4,1647939503952,0.010,0.000,-0.007,0.002,-0.003,0.009,0
WATCH,1647939504079,1647939504170,4,1647939503962,0.004,0.004,-0.007,0.001,-0.003,0.005,0
WATCH,1647939504079,1647939504170,4,1647939503972,0.012,0.007,-0.011,-0.002,-0.003,-0.002,0
WATCH,1647939504081,1647939504172,4,1647939503981,-0.006,0.015,-0.004,0.000,-0.006,0.001,0
WATCH,1647939504081,1647939504172,4,1647939503992,-0.009,0.019,-0.012,-0.003,-0.004,-0.000,0
WATCH,1647939504082,1647939504173,4,1647939504001,-0.005,0.027,-0.019,-0.007,0.006,0.004,0
WATCH,1647939504149,1647939504240,4,1647939504011,0.013,0.021,-0.019,-0.001,0.011,-0.000,0
WATCH,1647939504149,1647939504240,4,1647939504021,0.030,0.018,-0.019,0.007,0.004,-0.006,0
WATCH,1647939504151,1647939504242,4,1647939504031,0.021,0.015,-0.017,0.013,0.000,-0.004,0
WATCH,1647939504151,1647939504242,4,1647939504041,-0.000,0.010,-0.017,0.012,-0.003,-0.002,0
WATCH,1647939504152,1647939504243,4,1647939504051,-0.028,0.012,-0.014,0.006,-0.007,-0.003,0
WATCH,1647939504200,1647939504291,4,1647939504061,-0.052,0.006,-0.010,0.005,-0.013,-0.002,0
WATCH,1647939504200,1647939504291,4,1647939504071,-0.067,0.012,-0.007,0.010,-0.010,0.000,0
WATCH,1647939504201,1647939504292,4,1647939504081,-0.069,0.019,-0.004,0.007,-0.003,0.003,0
WATCH,1647939504202,1647939504293,4,1647939504091,-0.059,0.008,-0.007,-0.000,0.002,-0.002,0
WATCH,1647939504203,1647939504294,4,1647939504101,-0.052,0.002,-0.004,0.005,0.007,-0.001,0
WATCH,1647939504250,1647939504341,4,1647939504111,-0.047,-0.006,0.004,0.007,0.005,-0.003,0
WATCH,1647939504251,1647939504342,4,1647939504121,-0.054,-0.017,0.013,0.010,0.000,-0.006,0
WATCH,1647939504252,1647939504343,4,1647939504130,-0.066,-0.024,0.009,0.006,-0.004,-0.008,0
WATCH,1647939504253,1647939504344,4,1647939504140,-0.060,-0.016,0.011,-0.000,-0.007,-0.008,0
WATCH,1647939504253,1647939504344,4,1647939504150,-0.048,-0.007,0.014,0.001,0.003,-0.004,0
WATCH,1647939504286,1647939504377,4,1647939504160,-0.037,-0.005,0.005,0.001,0.010,-0.003,0
WATCH,1647939504286,1647939504377,4,1647939504171,-0.037,-0.008,0.002,0.004,0.009,0.000,0
WATCH,1647939504287,1647939504378,4,1647939504180,-0.055,-0.017,0.000,0.008,0.004,-0.001,0
WATCH,1647939504287,1647939504378,4,1647939504190,-0.076,-0.021,0.001,0.012,0.001,-0.001,0
WATCH,1647939504288,1647939504379,4,1647939504200,-0.079,-0.021,-0.002,0.017,-0.002,-0.004,0
WATCH,1647939504357,1647939504448,4,1647939504210,-0.068,-0.025,-0.002,0.017,-0.000,-0.006,0
WATCH,1647939504358,1647939504449,4,1647939504220,-0.050,-0.022,-0.008,0.014,0.009,-0.005,0
WATCH,1647939504359,1647939504450,4,1647939504230,-0.045,-0.018,-0.010,0.009,0.008,-0.002,0
WATCH,1647939504360,1647939504451,4,1647939504240,-0.041,-0.017,-0.015,0.007,0.007,0.003,0
WATCH,1647939504360,1647939504451,4,1647939504250,-0.042,-0.012,-0.015,0.005,0.007,0.006,0
WATCH,1647939504415,1647939504506,4,1647939504260,-0.054,-0.011,-0.013,0.000,0.001,0.009,0
WATCH,1647939504416,1647939504507,4,1647939504270,-0.068,-0.016,-0.010,-0.002,-0.004,0.011,0
WATCH,1647939504417,1647939504508,4,1647939504280,-0.074,-0.019,0.001,-0.004,-0.009,0.012,0
WATCH,1647939504417,1647939504508,4,1647939504289,-0.078,-0.012,0.009,-0.006,-0.004,0.013,0
WATCH,1647939504418,1647939504509,4,1647939504299,-0.068,-0.008,0.008,-0.014,-0.002,0.013,0
WATCH,1647939504438,1647939504529,4,1647939504309,-0.058,-0.000,0.012,-0.017,-0.007,0.014,0
WATCH,1647939504438,1647939504529,4,1647939504319,-0.051,0.011,0.017,-0.013,-0.009,0.013,0
WATCH,1647939504438,1647939504529,4,1647939504329,-0.052,0.010,0.014,-0.010,-0.008,0.005,0
WATCH,1647939504438,1647939504529,4,1647939504339,-0.039,0.008,0.014,-0.003,0.001,0.003,0
WATCH,1647939504438,1647939504529,4,1647939504349,-0.018,0.006,0.012,0.002,0.005,-0.004,0
WATCH,1647939504506,1647939504597,4,1647939504359,0.000,-0.003,0.011,0.003,0.007,-0.011,0
WATCH,1647939504506,1647939504597,4,1647939504369,0.009,-0.009,0.007,0.005,0.007,-0.010,0
WATCH,1647939504507,1647939504598,4,1647939504379,0.010,-0.009,0.007,0.009,0.003,-0.006,0
WATCH,1647939504508,1647939504599,4,1647939504389,0.017,-0.010,0.008,0.012,0.001,-0.009,0
WATCH,1647939504509,1647939504600,4,1647939504399,0.026,-0.013,0.007,0.016,0.005,-0.015,0
WATCH,1647939504528,1647939504619,4,1647939504409,0.028,-0.017,0.006,0.013,0.005,-0.016,0
WATCH,1647939504528,1647939504619,4,1647939504419,0.024,-0.018,-0.001,0.011,0.005,-0.015,0
WATCH,1647939504529,1647939504620,4,1647939504429,0.033,-0.020,-0.001,0.013,0.001,-0.010,0
WATCH,1647939504529,1647939504620,4,1647939504439,0.036,-0.021,0.002,0.014,-0.000,-0.006,0
WATCH,1647939504529,1647939504620,4,1647939504449,0.031,-0.023,-0.006,0.015,0.005,-0.001,0
WATCH,1647939504571,1647939504662,4,1647939504458,0.016,-0.031,-0.005,0.013,0.002,-0.000,0
WATCH,1647939504572,1647939504663,4,1647939504468,0.015,-0.036,-0.002,0.014,0.001,0.000,0
WATCH,1647939504572,1647939504663,4,1647939504478,0.010,-0.041,-0.003,0.012,0.002,-0.002,0
WATCH,1647939504573,1647939504664,4,1647939504488,0.004,-0.046,-0.003,0.012,0.006,-0.001,0
WATCH,1647939504573,1647939504664,4,1647939504498,-0.006,-0.044,-0.001,0.009,0.001,0.002,0
WATCH,1647939504623,1647939504714,4,1647939504508,-0.017,-0.045,-0.003,0.006,-0.003,0.001,0
WATCH,1647939504624,1647939504715,4,1647939504518,-0.026,-0.040,-0.001,0.003,-0.001,-0.001,0
WATCH,1647939504625,1647939504716,4,1647939504528,-0.025,-0.040,-0.008,0.004,0.002,-0.003,0
WATCH,1647939504625,1647939504716,4,1647939504538,-0.024,-0.036,-0.011,0.004,0.002,-0.002,0
WATCH,1647939504625,1647939504716,4,1647939504548,-0.025,-0.030,-0.011,0.009,-0.000,0.002,0
WATCH,1647939504699,1647939504790,4,1647939504558,-0.035,-0.025,-0.010,0.012,-0.001,0.012,0
WATCH,1647939504700,1647939504791,4,1647939504568,-0.038,-0.017,-0.002,0.015,-0.008,0.013,0
WATCH,1647939504702,1647939504793,4,1647939504578,-0.044,-0.008,-0.005,0.012,-0.001,0.014,0
WATCH,1647939504704,1647939504795,4,1647939504588,-0.037,-0.012,-0.004,0.007,0.003,0.005,0
WATCH,1647939504704,1647939504795,4,1647939504597,-0.042,-0.008,-0.005,0.006,0.003,0.002,0
WATCH,1647939504727,1647939504818,4,1647939504607,-0.041,-0.010,-0.014,0.003,0.009,0.004,0
WATCH,1647939504727,1647939504818,4,1647939504617,-0.045,-0.002,-0.018,-0.000,0.007,0.006,0
WATCH,1647939504727,1647939504818,4,1647939504627,-0.054,-0.003,-0.018,-0.002,0.003,0.008,0
WATCH,1647939504728,1647939504819,4,1647939504637,-0.045,-0.001,-0.023,0.001,0.007,0.007,0
WATCH,1647939504728,1647939504819,4,1647939504647,-0.033,0.011,-0.021,0.001,0.007,0.008,0
WATCH,1647939504782,1647939504873,4,1647939504657,-0.021,0.010,-0.023,0.003,0.005,0.010,0
WATCH,1647939504783,1647939504874,4,1647939504667,-0.019,0.010,-0.023,0.003,0.005,0.011,0
WATCH,1647939504784,1647939504875,4,1647939504677,-0.027,0.014,-0.021,0.004,0.002,0.012,0
WATCH,1647939504784,1647939504875,4,1647939504687,-0.030,0.019,-0.018,0.003,-0.002,0.011,0
WATCH,1647939504784,1647939504875,4,1647939504697,-0.021,0.024,-0.018,-0.000,-0.000,0.006,0
WATCH,1647939504819,1647939504910,4,1647939504707,-0.014,0.026,-0.018,-0.001,0.002,0.003,0
WATCH,1647939504820,1647939504911,4,1647939504717,-0.005,0.026,-0.019,-0.002,0.001,0.002,0
WATCH,1647939504820,1647939504911,4,1647939504727,-0.004,0.035,-0.018,-0.000,-0.000,-0.004,0
WATCH,1647939504821,1647939504912,4,1647939504736,0.010,0.031,-0.015,0.001,-0.001,-0.007,0
WATCH,1647939504821,1647939504912,4,1647939504746,0.011,0.022,-0.015,0.005,0.004,0.000,0
WATCH,1647939504866,1647939504957,4,1647939504756,0.019,0.018,-0.014,0.008,0.002,-0.005,0
WATCH,1647939504867,1647939504958,4,1647939504766,0.021,0.018,-0.013,0.007,0.004,-0.002,0
WATCH,1647939504867,1647939504958,4,1647939504776,0.019,0.016,-0.015,0.004,-0.001,0.002,0
WATCH,1647939504867,1647939504958,4,1647939504786,0.010,0.011,-0.012,0.007,-0.003,0.008,0
WATCH,1647939504867,1647939504958,4,1647939504796,0.007,0.010,-0.009,0.007,-0.001,0.008,0
WATCH,1647939504928,1647939505019,4,1647939504806,0.000,0.010,-0.009,0.007,0.003,0.006,0
WATCH,1647939504928,1647939505019,4,1647939504816,-0.004,0.012,-0.009,0.006,0.002,0.001,0
WATCH,1647939504928,1647939505019,4,1647939504826,-0.010,0.009,-0.007,0.005,0.001,-0.003,0
WATCH,1647939504929,1647939505020,4,1647939504836,-0.000,0.004,-0.006,0.007,0.003,-0.006,0
WATCH,1647939504930,1647939505021,4,1647939504846,0.014,-0.002,-0.009,0.006,0.006,-0.006,0
WATCH,1647939504975,1647939505066,4,1647939504856,0.026,-0.007,-0.009,0.009,0.007,-0.002,0
WATCH,1647939504975,1647939505066,4,1647939504866,0.029,-0.008,-0.013,0.012,0.009,-0.001,0
WATCH,1647939504976,1647939505067,4,1647939504876,0.015,-0.013,-0.012,0.012,0.004,0.001,0
WATCH,1647939504977,1647939505068,4,1647939504886,0.008,-0.013,-0.010,0.010,-0.006,0.003,0
WATCH,1647939504977,1647939505068,4,1647939504896,-0.003,-0.015,-0.006,0.009,-0.006,-0.004,0
WATCH,1647939505039,1647939505130,4,1647939504905,0.009,-0.017,-0.005,0.004,-0.002,-0.005,0
WATCH,1647939505040,1647939505131,4,1647939504915,0.013,-0.018,-0.011,-0.003,0.001,-0.012,0
WATCH,1647939505041,1647939505132,4,1647939504925,0.013,-0.025,-0.013,-0.009,0.001,-0.007,0
WATCH,1647939505042,1647939505133,4,1647939504935,-0.001,-0.025,-0.008,-0.007,-0.003,-0.003,0
WATCH,1647939505043,1647939505134,4,1647939504945,-0.000,-0.022,-0.001,-0.007,-0.004,-0.000,0
WATCH,1647939505097,1647939505188,4,1647939504956,-0.004,-0.010,0.002,-0.011,-0.003,0.005,0
WATCH,1647939505099,1647939505190,4,1647939504965,0.004,0.000,-0.003,-0.014,0.003,0.010,0
WATCH,1647939505101,1647939505192,4,1647939504975,0.015,0.004,-0.001,-0.013,0.004,0.013,0
WATCH,1647939505102,1647939505193,4,1647939504985,0.014,-0.002,0.002,-0.008,-0.000,0.012,0
WATCH,1647939505102,1647939505193,4,1647939504995,0.004,0.000,0.004,-0.005,-0.007,0.016,0
WATCH,1647939505139,1647939505230,4,1647939505005,-0.004,-0.001,0.010,-0.008,-0.011,0.014,0
WATCH,1647939505140,1647939505231,4,1647939505015,-0.001,0.003,0.015,-0.004,-0.009,0.008,0
WATCH,1647939505140,1647939505231,4,1647939505025,0.006,0.003,0.013,-0.002,-0.003,-0.004,0
WATCH,1647939505141,1647939505232,4,1647939505035,0.008,0.007,0.014,0.001,0.002,-0.009,0
WATCH,1647939505141,1647939505232,4,1647939505045,0.014,0.010,0.019,0.004,-0.003,-0.011,0
WATCH,1647939505200,1647939505291,4,1647939505054,0.026,0.001,0.022,0.007,-0.005,-0.013,0
WATCH,1647939505200,1647939505291,4,1647939505065,0.038,-0.003,0.024,0.011,-0.005,-0.016,0
WATCH,1647939505200,1647939505291,4,1647939505074,0.049,-0.004,0.024,0.010,-0.002,-0.013,0
WATCH,1647939505200,1647939505291,4,1647939505084,0.056,-0.009,0.028,0.005,-0.002,-0.005,0
WATCH,1647939505202,1647939505293,4,1647939505094,0.059,-0.010,0.028,0.008,0.001,0.000,0
WATCH,1647939505245,1647939505336,4,1647939505104,0.051,-0.005,0.028,0.010,0.004,0.004,0
WATCH,1647939505246,1647939505337,4,1647939505114,0.040,-0.004,0.026,0.015,0.008,0.010,0
WATCH,1647939505247,1647939505338,4,1647939505124,0.027,0.001,0.025,0.016,0.009,0.011,0
WATCH,1647939505249,1647939505340,4,1647939505134,0.013,0.002,0.020,0.015,0.010,0.015,0
WATCH,1647939505249,1647939505340,4,1647939505144,-0.001,0.005,0.019,0.013,0.008,0.014,0
WATCH,1647939505287,1647939505378,4,1647939505154,-0.001,0.009,0.018,0.008,0.003,0.008,0
WATCH,1647939505287,1647939505378,4,1647939505164,-0.003,0.003,0.020,0.006,0.002,0.008,0
WATCH,1647939505288,1647939505379,4,1647939505174,-0.003,0.007,0.012,0.002,0.005,0.005,0
WATCH,1647939505289,1647939505380,4,1647939505183,-0.000,0.011,0.012,0.003,0.006,0.003,0
WATCH,1647939505290,1647939505381,4,1647939505193,0.006,0.008,0.011,0.005,0.004,0.001,0
WATCH,1647939505334,1647939505425,4,1647939505203,0.007,0.004,0.007,0.008,0.005,-0.001,0
WATCH,1647939505334,1647939505425,4,1647939505213,0.000,-0.001,0.006,0.009,0.004,-0.001,0
WATCH,1647939505334,1647939505425,4,1647939505223,-0.002,0.000,0.004,0.005,0.005,-0.001,0
WATCH,1647939505335,1647939505426,4,1647939505233,0.002,0.000,0.000,0.000,0.005,-0.000,0
WATCH,1647939505336,1647939505427,4,1647939505243,0.012,-0.006,-0.000,-0.001,0.003,-0.001,0
WATCH,1647939505361,1647939505452,4,1647939505253,0.025,-0.002,0.001,-0.005,-0.000,-0.001,0
WATCH,1647939505362,1647939505453,4,1647939505263,0.029,0.003,0.004,-0.006,-0.001,0.002,0
WATCH,1647939505362,1647939505453,4,1647939505273,0.038,0.007,0.008,-0.006,-0.001,0.004,0
WATCH,1647939505363,1647939505454,4,1647939505283,0.033,0.006,0.010,-0.005,-0.002,0.005,0
WATCH,1647939505363,1647939505454,4,1647939505293,0.036,0.007,0.015,-0.003,-0.003,0.004,0
WATCH,1647939505418,1647939505509,4,1647939505303,0.026,0.016,0.022,-0.001,-0.007,0.004,0
WATCH,1647939505418,1647939505509,4,1647939505313,0.019,0.013,0.026,-0.000,-0.011,0.001,0
WATCH,1647939505418,1647939505509,4,1647939505322,0.015,0.009,0.023,0.002,-0.006,0.000,0
WATCH,1647939505419,1647939505510,4,1647939505332,0.013,0.014,0.024,0.003,0.000,-0.003,0
WATCH,1647939505420,1647939505511,4,1647939505342,0.008,0.013,0.024,0.001,-0.001,-0.005,0
WATCH,1647939505483,1647939505574,4,1647939505352,-0.007,0.010,0.025,0.003,-0.001,-0.003,0
WATCH,1647939505485,1647939505576,4,1647939505362,-0.013,0.011,0.020,0.004,0.004,-0.006,0
WATCH,1647939505487,1647939505578,4,1647939505372,-0.025,0.021,0.020,0.000,0.005,-0.008,0
WATCH,1647939505487,1647939505578,4,1647939505382,-0.032,0.020,0.017,0.001,0.005,-0.005,0
WATCH,1647939505487,1647939505578,4,1647939505392,-0.032,0.025,0.011,-0.000,0.006,-0.005,0
WATCH,1647939505545,1647939505636,4,1647939505402,-0.029,0.029,0.005,0.000,0.005,-0.007,0
WATCH,1647939505546,1647939505637,4,1647939505412,-0.030,0.033,-0.001,0.006,0.009,-0.005,0
WATCH,1647939505547,1647939505638,4,1647939505422,-0.029,0.029,-0.009,0.011,0.010,-0.003,0
WATCH,1647939505549,1647939505640,4,1647939505432,-0.032,0.029,-0.013,0.022,0.008,-0.007,0
WATCH,1647939505550,1647939505641,4,1647939505442,-0.023,0.025,-0.017,0.028,0.006,-0.015,0
WATCH,1647939505586,1647939505677,4,1647939505452,-0.017,0.023,-0.024,0.031,0.003,-0.021,0
WATCH,1647939505586,1647939505677,4,1647939505462,-0.009,0.026,-0.034,0.032,0.007,-0.025,0
WATCH,1647939505587,1647939505678,4,1647939505472,0.015,0.023,-0.043,0.033,0.012,-0.028,0
WATCH,1647939505588,1647939505679,4,1647939505482,0.044,0.023,-0.051,0.036,0.012,-0.038,0
WATCH,1647939505588,1647939505679,4,1647939505491,0.070,0.021,-0.061,0.033,0.011,-0.040,0
WATCH,1647939505630,1647939505721,4,1647939505501,0.087,0.011,-0.064,0.033,0.006,-0.037,0
WATCH,1647939505631,1647939505722,4,1647939505511,0.087,0.007,-0.062,0.029,0.005,-0.032,0
WATCH,1647939505631,1647939505722,4,1647939505521,0.090,0.002,-0.067,0.023,-0.000,-0.029,0
WATCH,1647939505633,1647939505724,4,1647939505531,0.077,-0.001,-0.062,0.020,-0.006,-0.022,0
WATCH,1647939505634,1647939505725,4,1647939505542,0.051,-0.016,-0.057,0.020,-0.003,-0.011,0
WATCH,1647939505672,1647939505763,4,1647939505551,0.021,-0.021,-0.059,0.017,-0.003,-0.005,0
WATCH,1647939505673,1647939505764,4,1647939505561,-0.025,-0.022,-0.059,0.012,-0.004,-0.001,0
WATCH,1647939505673,1647939505764,4,1647939505571,-0.069,-0.029,-0.057,0.011,-0.002,0.006,0
WATCH,1647939505674,1647939505765,4,1647939505581,-0.091,-0.028,-0.048,0.008,-0.006,0.004,0
WATCH,1647939505674,1647939505765,4,1647939505591,-0.095,-0.031,-0.045,0.007,-0.005,0.001,0
WATCH,1647939505723,1647939505814,4,1647939505601,-0.099,-0.038,-0.053,0.004,0.007,0.002,0
WATCH,1647939505724,1647939505815,4,1647939505611,-0.098,-0.043,-0.054,0.000,0.006,0.003,0
WATCH,1647939505724,1647939505815,4,1647939505621,-0.091,-0.051,-0.054,0.000,0.005,0.003,0
WATCH,1647939505724,1647939505815,4,1647939505630,-0.083,-0.057,-0.052,0.008,0.002,0.002,0
WATCH,1647939505725,1647939505816,4,1647939505641,-0.096,-0.059,-0.054,0.013,-0.000,0.004,0
WATCH,1647939505791,1647939505882,4,1647939505650,-0.095,-0.059,-0.054,0.002,0.010,0.008,0
WATCH,1647939505792,1647939505883,4,1647939505660,-0.084,-0.059,-0.058,-0.004,0.009,0.003,0
WATCH,1647939505794,1647939505885,4,1647939505670,-0.087,-0.065,-0.062,-0.004,0.008,0.006,0
WATCH,1647939505795,1647939505886,4,1647939505680,-0.089,-0.060,-0.062,-0.007,0.006,0.011,0
WATCH,1647939505795,1647939505886,4,1647939505690,-0.087,-0.060,-0.065,-0.013,0.003,0.012,0
WATCH,1647939505817,1647939505908,4,1647939505700,-0.081,-0.061,-0.064,-0.016,0.004,0.014,0
WATCH,1647939505818,1647939505909,4,1647939505710,-0.069,-0.056,-0.063,-0.016,0.004,0.015,0
WATCH,1647939505818,1647939505909,4,1647939505720,-0.057,-0.059,-0.058,-0.017,0.000,0.019,0
WATCH,1647939505819,1647939505910,4,1647939505730,-0.052,-0.052,-0.050,-0.016,-0.009,0.021,0
WATCH,1647939505819,1647939505910,4,1647939505740,-0.060,-0.048,-0.042,-0.018,-0.009,0.028,0
WATCH,1647939505879,1647939505970,4,1647939505750,-0.054,-0.046,-0.041,-0.019,-0.010,0.026,0
WATCH,1647939505880,1647939505971,4,1647939505760,-0.057,-0.038,-0.033,-0.015,-0.007,0.026,0
WATCH,1647939505881,1647939505972,4,1647939505770,-0.052,-0.037,-0.025,-0.012,-0.007,0.027,0
WATCH,1647939505881,1647939505972,4,1647939505780,-0.054,-0.029,-0.021,-0.008,-0.005,0.026,0
WATCH,1647939505882,1647939505973,4,1647939505790,-0.062,-0.023,-0.014,-0.009,-0.005,0.027,0
WATCH,1647939505924,1647939506015,4,1647939505799,-0.062,-0.013,-0.007,-0.007,-0.009,0.024,0
WATCH,1647939505924,1647939506015,4,1647939505809,-0.051,-0.012,-0.003,-0.005,-0.005,0.019,0
WATCH,1647939505925,1647939506016,4,1647939505819,-0.040,-0.006,0.000,-0.003,0.003,0.013,0
WATCH,1647939505925,1647939506016,4,1647939505830,-0.030,-0.004,0.003,-0.003,0.003,0.011,0
WATCH,1647939505925,1647939506016,4,1647939505839,-0.026,0.001,0.001,0.002,-0.000,0.007,0
WATCH,1647939505970,1647939506061,4,1647939505849,-0.026,0.003,0.004,0.006,0.000,0.005,0
WATCH,1647939505972,1647939506063,4,1647939505859,-0.022,0.008,0.001,0.009,0.001,0.006,0
WATCH,1647939505972,1647939506063,4,1647939505869,-0.012,0.014,-0.000,0.010,0.004,0.006,0
WATCH,1647939505972,1647939506063,4,1647939505879,-0.003,0.014,-0.002,0.012,0.006,0.005,0
WATCH,1647939505973,1647939506064,4,1647939505889,0.010,0.016,-0.005,0.016,0.007,0.002,0
WATCH,1647939506012,1647939506103,4,1647939505899,0.014,0.015,-0.006,0.017,0.006,-0.004,0
WATCH,1647939506013,1647939506104,4,1647939505909,0.007,0.018,-0.010,0.015,0.004,-0.002,0
WATCH,1647939506013,1647939506104,4,1647939505919,0.005,0.012,-0.011,0.014,0.002,-0.004,0
WATCH,1647939506014,1647939506105,4,1647939505928,0.006,0.007,-0.013,0.015,-0.001,-0.009,0
WATCH,1647939506014,1647939506105,4,1647939505938,0.010,0.004,-0.013,0.016,0.001,-0.011,0
WATCH,1647939506070,1647939506161,4,1647939505948,0.013,0.003,-0.020,0.012,0.004,-0.017,0
WATCH,1647939506071,1647939506162,4,1647939505958,0.013,0.001,-0.020,0.014,0.002,-0.017,0
WATCH,1647939506072,1647939506163,4,1647939505968,0.013,-0.003,-0.018,0.014,0.001,-0.018,0
WATCH,1647939506073,1647939506164,4,1647939505978,0.009,-0.003,-0.018,0.011,-0.001,-0.018,0
WATCH,1647939506073,1647939506164,4,1647939505988,0.006,-0.007,-0.019,0.012,-0.000,-0.014,0
WATCH,1647939506121,1647939506212,4,1647939505998,0.001,-0.012,-0.019,0.009,0.001,-0.013,0
WATCH,1647939506121,1647939506212,4,1647939506008,0.004,-0.020,-0.019,0.004,-0.001,-0.014,0
WATCH,1647939506121,1647939506212,4,1647939506018,0.007,-0.020,-0.018,0.003,0.002,-0.009,0
WATCH,1647939506122,1647939506213,4,1647939506028,0.001,-0.022,-0.019,0.002,0.001,-0.003,0
WATCH,1647939506123,1647939506214,4,1647939506038,-0.008,-0.025,-0.014,-0.000,-0.006,0.002,0
WATCH,1647939506163,1647939506254,4,1647939506048,-0.021,-0.026,-0.012,-0.002,-0.004,0.005,0
WATCH,1647939506164,1647939506255,4,1647939506058,-0.025,-0.024,-0.011,-0.001,-0.004,0.007,0
WATCH,1647939506164,1647939506255,4,1647939506068,-0.025,-0.021,-0.010,-0.003,-0.004,0.006,0
WATCH,1647939506165,1647939506256,4,1647939506078,-0.022,-0.020,-0.009,-0.003,0.000,0.006,0
WATCH,1647939506165,1647939506256,4,1647939506088,-0.013,-0.020,-0.013,-0.002,0.004,0.002,0
WATCH,1647939506208,1647939506299,4,1647939506098,-0.008,-0.019,-0.014,0.001,0.002,0.000,0
WATCH,1647939506208,1647939506299,4,1647939506107,0.003,-0.018,-0.014,0.004,0.002,-0.002,0
WATCH,1647939506209,1647939506300,4,1647939506118,0.013,-0.019,-0.010,0.005,0.000,-0.004,0
WATCH,1647939506210,1647939506301,4,1647939506127,0.024,-0.017,-0.011,0.005,0.001,-0.003,0
WATCH,1647939506210,1647939506301,4,1647939506137,0.033,-0.020,-0.012,0.002,0.003,-0.001,0
WATCH,1647939506261,1647939506352,4,1647939506147,0.031,-0.016,-0.013,0.001,0.006,0.004,0
WATCH,1647939506262,1647939506353,4,1647939506157,0.023,-0.017,-0.016,0.002,0.002,0.010,0
WATCH,1647939506262,1647939506353,4,1647939506167,0.017,-0.020,-0.010,0.004,-0.000,0.013,0
WATCH,1647939506263,1647939506354,4,1647939506177,0.023,-0.021,-0.010,0.008,0.001,0.013,0
WATCH,1647939506263,1647939506354,4,1647939506187,0.025,-0.018,-0.010,0.004,0.002,0.014,0
WATCH,1647939506311,1647939506402,4,1647939506197,0.020,-0.019,-0.006,0.002,0.002,0.016,0
WATCH,1647939506311,1647939506402,4,1647939506207,0.011,-0.017,-0.007,-0.000,0.002,0.015,0
WATCH,1647939506312,1647939506403,4,1647939506217,0.008,-0.017,-0.007,-0.003,0.001,0.011,0
WATCH,1647939506313,1647939506404,4,1647939506226,0.014,-0.015,-0.007,-0.006,-0.002,0.006,0
WATCH,1647939506314,1647939506405,4,1647939506236,0.014,-0.007,-0.006,-0.006,-0.008,0.003,0
WATCH,1647939506383,1647939506474,4,1647939506246,0.006,0.013,0.002,-0.007,-0.011,0.005,0
WATCH,1647939506384,1647939506475,4,1647939506256,0.008,0.013,-0.001,-0.010,-0.009,0.006,0
WATCH,1647939506386,1647939506477,4,1647939506266,0.018,0.010,0.002,-0.004,-0.002,0.002,0
WATCH,1647939506387,1647939506478,4,1647939506276,0.026,0.010,0.007,0.005,0.002,0.003,0
WATCH,1647939506389,1647939506480,4,1647939506286,0.017,0.007,0.006,0.008,0.002,0.002,0
WATCH,1647939506419,1647939506510,4,1647939506296,0.013,0.010,0.002,0.008,0.006,0.004,0
WATCH,1647939506420,1647939506511,4,1647939506306,0.027,0.012,-0.003,0.009,0.011,0.002,0
WATCH,1647939506420,1647939506511,4,1647939506316,0.036,0.008,-0.005,0.006,0.013,-0.000,0
WATCH,1647939506421,1647939506512,4,1647939506326,0.045,0.006,-0.005,0.006,0.008,-0.002,0
WATCH,1647939506421,1647939506512,4,1647939506336,0.035,0.008,-0.005,0.004,0.000,-0.004,0
WATCH,1647939506479,1647939506570,4,1647939506346,0.030,0.002,-0.004,0.006,-0.005,-0.005,0
WATCH,1647939506479,1647939506570,4,1647939506356,0.025,0.003,-0.003,0.008,-0.004,-0.010,0
WATCH,1647939506481,1647939506572,4,1647939506366,0.026,0.013,0.003,0.011,-0.006,-0.014,0
WATCH,1647939506481,1647939506572,4,1647939506376,0.030,0.009,-0.003,0.011,-0.004,-0.018,0
WATCH,1647939506481,1647939506572,4,1647939506386,0.026,-0.000,-0.001,0.013,0.000,-0.015,0
WATCH,1647939506505,1647939506596,4,1647939506395,0.024,0.000,-0.008,0.009,0.007,-0.010,0
WATCH,1647939506506,1647939506597,4,1647939506405,0.020,-0.002,-0.006,0.007,0.000,-0.008,0
WATCH,1647939506506,1647939506597,4,1647939506415,0.014,-0.005,-0.002,0.010,-0.005,-0.008,0
WATCH,1647939506506,1647939506597,4,1647939506425,0.009,-0.007,0.002,0.012,-0.005,-0.007,0
WATCH,1647939506507,1647939506598,4,1647939506435,0.006,-0.011,0.006,0.010,-0.006,-0.004,0
WATCH,1647939506560,1647939506651,4,1647939506445,0.000,-0.010,0.009,0.006,-0.006,0.000,0
WATCH,1647939506560,1647939506651,4,1647939506455,-0.016,-0.006,0.009,0.001,-0.006,0.003,0
WATCH,1647939506560,1647939506651,4,1647939506465,-0.022,-0.005,0.011,-0.001,-0.001,0.005,0
WATCH,1647939506561,1647939506652,4,1647939506475,-0.019,-0.005,0.009,-0.001,0.004,0.005,0
WATCH,1647939506562,1647939506653,4,1647939506485,-0.015,-0.003,0.007,-0.000,0.008,0.004,0
WATCH,1647939506611,1647939506702,4,1647939506495,-0.009,-0.007,0.004,0.001,0.010,0.002,0
WATCH,1647939506612,1647939506703,4,1647939506505,-0.013,-0.003,0.002,0.001,0.006,0.004,0
WATCH,1647939506612,1647939506703,4,1647939506515,-0.019,-0.002,-0.003,0.001,0.004,0.007,0
WATCH,1647939506613,1647939506704,4,1647939506524,-0.024,-0.005,-0.002,0.003,-0.001,0.002,0
WATCH,1647939506613,1647939506704,4,1647939506534,-0.025,-0.005,-0.001,0.006,-0.002,0.000,0
WATCH,1647939506689,1647939506780,4,1647939506544,-0.020,-0.001,-0.003,0.008,0.005,-0.005,0
WATCH,1647939506689,1647939506780,4,1647939506554,-0.004,0.006,-0.008,0.007,0.009,-0.007,0
WATCH,1647939506691,1647939506782,4,1647939506564,0.009,0.001,-0.009,0.002,0.007,-0.005,0
WATCH,1647939506691,1647939506782,4,1647939506574,0.018,-0.002,-0.011,0.003,0.005,-0.008,0
WATCH,1647939506692,1647939506783,4,1647939506584,0.016,-0.006,-0.013,0.002,0.002,-0.008,0
WATCH,1647939506739,1647939506830,4,1647939506594,0.017,-0.012,-0.015,0.001,0.001,-0.003,0
WATCH,1647939506740,1647939506831,4,1647939506604,0.027,-0.014,-0.012,0.001,-0.002,-0.003,0
WATCH,1647939506740,1647939506831,4,1647939506614,0.033,-0.016,-0.002,0.005,-0.005,-0.003,0
WATCH,1647939506740,1647939506831,4,1647939506624,0.040,-0.021,-0.000,0.006,-0.001,-0.002,0
WATCH,1647939506741,1647939506832,4,1647939506634,0.042,-0.023,-0.003,0.005,0.002,0.001,0
WATCH,1647939506783,1647939506874,4,1647939506644,0.030,-0.025,-0.004,0.006,-0.000,-0.001,0
WATCH,1647939506784,1647939506875,4,1647939506654,0.021,-0.025,0.002,0.008,-0.005,0.002,0
WATCH,1647939506784,1647939506875,4,1647939506664,0.015,-0.021,0.001,0.010,0.002,0.005,0
WATCH,1647939506786,1647939506877,4,1647939506674,0.020,-0.015,0.001,0.006,0.007,0.008,0
WATCH,1647939506786,1647939506877,4,1647939506684,0.028,0.004,0.003,0.005,0.006,0.010,0
WATCH,1647939506819,1647939506910,4,1647939506693,0.025,0.011,0.002,0.002,0.005,0.011,0
WATCH,1647939506820,1647939506911,4,1647939506703,0.019,0.009,0.004,0.007,0.001,0.013,0
WATCH,1647939506821,1647939506912,4,1647939506713,0.004,0.012,0.007,0.010,-0.003,0.007,0
WATCH,1647939506821,1647939506912,4,1647939506723,-0.003,0.012,0.007,0.006,-0.006,0.010,0
WATCH,1647939506821,1647939506912,4,1647939506733,-0.001,0.013,0.005,0.003,0.003,0.011,0
WATCH,1647939506855,1647939506946,4,1647939506744,0.003,0.016,-0.006,0.002,0.010,0.005,0
WATCH,1647939506856,1647939506947,4,1647939506753,0.012,0.019,-0.005,0.002,0.007,-0.003,0
WATCH,1647939506856,1647939506947,4,1647939506763,0.006,0.020,-0.007,0.003,0.006,0.001,0
WATCH,1647939506856,1647939506947,4,1647939506773,0.002,0.020,-0.009,-0.002,0.004,-0.002,0
WATCH,1647939506856,1647939506947,4,1647939506783,-0.000,0.010,-0.006,-0.004,-0.001,-0.005,0
WATCH,1647939506913,1647939507004,4,1647939506793,0.000,0.008,-0.003,0.000,-0.003,-0.009,0
WATCH,1647939506914,1647939507005,4,1647939506803,-0.003,0.006,-0.007,0.001,-0.002,-0.006,0
WATCH,1647939506914,1647939507005,4,1647939506813,0.004,0.009,-0.005,-0.001,-0.003,-0.008,0
WATCH,1647939506915,1647939507006,4,1647939506823,0.010,0.003,-0.005,0.001,0.002,-0.007,0
WATCH,1647939506916,1647939507007,4,1647939506833,0.010,0.003,-0.002,0.004,-0.001,-0.007,0
WATCH,1647939506976,1647939507067,4,1647939506843,-0.002,0.000,0.001,0.010,-0.004,-0.004,0
WATCH,1647939506976,1647939507067,4,1647939506852,-0.005,-0.005,-0.001,0.008,0.003,-0.006,0
WATCH,1647939506977,1647939507068,4,1647939506862,-0.004,-0.002,-0.003,0.007,0.002,-0.010,0
WATCH,1647939506979,1647939507070,4,1647939506872,-0.007,-0.005,-0.002,0.007,-0.002,-0.006,0
WATCH,1647939506980,1647939507071,4,1647939506882,-0.017,-0.001,0.002,0.007,-0.001,0.001,0
WATCH,1647939507038,1647939507129,4,1647939506892,-0.020,0.002,0.003,0.006,0.001,0.001,0
WATCH,1647939507039,1647939507130,4,1647939506902,-0.013,0.005,0.002,0.006,0.004,0.000,0
WATCH,1647939507039,1647939507130,4,1647939506912,-0.012,0.006,-0.003,0.007,0.007,-0.002,0
WATCH,1647939507040,1647939507131,4,1647939506922,-0.021,0.002,0.002,0.008,0.001,0.000,0
WATCH,1647939507041,1647939507132,4,1647939506932,-0.023,-0.001,0.001,0.008,0.002,-0.002,0
WATCH,1647939507070,1647939507161,4,1647939506942,-0.017,-0.002,0.001,0.009,0.003,-0.006,0
WATCH,1647939507071,1647939507162,4,1647939506952,-0.009,-0.005,-0.001,0.008,0.003,-0.003,0
WATCH,1647939507072,1647939507163,4,1647939506962,-0.010,-0.007,-0.001,0.006,0.003,-0.000,0
WATCH,1647939507073,1647939507164,4,1647939506972,-0.009,0.001,-0.004,0.005,0.000,-0.002,0
WATCH,1647939507073,1647939507164,4,1647939506981,-0.008,0.002,0.000,0.009,-0.000,0.000,0
WATCH,1647939507127,1647939507218,4,1647939506991,-0.010,0.012,-0.001,0.006,0.002,-0.003,0
WATCH,1647939507127,1647939507218,4,1647939507001,-0.018,0.013,-0.003,0.005,0.002,-0.001,0
WATCH,1647939507127,1647939507218,4,1647939507011,-0.023,0.004,-0.002,0.005,0.003,0.002,0
WATCH,1647939507128,1647939507219,4,1647939507021,-0.019,0.004,-0.002,0.003,0.005,-0.004,0
WATCH,1647939507128,1647939507219,4,1647939507031,-0.012,0.004,-0.005,0.001,0.002,-0.007,0
WATCH,1647939507183,1647939507274,4,1647939507041,-0.009,0.004,-0.010,0.003,0.004,-0.005,0
WATCH,1647939507184,1647939507275,4,1647939507051,-0.002,-0.003,-0.009,0.002,0.002,-0.005,0
WATCH,1647939507185,1647939507276,4,1647939507061,-0.003,-0.005,-0.010,0.004,0.002,-0.003,0
WATCH,1647939507188,1647939507279,4,1647939507071,-0.001,0.001,-0.010,0.006,0.001,-0.004,0
WATCH,1647939507188,1647939507279,4,1647939507081,-0.007,-0.001,-0.010,0.005,-0.002,-0.002,0
WATCH,1647939507219,1647939507310,4,1647939507091,-0.013,-0.002,-0.008,0.005,-0.003,0.001,0
WATCH,1647939507220,1647939507311,4,1647939507101,-0.015,-0.005,-0.005,0.005,-0.001,-0.001,0
WATCH,1647939507221,1647939507312,4,1647939507110,-0.006,-0.012,-0.005,0.005,0.001,-0.002,0
WATCH,1647939507221,1647939507312,4,1647939507120,-0.000,-0.012,-0.008,0.005,0.005,-0.004,0
WATCH,1647939507221,1647939507312,4,1647939507130,-0.001,-0.015,-0.008,0.002,0.001,-0.003,0
WATCH,1647939507262,1647939507353,4,1647939507141,-0.005,-0.012,-0.007,0.005,0.000,-0.003,0
WATCH,1647939507262,1647939507353,4,1647939507150,-0.004,-0.009,-0.008,0.005,0.002,-0.005,0
WATCH,1647939507262,1647939507353,4,1647939507160,-0.003,-0.007,-0.006,0.004,0.001,-0.008,0
WATCH,1647939507263,1647939507354,4,1647939507170,-0.006,-0.013,-0.007,0.004,0.002,-0.005,0
WATCH,1647939507264,1647939507355,4,1647939507180,-0.006,-0.017,-0.002,0.007,-0.001,0.000,0
WATCH,1647939507304,1647939507395,4,1647939507190,-0.003,-0.014,-0.000,0.005,-0.001,0.001,0
WATCH,1647939507305,1647939507396,4,1647939507200,0.004,-0.021,-0.004,0.001,0.004,-0.001,0
WATCH,1647939507305,1647939507396,4,1647939507210,0.010,-0.022,-0.001,0.001,0.001,-0.001,0
WATCH,1647939507306,1647939507397,4,1647939507220,0.014,-0.025,0.003,0.005,-0.005,0.001,0
WATCH,1647939507306,1647939507397,4,1647939507230,0.020,-0.024,0.006,0.003,-0.002,0.001,0
WATCH,1647939507374,1647939507465,4,1647939507240,0.020,-0.018,0.004,0.002,0.002,0.001,0
WATCH,1647939507374,1647939507465,4,1647939507250,0.032,-0.012,0.003,0.003,0.001,0.002,0
WATCH,1647939507375,1647939507466,4,1647939507259,0.036,-0.004,0.006,0.000,0.003,0.000,0
WATCH,1647939507375,1647939507466,4,1647939507269,0.038,-0.002,0.004,0.000,0.004,0.007,0
WATCH,1647939507376,1647939507467,4,1647939507279,0.041,-0.001,0.004,0.003,-0.000,0.009,0
WATCH,1647939507405,1647939507496,4,1647939507290,0.057,-0.001,0.005,0.006,0.001,0.009,0
WATCH,1647939507406,1647939507497,4,1647939507299,0.074,0.002,0.003,0.011,0.006,0.007,0
WATCH,1647939507406,1647939507497,4,1647939507310,0.086,0.000,0.004,0.016,0.008,0.005,0
WATCH,1647939507407,1647939507498,4,1647939507319,0.077,0.000,0.003,0.019,0.007,0.005,0
WATCH,1647939507407,1647939507498,4,1647939507329,0.060,-0.006,-0.002,0.016,0.002,0.007,0
WATCH,1647939507487,1647939507578,4,1647939507339,0.057,-0.003,-0.004,0.012,0.003,0.004,0
WATCH,1647939507488,1647939507579,4,1647939507349,0.042,0.000,-0.011,0.008,0.004,-0.001,0
WATCH,1647939507489,1647939507580,4,1647939507359,0.040,0.008,-0.010,0.003,0.007,0.002,0
WATCH,1647939507492,1647939507583,4,1647939507369,0.050,0.009,-0.013,-0.001,0.001,0.003,0
WATCH,1647939507492,1647939507583,4,1647939507379,0.050,0.011,-0.012,-0.002,0.003,0.006,0
WATCH,1647939507536,1647939507627,4,1647939507389,0.046,0.009,-0.008,-0.002,-0.000,0.004,0
WATCH,1647939507537,1647939507628,4,1647939507399,0.044,0.013,-0.003,0.003,-0.004,-0.002,0
WATCH,1647939507538,1647939507629,4,1647939507409,0.023,0.019,-0.006,0.000,0.004,0.004,0
WATCH,1647939507539,1647939507630,4,1647939507419,0.002,0.016,-0.011,-0.002,0.000,0.005,0
WATCH,1647939507540,1647939507631,4,1647939507429,-0.009,0.011,-0.005,0.007,-0.003,0.006,0
WATCH,1647939507577,1647939507668,4,1647939507439,-0.011,0.012,-0.006,0.008,-0.001,0.005,0
WATCH,1647939507578,1647939507669,4,1647939507448,-0.009,0.017,-0.015,0.005,0.012,0.008,0
WATCH,1647939507579,1647939507670,4,1647939507458,-0.003,0.013,-0.018,0.005,0.012,-0.003,0
WATCH,1647939507579,1647939507670,4,1647939507468,0.004,0.015,-0.018,0.008,0.003,-0.014,0
WATCH,1647939507579,1647939507670,4,1647939507479,-0.011,0.018,-0.013,0.009,-0.006,-0.010,0
WATCH,1647939507621,1647939507712,4,1647939507488,-0.031,0.012,-0.013,0.005,-0.012,-0.010,0
WATCH,1647939507621,1647939507712,4,1647939507498,-0.029,0.005,-0.008,-0.001,-0.008,-0.013,0
WATCH,1647939507622,1647939507713,4,1647939507508,-0.017,0.003,-0.010,-0.009,-0.002,-0.013,0
WATCH,1647939507622,1647939507713,4,1647939507518,0.001,-0.001,-0.004,-0.011,-0.004,-0.013,0
WATCH,1647939507622,1647939507713,4,1647939507528,0.000,-0.000,0.001,-0.010,-0.006,-0.002,0
WATCH,1647939507654,1647939507745,4,1647939507538,-0.010,0.003,0.007,-0.010,-0.007,0.006,0
WATCH,1647939507655,1647939507746,4,1647939507548,-0.011,0.002,0.010,-0.010,-0.004,0.004,0
WATCH,1647939507655,1647939507746,4,1647939507558,-0.015,0.006,0.014,-0.005,0.003,0.004,0
WATCH,1647939507655,1647939507746,4,1647939507568,-0.012,0.009,0.015,-0.004,-0.002,-0.001,0
WATCH,1647939507656,1647939507747,4,1647939507577,-0.021,0.007,0.022,-0.002,-0.009,-0.001,0
WATCH,1647939507722,1647939507813,4,1647939507587,-0.028,-0.002,0.026,0.000,-0.008,0.002,0
WATCH,1647939507722,1647939507813,4,1647939507597,-0.035,0.007,0.024,-0.000,-0.001,-0.001,0
WATCH,1647939507722,1647939507813,4,1647939507607,-0.029,0.006,0.026,-0.002,-0.005,-0.007,0
WATCH,1647939507723,1647939507814,4,1647939507617,-0.024,0.005,0.032,0.004,-0.008,-0.013,0
WATCH,1647939507725,1647939507816,4,1647939507627,-0.018,0.002,0.033,0.008,-0.006,-0.012,0
WATCH,1647939507758,1647939507849,4,1647939507637,-0.019,0.006,0.036,0.007,-0.002,-0.006,0
WATCH,1647939507758,1647939507849,4,1647939507647,-0.023,0.007,0.037,0.002,0.002,-0.006,0
WATCH,1647939507758,1647939507849,4,1647939507657,-0.019,0.003,0.037,0.002,0.000,-0.005,0
WATCH,1647939507760,1647939507851,4,1647939507667,-0.022,0.005,0.040,0.005,0.006,0.004,0
WATCH,1647939507760,1647939507851,4,1647939507677,-0.028,0.001,0.039,0.007,0.006,0.003,0
WATCH,1647939507822,1647939507913,4,1647939507687,-0.030,-0.006,0.037,0.005,0.002,0.000,0
WATCH,1647939507822,1647939507913,4,1647939507696,-0.024,-0.009,0.035,0.005,-0.000,-0.004,0
WATCH,1647939507823,1647939507914,4,1647939507707,-0.013,0.001,0.035,0.004,-0.001,-0.005,0
WATCH,1647939507824,1647939507915,4,1647939507717,0.005,0.015,0.030,-0.001,0.001,0.003,0
WATCH,1647939507825,1647939507916,4,1647939507726,0.018,0.033,0.027,-0.003,0.010,0.012,0
WATCH,1647939507876,1647939507967,4,1647939507736,0.017,0.040,0.024,-0.003,0.011,0.011,0
WATCH,1647939507877,1647939507968,4,1647939507746,-0.013,0.032,0.031,0.001,-0.001,0.001,0
WATCH,1647939507878,1647939507969,4,1647939507756,-0.098,-0.017,0.022,0.012,-0.003,-0.000,0
WATCH,1647939507878,1647939507969,4,1647939507767,-0.167,-0.027,-0.007,0.026,0.024,0.000,0
WATCH,1647939507879,1647939507970,4,1647939507776,-0.123,-0.015,-0.021,0.020,0.037,-0.004,0
WATCH,1647939507908,1647939507999,4,1647939507786,0.015,-0.022,0.020,0.035,0.002,-0.024,0
WATCH,1647939507909,1647939508000,4,1647939507796,0.112,-0.012,0.029,0.038,-0.016,-0.026,0
WATCH,1647939507909,1647939508000,4,1647939507806,0.151,0.027,0.004,0.010,0.011,-0.007,0
WATCH,1647939507910,1647939508001,4,1647939507816,0.176,0.058,0.004,-0.007,0.009,0.004,0
WATCH,1647939507910,1647939508001,4,1647939507826,0.204,0.046,0.027,-0.012,-0.019,0.011,0
