DeviceName,PTPTime,UnixTime,protocool,CurrentDeviceTime,DistanceMM,DistanceCM,Weight,Count,DistanceADC,WeightADC,DeviceName(Current)
DEVICE,1648536173807,1648536174006,4,1648536174006,791,79,0,10,31987,0
DEVICE,1648536173840,1648536174039,4,1648536174039,795,79,0,10,31987,0
DEVICE,1648536173872,1648536174071,4,1648536174071,793,79,0,10,31987,0
DEVICE,1648536173904,1648536174103,4,1648536174103,792,79,0,10,31987,0
DEVICE,1648536173936,1648536174135,4,1648536174135,798,79,0,10,31987,0
DEVICE,1648536173968,1648536174167,4,1648536174167,791,79,0,10,31987,0
DEVICE,1648536174000,1648536174199,4,1648536174199,787,78,0,10,31987,0
DEVICE,1648536206669,1648536206868,4,1648536206868,815,81,0,10,32300,0
DEVICE,1648536206700,1648536206899,4,1648536206899,790,79,0,0,32300,0
DEVICE,1648536206732,1648536206931,4,1648536206931,792,79,0,0,32300,0
DEVICE,1648536206764,1648536206963,4,1648536206963,792,79,0,0,32300,0
DEVICE,1648536206796,1648536206995,4,1648536206995,796,79,0,0,32300,0
DEVICE,1648536206828,1648536207027,4,1648536207027,799,79,0,0,32300,0
DEVICE,1648536206860,1648536207059,4,1648536207059,810,81,0,0,32300,0
DEVICE,1648536206877,1648536207076,4,1648536207076,796,79,0,0,32300,0
DEVICE,1648536206924,1648536207123,4,1648536207123,795,79,0,0,32300,0
DEVICE,1648536206942,1648536207141,4,1648536207141,786,78,0,0,32300,0
DEVICE,1648536206988,1648536207187,4,1648536207187,789,78,0,0,32300,0
DEVICE,1648536207005,1648536207204,4,1648536207204,792,79,0,0,32300,0
DEVICE,1648536207037,1648536207236,4,1648536207236,803,80,0,0,32300,0
DEVICE,1648536207068,1648536207267,4,1648536207267,803,80,0,0,32300,0
DEVICE,1648536207100,1648536207299,4,1648536207299,794,79,0,0,32300,0
DEVICE,1648536207132,1648536207331,4,1648536207331,809,80,0,0,32300,0
DEVICE,1648536207164,1648536207363,4,1648536207363,802,80,0,0,32300,0
DEVICE,1648536207196,1648536207395,4,1648536207395,786,78,0,0,32300,0
DEVICE,1648536207228,1648536207427,4,1648536207427,786,78,0,0,32300,0
DEVICE,1648536207260,1648536207459,4,1648536207459,790,79,0,0,32300,0
DEVICE,1648536207292,1648536207491,4,1648536207491,809,80,0,0,32300,0
DEVICE,1648536207324,1648536207523,4,1648536207523,805,80,0,0,32300,0
DEVICE,1648536207356,1648536207555,4,1648536207555,804,80,0,0,32300,0
DEVICE,1648536207388,1648536207587,4,1648536207587,802,80,0,0,32300,0
DEVICE,1648536207420,1648536207619,4,1648536207619,795,79,0,0,32300,0
DEVICE,1648536207452,1648536207651,4,1648536207651,800,80,0,0,32300,0
DEVICE,1648536207484,1648536207683,4,1648536207683,800,80,0,0,32300,0
DEVICE,1648536207516,1648536207715,4,1648536207715,813,81,0,0,32300,0
DEVICE,1648536207548,1648536207747,4,1648536207747,790,79,0,0,32300,0
DEVICE,1648536207580,1648536207779,4,1648536207779,795,79,0,0,32300,0
DEVICE,1648536207612,1648536207811,4,1648536207811,797,79,0,0,32300,0
DEVICE,1648536207644,1648536207843,4,1648536207843,796,79,0,0,32300,0
DEVICE,1648536207676,1648536207875,4,1648536207875,797,79,0,0,32300,0
DEVICE,1648536207708,1648536207907,4,1648536207907,798,79,0,0,32300,0
DEVICE,1648536207740,1648536207939,4,1648536207939,801,80,0,0,32300,0
DEVICE,1648536207772,1648536207971,4,1648536207971,793,79,0,0,32300,0
DEVICE,1648536207805,1648536208004,4,1648536208004,809,80,0,0,32300,0
DEVICE,1648536207836,1648536208035,4,1648536208035,795,79,0,0,32300,0
DEVICE,1648536207868,1648536208067,4,1648536208067,798,79,0,0,32300,0
DEVICE,1648536207900,1648536208099,4,1648536208099,787,78,0,0,32300,0
DEVICE,1648536207932,1648536208131,4,1648536208131,791,79,0,0,32300,0
DEVICE,1648536207964,1648536208163,4,1648536208163,798,79,0,0,32300,0
DEVICE,1648536208012,1648536208211,4,1648536208211,806,80,0,0,32275,0
DEVICE,1648536208028,1648536208227,4,1648536208227,792,79,0,0,32275,0
DEVICE,1648536208060,1648536208259,4,1648536208259,792,79,0,0,32275,0
DEVICE,1648536208092,1648536208291,4,1648536208291,791,79,0,0,32275,0
DEVICE,1648536208124,1648536208323,4,1648536208323,792,79,0,0,32275,0
DEVICE,1648536208156,1648536208355,4,1648536208355,800,80,0,0,32275,0
DEVICE,1648536208188,1648536208387,4,1648536208387,793,79,0,0,32275,0
DEVICE,1648536208220,1648536208419,4,1648536208419,789,78,0,0,32275,0
DEVICE,1648536208252,1648536208451,4,1648536208451,796,79,0,0,32275,0
DEVICE,1648536208284,1648536208483,4,1648536208483,803,80,0,0,32275,0
DEVICE,1648536208316,1648536208515,4,1648536208515,799,79,0,0,32275,0
DEVICE,1648536208347,1648536208546,4,1648536208546,795,79,0,0,32275,0
DEVICE,1648536208380,1648536208579,4,1648536208579,792,79,0,0,32275,0
DEVICE,1648536208413,1648536208612,4,1648536208612,800,80,0,0,32275,0
DEVICE,1648536208443,1648536208642,4,1648536208642,789,78,0,0,32275,0
DEVICE,1648536208475,1648536208674,4,1648536208674,805,80,0,0,32275,0
DEVICE,1648536208508,1648536208707,4,1648536208707,807,80,0,0,32275,0
DEVICE,1648536208540,1648536208739,4,1648536208739,803,80,0,0,32275,0
DEVICE,1648536208572,1648536208771,4,1648536208771,805,80,0,0,32275,0
DEVICE,1648536208604,1648536208803,4,1648536208803,798,79,0,0,32275,0
DEVICE,1648536208636,1648536208835,4,1648536208835,809,80,0,0,32275,0
DEVICE,1648536208667,1648536208866,4,1648536208866,799,79,0,0,32275,0
DEVICE,1648536208699,1648536208898,4,1648536208898,807,80,0,0,32275,0
DEVICE,1648536208731,1648536208930,4,1648536208930,780,78,0,0,32275,0
DEVICE,1648536208763,1648536208962,4,1648536208962,800,80,0,0,32275,0
DEVICE,1648536208795,1648536208994,4,1648536208994,795,79,0,0,32275,0
DEVICE,1648536208827,1648536209026,4,1648536209026,792,79,0,0,32275,0
DEVICE,1648536208859,1648536209058,4,1648536209058,788,78,0,0,32275,0
DEVICE,1648536208891,1648536209090,4,1648536209090,795,79,0,0,32275,0
DEVICE,1648536208924,1648536209123,4,1648536209123,802,80,0,0,32275,0
DEVICE,1648536208957,1648536209156,4,1648536209156,800,80,0,0,32275,0
DEVICE,1648536208987,1648536209186,4,1648536209186,799,79,0,0,32275,0
DEVICE,1648536209019,1648536209218,4,1648536209218,793,79,0,0,32275,0
DEVICE,1648536209051,1648536209250,4,1648536209250,812,81,0,0,32275,0
DEVICE,1648536209099,1648536209298,4,1648536209298,794,79,0,0,32281,0
DEVICE,1648536209115,1648536209314,4,1648536209314,776,77,0,0,32281,0
DEVICE,1648536209147,1648536209346,4,1648536209346,800,80,0,0,32281,0
DEVICE,1648536209179,1648536209378,4,1648536209378,811,81,0,0,32281,0
DEVICE,1648536209211,1648536209410,4,1648536209410,799,79,0,0,32281,0
DEVICE,1648536209243,1648536209442,4,1648536209442,783,78,0,0,32281,0
DEVICE,1648536209275,1648536209474,4,1648536209474,797,79,0,0,32281,0
DEVICE,1648536209308,1648536209507,4,1648536209507,800,80,0,0,32281,0
DEVICE,1648536209339,1648536209538,4,1648536209538,810,81,0,0,32281,0
DEVICE,1648536209371,1648536209570,4,1648536209570,795,79,0,0,32281,0
DEVICE,1648536209403,1648536209602,4,1648536209602,779,77,0,0,32281,0
DEVICE,1648536209435,1648536209634,4,1648536209634,795,79,0,0,32281,0
DEVICE,1648536209467,1648536209666,4,1648536209666,809,80,0,0,32281,0
DEVICE,1648536209499,1648536209698,4,1648536209698,785,78,0,0,32281,0
DEVICE,1648536209531,1648536209730,4,1648536209730,787,78,0,0,32281,0
DEVICE,1648536209563,1648536209762,4,1648536209762,801,80,0,0,32281,0
DEVICE,1648536209595,1648536209794,4,1648536209794,798,79,0,0,32281,0
DEVICE,1648536209627,1648536209826,4,1648536209826,797,79,0,0,32281,0
DEVICE,1648536209659,1648536209858,4,1648536209858,782,78,0,0,32281,0
DEVICE,1648536209691,1648536209890,4,1648536209890,793,79,0,0,32281,0
DEVICE,1648536209723,1648536209922,4,1648536209922,807,80,0,0,32281,0
DEVICE,1648536209756,1648536209955,4,1648536209955,796,79,0,0,32281,0
DEVICE,1648536209787,1648536209986,4,1648536209986,801,80,0,0,32281,0
DEVICE,1648536209819,1648536210018,4,1648536210018,794,79,0,0,32281,0
DEVICE,1648536209851,1648536210050,4,1648536210050,796,79,0,0,32281,0
DEVICE,1648536209883,1648536210082,4,1648536210082,789,78,0,0,32281,0
DEVICE,1648536209915,1648536210114,4,1648536210114,799,79,0,0,32281,0
DEVICE,1648536209947,1648536210146,4,1648536210146,784,78,0,0,32281,0
DEVICE,1648536209979,1648536210178,4,1648536210178,803,80,0,0,32281,0
DEVICE,1648536210011,1648536210210,4,1648536210210,802,80,0,0,32281,0
DEVICE,1648536210043,1648536210242,4,1648536210242,804,80,0,0,32281,0
DEVICE,1648536210092,1648536210291,4,1648536210291,807,80,0,0,32300,0
DEVICE,1648536210107,1648536210306,4,1648536210306,806,80,0,0,32300,0
DEVICE,1648536210139,1648536210338,4,1648536210338,793,79,0,0,32300,0
DEVICE,1648536210171,1648536210370,4,1648536210370,808,80,0,0,32300,0
DEVICE,1648536210203,1648536210402,4,1648536210402,784,78,0,0,32300,0
DEVICE,1648536210235,1648536210434,4,1648536210434,801,80,0,0,32300,0
DEVICE,1648536210267,1648536210466,4,1648536210466,789,78,0,0,32300,0
DEVICE,1648536210299,1648536210498,4,1648536210498,788,78,0,0,32300,0
DEVICE,1648536210331,1648536210530,4,1648536210530,802,80,0,0,32300,0
DEVICE,1648536210363,1648536210562,4,1648536210562,787,78,0,0,32300,0
DEVICE,1648536210394,1648536210593,4,1648536210593,799,79,0,0,32300,0
DEVICE,1648536210426,1648536210625,4,1648536210625,800,80,0,0,32300,0
DEVICE,1648536210458,1648536210657,4,1648536210657,787,78,0,0,32300,0
DEVICE,1648536210491,1648536210690,4,1648536210690,796,79,0,0,32300,0
DEVICE,1648536210523,1648536210722,4,1648536210722,786,78,0,0,32300,0
DEVICE,1648536210555,1648536210754,4,1648536210754,788,78,0,0,32300,0
DEVICE,1648536210587,1648536210786,4,1648536210786,787,78,0,0,32300,0
DEVICE,1648536210619,1648536210818,4,1648536210818,787,78,0,0,32300,0
DEVICE,1648536210651,1648536210850,4,1648536210850,781,78,0,0,32300,0
DEVICE,1648536210683,1648536210882,4,1648536210882,800,80,0,0,32300,0
DEVICE,1648536210714,1648536210913,4,1648536210913,813,81,0,0,32300,0
DEVICE,1648536210746,1648536210945,4,1648536210945,775,77,0,0,32300,0
DEVICE,1648536210778,1648536210977,4,1648536210977,780,78,0,0,32300,0
DEVICE,1648536210810,1648536211009,4,1648536211009,783,78,0,0,32300,0
DEVICE,1648536210842,1648536211041,4,1648536211041,770,77,0,0,32300,0
DEVICE,1648536210874,1648536211073,4,1648536211073,754,75,0,0,32300,0
DEVICE,1648536210907,1648536211106,4,1648536211106,758,75,0,0,32300,0
DEVICE,1648536210939,1648536211138,4,1648536211138,754,75,0,0,32300,0
DEVICE,1648536210970,1648536211169,4,1648536211169,744,74,0,0,32300,0
DEVICE,1648536211002,1648536211201,4,1648536211201,746,74,5,0,32300,0
DEVICE,1648536211034,1648536211233,4,1648536211233,731,73,5,0,32300,0
DEVICE,1648536211066,1648536211265,4,1648536211265,712,71,5,0,32300,0
DEVICE,1648536211098,1648536211297,4,1648536211297,710,71,5,0,32300,0
DEVICE,1648536211130,1648536211329,4,1648536211329,697,69,5,0,32300,0
DEVICE,1648536211162,1648536211361,4,1648536211361,676,67,5,0,32300,0
DEVICE,1648536211194,1648536211393,4,1648536211393,654,65,5,0,32300,0
DEVICE,1648536211226,1648536211425,4,1648536211425,655,65,5,0,32300,0
DEVICE,1648536211258,1648536211457,4,1648536211457,635,63,5,1,32300,0
DEVICE,1648536211290,1648536211489,4,1648536211489,609,60,25,1,32300,6712
DEVICE,1648536211322,1648536211521,4,1648536211521,609,60,25,1,32300,6712
DEVICE,1648536211354,1648536211553,4,1648536211553,596,59,25,1,32300,6712
DEVICE,1648536211386,1648536211585,4,1648536211585,583,58,25,1,32300,6712
DEVICE,1648536211418,1648536211617,4,1648536211617,575,57,25,1,32300,6712
DEVICE,1648536211450,1648536211649,4,1648536211649,565,56,25,1,32300,6712
DEVICE,1648536211482,1648536211681,4,1648536211681,549,54,25,1,32300,6714
DEVICE,1648536211514,1648536211713,4,1648536211713,539,53,25,1,32300,6718
DEVICE,1648536211546,1648536211745,4,1648536211745,547,54,25,1,32300,6722
DEVICE,1648536211578,1648536211777,4,1648536211777,530,53,25,1,32300,6725
DEVICE,1648536211610,1648536211809,4,1648536211809,541,54,25,1,32300,6725
DEVICE,1648536211642,1648536211841,4,1648536211841,553,55,25,1,32300,6725
DEVICE,1648536211674,1648536211873,4,1648536211873,552,55,25,1,32300,6725
DEVICE,1648536211706,1648536211905,4,1648536211905,564,56,25,1,32300,6725
DEVICE,1648536211738,1648536211937,4,1648536211937,576,57,25,1,32300,6725
DEVICE,1648536211770,1648536211969,4,1648536211969,597,59,25,1,32300,6725
DEVICE,1648536211803,1648536212002,4,1648536212002,614,61,25,1,32300,6725
DEVICE,1648536211835,1648536212034,4,1648536212034,619,61,25,1,32300,6725
DEVICE,1648536211866,1648536212065,4,1648536212065,634,63,25,1,32300,6725
DEVICE,1648536211900,1648536212099,4,1648536212099,640,64,25,1,32300,6725
DEVICE,1648536211931,1648536212130,4,1648536212130,660,66,25,1,32300,6731
DEVICE,1648536211962,1648536212161,4,1648536212161,659,65,25,1,32300,6743
DEVICE,1648536211995,1648536212194,4,1648536212194,669,66,25,1,32300,6758
DEVICE,1648536212026,1648536212225,4,1648536212225,669,66,25,1,32300,6768
DEVICE,1648536212058,1648536212257,4,1648536212257,677,67,25,1,32300,6772
DEVICE,1648536212091,1648536212290,4,1648536212290,682,68,25,1,32300,6775
DEVICE,1648536212122,1648536212321,4,1648536212321,672,67,25,1,32300,6775
DEVICE,1648536212154,1648536212353,4,1648536212353,682,68,25,1,32300,6775
DEVICE,1648536212186,1648536212385,4,1648536212385,682,68,25,1,32300,6772
DEVICE,1648536212218,1648536212417,4,1648536212417,652,65,25,1,32300,6768
DEVICE,1648536212249,1648536212448,4,1648536212448,664,66,25,1,32300,6764
DEVICE,1648536212282,1648536212481,4,1648536212481,652,65,25,1,32300,6762
DEVICE,1648536212313,1648536212512,4,1648536212512,637,63,25,1,32300,6762
DEVICE,1648536212345,1648536212544,4,1648536212544,627,62,25,1,32300,6762
DEVICE,1648536212377,1648536212576,4,1648536212576,612,61,25,1,32300,6760
DEVICE,1648536212409,1648536212608,4,1648536212608,619,61,25,1,32300,6758
DEVICE,1648536212441,1648536212640,4,1648536212640,593,59,25,1,32300,6756
DEVICE,1648536212474,1648536212673,4,1648536212673,582,58,25,1,32300,6754
DEVICE,1648536212506,1648536212705,4,1648536212705,578,57,25,1,32300,6752
DEVICE,1648536212538,1648536212737,4,1648536212737,557,55,25,1,32300,6750
DEVICE,1648536212570,1648536212769,4,1648536212769,556,55,25,1,32300,6747
DEVICE,1648536212601,1648536212800,4,1648536212800,554,55,25,1,32300,6743
DEVICE,1648536212634,1648536212833,4,1648536212833,564,56,25,1,32300,6737
DEVICE,1648536212665,1648536212864,4,1648536212864,560,56,25,1,32300,6731
DEVICE,1648536212697,1648536212896,4,1648536212896,565,56,25,1,32300,6725
DEVICE,1648536212729,1648536212928,4,1648536212928,569,56,25,1,32300,6718
DEVICE,1648536212761,1648536212960,4,1648536212960,578,57,25,1,32300,6714
DEVICE,1648536212793,1648536212992,4,1648536212992,591,59,25,1,32300,6712
DEVICE,1648536212825,1648536213024,4,1648536213024,603,60,25,1,32300,6712
DEVICE,1648536212857,1648536213056,4,1648536213056,614,61,25,1,32300,6712
DEVICE,1648536212889,1648536213088,4,1648536213088,624,62,25,1,32300,6712
DEVICE,1648536212921,1648536213120,4,1648536213120,663,66,25,1,32300,6712
DEVICE,1648536212953,1648536213152,4,1648536213152,676,67,25,1,32300,6712
DEVICE,1648536212969,1648536213168,4,1648536213168,674,67,25,1,32300,6712
DEVICE,1648536213001,1648536213200,4,1648536213200,689,68,25,1,32300,6712
DEVICE,1648536213033,1648536213232,4,1648536213232,700,70,25,1,32300,6714
DEVICE,1648536213065,1648536213264,4,1648536213264,701,70,25,1,32300,6718
DEVICE,1648536213097,1648536213296,4,1648536213296,691,69,25,1,32300,6722
DEVICE,1648536213129,1648536213328,4,1648536213328,693,69,25,1,32300,6725
DEVICE,1648536213161,1648536213360,4,1648536213360,700,70,25,1,32300,6725
DEVICE,1648536213193,1648536213392,4,1648536213392,689,68,25,1,32300,6725
DEVICE,1648536213225,1648536213424,4,1648536213424,674,67,25,1,32300,6725
DEVICE,1648536213257,1648536213456,4,1648536213456,666,66,25,1,32300,6725
DEVICE,1648536213289,1648536213488,4,1648536213488,658,65,25,1,32300,6725
DEVICE,1648536213321,1648536213520,4,1648536213520,646,64,25,2,32300,6725
DEVICE,1648536213353,1648536213552,4,1648536213552,639,63,25,2,32300,6712
DEVICE,1648536213385,1648536213584,4,1648536213584,622,62,25,2,32300,6712
DEVICE,1648536213417,1648536213616,4,1648536213616,598,59,25,2,32300,6712
DEVICE,1648536213449,1648536213648,4,1648536213648,588,58,25,2,32300,6712
DEVICE,1648536213482,1648536213681,4,1648536213681,568,56,25,2,32300,6712
DEVICE,1648536213514,1648536213713,4,1648536213713,559,55,25,2,32300,6712
DEVICE,1648536213545,1648536213744,4,1648536213744,534,53,25,2,32300,6712
DEVICE,1648536213578,1648536213777,4,1648536213777,532,53,25,2,32300,6712
DEVICE,1648536213610,1648536213809,4,1648536213809,521,52,25,2,32300,6712
DEVICE,1648536213641,1648536213840,4,1648536213840,523,52,25,2,32300,6712
DEVICE,1648536213674,1648536213873,4,1648536213873,526,52,25,2,32300,6712
DEVICE,1648536213705,1648536213904,4,1648536213904,534,53,25,2,32300,6712
DEVICE,1648536213737,1648536213936,4,1648536213936,542,54,25,2,32300,6712
DEVICE,1648536213769,1648536213968,4,1648536213968,556,55,25,2,32300,6712
DEVICE,1648536213801,1648536214000,4,1648536214000,576,57,25,2,32300,6712
DEVICE,1648536213833,1648536214032,4,1648536214032,586,58,25,2,32300,6712
DEVICE,1648536213865,1648536214064,4,1648536214064,601,60,25,2,32300,6712
DEVICE,1648536213897,1648536214096,4,1648536214096,626,62,25,2,32300,6714
DEVICE,1648536213929,1648536214128,4,1648536214128,656,65,25,2,32300,6722
DEVICE,1648536213961,1648536214160,4,1648536214160,656,65,25,2,32300,6735
DEVICE,1648536213993,1648536214192,4,1648536214192,679,67,25,2,32300,6750
DEVICE,1648536214025,1648536214224,4,1648536214224,677,67,25,2,32300,6766
DEVICE,1648536214057,1648536214256,4,1648536214256,685,68,25,2,32300,6787
DEVICE,1648536214089,1648536214288,4,1648536214288,700,70,25,2,32300,6808
DEVICE,1648536214121,1648536214320,4,1648536214320,711,71,25,2,32300,6820
DEVICE,1648536214153,1648536214352,4,1648536214352,727,72,25,2,32300,6825
DEVICE,1648536214185,1648536214384,4,1648536214384,728,72,25,2,32300,6825
DEVICE,1648536214217,1648536214416,4,1648536214416,704,70,25,2,32300,6825
DEVICE,1648536214249,1648536214448,4,1648536214448,707,70,25,2,32300,6825
DEVICE,1648536214280,1648536214479,4,1648536214479,693,69,25,2,32300,6825
DEVICE,1648536214312,1648536214511,4,1648536214511,685,68,25,2,32300,6825
DEVICE,1648536214344,1648536214543,4,1648536214543,662,66,25,2,32300,6825
DEVICE,1648536214376,1648536214575,4,1648536214575,664,66,25,2,32300,6825
DEVICE,1648536214408,1648536214607,4,1648536214607,660,66,25,2,32300,6825
DEVICE,1648536214441,1648536214640,4,1648536214640,636,63,25,3,32300,6825
DEVICE,1648536214473,1648536214672,4,1648536214672,627,62,25,3,32300,6881
DEVICE,1648536214506,1648536214705,4,1648536214705,606,60,25,3,32300,6881
DEVICE,1648536214538,1648536214737,4,1648536214737,593,59,25,3,32300,6881
DEVICE,1648536214569,1648536214768,4,1648536214768,572,57,25,3,32300,6881
DEVICE,1648536214600,1648536214799,4,1648536214799,563,56,25,3,32300,6877
DEVICE,1648536214633,1648536214832,4,1648536214832,546,54,25,3,32300,6868
DEVICE,1648536214664,1648536214863,4,1648536214863,544,54,25,3,32300,6858
DEVICE,1648536214696,1648536214895,4,1648536214895,531,53,25,3,32300,6850
DEVICE,1648536214728,1648536214927,4,1648536214927,548,54,25,3,32300,6841
DEVICE,1648536214760,1648536214959,4,1648536214959,548,54,25,3,32300,6831
DEVICE,1648536214792,1648536214991,4,1648536214991,553,55,25,3,32300,6820
DEVICE,1648536214824,1648536215023,4,1648536215023,558,55,25,3,32300,6814
DEVICE,1648536214856,1648536215055,4,1648536215055,576,57,25,3,32300,6812
DEVICE,1648536214888,1648536215087,4,1648536215087,594,59,25,3,32300,6812
DEVICE,1648536214920,1648536215119,4,1648536215119,603,60,25,3,32300,6812
DEVICE,1648536214952,1648536215151,4,1648536215151,626,62,25,3,32300,6812
DEVICE,1648536214984,1648536215183,4,1648536215183,642,64,25,3,32300,6812
DEVICE,1648536215016,1648536215215,4,1648536215215,665,66,25,3,32300,6812
DEVICE,1648536215048,1648536215247,4,1648536215247,656,65,25,3,32300,6814
DEVICE,1648536215080,1648536215279,4,1648536215279,684,68,25,3,32300,6820
DEVICE,1648536215112,1648536215311,4,1648536215311,687,68,25,3,32300,6831
DEVICE,1648536215144,1648536215343,4,1648536215343,702,70,25,3,32300,6843
DEVICE,1648536215176,1648536215375,4,1648536215375,693,69,25,3,32300,6854
DEVICE,1648536215209,1648536215408,4,1648536215408,695,69,25,3,32300,6860
DEVICE,1648536215240,1648536215439,4,1648536215439,700,70,25,3,32300,6862
DEVICE,1648536215272,1648536215471,4,1648536215471,701,70,25,3,32300,6862
DEVICE,1648536215304,1648536215503,4,1648536215503,700,70,25,3,32300,6862
DEVICE,1648536215336,1648536215535,4,1648536215535,686,68,25,3,32300,6862
DEVICE,1648536215368,1648536215567,4,1648536215567,676,67,25,3,32300,6862
DEVICE,1648536215400,1648536215599,4,1648536215599,653,65,25,3,32300,6862
DEVICE,1648536215432,1648536215631,4,1648536215631,652,65,25,3,32300,6862
DEVICE,1648536215464,1648536215663,4,1648536215663,636,63,25,4,32300,6862
DEVICE,1648536215496,1648536215695,4,1648536215695,628,62,25,4,32300,6862
DEVICE,1648536215528,1648536215727,4,1648536215727,623,62,25,4,32300,6862
DEVICE,1648536215560,1648536215759,4,1648536215759,592,59,25,4,32300,6862
DEVICE,1648536215592,1648536215791,4,1648536215791,580,58,25,4,32300,6862
DEVICE,1648536215624,1648536215823,4,1648536215823,578,57,25,4,32300,6862
DEVICE,1648536215656,1648536215855,4,1648536215855,564,56,25,4,32300,6862
DEVICE,1648536215688,1648536215887,4,1648536215887,555,55,25,4,32300,6862
DEVICE,1648536215720,1648536215919,4,1648536215919,555,55,25,4,32300,6860
DEVICE,1648536215752,1648536215951,4,1648536215951,548,54,25,4,32300,6856
DEVICE,1648536215784,1648536215983,4,1648536215983,557,55,25,4,32300,6852
DEVICE,1648536215816,1648536216015,4,1648536216015,564,56,25,4,32300,6850
DEVICE,1648536215848,1648536216047,4,1648536216047,571,57,25,4,32300,6850
DEVICE,1648536215880,1648536216079,4,1648536216079,591,59,25,4,32300,6850
DEVICE,1648536215912,1648536216111,4,1648536216111,594,59,25,4,32300,6850
DEVICE,1648536215944,1648536216143,4,1648536216143,612,61,25,4,32300,6850
DEVICE,1648536215975,1648536216174,4,1648536216174,629,62,25,4,32300,6850
DEVICE,1648536216007,1648536216206,4,1648536216206,646,64,25,4,32300,6850
DEVICE,1648536216040,1648536216239,4,1648536216239,665,66,25,4,32300,6850
DEVICE,1648536216073,1648536216272,4,1648536216272,670,67,25,4,32300,6850
DEVICE,1648536216104,1648536216303,4,1648536216303,684,68,25,4,32300,6847
DEVICE,1648536216136,1648536216335,4,1648536216335,698,69,25,4,32300,6843
DEVICE,1648536216168,1648536216367,4,1648536216367,680,68,25,4,32300,6837
DEVICE,1648536216200,1648536216399,4,1648536216399,695,69,25,4,32300,6833
DEVICE,1648536216232,1648536216431,4,1648536216431,700,70,25,4,32300,6831
DEVICE,1648536216263,1648536216462,4,1648536216462,685,68,25,4,32300,6831
DEVICE,1648536216295,1648536216494,4,1648536216494,689,68,25,4,32300,6831
DEVICE,1648536216327,1648536216526,4,1648536216526,677,67,25,4,32300,6831
DEVICE,1648536216359,1648536216558,4,1648536216558,668,66,25,4,32300,6831
DEVICE,1648536216391,1648536216590,4,1648536216590,661,66,25,4,32300,6831
DEVICE,1648536216423,1648536216622,4,1648536216622,641,64,25,5,32300,6831
DEVICE,1648536216456,1648536216655,4,1648536216655,628,62,25,5,32300,6875
DEVICE,1648536216488,1648536216687,4,1648536216687,620,62,25,5,32300,6875
DEVICE,1648536216520,1648536216719,4,1648536216719,609,60,25,5,32300,6875
DEVICE,1648536216552,1648536216751,4,1648536216751,585,58,25,5,32300,6875
DEVICE,1648536216583,1648536216782,4,1648536216782,580,58,25,5,32300,6875
DEVICE,1648536216615,1648536216814,4,1648536216814,562,56,25,5,32300,6875
DEVICE,1648536216647,1648536216846,4,1648536216846,547,54,25,5,32300,6877
DEVICE,1648536216679,1648536216878,4,1648536216878,535,53,25,5,32300,6879
DEVICE,1648536216711,1648536216910,4,1648536216910,534,53,25,5,32300,6881
DEVICE,1648536216744,1648536216943,4,1648536216943,527,52,25,5,32300,6881
DEVICE,1648536216776,1648536216975,4,1648536216975,541,54,25,5,32300,6881
DEVICE,1648536216808,1648536217007,4,1648536217007,537,53,25,5,32300,6881
DEVICE,1648536216840,1648536217039,4,1648536217039,543,54,25,5,32300,6879
DEVICE,1648536216871,1648536217070,4,1648536217070,577,57,25,5,32300,6877
DEVICE,1648536216903,1648536217102,4,1648536217102,596,59,25,5,32300,6872
DEVICE,1648536216935,1648536217134,4,1648536217134,605,60,25,5,32300,6868
DEVICE,1648536216967,1648536217166,4,1648536217166,623,62,25,5,32300,6864
DEVICE,1648536216999,1648536217198,4,1648536217198,642,64,25,5,32300,6862
DEVICE,1648536217031,1648536217230,4,1648536217230,659,65,25,5,32300,6862
DEVICE,1648536217063,1648536217262,4,1648536217262,656,65,25,5,32300,6862
DEVICE,1648536217095,1648536217294,4,1648536217294,672,67,25,5,32300,6862
DEVICE,1648536217127,1648536217326,4,1648536217326,677,67,25,5,32300,6862
DEVICE,1648536217159,1648536217358,4,1648536217358,694,69,25,5,32300,6862
DEVICE,1648536217191,1648536217390,4,1648536217390,702,70,25,5,32300,6862
DEVICE,1648536217223,1648536217422,4,1648536217422,708,70,25,5,32300,6862
DEVICE,1648536217256,1648536217455,4,1648536217455,699,69,25,5,32300,6862
DEVICE,1648536217287,1648536217486,4,1648536217486,718,71,25,5,32300,6862
DEVICE,1648536217319,1648536217518,4,1648536217518,696,69,25,5,32300,6862
DEVICE,1648536217351,1648536217550,4,1648536217550,695,69,25,5,32300,6862
DEVICE,1648536217382,1648536217581,4,1648536217581,685,68,25,5,32300,6862
DEVICE,1648536217415,1648536217614,4,1648536217614,671,67,25,5,32300,6862
DEVICE,1648536217447,1648536217646,4,1648536217646,660,66,25,5,32300,6862
DEVICE,1648536217479,1648536217678,4,1648536217678,649,64,25,6,32300,6862
DEVICE,1648536217511,1648536217710,4,1648536217710,651,65,25,6,32300,6893
DEVICE,1648536217543,1648536217742,4,1648536217742,625,62,25,6,32300,6893
DEVICE,1648536217575,1648536217774,4,1648536217774,618,61,25,6,32300,6893
DEVICE,1648536217607,1648536217806,4,1648536217806,608,60,25,6,32300,6893
DEVICE,1648536217639,1648536217838,4,1648536217838,591,59,25,6,32300,6891
DEVICE,1648536217671,1648536217870,4,1648536217870,579,57,25,6,32300,6889
DEVICE,1648536217703,1648536217902,4,1648536217902,564,56,25,6,32300,6887
DEVICE,1648536217735,1648536217934,4,1648536217934,563,56,25,6,32300,6887
DEVICE,1648536217768,1648536217967,4,1648536217967,550,55,25,6,32300,6887
DEVICE,1648536217799,1648536217998,4,1648536217998,551,55,25,6,32300,6887
DEVICE,1648536217831,1648536218030,4,1648536218030,554,55,25,6,32300,6887
DEVICE,1648536217863,1648536218062,4,1648536218062,543,54,25,6,32300,6887
DEVICE,1648536217895,1648536218094,4,1648536218094,559,55,25,6,32300,6885
DEVICE,1648536217927,1648536218126,4,1648536218126,565,56,25,6,32300,6881
DEVICE,1648536217958,1648536218157,4,1648536218157,563,56,25,6,32300,6875
DEVICE,1648536217991,1648536218190,4,1648536218190,591,59,25,6,32300,6868
DEVICE,1648536218023,1648536218222,4,1648536218222,604,60,25,6,32300,6862
DEVICE,1648536218055,1648536218254,4,1648536218254,605,60,25,6,32300,6854
DEVICE,1648536218087,1648536218286,4,1648536218286,631,63,25,6,32300,6845
DEVICE,1648536218119,1648536218318,4,1648536218318,646,64,25,6,32300,6839
DEVICE,1648536218150,1648536218349,4,1648536218349,657,65,25,6,32300,6835
DEVICE,1648536218183,1648536218382,4,1648536218382,667,66,25,6,32300,6831
DEVICE,1648536218214,1648536218413,4,1648536218413,674,67,25,6,32300,6827
DEVICE,1648536218246,1648536218445,4,1648536218445,685,68,25,6,32300,6825
DEVICE,1648536218278,1648536218477,4,1648536218477,692,69,25,6,32300,6825
DEVICE,1648536218310,1648536218509,4,1648536218509,686,68,25,6,32300,6825
DEVICE,1648536218342,1648536218541,4,1648536218541,694,69,25,6,32300,6825
DEVICE,1648536218374,1648536218573,4,1648536218573,694,69,25,6,32300,6825
DEVICE,1648536218406,1648536218605,4,1648536218605,700,70,25,6,32300,6825
DEVICE,1648536218439,1648536218638,4,1648536218638,700,70,25,6,32300,6825
DEVICE,1648536218471,1648536218670,4,1648536218670,686,68,25,6,32300,6825
DEVICE,1648536218503,1648536218702,4,1648536218702,690,69,25,6,32300,6825
DEVICE,1648536218535,1648536218734,4,1648536218734,673,67,25,6,32300,6825
DEVICE,1648536218566,1648536218765,4,1648536218765,666,66,25,6,32300,6825
DEVICE,1648536218598,1648536218797,4,1648536218797,648,64,25,7,32300,6825
DEVICE,1648536218630,1648536218829,4,1648536218829,654,65,25,7,32300,6856
DEVICE,1648536218647,1648536218846,4,1648536218846,624,62,25,7,32300,6856
DEVICE,1648536218695,1648536218894,4,1648536218894,616,61,25,7,32300,6856
DEVICE,1648536218726,1648536218925,4,1648536218925,599,59,25,7,32300,6856
DEVICE,1648536218758,1648536218957,4,1648536218957,588,58,25,7,32300,6856
DEVICE,1648536218775,1648536218974,4,1648536218974,575,57,25,7,32300,6856
DEVICE,1648536218807,1648536219006,4,1648536219006,565,56,25,7,32300,6856
DEVICE,1648536218838,1648536219037,4,1648536219037,558,55,25,7,32300,6858
DEVICE,1648536218870,1648536219069,4,1648536219069,550,55,25,7,32300,6860
DEVICE,1648536218902,1648536219101,4,1648536219101,538,53,25,7,32300,6862
DEVICE,1648536218934,1648536219133,4,1648536219133,547,54,25,7,32300,6862
DEVICE,1648536218966,1648536219165,4,1648536219165,548,54,25,7,32300,6862
DEVICE,1648536218998,1648536219197,4,1648536219197,555,55,25,7,32300,6862
DEVICE,1648536219031,1648536219230,4,1648536219230,565,56,25,7,32300,6862
DEVICE,1648536219063,1648536219262,4,1648536219262,586,58,25,7,32300,6862
DEVICE,1648536219095,1648536219294,4,1648536219294,608,60,25,7,32300,6862
DEVICE,1648536219126,1648536219325,4,1648536219325,619,61,25,7,32300,6862
DEVICE,1648536219159,1648536219358,4,1648536219358,629,62,25,7,32300,6862
DEVICE,1648536219191,1648536219390,4,1648536219390,639,63,25,7,32300,6862
DEVICE,1648536219223,1648536219422,4,1648536219422,647,64,25,7,32300,6864
DEVICE,1648536219254,1648536219453,4,1648536219453,649,64,25,7,32300,6868
DEVICE,1648536219286,1648536219485,4,1648536219485,669,66,25,7,32300,6875
DEVICE,1648536219318,1648536219517,4,1648536219517,676,67,25,7,32300,6881
DEVICE,1648536219350,1648536219549,4,1648536219549,686,68,25,7,32300,6885
DEVICE,1648536219382,1648536219581,4,1648536219581,690,69,25,7,32300,6887
DEVICE,1648536219414,1648536219613,4,1648536219613,688,68,25,7,32300,6887
DEVICE,1648536219446,1648536219645,4,1648536219645,691,69,25,7,32300,6887
DEVICE,1648536219478,1648536219677,4,1648536219677,685,68,25,7,32300,6887
DEVICE,1648536219510,1648536219709,4,1648536219709,678,67,25,7,32300,6887
DEVICE,1648536219542,1648536219741,4,1648536219741,665,66,25,7,32300,6887
DEVICE,1648536219574,1648536219773,4,1648536219773,652,65,25,7,32300,6887
DEVICE,1648536219606,1648536219805,4,1648536219805,649,64,25,8,32300,6887
DEVICE,1648536219639,1648536219838,4,1648536219838,636,63,25,8,32300,6875
DEVICE,1648536219671,1648536219870,4,1648536219870,636,63,25,8,32300,6875
DEVICE,1648536219702,1648536219901,4,1648536219901,613,61,25,8,32300,6875
DEVICE,1648536219734,1648536219933,4,1648536219933,609,60,25,8,32300,6875
DEVICE,1648536219767,1648536219966,4,1648536219966,595,59,25,8,32300,6875
DEVICE,1648536219799,1648536219998,4,1648536219998,575,57,25,8,32300,6877
DEVICE,1648536219831,1648536220030,4,1648536220030,562,56,25,8,32300,6881
DEVICE,1648536219862,1648536220061,4,1648536220061,550,55,25,8,32300,6885
DEVICE,1648536219894,1648536220093,4,1648536220093,551,55,25,8,32300,6889
DEVICE,1648536219926,1648536220125,4,1648536220125,541,54,25,8,32300,6893
DEVICE,1648536219959,1648536220158,4,1648536220158,536,53,25,8,32300,6897
DEVICE,1648536219990,1648536220189,4,1648536220189,548,54,25,8,32300,6902
DEVICE,1648536220022,1648536220221,4,1648536220221,553,55,25,8,32300,6904
DEVICE,1648536220054,1648536220253,4,1648536220253,568,56,25,8,32300,6908
DEVICE,1648536220086,1648536220285,4,1648536220285,576,57,25,8,32300,6910
DEVICE,1648536220118,1648536220317,4,1648536220317,588,58,25,8,32300,6912
DEVICE,1648536220150,1648536220349,4,1648536220349,602,60,25,8,32300,6912
DEVICE,1648536220182,1648536220381,4,1648536220381,619,61,25,8,32300,6914
DEVICE,1648536220214,1648536220413,4,1648536220413,629,62,25,8,32300,6916
DEVICE,1648536220245,1648536220444,4,1648536220444,665,66,25,8,32300,6918
DEVICE,1648536220277,1648536220476,4,1648536220476,672,67,25,8,32300,6918
DEVICE,1648536220309,1648536220508,4,1648536220508,673,67,25,8,32300,6918
DEVICE,1648536220342,1648536220541,4,1648536220541,689,68,25,8,32300,6918
DEVICE,1648536220373,1648536220572,4,1648536220572,694,69,25,8,32300,6916
DEVICE,1648536220406,1648536220605,4,1648536220605,689,68,25,8,32300,6914
DEVICE,1648536220439,1648536220638,4,1648536220638,701,70,25,8,32300,6912
DEVICE,1648536220470,1648536220669,4,1648536220669,694,69,25,8,32300,6912
DEVICE,1648536220501,1648536220700,4,1648536220700,695,69,25,8,32300,6912
DEVICE,1648536220534,1648536220733,4,1648536220733,699,69,25,8,32300,6912
DEVICE,1648536220565,1648536220764,4,1648536220764,700,70,25,8,32300,6912
DEVICE,1648536220597,1648536220796,4,1648536220796,672,67,25,8,32300,6912
DEVICE,1648536220629,1648536220828,4,1648536220828,665,66,25,8,32300,6912
DEVICE,1648536220661,1648536220860,4,1648536220860,657,65,25,8,32300,6912
DEVICE,1648536220693,1648536220892,4,1648536220892,639,63,25,9,32300,6912
DEVICE,1648536220725,1648536220924,4,1648536220924,631,63,25,9,32300,6850
DEVICE,1648536220757,1648536220956,4,1648536220956,614,61,25,9,32300,6850
DEVICE,1648536220789,1648536220988,4,1648536220988,604,60,25,9,32300,6850
DEVICE,1648536220821,1648536221020,4,1648536221020,594,59,25,9,32300,6850
DEVICE,1648536220853,1648536221052,4,1648536221052,578,57,25,9,32300,6850
DEVICE,1648536220885,1648536221084,4,1648536221084,558,55,25,9,32300,6850
DEVICE,1648536220917,1648536221116,4,1648536221116,549,54,25,9,32300,6850
DEVICE,1648536220949,1648536221148,4,1648536221148,543,54,25,9,32300,6852
DEVICE,1648536220981,1648536221180,4,1648536221180,530,53,25,9,32300,6856
DEVICE,1648536221013,1648536221212,4,1648536221212,540,54,25,9,32300,6860
DEVICE,1648536221045,1648536221244,4,1648536221244,540,54,25,9,32300,6862
DEVICE,1648536221077,1648536221276,4,1648536221276,542,54,25,9,32300,6862
DEVICE,1648536221109,1648536221308,4,1648536221308,563,56,25,9,32300,6862
DEVICE,1648536221141,1648536221340,4,1648536221340,581,58,25,9,32300,6862
DEVICE,1648536221173,1648536221372,4,1648536221372,584,58,25,9,32300,6862
DEVICE,1648536221205,1648536221404,4,1648536221404,600,60,25,9,32300,6860
DEVICE,1648536221237,1648536221436,4,1648536221436,609,60,25,9,32300,6856
DEVICE,1648536221269,1648536221468,4,1648536221468,636,63,25,9,32300,6852
DEVICE,1648536221301,1648536221500,4,1648536221500,658,65,25,9,32300,6850
DEVICE,1648536221333,1648536221532,4,1648536221532,661,66,25,9,32300,6850
DEVICE,1648536221365,1648536221564,4,1648536221564,690,69,25,9,32300,6850
DEVICE,1648536221397,1648536221596,4,1648536221596,705,70,25,9,32300,6850
DEVICE,1648536221429,1648536221628,4,1648536221628,705,70,25,9,32300,6850
DEVICE,1648536221461,1648536221660,4,1648536221660,726,72,25,9,32300,6850
DEVICE,1648536221494,1648536221693,4,1648536221693,730,73,25,9,32300,6850
DEVICE,1648536221525,1648536221724,4,1648536221724,729,72,25,9,32300,6850
DEVICE,1648536221557,1648536221756,4,1648536221756,745,74,25,9,32300,6850
DEVICE,1648536221589,1648536221788,4,1648536221788,738,73,25,9,32300,6850
DEVICE,1648536221621,1648536221820,4,1648536221820,754,75,0,9,32300,6850
DEVICE,1648536221653,1648536221852,4,1648536221852,751,75,0,9,32300,6850
DEVICE,1648536221685,1648536221884,4,1648536221884,747,74,0,9,32300,4566
DEVICE,1648536221717,1648536221916,4,1648536221916,765,76,0,9,32300,4566
DEVICE,1648536221750,1648536221949,4,1648536221949,771,77,0,9,32300,2283
DEVICE,1648536221783,1648536221982,4,1648536221982,770,77,0,9,32300,0
DEVICE,1648536221814,1648536222013,4,1648536222013,761,76,0,9,32300,0
DEVICE,1648536221846,1648536222045,4,1648536222045,787,78,0,9,32300,0
DEVICE,1648536221877,1648536222076,4,1648536222076,772,77,0,9,32300,0
DEVICE,1648536221909,1648536222108,4,1648536222108,773,77,0,9,32300,0
DEVICE,1648536221941,1648536222140,4,1648536222140,767,76,0,9,32300,0
DEVICE,1648536221974,1648536222173,4,1648536222173,785,78,0,9,32300,0
DEVICE,1648536222005,1648536222204,4,1648536222204,789,78,0,9,32300,0
DEVICE,1648536222037,1648536222236,4,1648536222236,793,79,0,9,32300,0
DEVICE,1648536222069,1648536222268,4,1648536222268,773,77,0,9,32300,0
DEVICE,1648536222101,1648536222300,4,1648536222300,777,77,0,9,32300,0
DEVICE,1648536222133,1648536222332,4,1648536222332,801,80,0,9,32300,0
DEVICE,1648536222165,1648536222364,4,1648536222364,786,78,0,9,32300,0
DEVICE,1648536222197,1648536222396,4,1648536222396,791,79,0,9,32300,0
DEVICE,1648536222229,1648536222428,4,1648536222428,791,79,0,9,32300,0
DEVICE,1648536222260,1648536222459,4,1648536222459,797,79,0,9,32300,0
DEVICE,1648536222293,1648536222492,4,1648536222492,789,78,0,9,32300,0
DEVICE,1648536222324,1648536222523,4,1648536222523,795,79,0,9,32300,0
DEVICE,1648536222357,1648536222556,4,1648536222556,806,80,0,9,32300,0
DEVICE,1648536222389,1648536222588,4,1648536222588,792,79,0,9,32300,0
DEVICE,1648536222420,1648536222619,4,1648536222619,807,80,0,9,32300,0
DEVICE,1648536222453,1648536222652,4,1648536222652,786,78,0,9,32300,0
DEVICE,1648536222484,1648536222683,4,1648536222683,792,79,0,9,32300,0
DEVICE,1648536222516,1648536222715,4,1648536222715,775,77,0,9,32300,0
DEVICE,1648536222548,1648536222747,4,1648536222747,803,80,0,9,32300,0
DEVICE,1648536222580,1648536222779,4,1648536222779,799,79,0,9,32300,0
DEVICE,1648536222612,1648536222811,4,1648536222811,790,79,0,9,32300,0
DEVICE,1648536222644,1648536222843,4,1648536222843,773,77,0,9,32300,0
DEVICE,1648536222676,1648536222875,4,1648536222875,783,78,0,9,32300,0
DEVICE,1648536222708,1648536222907,4,1648536222907,794,79,0,9,32300,0
DEVICE,1648536222740,1648536222939,4,1648536222939,789,78,0,9,32300,0
DEVICE,1648536222773,1648536222972,4,1648536222972,799,79,0,9,32300,0
DEVICE,1648536222805,1648536223004,4,1648536223004,790,79,0,9,32300,0
DEVICE,1648536222838,1648536223037,4,1648536223037,783,78,0,9,32300,0
DEVICE,1648536222869,1648536223068,4,1648536223068,804,80,0,9,32300,0
DEVICE,1648536222900,1648536223099,4,1648536223099,792,79,0,9,32300,0
DEVICE,1648536222932,1648536223131,4,1648536223131,791,79,0,9,32300,0
DEVICE,1648536222964,1648536223163,4,1648536223163,805,80,0,9,32300,0
DEVICE,1648536222996,1648536223195,4,1648536223195,782,78,0,9,32300,0
DEVICE,1648536223028,1648536223227,4,1648536223227,782,78,0,9,32300,0
DEVICE,1648536223060,1648536223259,4,1648536223259,791,79,0,9,32300,0
DEVICE,1648536223092,1648536223291,4,1648536223291,792,79,0,9,32300,0
DEVICE,1648536223124,1648536223323,4,1648536223323,794,79,0,9,32300,0
DEVICE,1648536223156,1648536223355,4,1648536223355,790,79,0,9,32300,0
DEVICE,1648536223188,1648536223387,4,1648536223387,809,80,0,9,32300,0
DEVICE,1648536223220,1648536223419,4,1648536223419,806,80,0,9,32300,0
DEVICE,1648536223252,1648536223451,4,1648536223451,788,78,0,9,32300,0
DEVICE,1648536223284,1648536223483,4,1648536223483,808,80,0,9,32300,0
DEVICE,1648536223316,1648536223515,4,1648536223515,789,78,0,9,32300,0
DEVICE,1648536223348,1648536223547,4,1648536223547,796,79,0,9,32300,0
DEVICE,1648536223380,1648536223579,4,1648536223579,801,80,0,9,32300,0
DEVICE,1648536223412,1648536223611,4,1648536223611,787,78,0,9,32300,0
DEVICE,1648536223444,1648536223643,4,1648536223643,792,79,0,9,32300,0
DEVICE,1648536223476,1648536223675,4,1648536223675,792,79,0,9,32300,0
DEVICE,1648536223508,1648536223707,4,1648536223707,797,79,0,9,32300,0
DEVICE,1648536223540,1648536223739,4,1648536223739,801,80,0,9,32300,0
DEVICE,1648536223572,1648536223771,4,1648536223771,786,78,0,9,32300,0
DEVICE,1648536223605,1648536223804,4,1648536223804,789,78,0,9,32300,0
DEVICE,1648536223636,1648536223835,4,1648536223835,812,81,0,9,32300,0
DEVICE,1648536223668,1648536223867,4,1648536223867,790,79,0,9,32300,0
DEVICE,1648536223700,1648536223899,4,1648536223899,791,79,0,9,32300,0
DEVICE,1648536223732,1648536223931,4,1648536223931,794,79,0,9,32300,0
DEVICE,1648536223764,1648536223963,4,1648536223963,803,80,0,9,32300,0
DEVICE,1648536223796,1648536223995,4,1648536223995,790,79,0,9,32300,0
DEVICE,1648536223891,1648536224090,4,1648536224090,806,80,0,9,32300,0
DEVICE,1648536223829,1648536224028,4,1648536224028,796,79,0,9,32300,0
DEVICE,1648536223860,1648536224059,4,1648536224059,794,79,0,9,32300,0
DEVICE,1648536223924,1648536224123,4,1648536224123,777,77,0,9,32300,0
DEVICE,1648536223956,1648536224155,4,1648536224155,789,78,0,9,32300,0
DEVICE,1648536223988,1648536224187,4,1648536224187,790,79,0,9,32300,0
DEVICE,1648536224020,1648536224219,4,1648536224219,793,79,0,9,32300,0
DEVICE,1648536224052,1648536224251,4,1648536224251,799,79,0,9,32300,0
DEVICE,1648536224084,1648536224283,4,1648536224283,786,78,0,9,32300,0
DEVICE,1648536224116,1648536224315,4,1648536224315,793,79,0,9,32300,0
DEVICE,1648536224148,1648536224347,4,1648536224347,776,77,0,9,32300,0
DEVICE,1648536224180,1648536224379,4,1648536224379,802,80,0,9,32300,0
DEVICE,1648536224212,1648536224411,4,1648536224411,795,79,0,9,32300,0
DEVICE,1648536224244,1648536224443,4,1648536224443,787,78,0,9,32300,0
DEVICE,1648536224275,1648536224474,4,1648536224474,785,78,0,9,32300,0
DEVICE,1648536224307,1648536224506,4,1648536224506,801,80,0,9,32187,0
DEVICE,1648536224339,1648536224538,4,1648536224538,777,77,0,9,32187,0
DEVICE,1648536224356,1648536224555,4,1648536224555,791,79,0,9,32187,0
DEVICE,1648536224389,1648536224588,4,1648536224588,792,79,0,9,32187,0
DEVICE,1648536224435,1648536224634,4,1648536224634,798,79,0,9,32187,0
DEVICE,1648536224452,1648536224651,4,1648536224651,785,78,0,9,32187,0
DEVICE,1648536224483,1648536224682,4,1648536224682,795,79,0,9,32187,0
DEVICE,1648536224516,1648536224715,4,1648536224715,797,79,0,9,32187,0
DEVICE,1648536224547,1648536224746,4,1648536224746,794,79,0,9,32187,0
DEVICE,1648536224580,1648536224779,4,1648536224779,799,79,0,9,32187,0
DEVICE,1648536224611,1648536224810,4,1648536224810,793,79,0,9,32187,0
DEVICE,1648536224643,1648536224842,4,1648536224842,790,79,0,9,32187,0
DEVICE,1648536224675,1648536224874,4,1648536224874,813,81,0,9,32187,0
DEVICE,1648536224707,1648536224906,4,1648536224906,794,79,0,9,32187,0
DEVICE,1648536224739,1648536224938,4,1648536224938,771,77,0,9,32187,0
DEVICE,1648536224772,1648536224971,4,1648536224971,796,79,0,9,32187,0
DEVICE,1648536224804,1648536225003,4,1648536225003,797,79,0,9,32187,0
DEVICE,1648536224836,1648536225035,4,1648536225035,801,80,0,9,32187,0
DEVICE,1648536224868,1648536225067,4,1648536225067,791,79,0,9,32187,0
DEVICE,1648536224899,1648536225098,4,1648536225098,788,78,0,9,32187,0
DEVICE,1648536224931,1648536225130,4,1648536225130,790,79,0,9,32187,0
DEVICE,1648536224963,1648536225162,4,1648536225162,795,79,0,9,32187,0
DEVICE,1648536224995,1648536225194,4,1648536225194,799,79,0,9,32187,0
DEVICE,1648536225027,1648536225226,4,1648536225226,782,78,0,9,32187,0
DEVICE,1648536225059,1648536225258,4,1648536225258,796,79,0,9,32187,0
DEVICE,1648536225091,1648536225290,4,1648536225290,813,81,0,9,32187,0
DEVICE,1648536225123,1648536225322,4,1648536225322,784,78,0,9,32187,0
DEVICE,1648536225155,1648536225354,4,1648536225354,795,79,0,9,32187,0
DEVICE,1648536225187,1648536225386,4,1648536225386,799,79,0,9,32187,0
DEVICE,1648536225219,1648536225418,4,1648536225418,811,81,0,9,32187,0
DEVICE,1648536225251,1648536225450,4,1648536225450,802,80,0,9,32187,0
DEVICE,1648536225283,1648536225482,4,1648536225482,796,79,0,9,32187,0
DEVICE,1648536225315,1648536225514,4,1648536225514,787,78,0,9,32187,0
DEVICE,1648536225347,1648536225546,4,1648536225546,785,78,0,9,32187,0
DEVICE,1648536225379,1648536225578,4,1648536225578,798,79,0,9,32187,0
DEVICE,1648536225411,1648536225610,4,1648536225610,795,79,0,9,32187,0
DEVICE,1648536225443,1648536225642,4,1648536225642,779,77,0,9,32187,0
DEVICE,1648536225475,1648536225674,4,1648536225674,784,78,0,9,32187,0
DEVICE,1648536225507,1648536225706,4,1648536225706,789,78,0,9,32187,0
DEVICE,1648536225540,1648536225739,4,1648536225739,789,78,0,9,32187,0
DEVICE,1648536225571,1648536225770,4,1648536225770,796,79,0,9,32187,0
DEVICE,1648536225603,1648536225802,4,1648536225802,793,79,0,9,32187,0
DEVICE,1648536225635,1648536225834,4,1648536225834,790,79,0,9,32187,0
DEVICE,1648536225668,1648536225867,4,1648536225867,783,78,0,9,32187,0
DEVICE,1648536225699,1648536225898,4,1648536225898,792,79,0,9,32187,0
DEVICE,1648536225732,1648536225931,4,1648536225931,800,80,0,9,32187,0
DEVICE,1648536225764,1648536225963,4,1648536225963,792,79,0,9,32187,0
DEVICE,1648536225795,1648536225994,4,1648536225994,799,79,0,9,32187,0
DEVICE,1648536225827,1648536226026,4,1648536226026,796,79,0,9,32187,0
DEVICE,1648536225859,1648536226058,4,1648536226058,825,82,0,9,32187,0
DEVICE,1648536225891,1648536226090,4,1648536226090,795,79,0,9,32187,0
DEVICE,1648536225923,1648536226122,4,1648536226122,808,80,0,9,32187,0
DEVICE,1648536225955,1648536226154,4,1648536226154,803,80,0,9,32187,0
