DeviceName,PTPTime,UnixTime,protocool,CurrentDeviceTime,DistanceMM,DistanceCM,Weight,Count,DistanceADC,WeightADC,DeviceName(Current)
DEVICE,1648195732572,1648195734066,4,1648195734066,55,5,10,0,0,0,ELT003#
DEVICE,1648195732604,1648195734098,4,1648195734098,54,5,10,0,0,0,ELT003#
DEVICE,1648195732636,1648195734130,4,1648195734130,54,5,10,0,0,0,ELT003#
DEVICE,1648195732668,1648195734162,4,1648195734162,51,5,10,0,0,0,ELT003#
DEVICE,1648195732700,1648195734194,4,1648195734194,54,5,10,0,0,0,ELT003#
DEVICE,1648195732732,1648195734226,4,1648195734226,53,5,10,0,0,0,ELT003#
DEVICE,1648195732764,1648195734258,4,1648195734258,52,5,10,0,0,0,ELT003#
DEVICE,1648195732796,1648195734290,4,1648195734290,53,5,10,0,0,0,ELT003#
DEVICE,1648195732828,1648195734322,4,1648195734322,52,5,10,0,0,0,ELT003#
DEVICE,1648195732860,1648195734354,4,1648195734354,52,5,10,0,0,0,ELT003#
DEVICE,1648195732892,1648195734386,4,1648195734386,53,5,10,0,0,0,ELT003#
DEVICE,1648195732924,1648195734418,4,1648195734418,53,5,10,0,0,0,ELT003#
DEVICE,1648195732956,1648195734450,4,1648195734450,52,5,10,0,0,0,ELT003#
DEVICE,1648195732988,1648195734482,4,1648195734482,52,5,10,0,0,0,ELT003#
DEVICE,1648195733005,1648195734499,4,1648195734499,53,5,10,0,0,0,ELT003#
DEVICE,1648195733036,1648195734530,4,1648195734530,52,5,10,0,0,0,ELT003#
DEVICE,1648195733068,1648195734562,4,1648195734562,51,5,10,0,0,0,ELT003#
DEVICE,1648195733100,1648195734594,4,1648195734594,52,5,10,0,0,0,ELT003#
DEVICE,1648195733132,1648195734626,4,1648195734626,52,5,10,0,0,0,ELT003#
DEVICE,1648195733164,1648195734658,4,1648195734658,53,5,10,0,0,0,ELT003#
DEVICE,1648195733196,1648195734690,4,1648195734690,54,5,10,0,0,0,ELT003#
DEVICE,1648195733228,1648195734722,4,1648195734722,53,5,10,0,0,0,ELT003#
DEVICE,1648195733260,1648195734754,4,1648195734754,52,5,10,0,0,0,ELT003#
DEVICE,1648195733292,1648195734786,4,1648195734786,53,5,10,0,0,0,ELT003#
DEVICE,1648195733324,1648195734818,4,1648195734818,55,5,10,0,0,0,ELT003#
DEVICE,1648195733356,1648195734850,4,1648195734850,53,5,10,0,0,0,ELT003#
DEVICE,1648195733388,1648195734882,4,1648195734882,51,5,10,0,0,0,ELT003#
DEVICE,1648195733420,1648195734914,4,1648195734914,53,5,10,0,0,0,ELT003#
DEVICE,1648195733452,1648195734946,4,1648195734946,52,5,10,0,0,0,ELT003#
DEVICE,1648195733484,1648195734978,4,1648195734978,53,5,10,0,0,0,ELT003#
DEVICE,1648195733516,1648195735010,4,1648195735010,55,5,10,0,0,0,ELT003#
DEVICE,1648195733548,1648195735042,4,1648195735042,54,5,10,0,0,0,ELT003#
DEVICE,1648195733580,1648195735074,4,1648195735074,53,5,10,0,0,0,ELT003#
DEVICE,1648195733612,1648195735106,4,1648195735106,58,5,10,0,0,0,ELT003#
DEVICE,1648195733644,1648195735138,4,1648195735138,52,5,10,0,0,0,ELT003#
DEVICE,1648195733676,1648195735170,4,1648195735170,53,5,10,0,0,0,ELT003#
DEVICE,1648195733707,1648195735201,4,1648195735201,53,5,10,0,0,0,ELT003#
DEVICE,1648195733740,1648195735234,4,1648195735234,52,5,10,0,0,0,ELT003#
DEVICE,1648195733772,1648195735266,4,1648195735266,52,5,10,0,0,0,ELT003#
DEVICE,1648195733804,1648195735298,4,1648195735298,52,5,10,0,0,0,ELT003#
DEVICE,1648195733836,1648195735330,4,1648195735330,52,5,10,0,0,0,ELT003#
DEVICE,1648195733868,1648195735362,4,1648195735362,54,5,10,0,0,0,ELT003#
DEVICE,1648195733899,1648195735393,4,1648195735393,51,5,10,0,0,0,ELT003#
DEVICE,1648195733931,1648195735425,4,1648195735425,53,5,10,0,0,0,ELT003#
DEVICE,1648195733963,1648195735457,4,1648195735457,53,5,10,0,0,0,ELT003#
DEVICE,1648195733995,1648195735489,4,1648195735489,54,5,10,0,0,0,ELT003#
DEVICE,1648195734027,1648195735521,4,1648195735521,54,5,10,0,0,0,ELT003#
DEVICE,1648195734059,1648195735553,4,1648195735553,52,5,10,0,0,0,ELT003#
DEVICE,1648195734091,1648195735585,4,1648195735585,54,5,10,0,0,0,ELT003#
DEVICE,1648195734123,1648195735617,4,1648195735617,51,5,10,0,0,0,ELT003#
DEVICE,1648195734155,1648195735649,4,1648195735649,50,5,10,0,0,0,ELT003#
DEVICE,1648195734187,1648195735681,4,1648195735681,56,5,10,0,0,0,ELT003#
DEVICE,1648195734219,1648195735713,4,1648195735713,53,5,10,0,0,0,ELT003#
DEVICE,1648195734251,1648195735745,4,1648195735745,52,5,10,0,0,0,ELT003#
DEVICE,1648195734283,1648195735777,4,1648195735777,54,5,10,0,0,0,ELT003#
DEVICE,1648195734315,1648195735809,4,1648195735809,55,5,10,0,0,0,ELT003#
DEVICE,1648195734347,1648195735841,4,1648195735841,51,5,10,0,0,0,ELT003#
DEVICE,1648195734379,1648195735873,4,1648195735873,52,5,10,0,0,0,ELT003#
DEVICE,1648195734411,1648195735905,4,1648195735905,52,5,10,0,0,0,ELT003#
DEVICE,1648195734443,1648195735937,4,1648195735937,54,5,10,0,0,0,ELT003#
DEVICE,1648195734476,1648195735970,4,1648195735970,52,5,10,0,0,0,ELT003#
DEVICE,1648195734507,1648195736001,4,1648195736001,50,5,10,0,0,0,ELT003#
DEVICE,1648195734539,1648195736033,4,1648195736033,54,5,10,0,0,0,ELT003#
DEVICE,1648195734571,1648195736065,4,1648195736065,56,5,10,0,0,0,ELT003#
DEVICE,1648195734603,1648195736097,4,1648195736097,53,5,10,0,0,0,ELT003#
DEVICE,1648195734635,1648195736129,4,1648195736129,53,5,10,0,0,0,ELT003#
DEVICE,1648195734667,1648195736161,4,1648195736161,53,5,10,0,0,0,ELT003#
DEVICE,1648195734699,1648195736193,4,1648195736193,56,5,10,0,0,0,ELT003#
DEVICE,1648195734731,1648195736225,4,1648195736225,52,5,10,0,0,0,ELT003#
DEVICE,1648195734763,1648195736257,4,1648195736257,55,5,10,0,0,0,ELT003#
DEVICE,1648195734779,1648195736273,4,1648195736273,53,5,10,0,0,0,ELT003#
DEVICE,1648195734811,1648195736305,4,1648195736305,55,5,10,0,0,0,ELT003#
DEVICE,1648195734843,1648195736337,4,1648195736337,53,5,10,0,0,0,ELT003#
DEVICE,1648195734875,1648195736369,4,1648195736369,54,5,10,0,0,0,ELT003#
DEVICE,1648195734907,1648195736401,4,1648195736401,55,5,10,0,0,0,ELT003#
DEVICE,1648195734939,1648195736433,4,1648195736433,52,5,10,0,0,0,ELT003#
DEVICE,1648195734971,1648195736465,4,1648195736465,54,5,10,0,0,0,ELT003#
DEVICE,1648195735003,1648195736497,4,1648195736497,54,5,10,0,0,0,ELT003#
DEVICE,1648195735035,1648195736529,4,1648195736529,52,5,10,0,0,0,ELT003#
DEVICE,1648195735067,1648195736561,4,1648195736561,53,5,10,0,0,0,ELT003#
DEVICE,1648195735099,1648195736593,4,1648195736593,52,5,10,0,0,0,ELT003#
DEVICE,1648195735131,1648195736625,4,1648195736625,51,5,10,0,0,0,ELT003#
DEVICE,1648195735163,1648195736657,4,1648195736657,54,5,10,0,0,0,ELT003#
DEVICE,1648195735195,1648195736689,4,1648195736689,50,5,10,0,0,0,ELT003#
DEVICE,1648195735227,1648195736721,4,1648195736721,51,5,10,0,0,0,ELT003#
DEVICE,1648195735259,1648195736753,4,1648195736753,54,5,10,0,0,0,ELT003#
DEVICE,1648195735291,1648195736785,4,1648195736785,52,5,10,0,0,0,ELT003#
DEVICE,1648195735323,1648195736817,4,1648195736817,55,5,10,0,0,0,ELT003#
DEVICE,1648195735355,1648195736849,4,1648195736849,54,5,10,0,0,0,ELT003#
DEVICE,1648195735387,1648195736881,4,1648195736881,54,5,10,0,0,0,ELT003#
DEVICE,1648195735419,1648195736913,4,1648195736913,55,5,10,0,0,0,ELT003#
DEVICE,1648195735451,1648195736945,4,1648195736945,53,5,10,0,0,0,ELT003#
DEVICE,1648195735483,1648195736977,4,1648195736977,53,5,10,0,0,0,ELT003#
DEVICE,1648195735515,1648195737009,4,1648195737009,54,5,10,0,0,0,ELT003#
DEVICE,1648195735547,1648195737041,4,1648195737041,56,5,10,0,0,0,ELT003#
DEVICE,1648195735578,1648195737072,4,1648195737072,54,5,10,0,0,0,ELT003#
DEVICE,1648195735611,1648195737105,4,1648195737105,53,5,10,0,0,0,ELT003#
DEVICE,1648195735643,1648195737137,4,1648195737137,55,5,10,0,0,0,ELT003#
DEVICE,1648195735675,1648195737169,4,1648195737169,54,5,10,0,0,0,ELT003#
DEVICE,1648195735707,1648195737201,4,1648195737201,53,5,10,0,0,0,ELT003#
DEVICE,1648195735739,1648195737233,4,1648195737233,52,5,10,0,0,0,ELT003#
DEVICE,1648195735771,1648195737265,4,1648195737265,53,5,10,0,0,0,ELT003#
DEVICE,1648195735803,1648195737297,4,1648195737297,54,5,10,0,0,0,ELT003#
DEVICE,1648195735835,1648195737329,4,1648195737329,54,5,10,0,0,0,ELT003#
DEVICE,1648195735867,1648195737361,4,1648195737361,50,5,10,0,0,0,ELT003#
DEVICE,1648195735899,1648195737393,4,1648195737393,51,5,10,0,0,0,ELT003#
DEVICE,1648195735930,1648195737424,4,1648195737424,55,5,10,0,0,0,ELT003#
DEVICE,1648195735962,1648195737456,4,1648195737456,53,5,10,0,0,0,ELT003#
DEVICE,1648195735995,1648195737489,4,1648195737489,54,5,10,0,0,0,ELT003#
DEVICE,1648195736026,1648195737520,4,1648195737520,54,5,10,0,0,0,ELT003#
DEVICE,1648195736058,1648195737552,4,1648195737552,55,5,10,0,0,0,ELT003#
DEVICE,1648195736090,1648195737584,4,1648195737584,53,5,10,0,0,0,ELT003#
DEVICE,1648195736122,1648195737616,4,1648195737616,53,5,10,0,0,0,ELT003#
DEVICE,1648195736154,1648195737648,4,1648195737648,53,5,10,0,0,0,ELT003#
DEVICE,1648195736186,1648195737680,4,1648195737680,52,5,10,0,0,0,ELT003#
DEVICE,1648195736218,1648195737712,4,1648195737712,53,5,10,0,0,0,ELT003#
DEVICE,1648195736250,1648195737744,4,1648195737744,56,5,10,0,0,0,ELT003#
DEVICE,1648195736282,1648195737776,4,1648195737776,55,5,10,0,0,0,ELT003#
DEVICE,1648195736314,1648195737808,4,1648195737808,52,5,10,0,0,0,ELT003#
