DeviceName,PTPTime,UnixTime,protocool,CurrentDeviceTime,DistanceMM,DistanceCM,Weight,Count,DistanceADC,WeightADC,DeviceName(Current)
DEVICE,1648113349085,1648113349655,4,1648113349655,48,4,0,0,0,0
DEVICE,1648113349117,1648113349687,4,1648113349687,46,4,5,0,0,0
DEVICE,1648113349149,1648113349719,4,1648113349719,48,4,5,0,0,0
DEVICE,1648113349181,1648113349751,4,1648113349751,50,5,5,0,0,0
DEVICE,1648113349213,1648113349783,4,1648113349783,49,4,5,0,0,0
DEVICE,1648113349245,1648113349815,4,1648113349815,47,4,5,0,0,0
DEVICE,1648113349277,1648113349847,4,1648113349847,45,4,5,0,0,0
DEVICE,1648113349309,1648113349879,4,1648113349879,48,4,5,0,0,0
DEVICE,1648113349341,1648113349911,4,1648113349911,50,5,5,0,0,-835
DEVICE,1648113349373,1648113349943,4,1648113349943,49,4,5,0,0,-3341
DEVICE,1648113349405,1648113349975,4,1648113349975,47,4,5,0,0,-7520
DEVICE,1648113349437,1648113350007,4,1648113350007,44,4,5,0,0,-12539
DEVICE,1648113349469,1648113350039,4,1648113350039,47,4,5,0,0,-17560
DEVICE,1648113349500,1648113350070,4,1648113350070,49,4,5,0,0,-22581
DEVICE,1648113349533,1648113350103,4,1648113350103,49,4,5,0,0,-27602
DEVICE,1648113349565,1648113350135,4,1648113350135,45,4,5,0,0,-32622
DEVICE,1648113349597,1648113350167,4,1648113350167,48,4,5,0,0,28730
DEVICE,1648113349629,1648113350199,4,1648113350199,48,4,5,0,0,26222
DEVICE,1648113349661,1648113350231,4,1648113350231,47,4,5,0,0,25386
DEVICE,1648113349692,1648113350262,4,1648113350262,50,5,5,0,0,25386
DEVICE,1648113349725,1648113350295,4,1648113350295,49,4,5,0,0,25384
DEVICE,1648113349757,1648113350327,4,1648113350327,50,5,5,0,0,25380
DEVICE,1648113349788,1648113350358,4,1648113350358,47,4,5,0,0,25376
DEVICE,1648113349821,1648113350391,4,1648113350391,47,4,5,0,0,25374
DEVICE,1648113349852,1648113350422,4,1648113350422,49,4,5,0,0,25374
DEVICE,1648113349884,1648113350454,4,1648113350454,47,4,5,0,0,25372
DEVICE,1648113349917,1648113350487,4,1648113350487,48,4,5,0,0,25366
DEVICE,1648113349948,1648113350518,4,1648113350518,48,4,5,0,0,25357
DEVICE,1648113349981,1648113350551,4,1648113350551,50,5,5,0,0,25351
DEVICE,1648113350013,1648113350583,4,1648113350583,50,5,5,0,0,25347
DEVICE,1648113350045,1648113350615,4,1648113350615,51,5,5,0,0,25343
DEVICE,1648113350077,1648113350647,4,1648113350647,51,5,5,0,0,25339
DEVICE,1648113350108,1648113350678,4,1648113350678,46,4,5,0,0,25336
DEVICE,1648113350140,1648113350710,4,1648113350710,50,5,5,0,0,25336
DEVICE,1648113350172,1648113350742,4,1648113350742,50,5,5,0,0,25336
DEVICE,1648113350204,1648113350774,4,1648113350774,52,5,5,0,0,25336
DEVICE,1648113350237,1648113350807,4,1648113350807,47,4,5,0,0,25336
DEVICE,1648113350268,1648113350838,4,1648113350838,49,4,5,0,0,25339
DEVICE,1648113350300,1648113350870,4,1648113350870,50,5,5,0,0,25343
DEVICE,1648113350334,1648113350904,4,1648113350904,49,4,5,0,0,25349
DEVICE,1648113350364,1648113350934,4,1648113350934,47,4,5,0,0,25355
DEVICE,1648113350396,1648113350966,4,1648113350966,47,4,5,0,0,25359
DEVICE,1648113350428,1648113350998,4,1648113350998,49,4,5,0,0,25361
DEVICE,1648113350459,1648113351029,4,1648113351029,47,4,5,0,0,25361
DEVICE,1648113350491,1648113351061,4,1648113351061,47,4,5,0,0,25361
DEVICE,1648113350524,1648113351094,4,1648113351094,50,5,5,0,0,25361
DEVICE,1648113350556,1648113351126,4,1648113351126,47,4,5,0,0,25361
DEVICE,1648113350588,1648113351158,4,1648113351158,50,5,5,0,0,25361
DEVICE,1648113350620,1648113351190,4,1648113351190,50,5,5,0,0,25364
DEVICE,1648113350652,1648113351222,4,1648113351222,46,4,5,0,0,25368
DEVICE,1648113350684,1648113351254,4,1648113351254,49,4,5,0,0,25372
DEVICE,1648113350717,1648113351287,4,1648113351287,50,5,5,0,0,25376
DEVICE,1648113350748,1648113351318,4,1648113351318,48,4,5,0,0,25378
DEVICE,1648113350780,1648113351350,4,1648113351350,48,4,5,0,0,25380
DEVICE,1648113350811,1648113351381,4,1648113351381,48,4,5,0,0,25382
DEVICE,1648113350843,1648113351413,4,1648113351413,49,4,5,0,0,25384
DEVICE,1648113350875,1648113351445,4,1648113351445,47,4,5,0,0,25384
DEVICE,1648113350907,1648113351477,4,1648113351477,49,4,5,0,0,25384
DEVICE,1648113350939,1648113351509,4,1648113351509,51,5,5,0,0,25380
DEVICE,1648113350971,1648113351541,4,1648113351541,49,4,5,0,0,25374
DEVICE,1648113351004,1648113351574,4,1648113351574,50,5,5,0,0,25366
DEVICE,1648113351036,1648113351606,4,1648113351606,48,4,5,0,0,25357
DEVICE,1648113351068,1648113351638,4,1648113351638,53,5,5,0,0,25349
DEVICE,1648113351100,1648113351670,4,1648113351670,47,4,5,0,0,25345
DEVICE,1648113351131,1648113351701,4,1648113351701,49,4,5,0,0,25343
DEVICE,1648113351163,1648113351733,4,1648113351733,49,4,5,0,0,25343
DEVICE,1648113351195,1648113351765,4,1648113351765,47,4,5,0,0,25343
DEVICE,1648113351227,1648113351797,4,1648113351797,50,5,5,0,0,25345
DEVICE,1648113351259,1648113351829,4,1648113351829,49,4,5,0,0,25349
DEVICE,1648113351291,1648113351861,4,1648113351861,48,4,5,0,0,25357
DEVICE,1648113351323,1648113351893,4,1648113351893,50,5,5,0,0,25366
DEVICE,1648113351355,1648113351925,4,1648113351925,49,4,5,0,0,25372
DEVICE,1648113351388,1648113351958,4,1648113351958,52,5,5,0,0,25374
DEVICE,1648113351420,1648113351990,4,1648113351990,49,4,5,0,0,25374
DEVICE,1648113351451,1648113352021,4,1648113352021,50,5,5,0,0,25374
DEVICE,1648113351483,1648113352053,4,1648113352053,49,4,5,0,0,25374
DEVICE,1648113351515,1648113352085,4,1648113352085,47,4,5,0,0,25372
DEVICE,1648113351547,1648113352117,4,1648113352117,49,4,5,0,0,25368
DEVICE,1648113351579,1648113352149,4,1648113352149,50,5,5,0,0,25364
DEVICE,1648113351611,1648113352181,4,1648113352181,50,5,5,0,0,25361
DEVICE,1648113351643,1648113352213,4,1648113352213,52,5,5,0,0,25359
DEVICE,1648113351674,1648113352244,4,1648113352244,49,4,5,0,0,25355
DEVICE,1648113351707,1648113352277,4,1648113352277,49,4,5,0,0,25351
DEVICE,1648113351739,1648113352309,4,1648113352309,51,5,5,0,0,25349
DEVICE,1648113351771,1648113352341,4,1648113352341,49,4,5,0,0,25349
DEVICE,1648113351803,1648113352373,4,1648113352373,53,5,5,0,0,25349
DEVICE,1648113351835,1648113352405,4,1648113352405,48,4,5,0,0,25347
DEVICE,1648113351867,1648113352437,4,1648113352437,49,4,5,0,0,25343
DEVICE,1648113351899,1648113352469,4,1648113352469,52,5,5,0,0,25339
DEVICE,1648113351931,1648113352501,4,1648113352501,48,4,5,0,0,25336
DEVICE,1648113351963,1648113352533,4,1648113352533,48,4,5,0,0,25336
DEVICE,1648113351994,1648113352564,4,1648113352564,50,5,5,0,0,25336
DEVICE,1648113352026,1648113352596,4,1648113352596,49,4,5,0,0,25336
DEVICE,1648113352058,1648113352628,4,1648113352628,50,5,5,0,0,25336
DEVICE,1648113352090,1648113352660,4,1648113352660,49,4,5,0,0,25336
DEVICE,1648113352121,1648113352691,4,1648113352691,49,4,5,0,0,25336
DEVICE,1648113352155,1648113352725,4,1648113352725,49,4,5,0,0,25336
DEVICE,1648113352186,1648113352756,4,1648113352756,50,5,5,0,0,25336
DEVICE,1648113352218,1648113352788,4,1648113352788,51,5,5,0,0,25336
DEVICE,1648113352250,1648113352820,4,1648113352820,48,4,5,0,0,25336
DEVICE,1648113352282,1648113352852,4,1648113352852,50,5,5,0,0,25336
DEVICE,1648113352315,1648113352885,4,1648113352885,47,4,5,0,0,25336
DEVICE,1648113352346,1648113352916,4,1648113352916,49,4,5,0,0,25336
DEVICE,1648113352377,1648113352947,4,1648113352947,50,5,5,0,0,25336
DEVICE,1648113352396,1648113352966,4,1648113352966,49,4,5,0,0,25339
DEVICE,1648113352426,1648113352996,4,1648113352996,48,4,5,0,0,25343
DEVICE,1648113352473,1648113353043,4,1648113353043,50,5,5,0,0,25347
DEVICE,1648113352490,1648113353060,4,1648113353060,49,4,5,0,0,25349
DEVICE,1648113352521,1648113353091,4,1648113353091,49,4,5,0,0,25349
DEVICE,1648113352554,1648113353124,4,1648113353124,48,4,5,0,0,25351
DEVICE,1648113352586,1648113353156,4,1648113353156,48,4,5,0,0,25353
DEVICE,1648113352618,1648113353188,4,1648113353188,50,5,5,0,0,25355
DEVICE,1648113352650,1648113353220,4,1648113353220,51,5,5,0,0,25355
DEVICE,1648113352682,1648113353252,4,1648113353252,50,5,5,0,0,25355
DEVICE,1648113352715,1648113353285,4,1648113353285,50,5,5,0,0,25355
DEVICE,1648113352746,1648113353316,4,1648113353316,51,5,5,0,0,25353
DEVICE,1648113352777,1648113353347,4,1648113353347,46,4,5,0,0,25351
DEVICE,1648113352810,1648113353380,4,1648113353380,49,4,5,0,0,25349
DEVICE,1648113352841,1648113353411,4,1648113353411,48,4,5,0,0,25349
DEVICE,1648113352874,1648113353444,4,1648113353444,48,4,5,0,0,25349
DEVICE,1648113352906,1648113353476,4,1648113353476,49,4,5,0,0,25347
DEVICE,1648113352938,1648113353508,4,1648113353508,48,4,5,0,0,25345
DEVICE,1648113352970,1648113353540,4,1648113353540,51,5,5,0,0,25343
DEVICE,1648113353002,1648113353572,4,1648113353572,47,4,5,0,0,25343
DEVICE,1648113353034,1648113353604,4,1648113353604,50,5,5,0,0,25345
DEVICE,1648113353066,1648113353636,4,1648113353636,49,4,5,0,0,25347
DEVICE,1648113353098,1648113353668,4,1648113353668,50,5,5,0,0,25349
DEVICE,1648113353130,1648113353700,4,1648113353700,52,5,5,0,0,25351
DEVICE,1648113353162,1648113353732,4,1648113353732,51,5,5,0,0,25355
DEVICE,1648113353194,1648113353764,4,1648113353764,48,4,5,0,0,25359
DEVICE,1648113353225,1648113353795,4,1648113353795,48,4,5,0,0,25361
DEVICE,1648113353258,1648113353828,4,1648113353828,48,4,5,0,0,25361
DEVICE,1648113353289,1648113353859,4,1648113353859,49,4,5,0,0,25361
DEVICE,1648113353322,1648113353892,4,1648113353892,50,5,5,0,0,25361
DEVICE,1648113353354,1648113353924,4,1648113353924,49,4,5,0,0,25361
DEVICE,1648113353385,1648113353955,4,1648113353955,49,4,5,0,0,25364
DEVICE,1648113353417,1648113353987,4,1648113353987,48,4,5,0,0,25366
DEVICE,1648113353449,1648113354019,4,1648113354019,51,5,5,0,0,25368
DEVICE,1648113353481,1648113354051,4,1648113354051,47,4,5,0,0,25368
DEVICE,1648113353514,1648113354084,4,1648113354084,51,5,5,0,0,25368
DEVICE,1648113353545,1648113354115,4,1648113354115,49,4,5,0,0,25368
DEVICE,1648113353577,1648113354147,4,1648113354147,49,4,5,0,0,25368
DEVICE,1648113353610,1648113354180,4,1648113354180,50,5,5,0,0,25368
DEVICE,1648113353641,1648113354211,4,1648113354211,48,4,5,0,0,25370
DEVICE,1648113353673,1648113354243,4,1648113354243,49,4,5,0,0,25372
DEVICE,1648113353705,1648113354275,4,1648113354275,47,4,5,0,0,25374
DEVICE,1648113353738,1648113354308,4,1648113354308,48,4,5,0,0,25374
DEVICE,1648113353769,1648113354339,4,1648113354339,50,5,5,0,0,25374
DEVICE,1648113353801,1648113354371,4,1648113354371,49,4,5,0,0,25376
DEVICE,1648113353833,1648113354403,4,1648113354403,50,5,5,0,0,25380
DEVICE,1648113353865,1648113354435,4,1648113354435,49,4,5,0,0,25384
DEVICE,1648113353897,1648113354467,4,1648113354467,49,4,5,0,0,25386
DEVICE,1648113353929,1648113354499,4,1648113354499,47,4,5,0,0,25386
DEVICE,1648113353961,1648113354531,4,1648113354531,50,5,5,0,0,25386
DEVICE,1648113353993,1648113354563,4,1648113354563,50,5,5,0,0,25386
DEVICE,1648113354024,1648113354594,4,1648113354594,48,4,5,0,0,25386
DEVICE,1648113354057,1648113354627,4,1648113354627,52,5,5,0,0,25386
DEVICE,1648113354089,1648113354659,4,1648113354659,49,4,5,0,0,25384
DEVICE,1648113354121,1648113354691,4,1648113354691,47,4,5,0,0,25380
DEVICE,1648113354153,1648113354723,4,1648113354723,48,4,5,0,0,25376
DEVICE,1648113354184,1648113354754,4,1648113354754,51,5,5,0,0,25372
DEVICE,1648113354217,1648113354787,4,1648113354787,53,5,5,0,0,25368
DEVICE,1648113354249,1648113354819,4,1648113354819,48,4,5,0,0,25364
DEVICE,1648113354281,1648113354851,4,1648113354851,48,4,5,0,0,25361
DEVICE,1648113354312,1648113354882,4,1648113354882,47,4,5,0,0,25361
DEVICE,1648113354345,1648113354915,4,1648113354915,50,5,5,0,0,25361
DEVICE,1648113354376,1648113354946,4,1648113354946,49,4,5,0,0,25361
DEVICE,1648113354408,1648113354978,4,1648113354978,52,5,5,0,0,25364
DEVICE,1648113354440,1648113355010,4,1648113355010,50,5,5,0,0,25368
DEVICE,1648113354472,1648113355042,4,1648113355042,49,4,5,0,0,25372
DEVICE,1648113354504,1648113355074,4,1648113355074,50,5,5,0,0,25374
DEVICE,1648113354536,1648113355106,4,1648113355106,52,5,5,0,0,25374
DEVICE,1648113354568,1648113355138,4,1648113355138,53,5,5,0,0,25374
DEVICE,1648113354601,1648113355171,4,1648113355171,48,4,5,0,0,25374
DEVICE,1648113354632,1648113355202,4,1648113355202,50,5,5,0,0,25374
DEVICE,1648113354664,1648113355234,4,1648113355234,47,4,5,0,0,25374
DEVICE,1648113354696,1648113355266,4,1648113355266,51,5,5,0,0,25372
DEVICE,1648113354728,1648113355298,4,1648113355298,52,5,5,0,0,25368
DEVICE,1648113354760,1648113355330,4,1648113355330,49,4,5,0,0,25364
DEVICE,1648113354792,1648113355362,4,1648113355362,49,4,5,0,0,25361
DEVICE,1648113354824,1648113355394,4,1648113355394,50,5,5,0,0,25361
DEVICE,1648113354856,1648113355426,4,1648113355426,49,4,5,0,0,25361
DEVICE,1648113354888,1648113355458,4,1648113355458,48,4,5,0,0,25361
DEVICE,1648113354920,1648113355490,4,1648113355490,51,5,5,0,0,25361
DEVICE,1648113354952,1648113355522,4,1648113355522,52,5,5,0,0,25364
DEVICE,1648113354985,1648113355555,4,1648113355555,50,5,5,0,0,25368
DEVICE,1648113355016,1648113355586,4,1648113355586,47,4,5,0,0,25372
DEVICE,1648113355048,1648113355618,4,1648113355618,50,5,5,0,0,25372
DEVICE,1648113355080,1648113355650,4,1648113355650,50,5,5,0,0,25372
DEVICE,1648113355111,1648113355681,4,1648113355681,51,5,5,0,0,25370
DEVICE,1648113355144,1648113355714,4,1648113355714,50,5,5,0,0,25368
DEVICE,1648113355176,1648113355746,4,1648113355746,51,5,5,0,0,25366
DEVICE,1648113355208,1648113355778,4,1648113355778,48,4,5,0,0,25364
DEVICE,1648113355240,1648113355810,4,1648113355810,48,4,5,0,0,25359
DEVICE,1648113355272,1648113355842,4,1648113355842,49,4,5,0,0,25355
DEVICE,1648113355304,1648113355874,4,1648113355874,48,4,5,0,0,25351
DEVICE,1648113355336,1648113355906,4,1648113355906,53,5,5,0,0,25349
DEVICE,1648113355368,1648113355938,4,1648113355938,48,4,5,0,0,25349
DEVICE,1648113355399,1648113355969,4,1648113355969,50,5,5,0,0,25349
DEVICE,1648113355432,1648113356002,4,1648113356002,52,5,5,0,0,25349
DEVICE,1648113355464,1648113356034,4,1648113356034,51,5,5,0,0,25351
DEVICE,1648113355496,1648113356066,4,1648113356066,53,5,5,0,0,25357
DEVICE,1648113355527,1648113356097,4,1648113356097,48,4,5,0,0,25366
DEVICE,1648113355559,1648113356129,4,1648113356129,48,4,5,0,0,25372
DEVICE,1648113355591,1648113356161,4,1648113356161,47,4,5,0,0,25376
DEVICE,1648113355623,1648113356193,4,1648113356193,49,4,5,0,0,25380
DEVICE,1648113355655,1648113356225,4,1648113356225,49,4,5,0,0,25384
DEVICE,1648113355687,1648113356257,4,1648113356257,49,4,5,0,0,25386
DEVICE,1648113355718,1648113356288,4,1648113356288,47,4,5,0,0,25386
DEVICE,1648113355751,1648113356321,4,1648113356321,48,4,5,0,0,25386
DEVICE,1648113355783,1648113356353,4,1648113356353,50,5,5,0,0,25384
DEVICE,1648113355815,1648113356385,4,1648113356385,47,4,5,0,0,25378
DEVICE,1648113355847,1648113356417,4,1648113356417,52,5,5,0,0,25372
DEVICE,1648113355879,1648113356449,4,1648113356449,49,4,5,0,0,25368
DEVICE,1648113355910,1648113356480,4,1648113356480,49,4,5,0,0,25368
DEVICE,1648113355934,1648113356504,4,1648113356504,50,5,5,0,0,25368
DEVICE,1648113355965,1648113356535,4,1648113356535,51,5,5,0,0,25368
DEVICE,1648113355994,1648113356564,4,1648113356564,51,5,5,0,0,25370
DEVICE,1648113356023,1648113356593,4,1648113356593,49,4,5,0,0,25374
DEVICE,1648113356055,1648113356625,4,1648113356625,49,4,5,0,0,25382
DEVICE,1648113356087,1648113356657,4,1648113356657,49,4,5,0,0,25391
DEVICE,1648113356119,1648113356689,4,1648113356689,51,5,5,0,0,25397
DEVICE,1648113356151,1648113356721,4,1648113356721,53,5,5,0,0,25399
DEVICE,1648113356183,1648113356753,4,1648113356753,53,5,5,0,0,25399
DEVICE,1648113356216,1648113356786,4,1648113356786,48,4,5,0,0,25399
DEVICE,1648113356247,1648113356817,4,1648113356817,49,4,5,0,0,25399
DEVICE,1648113356279,1648113356849,4,1648113356849,52,5,5,0,0,25397
DEVICE,1648113356311,1648113356881,4,1648113356881,49,4,5,0,0,25393
DEVICE,1648113356343,1648113356913,4,1648113356913,51,5,5,0,0,25389
DEVICE,1648113356375,1648113356945,4,1648113356945,49,4,5,0,0,25386
DEVICE,1648113356407,1648113356977,4,1648113356977,50,5,5,0,0,25384
DEVICE,1648113356439,1648113357009,4,1648113357009,49,4,5,0,0,25380
DEVICE,1648113356471,1648113357041,4,1648113357041,50,5,5,0,0,25376
DEVICE,1648113356503,1648113357073,4,1648113357073,52,5,5,0,0,25374
DEVICE,1648113356535,1648113357105,4,1648113357105,48,4,5,0,0,25374
DEVICE,1648113356567,1648113357137,4,1648113357137,50,5,5,0,0,25374
DEVICE,1648113356598,1648113357168,4,1648113357168,52,5,5,0,0,25374
DEVICE,1648113356631,1648113357201,4,1648113357201,50,5,5,0,0,25374
DEVICE,1648113356663,1648113357233,4,1648113357233,49,4,5,0,0,25372
DEVICE,1648113356695,1648113357265,4,1648113357265,51,5,5,0,0,25368
DEVICE,1648113356726,1648113357296,4,1648113357296,52,5,5,0,0,25364
DEVICE,1648113356758,1648113357328,4,1648113357328,53,5,5,0,0,25361
DEVICE,1648113356791,1648113357361,4,1648113357361,49,4,5,0,0,25359
DEVICE,1648113356823,1648113357393,4,1648113357393,50,5,5,0,0,25355
DEVICE,1648113356854,1648113357424,4,1648113357424,52,5,5,0,0,25351
DEVICE,1648113356886,1648113357456,4,1648113357456,52,5,5,0,0,25349
DEVICE,1648113356919,1648113357489,4,1648113357489,51,5,5,0,0,25347
DEVICE,1648113356951,1648113357521,4,1648113357521,49,4,5,0,0,25343
DEVICE,1648113356984,1648113357554,4,1648113357554,50,5,5,0,0,25339
DEVICE,1648113357015,1648113357585,4,1648113357585,50,5,5,0,0,25336
DEVICE,1648113357046,1648113357616,4,1648113357616,52,5,5,0,0,25336
DEVICE,1648113357078,1648113357648,4,1648113357648,49,4,5,0,0,25336
DEVICE,1648113357111,1648113357681,4,1648113357681,50,5,5,0,0,25336
DEVICE,1648113357143,1648113357713,4,1648113357713,48,4,5,0,0,25339
DEVICE,1648113357175,1648113357745,4,1648113357745,53,5,5,0,0,25343
DEVICE,1648113357206,1648113357776,4,1648113357776,51,5,5,0,0,25347
DEVICE,1648113357238,1648113357808,4,1648113357808,52,5,5,0,0,25351
DEVICE,1648113357271,1648113357841,4,1648113357841,50,5,5,0,0,25355
DEVICE,1648113357303,1648113357873,4,1648113357873,51,5,5,0,0,25359
DEVICE,1648113357334,1648113357904,4,1648113357904,51,5,5,0,0,25364
DEVICE,1648113357366,1648113357936,4,1648113357936,50,5,5,0,0,25368
DEVICE,1648113357399,1648113357969,4,1648113357969,48,4,5,0,0,25372
DEVICE,1648113357430,1648113358000,4,1648113358000,53,5,5,0,0,25374
DEVICE,1648113357462,1648113358032,4,1648113358032,49,4,5,0,0,25374
DEVICE,1648113357494,1648113358064,4,1648113358064,50,5,5,0,0,25376
DEVICE,1648113357526,1648113358096,4,1648113358096,50,5,5,0,0,25380
DEVICE,1648113357558,1648113358128,4,1648113358128,51,5,5,0,0,25384
DEVICE,1648113357590,1648113358160,4,1648113358160,51,5,5,0,0,25386
DEVICE,1648113357622,1648113358192,4,1648113358192,50,5,5,0,0,25386
DEVICE,1648113357654,1648113358224,4,1648113358224,53,5,5,0,0,25386
DEVICE,1648113357686,1648113358256,4,1648113358256,50,5,5,0,0,25386
DEVICE,1648113357718,1648113358288,4,1648113358288,48,4,5,0,0,25386
DEVICE,1648113357750,1648113358320,4,1648113358320,50,5,5,0,0,25386
DEVICE,1648113357783,1648113358353,4,1648113358353,49,4,5,0,0,25386
DEVICE,1648113357814,1648113358384,4,1648113358384,51,5,5,0,0,25386
DEVICE,1648113357845,1648113358415,4,1648113358415,53,5,5,0,0,25386
DEVICE,1648113357878,1648113358448,4,1648113358448,53,5,5,0,0,25384
DEVICE,1648113357910,1648113358480,4,1648113358480,49,4,5,0,0,25380
DEVICE,1648113357941,1648113358511,4,1648113358511,49,4,5,0,0,25376
DEVICE,1648113357973,1648113358543,4,1648113358543,50,5,5,0,0,25374
DEVICE,1648113358006,1648113358576,4,1648113358576,51,5,5,0,0,25374
DEVICE,1648113358037,1648113358607,4,1648113358607,48,4,5,0,0,25374
DEVICE,1648113358069,1648113358639,4,1648113358639,47,4,5,0,0,25372
DEVICE,1648113358102,1648113358672,4,1648113358672,50,5,5,0,0,25368
DEVICE,1648113358134,1648113358704,4,1648113358704,51,5,5,0,0,25364
DEVICE,1648113358166,1648113358736,4,1648113358736,52,5,5,0,0,25361
DEVICE,1648113358199,1648113358769,4,1648113358769,52,5,5,0,0,25361
DEVICE,1648113358230,1648113358800,4,1648113358800,55,5,5,0,0,25361
DEVICE,1648113358262,1648113358832,4,1648113358832,50,5,5,0,0,25361
DEVICE,1648113358293,1648113358863,4,1648113358863,47,4,5,0,0,25364
DEVICE,1648113358326,1648113358896,4,1648113358896,50,5,5,0,0,25368
DEVICE,1648113358357,1648113358927,4,1648113358927,55,5,5,0,0,25372
DEVICE,1648113358389,1648113358959,4,1648113358959,48,4,5,0,0,25374
DEVICE,1648113358422,1648113358992,4,1648113358992,52,5,5,0,0,25374
DEVICE,1648113358453,1648113359023,4,1648113359023,49,4,5,0,0,25374
DEVICE,1648113358486,1648113359056,4,1648113359056,50,5,5,0,0,25374
DEVICE,1648113358518,1648113359088,4,1648113359088,49,4,5,0,0,25374
DEVICE,1648113358550,1648113359120,4,1648113359120,51,5,5,0,0,25372
DEVICE,1648113358583,1648113359153,4,1648113359153,51,5,5,0,0,25368
DEVICE,1648113358613,1648113359183,4,1648113359183,51,5,5,0,0,25364
DEVICE,1648113358644,1648113359214,4,1648113359214,47,4,5,0,0,25361
DEVICE,1648113358677,1648113359247,4,1648113359247,51,5,5,0,0,25361
DEVICE,1648113358708,1648113359278,4,1648113359278,50,5,5,0,0,25361
DEVICE,1648113358740,1648113359310,4,1648113359310,52,5,5,0,0,25361
DEVICE,1648113358773,1648113359343,4,1648113359343,51,5,5,0,0,25361
DEVICE,1648113358805,1648113359375,4,1648113359375,52,5,5,0,0,25364
DEVICE,1648113358837,1648113359407,4,1648113359407,50,5,5,0,0,25366
DEVICE,1648113358870,1648113359440,4,1648113359440,52,5,5,0,0,25368
DEVICE,1648113358901,1648113359471,4,1648113359471,49,4,5,0,0,25368
DEVICE,1648113358933,1648113359503,4,1648113359503,51,5,5,0,0,25368
DEVICE,1648113358966,1648113359536,4,1648113359536,51,5,5,0,0,25366
DEVICE,1648113358997,1648113359567,4,1648113359567,50,5,5,0,0,25364
DEVICE,1648113359029,1648113359599,4,1648113359599,48,4,5,0,0,25361
DEVICE,1648113359061,1648113359631,4,1648113359631,53,5,5,0,0,25359
DEVICE,1648113359092,1648113359662,4,1648113359662,53,5,5,0,0,25355
DEVICE,1648113359124,1648113359694,4,1648113359694,52,5,5,0,0,25351
DEVICE,1648113359156,1648113359726,4,1648113359726,48,4,5,0,0,25349
DEVICE,1648113359188,1648113359758,4,1648113359758,48,4,5,0,0,25349
DEVICE,1648113359220,1648113359790,4,1648113359790,51,5,5,0,0,25349
DEVICE,1648113359252,1648113359822,4,1648113359822,53,5,5,0,0,25349
DEVICE,1648113359284,1648113359854,4,1648113359854,53,5,5,0,0,25351
DEVICE,1648113359315,1648113359885,4,1648113359885,49,4,5,0,0,25355
DEVICE,1648113359338,1648113359908,4,1648113359908,55,5,5,0,0,25359
DEVICE,1648113359364,1648113359934,4,1648113359934,47,4,5,0,0,25361
DEVICE,1648113359397,1648113359967,4,1648113359967,46,4,5,0,0,25361
DEVICE,1648113359429,1648113359999,4,1648113359999,51,5,5,0,0,25361
DEVICE,1648113359461,1648113360031,4,1648113360031,47,4,5,0,0,25361
DEVICE,1648113359492,1648113360062,4,1648113360062,50,5,5,0,0,25361
DEVICE,1648113359525,1648113360095,4,1648113360095,51,5,5,0,0,25364
DEVICE,1648113359557,1648113360127,4,1648113360127,52,5,5,0,0,25366
DEVICE,1648113359589,1648113360159,4,1648113360159,53,5,5,0,0,25368
DEVICE,1648113359621,1648113360191,4,1648113360191,55,5,5,0,0,25368
DEVICE,1648113359653,1648113360223,4,1648113360223,51,5,5,0,0,25372
DEVICE,1648113359685,1648113360255,4,1648113360255,51,5,5,0,0,25378
DEVICE,1648113359716,1648113360286,4,1648113360286,55,5,5,0,0,25384
DEVICE,1648113359748,1648113360318,4,1648113360318,49,4,5,0,0,25386
DEVICE,1648113359779,1648113360349,4,1648113360349,53,5,5,0,0,25386
DEVICE,1648113359811,1648113360381,4,1648113360381,50,5,5,0,0,25389
DEVICE,1648113359844,1648113360414,4,1648113360414,51,5,5,0,0,25391
DEVICE,1648113359876,1648113360446,4,1648113360446,53,5,5,0,0,25393
DEVICE,1648113359908,1648113360478,4,1648113360478,54,5,5,0,0,25393
DEVICE,1648113359940,1648113360510,4,1648113360510,50,5,5,0,0,25393
DEVICE,1648113359972,1648113360542,4,1648113360542,51,5,5,0,0,25393
DEVICE,1648113360004,1648113360574,4,1648113360574,51,5,5,0,0,25391
DEVICE,1648113360036,1648113360606,4,1648113360606,51,5,5,0,0,25389
DEVICE,1648113360068,1648113360638,4,1648113360638,53,5,5,0,0,25386
DEVICE,1648113360099,1648113360669,4,1648113360669,50,5,5,0,0,25386
DEVICE,1648113360132,1648113360702,4,1648113360702,49,4,5,0,0,25384
DEVICE,1648113360164,1648113360734,4,1648113360734,50,5,5,0,0,25380
DEVICE,1648113360197,1648113360767,4,1648113360767,49,4,5,0,0,25376
DEVICE,1648113360227,1648113360797,4,1648113360797,51,5,5,0,0,25372
DEVICE,1648113360260,1648113360830,4,1648113360830,50,5,5,0,0,25368
DEVICE,1648113360292,1648113360862,4,1648113360862,52,5,5,0,0,25364
DEVICE,1648113360324,1648113360894,4,1648113360894,50,5,5,0,0,25359
DEVICE,1648113360371,1648113360941,4,1648113360941,53,5,5,0,0,25357
DEVICE,1648113360397,1648113360967,4,1648113360967,50,5,5,0,0,25355
DEVICE,1648113360420,1648113360990,4,1648113360990,49,4,5,0,0,25353
DEVICE,1648113360452,1648113361022,4,1648113361022,50,5,5,0,0,25351
DEVICE,1648113360484,1648113361054,4,1648113361054,51,5,5,0,0,25349
DEVICE,1648113360517,1648113361087,4,1648113361087,47,4,5,0,0,25349
DEVICE,1648113360549,1648113361119,4,1648113361119,52,5,5,0,0,25349
DEVICE,1648113360580,1648113361150,4,1648113361150,50,5,5,0,0,25349
DEVICE,1648113360612,1648113361182,4,1648113361182,50,5,5,0,0,25349
DEVICE,1648113360644,1648113361214,4,1648113361214,52,5,5,0,0,25349
DEVICE,1648113360676,1648113361246,4,1648113361246,54,5,5,0,0,25349
DEVICE,1648113360708,1648113361278,4,1648113361278,48,4,5,0,0,25349
DEVICE,1648113360740,1648113361310,4,1648113361310,53,5,5,0,0,25349
DEVICE,1648113360772,1648113361342,4,1648113361342,51,5,5,0,0,25349
DEVICE,1648113360805,1648113361375,4,1648113361375,48,4,5,0,0,25349
DEVICE,1648113360838,1648113361408,4,1648113361408,49,4,5,0,0,25347
DEVICE,1648113360869,1648113361439,4,1648113361439,50,5,5,0,0,25343
DEVICE,1648113360900,1648113361470,4,1648113361470,48,4,5,0,0,25339
DEVICE,1648113360933,1648113361503,4,1648113361503,49,4,5,0,0,25336
DEVICE,1648113360965,1648113361535,4,1648113361535,49,4,5,0,0,25336
DEVICE,1648113360996,1648113361566,4,1648113361566,51,5,5,0,0,25336
DEVICE,1648113361027,1648113361597,4,1648113361597,51,5,5,0,0,25336
DEVICE,1648113361060,1648113361630,4,1648113361630,53,5,5,0,0,25339
DEVICE,1648113361092,1648113361662,4,1648113361662,53,5,5,0,0,25343
DEVICE,1648113361123,1648113361693,4,1648113361693,47,4,5,0,0,25347
DEVICE,1648113361156,1648113361726,4,1648113361726,51,5,5,0,0,25349
DEVICE,1648113361188,1648113361758,4,1648113361758,51,5,5,0,0,25349
DEVICE,1648113361219,1648113361789,4,1648113361789,51,5,5,0,0,25351
DEVICE,1648113361252,1648113361822,4,1648113361822,52,5,5,0,0,25355
DEVICE,1648113361283,1648113361853,4,1648113361853,51,5,5,0,0,25359
DEVICE,1648113361317,1648113361887,4,1648113361887,50,5,5,0,0,25361
DEVICE,1648113361348,1648113361918,4,1648113361918,51,5,5,0,0,25361
DEVICE,1648113361379,1648113361949,4,1648113361949,53,5,5,0,0,25364
DEVICE,1648113361412,1648113361982,4,1648113361982,49,4,5,0,0,25368
DEVICE,1648113361444,1648113362014,4,1648113362014,53,5,5,0,0,25372
DEVICE,1648113361475,1648113362045,4,1648113362045,50,5,5,0,0,25374
DEVICE,1648113361508,1648113362078,4,1648113362078,49,4,5,0,0,25374
DEVICE,1648113361539,1648113362109,4,1648113362109,50,5,5,0,0,25372
DEVICE,1648113361571,1648113362141,4,1648113362141,56,5,5,0,0,25370
DEVICE,1648113361603,1648113362173,4,1648113362173,55,5,5,0,0,25368
DEVICE,1648113361636,1648113362206,4,1648113362206,52,5,5,0,0,25366
DEVICE,1648113361667,1648113362237,4,1648113362237,52,5,5,0,0,25361
DEVICE,1648113361700,1648113362270,4,1648113362270,55,5,5,0,0,25355
DEVICE,1648113361732,1648113362302,4,1648113362302,55,5,5,0,0,25351
DEVICE,1648113361763,1648113362333,4,1648113362333,52,5,5,0,0,25349
DEVICE,1648113361795,1648113362365,4,1648113362365,51,5,5,0,0,25349
DEVICE,1648113361827,1648113362397,4,1648113362397,50,5,5,0,0,25349
DEVICE,1648113361859,1648113362429,4,1648113362429,49,4,5,0,0,25349
DEVICE,1648113361891,1648113362461,4,1648113362461,54,5,5,0,0,25349
DEVICE,1648113361923,1648113362493,4,1648113362493,53,5,5,0,0,25349
DEVICE,1648113361955,1648113362525,4,1648113362525,49,4,5,0,0,25349
DEVICE,1648113361988,1648113362558,4,1648113362558,50,5,5,0,0,25347
DEVICE,1648113362019,1648113362589,4,1648113362589,49,4,5,0,0,25343
DEVICE,1648113362051,1648113362621,4,1648113362621,50,5,5,0,0,25339
DEVICE,1648113362084,1648113362654,4,1648113362654,55,5,5,0,0,25336
DEVICE,1648113362115,1648113362685,4,1648113362685,52,5,5,0,0,25336
DEVICE,1648113362147,1648113362717,4,1648113362717,50,5,5,0,0,25336
DEVICE,1648113362179,1648113362749,4,1648113362749,47,4,5,0,0,25336
DEVICE,1648113362210,1648113362780,4,1648113362780,47,4,5,0,0,25336
DEVICE,1648113362243,1648113362813,4,1648113362813,53,5,5,0,0,25334
DEVICE,1648113362274,1648113362844,4,1648113362844,51,5,5,0,0,25330
DEVICE,1648113362306,1648113362876,4,1648113362876,51,5,5,0,0,25326
DEVICE,1648113362338,1648113362908,4,1648113362908,50,5,5,0,0,25324
DEVICE,1648113362370,1648113362940,4,1648113362940,51,5,5,0,0,25324
DEVICE,1648113362403,1648113362973,4,1648113362973,50,5,5,0,0,25324
DEVICE,1648113362435,1648113363005,4,1648113363005,51,5,5,0,0,25324
DEVICE,1648113362466,1648113363036,4,1648113363036,52,5,5,0,0,25324
DEVICE,1648113362498,1648113363068,4,1648113363068,50,5,5,0,0,25324
DEVICE,1648113362530,1648113363100,4,1648113363100,47,4,5,0,0,25326
DEVICE,1648113362563,1648113363133,4,1648113363133,51,5,5,0,0,25332
DEVICE,1648113362594,1648113363164,4,1648113363164,49,4,5,0,0,25341
DEVICE,1648113362626,1648113363196,4,1648113363196,53,5,5,0,0,25347
DEVICE,1648113362657,1648113363227,4,1648113363227,54,5,5,0,0,25351
DEVICE,1648113362690,1648113363260,4,1648113363260,51,5,5,0,0,25355
DEVICE,1648113362722,1648113363292,4,1648113363292,47,4,5,0,0,25359
DEVICE,1648113362753,1648113363323,4,1648113363323,49,4,5,0,0,25361
DEVICE,1648113362787,1648113363357,4,1648113363357,48,4,5,0,0,25361
DEVICE,1648113362818,1648113363388,4,1648113363388,49,4,5,0,0,25361
DEVICE,1648113362850,1648113363420,4,1648113363420,50,5,5,0,0,25359
DEVICE,1648113362882,1648113363452,4,1648113363452,50,5,5,0,0,25355
DEVICE,1648113362914,1648113363484,4,1648113363484,49,4,5,0,0,25351
DEVICE,1648113362945,1648113363515,4,1648113363515,52,5,5,0,0,25349
DEVICE,1648113362968,1648113363538,4,1648113363538,51,5,5,0,0,25349
DEVICE,1648113362994,1648113363564,4,1648113363564,49,4,5,0,0,25349
DEVICE,1648113363026,1648113363596,4,1648113363596,49,4,5,0,0,25349
DEVICE,1648113363059,1648113363629,4,1648113363629,50,5,5,0,0,25349
DEVICE,1648113363090,1648113363660,4,1648113363660,49,4,5,0,0,25349
DEVICE,1648113363122,1648113363692,4,1648113363692,53,5,5,0,0,25349
DEVICE,1648113363154,1648113363724,4,1648113363724,52,5,5,0,0,25349
DEVICE,1648113363186,1648113363756,4,1648113363756,51,5,5,0,0,25349
DEVICE,1648113363218,1648113363788,4,1648113363788,52,5,5,0,0,25349
DEVICE,1648113363250,1648113363820,4,1648113363820,50,5,5,0,0,25349
DEVICE,1648113363283,1648113363853,4,1648113363853,48,4,5,0,0,25349
DEVICE,1648113363315,1648113363885,4,1648113363885,51,5,5,0,0,25349
DEVICE,1648113363346,1648113363916,4,1648113363916,48,4,5,0,0,25349
DEVICE,1648113363378,1648113363948,4,1648113363948,48,4,5,0,0,25349
DEVICE,1648113363416,1648113363986,4,1648113363986,51,5,5,0,0,25349
DEVICE,1648113363442,1648113364012,4,1648113364012,51,5,5,0,0,25347
DEVICE,1648113363473,1648113364043,4,1648113364043,52,5,5,0,0,25343
DEVICE,1648113363506,1648113364076,4,1648113364076,50,5,5,0,0,25339
DEVICE,1648113363538,1648113364108,4,1648113364108,50,5,5,0,0,25336
DEVICE,1648113363571,1648113364141,4,1648113364141,51,5,5,0,0,25336
DEVICE,1648113363602,1648113364172,4,1648113364172,49,4,5,0,0,25336
DEVICE,1648113363634,1648113364204,4,1648113364204,49,4,5,0,0,25336
DEVICE,1648113363666,1648113364236,4,1648113364236,51,5,5,0,0,25336
DEVICE,1648113363697,1648113364267,4,1648113364267,55,5,5,0,0,25334
DEVICE,1648113363730,1648113364300,4,1648113364300,53,5,5,0,0,25332
DEVICE,1648113363762,1648113364332,4,1648113364332,51,5,5,0,0,25330
DEVICE,1648113363794,1648113364364,4,1648113364364,52,5,5,0,0,25330
DEVICE,1648113363825,1648113364395,4,1648113364395,50,5,5,0,0,25332
DEVICE,1648113363857,1648113364427,4,1648113364427,50,5,5,0,0,25334
DEVICE,1648113363890,1648113364460,4,1648113364460,52,5,5,0,0,25336
DEVICE,1648113363921,1648113364491,4,1648113364491,50,5,5,0,0,25336
DEVICE,1648113363953,1648113364523,4,1648113364523,53,5,5,0,0,25339
DEVICE,1648113363985,1648113364555,4,1648113364555,51,5,5,0,0,25343
DEVICE,1648113364017,1648113364587,4,1648113364587,50,5,5,0,0,25349
DEVICE,1648113364050,1648113364620,4,1648113364620,53,5,5,0,0,25355
DEVICE,1648113364081,1648113364651,4,1648113364651,50,5,5,0,0,25359
DEVICE,1648113364114,1648113364684,4,1648113364684,52,5,5,0,0,25361
DEVICE,1648113364146,1648113364716,4,1648113364716,51,5,5,0,0,25361
DEVICE,1648113364177,1648113364747,4,1648113364747,52,5,5,0,0,25361
DEVICE,1648113364208,1648113364778,4,1648113364778,51,5,5,0,0,25361
DEVICE,1648113364241,1648113364811,4,1648113364811,51,5,5,0,0,25359
DEVICE,1648113364273,1648113364843,4,1648113364843,52,5,5,0,0,25355
DEVICE,1648113364304,1648113364874,4,1648113364874,51,5,5,0,0,25351
DEVICE,1648113364337,1648113364907,4,1648113364907,52,5,5,0,0,25349
DEVICE,1648113364369,1648113364939,4,1648113364939,50,5,5,0,0,25349
DEVICE,1648113364401,1648113364971,4,1648113364971,50,5,5,0,0,25349
DEVICE,1648113364434,1648113365004,4,1648113365004,50,5,5,0,0,25349
DEVICE,1648113364468,1648113365038,4,1648113365038,50,5,5,0,0,25351
DEVICE,1648113364496,1648113365066,4,1648113365066,51,5,5,0,0,25353
DEVICE,1648113364529,1648113365099,4,1648113365099,49,4,5,0,0,25357
DEVICE,1648113364561,1648113365131,4,1648113365131,50,5,5,0,0,25359
DEVICE,1648113364592,1648113365162,4,1648113365162,49,4,5,0,0,25361
DEVICE,1648113364625,1648113365195,4,1648113365195,52,5,5,0,0,25361
DEVICE,1648113364656,1648113365226,4,1648113365226,50,5,5,0,0,25361
DEVICE,1648113364688,1648113365258,4,1648113365258,48,4,5,0,0,25361
DEVICE,1648113364720,1648113365290,4,1648113365290,51,5,5,0,0,25359
DEVICE,1648113364752,1648113365322,4,1648113365322,51,5,5,0,0,25355
DEVICE,1648113364784,1648113365354,4,1648113365354,50,5,5,0,0,25349
DEVICE,1648113364817,1648113365387,4,1648113365387,49,4,5,0,0,25343
DEVICE,1648113364849,1648113365419,4,1648113365419,51,5,5,0,0,25339
DEVICE,1648113364881,1648113365451,4,1648113365451,51,5,5,0,0,25334
DEVICE,1648113364912,1648113365482,4,1648113365482,48,4,5,0,0,25330
DEVICE,1648113364945,1648113365515,4,1648113365515,51,5,5,0,0,25326
DEVICE,1648113364977,1648113365547,4,1648113365547,52,5,5,0,0,25324
DEVICE,1648113365009,1648113365579,4,1648113365579,52,5,5,0,0,25324
DEVICE,1648113365041,1648113365611,4,1648113365611,52,5,5,0,0,25324
DEVICE,1648113365072,1648113365642,4,1648113365642,49,4,5,0,0,25324
DEVICE,1648113365104,1648113365674,4,1648113365674,52,5,5,0,0,25324
DEVICE,1648113365137,1648113365707,4,1648113365707,53,5,5,0,0,25324
DEVICE,1648113365170,1648113365740,4,1648113365740,50,5,5,0,0,25326
DEVICE,1648113365200,1648113365770,4,1648113365770,51,5,5,0,0,25330
DEVICE,1648113365233,1648113365803,4,1648113365803,51,5,5,0,0,25334
DEVICE,1648113365264,1648113365834,4,1648113365834,54,5,5,0,0,25336
DEVICE,1648113365297,1648113365867,4,1648113365867,52,5,5,0,0,25339
DEVICE,1648113365328,1648113365898,4,1648113365898,51,5,5,0,0,25343
DEVICE,1648113365360,1648113365930,4,1648113365930,52,5,5,0,0,25347
DEVICE,1648113365391,1648113365961,4,1648113365961,50,5,5,0,0,25349
DEVICE,1648113365423,1648113365993,4,1648113365993,57,5,5,0,0,25349
DEVICE,1648113365455,1648113366025,4,1648113366025,53,5,5,0,0,25349
DEVICE,1648113365488,1648113366058,4,1648113366058,49,4,5,0,0,25349
DEVICE,1648113365520,1648113366090,4,1648113366090,50,5,5,0,0,25349
DEVICE,1648113365553,1648113366123,4,1648113366123,55,5,5,0,0,25349
DEVICE,1648113365584,1648113366154,4,1648113366154,52,5,5,0,0,25349
DEVICE,1648113365615,1648113366185,4,1648113366185,52,5,5,0,0,25349
DEVICE,1648113365648,1648113366218,4,1648113366218,51,5,5,0,0,25349
DEVICE,1648113365680,1648113366250,4,1648113366250,52,5,5,0,0,25349
DEVICE,1648113365712,1648113366282,4,1648113366282,48,4,5,0,0,25349
DEVICE,1648113365744,1648113366314,4,1648113366314,49,4,5,0,0,25347
DEVICE,1648113365776,1648113366346,4,1648113366346,49,4,5,0,0,25343
DEVICE,1648113365807,1648113366377,4,1648113366377,48,4,5,0,0,25339
DEVICE,1648113365839,1648113366409,4,1648113366409,50,5,5,0,0,25336
DEVICE,1648113365871,1648113366441,4,1648113366441,50,5,5,0,0,25336
DEVICE,1648113365903,1648113366473,4,1648113366473,51,5,5,0,0,25336
DEVICE,1648113365935,1648113366505,4,1648113366505,49,4,5,0,0,25336
DEVICE,1648113365967,1648113366537,4,1648113366537,51,5,5,0,0,25334
DEVICE,1648113365999,1648113366569,4,1648113366569,50,5,5,0,0,25330
DEVICE,1648113366031,1648113366601,4,1648113366601,50,5,5,0,0,25326
DEVICE,1648113366063,1648113366633,4,1648113366633,50,5,5,0,0,25324
DEVICE,1648113366095,1648113366665,4,1648113366665,50,5,5,0,0,25324
DEVICE,1648113366127,1648113366697,4,1648113366697,51,5,5,0,0,25324
DEVICE,1648113366158,1648113366728,4,1648113366728,48,4,5,0,0,25324
DEVICE,1648113366178,1648113366748,4,1648113366748,53,5,5,0,0,25324
DEVICE,1648113366208,1648113366778,4,1648113366778,49,4,5,0,0,25324
DEVICE,1648113366239,1648113366809,4,1648113366809,52,5,5,0,0,25326
DEVICE,1648113366271,1648113366841,4,1648113366841,49,4,5,0,0,25330
DEVICE,1648113366304,1648113366874,4,1648113366874,49,4,5,0,0,25334
DEVICE,1648113366335,1648113366905,4,1648113366905,53,5,5,0,0,25336
DEVICE,1648113366367,1648113366937,4,1648113366937,49,4,5,0,0,25336
DEVICE,1648113366399,1648113366969,4,1648113366969,49,4,5,0,0,25336
DEVICE,1648113366432,1648113367002,4,1648113367002,50,5,5,0,0,25336
DEVICE,1648113366464,1648113367034,4,1648113367034,48,4,5,0,0,25336
DEVICE,1648113366494,1648113367064,4,1648113367064,53,5,5,0,0,25339
DEVICE,1648113366527,1648113367097,4,1648113367097,47,4,5,0,0,25343
DEVICE,1648113366559,1648113367129,4,1648113367129,48,4,5,0,0,25347
DEVICE,1648113366591,1648113367161,4,1648113367161,52,5,5,0,0,25349
DEVICE,1648113366623,1648113367193,4,1648113367193,53,5,5,0,0,25349
DEVICE,1648113366655,1648113367225,4,1648113367225,49,4,5,0,0,25349
DEVICE,1648113366687,1648113367257,4,1648113367257,52,5,5,0,0,25347
DEVICE,1648113366719,1648113367289,4,1648113367289,51,5,5,0,0,25343
DEVICE,1648113366751,1648113367321,4,1648113367321,51,5,5,0,0,25339
DEVICE,1648113366782,1648113367352,4,1648113367352,50,5,5,0,0,25336
DEVICE,1648113366815,1648113367385,4,1648113367385,53,5,5,0,0,25336
DEVICE,1648113366848,1648113367418,4,1648113367418,50,5,5,0,0,25336
DEVICE,1648113366879,1648113367449,4,1648113367449,51,5,5,0,0,25336
DEVICE,1648113366911,1648113367481,4,1648113367481,45,4,5,0,0,25336
DEVICE,1648113366943,1648113367513,4,1648113367513,51,5,5,0,0,25336
DEVICE,1648113366975,1648113367545,4,1648113367545,50,5,5,0,0,25336
DEVICE,1648113367007,1648113367577,4,1648113367577,48,4,5,0,0,25336
DEVICE,1648113367039,1648113367609,4,1648113367609,50,5,5,0,0,25336
DEVICE,1648113367071,1648113367641,4,1648113367641,49,4,5,0,0,25336
DEVICE,1648113367103,1648113367673,4,1648113367673,48,4,5,0,0,25336
DEVICE,1648113367135,1648113367705,4,1648113367705,49,4,5,0,0,25336
DEVICE,1648113367167,1648113367737,4,1648113367737,49,4,5,0,0,25336
DEVICE,1648113367199,1648113367769,4,1648113367769,51,5,5,0,0,25339
DEVICE,1648113367232,1648113367802,4,1648113367802,50,5,5,0,0,25343
DEVICE,1648113367262,1648113367832,4,1648113367832,49,4,5,0,0,25347
DEVICE,1648113367294,1648113367864,4,1648113367864,51,5,5,0,0,25349
DEVICE,1648113367326,1648113367896,4,1648113367896,48,4,5,0,0,25349
DEVICE,1648113367358,1648113367928,4,1648113367928,51,5,5,0,0,25349
DEVICE,1648113367390,1648113367960,4,1648113367960,51,5,5,0,0,25349
DEVICE,1648113367422,1648113367992,4,1648113367992,48,4,5,0,0,25349
DEVICE,1648113367454,1648113368024,4,1648113368024,48,4,5,0,0,25349
DEVICE,1648113367487,1648113368057,4,1648113368057,48,4,5,0,0,25349
DEVICE,1648113367519,1648113368089,4,1648113368089,50,5,5,0,0,25349
DEVICE,1648113367550,1648113368120,4,1648113368120,52,5,5,0,0,25349
DEVICE,1648113367582,1648113368152,4,1648113368152,49,4,5,0,0,25347
DEVICE,1648113367615,1648113368185,4,1648113368185,49,4,5,0,0,25341
DEVICE,1648113367646,1648113368216,4,1648113368216,48,4,5,0,0,25332
DEVICE,1648113367678,1648113368248,4,1648113368248,54,5,5,0,0,25324
DEVICE,1648113367710,1648113368280,4,1648113368280,48,4,5,0,0,25318
DEVICE,1648113367742,1648113368312,4,1648113368312,49,4,5,0,0,25314
DEVICE,1648113367774,1648113368344,4,1648113368344,47,4,5,0,0,25311
DEVICE,1648113367806,1648113368376,4,1648113368376,50,5,5,0,0,25311
DEVICE,1648113367838,1648113368408,4,1648113368408,51,5,5,0,0,25311
DEVICE,1648113367870,1648113368440,4,1648113368440,50,5,5,0,0,25311
DEVICE,1648113367902,1648113368472,4,1648113368472,50,5,5,0,0,25314
DEVICE,1648113367933,1648113368503,4,1648113368503,51,5,5,0,0,25318
DEVICE,1648113367965,1648113368535,4,1648113368535,50,5,5,0,0,25324
DEVICE,1648113367998,1648113368568,4,1648113368568,50,5,5,0,0,25330
DEVICE,1648113368030,1648113368600,4,1648113368600,50,5,5,0,0,25334
DEVICE,1648113368062,1648113368632,4,1648113368632,49,4,5,0,0,25336
DEVICE,1648113368093,1648113368663,4,1648113368663,52,5,5,0,0,25336
DEVICE,1648113368126,1648113368696,4,1648113368696,49,4,5,0,0,25336
DEVICE,1648113368157,1648113368727,4,1648113368727,50,5,5,0,0,25336
DEVICE,1648113368189,1648113368759,4,1648113368759,49,4,5,0,0,25336
DEVICE,1648113368221,1648113368791,4,1648113368791,51,5,5,0,0,25336
DEVICE,1648113368253,1648113368823,4,1648113368823,48,4,5,0,0,25336
DEVICE,1648113368286,1648113368856,4,1648113368856,49,4,5,0,0,25336
DEVICE,1648113368317,1648113368887,4,1648113368887,50,5,5,0,0,25336
DEVICE,1648113368349,1648113368919,4,1648113368919,48,4,5,0,0,25336
DEVICE,1648113368382,1648113368952,4,1648113368952,49,4,5,0,0,25339
DEVICE,1648113368414,1648113368984,4,1648113368984,50,5,5,0,0,25341
DEVICE,1648113368445,1648113369015,4,1648113369015,49,4,5,0,0,25341
DEVICE,1648113368482,1648113369052,4,1648113369052,49,4,5,0,0,25341
DEVICE,1648113368509,1648113369079,4,1648113369079,50,5,5,0,0,25339
DEVICE,1648113368540,1648113369110,4,1648113369110,49,4,5,0,0,25336
DEVICE,1648113368573,1648113369143,4,1648113369143,49,4,5,0,0,25336
DEVICE,1648113368605,1648113369175,4,1648113369175,51,5,5,0,0,25339
DEVICE,1648113368637,1648113369207,4,1648113369207,51,5,5,0,0,25341
DEVICE,1648113368670,1648113369240,4,1648113369240,50,5,5,0,0,25343
DEVICE,1648113368701,1648113369271,4,1648113369271,49,4,5,0,0,25343
DEVICE,1648113368733,1648113369303,4,1648113369303,48,4,5,0,0,25349
DEVICE,1648113368765,1648113369335,4,1648113369335,49,4,5,0,0,25364
DEVICE,1648113368797,1648113369367,4,1648113369367,49,4,5,0,0,25391
DEVICE,1648113368829,1648113369399,4,1648113369399,49,4,5,0,0,25424
DEVICE,1648113368861,1648113369431,4,1648113369431,50,5,5,0,0,25457
DEVICE,1648113368892,1648113369462,4,1648113369462,48,4,5,0,0,25484
DEVICE,1648113368924,1648113369494,4,1648113369494,49,4,5,0,0,25503
DEVICE,1648113368956,1648113369526,4,1648113369526,49,4,5,0,0,25514
DEVICE,1648113368989,1648113369559,4,1648113369559,50,5,5,0,0,25518
DEVICE,1648113369020,1648113369590,4,1648113369590,49,4,5,0,0,25518
DEVICE,1648113369052,1648113369622,4,1648113369622,51,5,5,0,0,25518
DEVICE,1648113369085,1648113369655,4,1648113369655,50,5,5,0,0,25516
DEVICE,1648113369117,1648113369687,4,1648113369687,49,4,5,0,0,25507
DEVICE,1648113369148,1648113369718,4,1648113369718,52,5,5,0,0,25495
DEVICE,1648113369180,1648113369750,4,1648113369750,49,4,5,0,0,25482
DEVICE,1648113369212,1648113369782,4,1648113369782,48,4,5,0,0,25474
DEVICE,1648113369244,1648113369814,4,1648113369814,48,4,5,0,0,25468
DEVICE,1648113369268,1648113369838,4,1648113369838,47,4,5,0,0,25461
DEVICE,1648113369301,1648113369871,4,1648113369871,51,5,5,0,0,25455
DEVICE,1648113369324,1648113369894,4,1648113369894,51,5,5,0,0,25451
DEVICE,1648113369356,1648113369926,4,1648113369926,52,5,5,0,0,25447
DEVICE,1648113369388,1648113369958,4,1648113369958,49,4,5,0,0,25443
DEVICE,1648113369420,1648113369990,4,1648113369990,49,4,5,0,0,25436
DEVICE,1648113369452,1648113370022,4,1648113370022,48,4,5,0,0,25430
DEVICE,1648113369485,1648113370055,4,1648113370055,46,4,5,0,0,25424
DEVICE,1648113369517,1648113370087,4,1648113370087,51,5,5,0,0,25418
DEVICE,1648113369548,1648113370118,4,1648113370118,50,5,5,0,0,25411
DEVICE,1648113369581,1648113370151,4,1648113370151,50,5,5,0,0,25405
DEVICE,1648113369612,1648113370182,4,1648113370182,51,5,5,0,0,25401
DEVICE,1648113369644,1648113370214,4,1648113370214,49,4,5,0,0,25397
DEVICE,1648113369676,1648113370246,4,1648113370246,50,5,5,0,0,25393
DEVICE,1648113369708,1648113370278,4,1648113370278,49,4,5,0,0,25389
DEVICE,1648113369740,1648113370310,4,1648113370310,51,5,5,0,0,25386
DEVICE,1648113369772,1648113370342,4,1648113370342,50,5,5,0,0,25386
DEVICE,1648113369804,1648113370374,4,1648113370374,50,5,5,0,0,25384
DEVICE,1648113369836,1648113370406,4,1648113370406,51,5,5,0,0,25382
DEVICE,1648113369868,1648113370438,4,1648113370438,50,5,5,0,0,25380
DEVICE,1648113369900,1648113370470,4,1648113370470,52,5,5,0,0,25380
DEVICE,1648113369932,1648113370502,4,1648113370502,49,4,5,0,0,25380
DEVICE,1648113369964,1648113370534,4,1648113370534,53,5,5,0,0,25382
DEVICE,1648113369996,1648113370566,4,1648113370566,48,4,5,0,0,25384
DEVICE,1648113370028,1648113370598,4,1648113370598,49,4,5,0,0,25386
DEVICE,1648113370061,1648113370631,4,1648113370631,52,5,5,0,0,25386
DEVICE,1648113370092,1648113370662,4,1648113370662,49,4,5,0,0,25386
DEVICE,1648113370123,1648113370693,4,1648113370693,51,5,5,0,0,25386
DEVICE,1648113370156,1648113370726,4,1648113370726,50,5,5,0,0,25386
DEVICE,1648113370188,1648113370758,4,1648113370758,51,5,5,0,0,25386
DEVICE,1648113370219,1648113370789,4,1648113370789,51,5,5,0,0,25389
DEVICE,1648113370251,1648113370821,4,1648113370821,51,5,5,0,0,25391
DEVICE,1648113370286,1648113370856,4,1648113370856,50,5,5,0,0,25395
DEVICE,1648113370315,1648113370885,4,1648113370885,52,5,5,0,0,25397
DEVICE,1648113370348,1648113370918,4,1648113370918,50,5,5,0,0,25399
DEVICE,1648113370379,1648113370949,4,1648113370949,51,5,5,0,0,25399
DEVICE,1648113370411,1648113370981,4,1648113370981,52,5,5,0,0,25399
DEVICE,1648113370444,1648113371014,4,1648113371014,52,5,5,0,0,25399
DEVICE,1648113370476,1648113371046,4,1648113371046,49,4,5,0,0,25399
DEVICE,1648113370508,1648113371078,4,1648113371078,53,5,5,0,0,25399
DEVICE,1648113370540,1648113371110,4,1648113371110,51,5,5,0,0,25397
DEVICE,1648113370572,1648113371142,4,1648113371142,51,5,5,0,0,25393
DEVICE,1648113370604,1648113371174,4,1648113371174,51,5,5,0,0,25389
DEVICE,1648113370636,1648113371206,4,1648113371206,48,4,5,0,0,25386
DEVICE,1648113370668,1648113371238,4,1648113371238,52,5,5,0,0,25386
DEVICE,1648113370700,1648113371270,4,1648113371270,52,5,5,0,0,25386
DEVICE,1648113370732,1648113371302,4,1648113371302,49,4,5,0,0,25386
DEVICE,1648113370765,1648113371335,4,1648113371335,49,4,5,0,0,25386
DEVICE,1648113370796,1648113371366,4,1648113371366,50,5,5,0,0,25386
DEVICE,1648113370828,1648113371398,4,1648113371398,50,5,5,0,0,25386
DEVICE,1648113370859,1648113371429,4,1648113371429,53,5,5,0,0,25386
DEVICE,1648113370891,1648113371461,4,1648113371461,50,5,5,0,0,25386
DEVICE,1648113370923,1648113371493,4,1648113371493,51,5,5,0,0,25386
DEVICE,1648113370955,1648113371525,4,1648113371525,53,5,5,0,0,25386
DEVICE,1648113370987,1648113371557,4,1648113371557,48,4,5,0,0,25389
DEVICE,1648113371019,1648113371589,4,1648113371589,53,5,5,0,0,25393
DEVICE,1648113371052,1648113371622,4,1648113371622,51,5,5,0,0,25397
DEVICE,1648113371084,1648113371654,4,1648113371654,50,5,5,0,0,25399
DEVICE,1648113371115,1648113371685,4,1648113371685,49,4,5,0,0,25399
DEVICE,1648113371148,1648113371718,4,1648113371718,49,4,5,0,0,25401
DEVICE,1648113371180,1648113371750,4,1648113371750,48,4,5,0,0,25405
DEVICE,1648113371212,1648113371782,4,1648113371782,51,5,5,0,0,25409
DEVICE,1648113371243,1648113371813,4,1648113371813,51,5,5,0,0,25411
DEVICE,1648113371275,1648113371845,4,1648113371845,50,5,5,0,0,25411
DEVICE,1648113371307,1648113371877,4,1648113371877,51,5,5,0,0,25411
DEVICE,1648113371340,1648113371910,4,1648113371910,53,5,5,0,0,25411
DEVICE,1648113371371,1648113371941,4,1648113371941,50,5,5,0,0,25411
DEVICE,1648113371404,1648113371974,4,1648113371974,49,4,5,0,0,25411
DEVICE,1648113371436,1648113372006,4,1648113372006,49,4,5,0,0,25409
DEVICE,1648113371468,1648113372038,4,1648113372038,51,5,5,0,0,25405
DEVICE,1648113371499,1648113372069,4,1648113372069,51,5,5,0,0,25399
DEVICE,1648113371532,1648113372102,4,1648113372102,51,5,5,0,0,25393
DEVICE,1648113371564,1648113372134,4,1648113372134,51,5,5,0,0,25389
DEVICE,1648113371595,1648113372165,4,1648113372165,51,5,5,0,0,25386
DEVICE,1648113371627,1648113372197,4,1648113372197,50,5,5,0,0,25386
DEVICE,1648113371659,1648113372229,4,1648113372229,50,5,5,0,0,25386
DEVICE,1648113371691,1648113372261,4,1648113372261,53,5,5,0,0,25386
DEVICE,1648113371723,1648113372293,4,1648113372293,50,5,5,0,0,25386
DEVICE,1648113371755,1648113372325,4,1648113372325,52,5,5,0,0,25386
DEVICE,1648113371787,1648113372357,4,1648113372357,51,5,5,0,0,25386
DEVICE,1648113371819,1648113372389,4,1648113372389,51,5,5,0,0,25384
DEVICE,1648113371851,1648113372421,4,1648113372421,50,5,5,0,0,25380
DEVICE,1648113371883,1648113372453,4,1648113372453,48,4,5,0,0,25376
DEVICE,1648113371915,1648113372485,4,1648113372485,51,5,5,0,0,25374
DEVICE,1648113371947,1648113372517,4,1648113372517,51,5,5,0,0,25374
DEVICE,1648113371978,1648113372548,4,1648113372548,51,5,5,0,0,25374
DEVICE,1648113372010,1648113372580,4,1648113372580,49,4,5,0,0,25374
DEVICE,1648113372043,1648113372613,4,1648113372613,48,4,5,0,0,25374
DEVICE,1648113372074,1648113372644,4,1648113372644,47,4,5,0,0,25372
DEVICE,1648113372106,1648113372676,4,1648113372676,51,5,5,0,0,25370
DEVICE,1648113372138,1648113372708,4,1648113372708,50,5,5,0,0,25368
DEVICE,1648113372170,1648113372740,4,1648113372740,50,5,5,0,0,25366
DEVICE,1648113372197,1648113372767,4,1648113372767,50,5,5,0,0,25364
DEVICE,1648113372219,1648113372789,4,1648113372789,50,5,5,0,0,25361
DEVICE,1648113372251,1648113372821,4,1648113372821,51,5,5,0,0,25361
DEVICE,1648113372283,1648113372853,4,1648113372853,51,5,5,0,0,25361
DEVICE,1648113372315,1648113372885,4,1648113372885,50,5,5,0,0,25361
DEVICE,1648113372348,1648113372918,4,1648113372918,52,5,5,0,0,25359
DEVICE,1648113372378,1648113372948,4,1648113372948,49,4,5,0,0,25357
DEVICE,1648113372411,1648113372981,4,1648113372981,49,4,5,0,0,25355
DEVICE,1648113372443,1648113373013,4,1648113373013,51,5,5,0,0,25355
DEVICE,1648113372474,1648113373044,4,1648113373044,52,5,5,0,0,25355
DEVICE,1648113372507,1648113373077,4,1648113373077,52,5,5,0,0,25355
DEVICE,1648113372539,1648113373109,4,1648113373109,48,4,5,0,0,25359
DEVICE,1648113372571,1648113373141,4,1648113373141,50,5,5,0,0,25366
DEVICE,1648113372603,1648113373173,4,1648113373173,51,5,5,0,0,25372
DEVICE,1648113372636,1648113373206,4,1648113373206,50,5,5,0,0,25376
DEVICE,1648113372667,1648113373237,4,1648113373237,53,5,5,0,0,25382
DEVICE,1648113372698,1648113373268,4,1648113373268,53,5,5,0,0,25393
DEVICE,1648113372732,1648113373302,4,1648113373302,50,5,5,0,0,25401
DEVICE,1648113372763,1648113373333,4,1648113373333,52,5,5,0,0,25407
DEVICE,1648113372795,1648113373365,4,1648113373365,49,4,5,0,0,25409
DEVICE,1648113372827,1648113373397,4,1648113373397,49,4,5,0,0,25411
DEVICE,1648113372858,1648113373428,4,1648113373428,50,5,5,0,0,25411
DEVICE,1648113372890,1648113373460,4,1648113373460,50,5,5,0,0,25411
DEVICE,1648113372922,1648113373492,4,1648113373492,52,5,5,0,0,25411
DEVICE,1648113372954,1648113373524,4,1648113373524,51,5,5,0,0,25409
DEVICE,1648113372986,1648113373556,4,1648113373556,53,5,5,0,0,25405
DEVICE,1648113373018,1648113373588,4,1648113373588,48,4,5,0,0,25399
DEVICE,1648113373051,1648113373621,4,1648113373621,50,5,5,0,0,25393
DEVICE,1648113373083,1648113373653,4,1648113373653,48,4,5,0,0,25386
DEVICE,1648113373114,1648113373684,4,1648113373684,48,4,5,0,0,25380
DEVICE,1648113373147,1648113373717,4,1648113373717,51,5,5,0,0,25376
DEVICE,1648113373178,1648113373748,4,1648113373748,49,4,5,0,0,25372
DEVICE,1648113373209,1648113373779,4,1648113373779,51,5,5,0,0,25368
DEVICE,1648113373242,1648113373812,4,1648113373812,51,5,5,0,0,25364
DEVICE,1648113373274,1648113373844,4,1648113373844,52,5,5,0,0,25361
DEVICE,1648113373306,1648113373876,4,1648113373876,50,5,5,0,0,25361
DEVICE,1648113373338,1648113373908,4,1648113373908,52,5,5,0,0,25361
DEVICE,1648113373370,1648113373940,4,1648113373940,48,4,5,0,0,25361
DEVICE,1648113373402,1648113373972,4,1648113373972,51,5,5,0,0,25364
DEVICE,1648113373436,1648113374006,4,1648113374006,51,5,5,0,0,25368
DEVICE,1648113373466,1648113374036,4,1648113374036,46,4,5,0,0,25372
DEVICE,1648113373498,1648113374068,4,1648113374068,49,4,5,0,0,25374
DEVICE,1648113373530,1648113374100,4,1648113374100,50,5,5,0,0,25374
DEVICE,1648113373562,1648113374132,4,1648113374132,52,5,5,0,0,25374
DEVICE,1648113373594,1648113374164,4,1648113374164,49,4,5,0,0,25374
DEVICE,1648113373626,1648113374196,4,1648113374196,50,5,5,0,0,25370
DEVICE,1648113373658,1648113374228,4,1648113374228,50,5,5,0,0,25359
DEVICE,1648113373690,1648113374260,4,1648113374260,49,4,5,0,0,25347
DEVICE,1648113373722,1648113374292,4,1648113374292,50,5,5,0,0,25336
DEVICE,1648113373754,1648113374324,4,1648113374324,51,5,5,0,0,25330
DEVICE,1648113373785,1648113374355,4,1648113374355,48,4,5,0,0,25326
DEVICE,1648113373818,1648113374388,4,1648113374388,53,5,5,0,0,25324
DEVICE,1648113373850,1648113374420,4,1648113374420,48,4,5,0,0,25324
DEVICE,1648113373881,1648113374451,4,1648113374451,51,5,5,0,0,25324
DEVICE,1648113373915,1648113374485,4,1648113374485,50,5,5,0,0,25324
DEVICE,1648113373947,1648113374517,4,1648113374517,51,5,5,0,0,25326
DEVICE,1648113373978,1648113374548,4,1648113374548,48,4,5,0,0,25330
DEVICE,1648113374010,1648113374580,4,1648113374580,53,5,5,0,0,25334
DEVICE,1648113374042,1648113374612,4,1648113374612,52,5,5,0,0,25336
DEVICE,1648113374074,1648113374644,4,1648113374644,51,5,5,0,0,25336
DEVICE,1648113374106,1648113374676,4,1648113374676,52,5,5,0,0,25339
DEVICE,1648113374138,1648113374708,4,1648113374708,50,5,5,0,0,25345
DEVICE,1648113374170,1648113374740,4,1648113374740,50,5,5,0,0,25355
DEVICE,1648113374202,1648113374772,4,1648113374772,53,5,5,0,0,25366
DEVICE,1648113374234,1648113374804,4,1648113374804,52,5,5,0,0,25372
DEVICE,1648113374266,1648113374836,4,1648113374836,51,5,5,0,0,25374
DEVICE,1648113374298,1648113374868,4,1648113374868,51,5,5,0,0,25374
DEVICE,1648113374330,1648113374900,4,1648113374900,53,5,5,0,0,25374
DEVICE,1648113374361,1648113374931,4,1648113374931,52,5,5,0,0,25374
DEVICE,1648113374392,1648113374962,4,1648113374962,49,4,5,0,0,25372
DEVICE,1648113374424,1648113374994,4,1648113374994,49,4,5,0,0,25368
DEVICE,1648113374457,1648113375027,4,1648113375027,49,4,5,0,0,25364
DEVICE,1648113374489,1648113375059,4,1648113375059,52,5,5,0,0,25361
DEVICE,1648113374521,1648113375091,4,1648113375091,47,4,5,0,0,25361
DEVICE,1648113374553,1648113375123,4,1648113375123,50,5,5,0,0,25361
DEVICE,1648113374586,1648113375156,4,1648113375156,51,5,5,0,0,25361
DEVICE,1648113374618,1648113375188,4,1648113375188,51,5,5,0,0,25364
DEVICE,1648113374649,1648113375219,4,1648113375219,54,5,5,0,0,25368
DEVICE,1648113374682,1648113375252,4,1648113375252,51,5,5,0,0,25372
DEVICE,1648113374714,1648113375284,4,1648113375284,50,5,5,0,0,25376
DEVICE,1648113374745,1648113375315,4,1648113375315,51,5,5,0,0,25380
DEVICE,1648113374777,1648113375347,4,1648113375347,47,4,5,0,0,25384
DEVICE,1648113374808,1648113375378,4,1648113375378,49,4,5,0,0,25386
DEVICE,1648113374841,1648113375411,4,1648113375411,50,5,5,0,0,25386
DEVICE,1648113374873,1648113375443,4,1648113375443,52,5,5,0,0,25386
DEVICE,1648113374969,1648113375539,4,1648113375539,53,5,5,0,0,25389
DEVICE,1648113374905,1648113375475,4,1648113375475,52,5,5,0,0,25386
DEVICE,1648113374936,1648113375506,4,1648113375506,53,5,5,0,0,25386
DEVICE,1648113375001,1648113375571,4,1648113375571,51,5,5,0,0,25391
DEVICE,1648113375032,1648113375602,4,1648113375602,52,5,5,0,0,25393
DEVICE,1648113375064,1648113375634,4,1648113375634,50,5,5,0,0,25395
DEVICE,1648113375097,1648113375667,4,1648113375667,50,5,5,0,0,25397
DEVICE,1648113375128,1648113375698,4,1648113375698,54,5,5,0,0,25399
DEVICE,1648113375160,1648113375730,4,1648113375730,49,4,5,0,0,25401
DEVICE,1648113375182,1648113375752,4,1648113375752,51,5,5,0,0,25405
DEVICE,1648113375214,1648113375784,4,1648113375784,52,5,5,0,0,25414
DEVICE,1648113375240,1648113375810,4,1648113375810,49,4,5,0,0,25424
DEVICE,1648113375273,1648113375843,4,1648113375843,51,5,5,0,0,25434
DEVICE,1648113375305,1648113375875,4,1648113375875,51,5,5,0,0,25447
DEVICE,1648113375337,1648113375907,4,1648113375907,52,5,5,0,0,25459
DEVICE,1648113375369,1648113375939,4,1648113375939,49,4,5,0,0,25470
DEVICE,1648113375401,1648113375971,4,1648113375971,52,5,5,0,0,25474
DEVICE,1648113375433,1648113376003,4,1648113376003,51,5,5,0,0,25474
DEVICE,1648113375464,1648113376034,4,1648113376034,49,4,5,0,0,25474
DEVICE,1648113375497,1648113376067,4,1648113376067,49,4,5,0,0,25472
DEVICE,1648113375529,1648113376099,4,1648113376099,50,5,5,0,0,25464
DEVICE,1648113375560,1648113376130,4,1648113376130,52,5,5,0,0,25449
DEVICE,1648113375592,1648113376162,4,1648113376162,52,5,5,0,0,25430
DEVICE,1648113375624,1648113376194,4,1648113376194,51,5,5,0,0,25411
DEVICE,1648113375656,1648113376226,4,1648113376226,53,5,5,0,0,25395
DEVICE,1648113375688,1648113376258,4,1648113376258,51,5,5,0,0,25382
DEVICE,1648113375720,1648113376290,4,1648113376290,51,5,5,0,0,25376
DEVICE,1648113375752,1648113376322,4,1648113376322,53,5,5,0,0,25374
DEVICE,1648113375784,1648113376354,4,1648113376354,49,4,5,0,0,25374
DEVICE,1648113375817,1648113376387,4,1648113376387,52,5,5,0,0,25374
DEVICE,1648113375849,1648113376419,4,1648113376419,51,5,5,0,0,25374
DEVICE,1648113375880,1648113376450,4,1648113376450,48,4,5,0,0,25374
DEVICE,1648113375913,1648113376483,4,1648113376483,52,5,5,0,0,25374
DEVICE,1648113375944,1648113376514,4,1648113376514,48,4,5,0,0,25374
DEVICE,1648113375976,1648113376546,4,1648113376546,51,5,5,0,0,25376
DEVICE,1648113376008,1648113376578,4,1648113376578,50,5,5,0,0,25380
DEVICE,1648113376039,1648113376609,4,1648113376609,49,4,5,0,0,25386
DEVICE,1648113376072,1648113376642,4,1648113376642,50,5,5,0,0,25393
DEVICE,1648113376104,1648113376674,4,1648113376674,51,5,5,0,0,25397
DEVICE,1648113376136,1648113376706,4,1648113376706,49,4,5,0,0,25399
DEVICE,1648113376168,1648113376738,4,1648113376738,51,5,5,0,0,25399
DEVICE,1648113376201,1648113376771,4,1648113376771,51,5,5,0,0,25401
DEVICE,1648113376232,1648113376802,4,1648113376802,53,5,5,0,0,25405
DEVICE,1648113376265,1648113376835,4,1648113376835,50,5,5,0,0,25409
DEVICE,1648113376296,1648113376866,4,1648113376866,52,5,5,0,0,25411
DEVICE,1648113376328,1648113376898,4,1648113376898,50,5,5,0,0,25411
DEVICE,1648113376360,1648113376930,4,1648113376930,54,5,5,0,0,25411
DEVICE,1648113376392,1648113376962,4,1648113376962,51,5,5,0,0,25411
DEVICE,1648113376424,1648113376994,4,1648113376994,51,5,5,0,0,25411
DEVICE,1648113376457,1648113377027,4,1648113377027,48,4,5,0,0,25411
DEVICE,1648113376488,1648113377058,4,1648113377058,52,5,5,0,0,25409
DEVICE,1648113376520,1648113377090,4,1648113377090,50,5,5,0,0,25405
DEVICE,1648113376552,1648113377122,4,1648113377122,49,4,5,0,0,25401
DEVICE,1648113376584,1648113377154,4,1648113377154,52,5,5,0,0,25397
DEVICE,1648113376616,1648113377186,4,1648113377186,53,5,5,0,0,25393
DEVICE,1648113376648,1648113377218,4,1648113377218,52,5,5,0,0,25389
DEVICE,1648113376681,1648113377251,4,1648113377251,53,5,5,0,0,25384
DEVICE,1648113376712,1648113377282,4,1648113377282,52,5,5,0,0,25380
DEVICE,1648113376743,1648113377313,4,1648113377313,49,4,5,0,0,25376
DEVICE,1648113376775,1648113377345,4,1648113377345,53,5,5,0,0,25374
DEVICE,1648113376807,1648113377377,4,1648113377377,51,5,5,0,0,25374
DEVICE,1648113376838,1648113377408,4,1648113377408,52,5,5,0,0,25374
DEVICE,1648113376871,1648113377441,4,1648113377441,48,4,5,0,0,25374
DEVICE,1648113376904,1648113377474,4,1648113377474,51,5,5,0,0,25374
DEVICE,1648113376935,1648113377505,4,1648113377505,51,5,5,0,0,25374
DEVICE,1648113376968,1648113377538,4,1648113377538,54,5,5,0,0,25374
DEVICE,1648113376999,1648113377569,4,1648113377569,51,5,5,0,0,25374
DEVICE,1648113377031,1648113377601,4,1648113377601,51,5,5,0,0,25372
DEVICE,1648113377063,1648113377633,4,1648113377633,53,5,5,0,0,25370
DEVICE,1648113377096,1648113377666,4,1648113377666,53,5,5,0,0,25368
DEVICE,1648113377128,1648113377698,4,1648113377698,50,5,5,0,0,25368
DEVICE,1648113377159,1648113377729,4,1648113377729,51,5,5,0,0,25368
DEVICE,1648113377191,1648113377761,4,1648113377761,52,5,5,0,0,25368
DEVICE,1648113377223,1648113377793,4,1648113377793,50,5,5,0,0,25372
DEVICE,1648113377255,1648113377825,4,1648113377825,51,5,5,0,0,25380
DEVICE,1648113377287,1648113377857,4,1648113377857,52,5,5,0,0,25391
DEVICE,1648113377319,1648113377889,4,1648113377889,55,5,5,0,0,25399
