DeviceName,PTPTime,UnixTime,protocool,CurrentDeviceTime,DistanceMM,DistanceCM,Weight,Count,DistanceADC,WeightADC,DeviceName(Current)
DEVICE,1647586095534,1647586095838,4,1647586095838,44,4,10,0,0,0,ELT003#
DEVICE,1647586095550,1647586095854,4,1647586095854,46,4,10,0,0,0,ELT003#
DEVICE,1647586095581,1647586095885,4,1647586095885,47,4,10,0,0,0,ELT003#
DEVICE,1647586095613,1647586095917,4,1647586095917,48,4,10,0,0,0,ELT003#
DEVICE,1647586095645,1647586095949,4,1647586095949,49,4,10,0,0,0,ELT003#
DEVICE,1647586095677,1647586095981,4,1647586095981,48,4,10,0,0,0,ELT003#
DEVICE,1647586095709,1647586096013,4,1647586096013,47,4,10,0,0,0,ELT003#
DEVICE,1647586095742,1647586096046,4,1647586096046,46,4,10,0,0,0,ELT003#
DEVICE,1647586095774,1647586096078,4,1647586096078,48,4,10,0,0,0,ELT003#
DEVICE,1647586095806,1647586096110,4,1647586096110,47,4,10,0,0,0,ELT003#
DEVICE,1647586095838,1647586096142,4,1647586096142,46,4,10,0,0,0,ELT003#
DEVICE,1647586095869,1647586096173,4,1647586096173,47,4,10,0,0,0,ELT003#
DEVICE,1647586095901,1647586096205,4,1647586096205,48,4,10,0,0,0,ELT003#
DEVICE,1647586095933,1647586096237,4,1647586096237,46,4,10,0,0,0,ELT003#
DEVICE,1647586095965,1647586096269,4,1647586096269,47,4,10,0,0,0,ELT003#
DEVICE,1647586095997,1647586096301,4,1647586096301,48,4,10,0,0,0,ELT003#
DEVICE,1647586096029,1647586096333,4,1647586096333,50,5,10,0,0,0,ELT003#
DEVICE,1647586096061,1647586096365,4,1647586096365,48,4,10,0,0,0,ELT003#
DEVICE,1647586096093,1647586096397,4,1647586096397,47,4,10,0,0,0,ELT003#
DEVICE,1647586096125,1647586096429,4,1647586096429,48,4,10,0,0,0,ELT003#
DEVICE,1647586096157,1647586096461,4,1647586096461,48,4,10,0,0,0,ELT003#
DEVICE,1647586096189,1647586096493,4,1647586096493,46,4,10,0,0,0,ELT003#
DEVICE,1647586096221,1647586096525,4,1647586096525,48,4,10,0,0,0,ELT003#
DEVICE,1647586096253,1647586096557,4,1647586096557,47,4,10,0,0,0,ELT003#
DEVICE,1647586096285,1647586096589,4,1647586096589,48,4,10,0,0,0,ELT003#
DEVICE,1647586096317,1647586096621,4,1647586096621,46,4,10,0,0,0,ELT003#
DEVICE,1647586096349,1647586096653,4,1647586096653,48,4,10,0,0,0,ELT003#
DEVICE,1647586096381,1647586096685,4,1647586096685,49,4,10,0,0,0,ELT003#
DEVICE,1647586096413,1647586096717,4,1647586096717,46,4,10,0,0,0,ELT003#
DEVICE,1647586096445,1647586096749,4,1647586096749,48,4,10,0,0,0,ELT003#
DEVICE,1647586096477,1647586096781,4,1647586096781,46,4,10,0,0,0,ELT003#
DEVICE,1647586096509,1647586096813,4,1647586096813,47,4,10,0,0,0,ELT003#
DEVICE,1647586096541,1647586096845,4,1647586096845,48,4,10,0,0,0,ELT003#
DEVICE,1647586096573,1647586096877,4,1647586096877,45,4,10,0,0,0,ELT003#
DEVICE,1647586096605,1647586096909,4,1647586096909,47,4,10,0,0,0,ELT003#
DEVICE,1647586096637,1647586096941,4,1647586096941,46,4,10,0,0,0,ELT003#
DEVICE,1647586096669,1647586096973,4,1647586096973,47,4,10,0,0,0,ELT003#
DEVICE,1647586096701,1647586097005,4,1647586097005,47,4,10,0,0,0,ELT003#
DEVICE,1647586096733,1647586097037,4,1647586097037,48,4,10,0,0,0,ELT003#
DEVICE,1647586096765,1647586097069,4,1647586097069,48,4,10,0,0,0,ELT003#
DEVICE,1647586096797,1647586097101,4,1647586097101,47,4,10,0,0,0,ELT003#
DEVICE,1647586096829,1647586097133,4,1647586097133,47,4,10,0,0,0,ELT003#
DEVICE,1647586096861,1647586097165,4,1647586097165,48,4,10,0,0,0,ELT003#
DEVICE,1647586096893,1647586097197,4,1647586097197,47,4,10,0,0,0,ELT003#
DEVICE,1647586096925,1647586097229,4,1647586097229,45,4,10,0,0,0,ELT003#
DEVICE,1647586096957,1647586097261,4,1647586097261,45,4,10,0,0,0,ELT003#
DEVICE,1647586096989,1647586097293,4,1647586097293,49,4,10,0,0,0,ELT003#
DEVICE,1647586097021,1647586097325,4,1647586097325,48,4,10,0,0,0,ELT003#
DEVICE,1647586097053,1647586097357,4,1647586097357,46,4,10,0,0,0,ELT003#
DEVICE,1647586097085,1647586097389,4,1647586097389,47,4,10,0,0,0,ELT003#
DEVICE,1647586097117,1647586097421,4,1647586097421,47,4,10,0,0,0,ELT003#
DEVICE,1647586097149,1647586097453,4,1647586097453,47,4,10,0,0,0,ELT003#
DEVICE,1647586097181,1647586097485,4,1647586097485,47,4,10,0,0,0,ELT003#
DEVICE,1647586097213,1647586097517,4,1647586097517,46,4,10,0,0,0,ELT003#
DEVICE,1647586097245,1647586097549,4,1647586097549,45,4,10,0,0,0,ELT003#
DEVICE,1647586097276,1647586097580,4,1647586097580,48,4,10,0,0,0,ELT003#
DEVICE,1647586097308,1647586097612,4,1647586097612,47,4,10,0,0,0,ELT003#
DEVICE,1647586097341,1647586097645,4,1647586097645,48,4,10,0,0,0,ELT003#
DEVICE,1647586097373,1647586097677,4,1647586097677,46,4,10,0,0,0,ELT003#
DEVICE,1647586097405,1647586097709,4,1647586097709,45,4,10,0,0,0,ELT003#
DEVICE,1647586097421,1647586097725,4,1647586097725,47,4,10,0,0,0,ELT003#
DEVICE,1647586097468,1647586097772,4,1647586097772,45,4,10,0,0,0,ELT003#
DEVICE,1647586097484,1647586097788,4,1647586097788,47,4,10,0,0,0,ELT003#
DEVICE,1647586097516,1647586097820,4,1647586097820,47,4,10,0,0,0,ELT003#
DEVICE,1647586097548,1647586097852,4,1647586097852,47,4,10,0,0,0,ELT003#
DEVICE,1647586097580,1647586097884,4,1647586097884,46,4,10,0,0,0,ELT003#
DEVICE,1647586097612,1647586097916,4,1647586097916,44,4,10,0,0,0,ELT003#
DEVICE,1647586097644,1647586097948,4,1647586097948,46,4,10,0,0,0,ELT003#
DEVICE,1647586097676,1647586097980,4,1647586097980,48,4,10,0,0,0,ELT003#
DEVICE,1647586097708,1647586098012,4,1647586098012,48,4,10,0,0,0,ELT003#
DEVICE,1647586097740,1647586098044,4,1647586098044,48,4,10,0,0,0,ELT003#
DEVICE,1647586097772,1647586098076,4,1647586098076,48,4,10,0,0,0,ELT003#
DEVICE,1647586097804,1647586098108,4,1647586098108,45,4,10,0,0,0,ELT003#
DEVICE,1647586097836,1647586098140,4,1647586098140,48,4,10,0,0,0,ELT003#
DEVICE,1647586097868,1647586098172,4,1647586098172,46,4,10,0,0,0,ELT003#
DEVICE,1647586097900,1647586098204,4,1647586098204,45,4,10,0,0,0,ELT003#
DEVICE,1647586097932,1647586098236,4,1647586098236,47,4,10,0,0,0,ELT003#
DEVICE,1647586097964,1647586098268,4,1647586098268,47,4,10,0,0,0,ELT003#
DEVICE,1647586097996,1647586098300,4,1647586098300,46,4,10,0,0,0,ELT003#
DEVICE,1647586098028,1647586098332,4,1647586098332,46,4,10,0,0,0,ELT003#
DEVICE,1647586098060,1647586098364,4,1647586098364,47,4,10,0,0,0,ELT003#
DEVICE,1647586098092,1647586098396,4,1647586098396,48,4,10,0,0,0,ELT003#
DEVICE,1647586098124,1647586098428,4,1647586098428,47,4,10,0,0,0,ELT003#
DEVICE,1647586098156,1647586098460,4,1647586098460,44,4,10,0,0,0,ELT003#
DEVICE,1647586098188,1647586098492,4,1647586098492,47,4,10,0,0,0,ELT003#
DEVICE,1647586098220,1647586098524,4,1647586098524,47,4,10,0,0,0,ELT003#
DEVICE,1647586098252,1647586098556,4,1647586098556,47,4,10,0,0,0,ELT003#
DEVICE,1647586098284,1647586098588,4,1647586098588,49,4,10,0,0,0,ELT003#
DEVICE,1647586098316,1647586098620,4,1647586098620,47,4,10,0,0,0,ELT003#
DEVICE,1647586098348,1647586098652,4,1647586098652,46,4,10,0,0,0,ELT003#
DEVICE,1647586098380,1647586098684,4,1647586098684,46,4,10,0,0,0,ELT003#
DEVICE,1647586098412,1647586098716,4,1647586098716,50,5,10,0,0,0,ELT003#
DEVICE,1647586098444,1647586098748,4,1647586098748,48,4,10,0,0,0,ELT003#
DEVICE,1647586098476,1647586098780,4,1647586098780,47,4,10,0,0,0,ELT003#
DEVICE,1647586098508,1647586098812,4,1647586098812,45,4,10,0,0,0,ELT003#
DEVICE,1647586098540,1647586098844,4,1647586098844,46,4,10,0,0,0,ELT003#
DEVICE,1647586098572,1647586098876,4,1647586098876,47,4,10,0,0,0,ELT003#
DEVICE,1647586098604,1647586098908,4,1647586098908,46,4,10,0,0,0,ELT003#
DEVICE,1647586098636,1647586098940,4,1647586098940,48,4,10,0,0,0,ELT003#
DEVICE,1647586098668,1647586098972,4,1647586098972,49,4,10,0,0,0,ELT003#
DEVICE,1647586098700,1647586099004,4,1647586099004,48,4,10,0,0,0,ELT003#
DEVICE,1647586098732,1647586099036,4,1647586099036,48,4,10,0,0,0,ELT003#
DEVICE,1647586098764,1647586099068,4,1647586099068,46,4,10,0,0,0,ELT003#
DEVICE,1647586098796,1647586099100,4,1647586099100,46,4,10,0,0,0,ELT003#
DEVICE,1647586098828,1647586099132,4,1647586099132,49,4,10,0,0,0,ELT003#
DEVICE,1647586098860,1647586099164,4,1647586099164,46,4,10,0,0,0,ELT003#
DEVICE,1647586098892,1647586099196,4,1647586099196,48,4,10,0,0,0,ELT003#
DEVICE,1647586098925,1647586099229,4,1647586099229,46,4,10,0,0,0,ELT003#
DEVICE,1647586098956,1647586099260,4,1647586099260,48,4,10,0,0,0,ELT003#
DEVICE,1647586098988,1647586099292,4,1647586099292,46,4,10,0,0,0,ELT003#
DEVICE,1647586099020,1647586099324,4,1647586099324,47,4,10,0,0,0,ELT003#
DEVICE,1647586099052,1647586099356,4,1647586099356,49,4,10,0,0,0,ELT003#
DEVICE,1647586099084,1647586099388,4,1647586099388,46,4,10,0,0,0,ELT003#
DEVICE,1647586099115,1647586099419,4,1647586099419,47,4,10,0,0,0,ELT003#
DEVICE,1647586099147,1647586099451,4,1647586099451,48,4,10,0,0,0,ELT003#
DEVICE,1647586099179,1647586099483,4,1647586099483,45,4,10,0,0,0,ELT003#
DEVICE,1647586099211,1647586099515,4,1647586099515,47,4,10,0,0,0,ELT003#
DEVICE,1647586099243,1647586099547,4,1647586099547,46,4,10,0,0,0,ELT003#
DEVICE,1647586099275,1647586099579,4,1647586099579,48,4,10,0,0,0,ELT003#
DEVICE,1647586099307,1647586099611,4,1647586099611,46,4,10,0,0,0,ELT003#
DEVICE,1647586099339,1647586099643,4,1647586099643,47,4,10,0,0,0,ELT003#
DEVICE,1647586099355,1647586099659,4,1647586099659,45,4,10,0,0,0,ELT003#
DEVICE,1647586099387,1647586099691,4,1647586099691,49,4,10,0,0,0,ELT003#
DEVICE,1647586099419,1647586099723,4,1647586099723,47,4,10,0,0,0,ELT003#
DEVICE,1647586099451,1647586099755,4,1647586099755,48,4,10,0,0,0,ELT003#
DEVICE,1647586099483,1647586099787,4,1647586099787,45,4,10,0,0,0,ELT003#
DEVICE,1647586099515,1647586099819,4,1647586099819,47,4,10,0,0,0,ELT003#
DEVICE,1647586099547,1647586099851,4,1647586099851,46,4,10,0,0,0,ELT003#
DEVICE,1647586099579,1647586099883,4,1647586099883,49,4,10,0,0,0,ELT003#
DEVICE,1647586099611,1647586099915,4,1647586099915,45,4,10,0,0,0,ELT003#
DEVICE,1647586099643,1647586099947,4,1647586099947,47,4,10,0,0,0,ELT003#
DEVICE,1647586099675,1647586099979,4,1647586099979,47,4,10,0,0,0,ELT003#
DEVICE,1647586099707,1647586100011,4,1647586100011,47,4,10,0,0,0,ELT003#
DEVICE,1647586099739,1647586100043,4,1647586100043,47,4,10,0,0,0,ELT003#
DEVICE,1647586099771,1647586100075,4,1647586100075,45,4,10,0,0,0,ELT003#
DEVICE,1647586099803,1647586100107,4,1647586100107,49,4,10,0,0,0,ELT003#
DEVICE,1647586099835,1647586100139,4,1647586100139,48,4,10,0,0,0,ELT003#
DEVICE,1647586099867,1647586100171,4,1647586100171,48,4,10,0,0,0,ELT003#
DEVICE,1647586099899,1647586100203,4,1647586100203,44,4,10,0,0,0,ELT003#
DEVICE,1647586099931,1647586100235,4,1647586100235,47,4,10,0,0,0,ELT003#
DEVICE,1647586099963,1647586100267,4,1647586100267,45,4,10,0,0,0,ELT003#
DEVICE,1647586099995,1647586100299,4,1647586100299,49,4,10,0,0,0,ELT003#
DEVICE,1647586100027,1647586100331,4,1647586100331,47,4,10,0,0,0,ELT003#
DEVICE,1647586100059,1647586100363,4,1647586100363,46,4,10,0,0,0,ELT003#
DEVICE,1647586100091,1647586100395,4,1647586100395,47,4,10,0,0,0,ELT003#
