DeviceName,PTPTime,UnixTime,protocool,CurrentDeviceTime,DistanceMM,DistanceCM,Weight,Count,DistanceADC,WeightADC,DeviceName(Current)
DEVICE,1648187095001,1648187096462,4,1648187096462,53,5,10,0,0,0,ELT003#
DEVICE,1648187095032,1648187096493,4,1648187096493,54,5,10,0,0,0,ELT003#
DEVICE,1648187107894,1648187109355,4,1648187109355,55,5,10,0,0,0,ELT003#
DEVICE,1648187107925,1648187109386,4,1648187109386,55,5,10,0,0,0,ELT003#
DEVICE,1648187107957,1648187109418,4,1648187109418,52,5,10,0,0,0,ELT003#
DEVICE,1648187107989,1648187109450,4,1648187109450,53,5,10,0,0,0,ELT003#
DEVICE,1648187108021,1648187109482,4,1648187109482,52,5,10,0,0,0,ELT003#
DEVICE,1648187108053,1648187109514,4,1648187109514,52,5,10,0,0,0,ELT003#
DEVICE,1648187108085,1648187109546,4,1648187109546,53,5,10,0,0,0,ELT003#
DEVICE,1648187108117,1648187109578,4,1648187109578,49,4,10,0,0,0,ELT003#
DEVICE,1648187108149,1648187109610,4,1648187109610,54,5,10,0,0,0,ELT003#
DEVICE,1648187108181,1648187109642,4,1648187109642,55,5,10,0,0,0,ELT003#
DEVICE,1648187108213,1648187109674,4,1648187109674,57,5,10,0,0,0,ELT003#
DEVICE,1648187108245,1648187109706,4,1648187109706,52,5,10,0,0,0,ELT003#
DEVICE,1648187108277,1648187109738,4,1648187109738,54,5,10,0,0,0,ELT003#
DEVICE,1648187108310,1648187109771,4,1648187109771,53,5,10,0,0,0,ELT003#
DEVICE,1648187108341,1648187109802,4,1648187109802,52,5,10,0,0,0,ELT003#
DEVICE,1648187108373,1648187109834,4,1648187109834,52,5,10,0,0,0,ELT003#
DEVICE,1648187108405,1648187109866,4,1648187109866,53,5,10,0,0,0,ELT003#
DEVICE,1648187108437,1648187109898,4,1648187109898,55,5,10,0,0,0,ELT003#
DEVICE,1648187108469,1648187109930,4,1648187109930,53,5,10,0,0,0,ELT003#
DEVICE,1648187108501,1648187109962,4,1648187109962,53,5,10,0,0,0,ELT003#
DEVICE,1648187108533,1648187109994,4,1648187109994,53,5,10,0,0,0,ELT003#
DEVICE,1648187108566,1648187110027,4,1648187110027,54,5,10,0,0,0,ELT003#
DEVICE,1648187108597,1648187110058,4,1648187110058,51,5,10,0,0,0,ELT003#
DEVICE,1648187108630,1648187110091,4,1648187110091,53,5,10,0,0,0,ELT003#
DEVICE,1648187108661,1648187110122,4,1648187110122,52,5,10,0,0,0,ELT003#
DEVICE,1648187108693,1648187110154,4,1648187110154,53,5,10,0,0,0,ELT003#
DEVICE,1648187108725,1648187110186,4,1648187110186,53,5,10,0,0,0,ELT003#
DEVICE,1648187108757,1648187110218,4,1648187110218,55,5,10,0,0,0,ELT003#
DEVICE,1648187108789,1648187110250,4,1648187110250,52,5,10,0,0,0,ELT003#
DEVICE,1648187108823,1648187110284,4,1648187110284,52,5,10,0,0,0,ELT003#
DEVICE,1648187108853,1648187110314,4,1648187110314,54,5,10,0,0,0,ELT003#
DEVICE,1648187108885,1648187110346,4,1648187110346,54,5,10,0,0,0,ELT003#
DEVICE,1648187108916,1648187110377,4,1648187110377,52,5,10,0,0,0,ELT003#
DEVICE,1648187108949,1648187110410,4,1648187110410,54,5,10,0,0,0,ELT003#
DEVICE,1648187108981,1648187110442,4,1648187110442,54,5,10,0,0,0,ELT003#
DEVICE,1648187109013,1648187110474,4,1648187110474,53,5,10,0,0,0,ELT003#
DEVICE,1648187109045,1648187110506,4,1648187110506,51,5,10,0,0,0,ELT003#
DEVICE,1648187109077,1648187110538,4,1648187110538,52,5,10,0,0,0,ELT003#
DEVICE,1648187109109,1648187110570,4,1648187110570,52,5,10,0,0,0,ELT003#
DEVICE,1648187109141,1648187110602,4,1648187110602,54,5,10,0,0,0,ELT003#
DEVICE,1648187109173,1648187110634,4,1648187110634,53,5,10,0,0,0,ELT003#
DEVICE,1648187109205,1648187110666,4,1648187110666,54,5,10,0,0,0,ELT003#
DEVICE,1648187109237,1648187110698,4,1648187110698,54,5,10,0,0,0,ELT003#
DEVICE,1648187109269,1648187110730,4,1648187110730,51,5,10,0,0,0,ELT003#
DEVICE,1648187109301,1648187110762,4,1648187110762,55,5,10,0,0,0,ELT003#
DEVICE,1648187109316,1648187110777,4,1648187110777,52,5,10,0,0,0,ELT003#
DEVICE,1648187109349,1648187110810,4,1648187110810,52,5,10,0,0,0,ELT003#
DEVICE,1648187109381,1648187110842,4,1648187110842,53,5,10,0,0,0,ELT003#
DEVICE,1648187109413,1648187110874,4,1648187110874,52,5,10,0,0,0,ELT003#
DEVICE,1648187109445,1648187110906,4,1648187110906,54,5,10,0,0,0,ELT003#
DEVICE,1648187109477,1648187110938,4,1648187110938,55,5,10,0,0,0,ELT003#
DEVICE,1648187109509,1648187110970,4,1648187110970,54,5,10,0,0,0,ELT003#
DEVICE,1648187109541,1648187111002,4,1648187111002,52,5,10,0,0,0,ELT003#
DEVICE,1648187109573,1648187111034,4,1648187111034,53,5,10,0,0,0,ELT003#
DEVICE,1648187109605,1648187111066,4,1648187111066,52,5,10,0,0,0,ELT003#
DEVICE,1648187109636,1648187111097,4,1648187111097,52,5,10,0,0,0,ELT003#
DEVICE,1648187109668,1648187111129,4,1648187111129,54,5,10,0,0,0,ELT003#
DEVICE,1648187109700,1648187111161,4,1648187111161,52,5,10,0,0,0,ELT003#
DEVICE,1648187109732,1648187111193,4,1648187111193,54,5,10,0,0,0,ELT003#
DEVICE,1648187109764,1648187111225,4,1648187111225,53,5,10,0,0,0,ELT003#
DEVICE,1648187109796,1648187111257,4,1648187111257,54,5,10,0,0,0,ELT003#
DEVICE,1648187109828,1648187111289,4,1648187111289,51,5,10,0,0,0,ELT003#
DEVICE,1648187109860,1648187111321,4,1648187111321,52,5,10,0,0,0,ELT003#
DEVICE,1648187109892,1648187111353,4,1648187111353,51,5,10,0,0,0,ELT003#
DEVICE,1648187109924,1648187111385,4,1648187111385,54,5,10,0,0,0,ELT003#
DEVICE,1648187109956,1648187111417,4,1648187111417,54,5,10,0,0,0,ELT003#
DEVICE,1648187109988,1648187111449,4,1648187111449,51,5,10,0,0,0,ELT003#
DEVICE,1648187110020,1648187111481,4,1648187111481,54,5,10,0,0,0,ELT003#
DEVICE,1648187110052,1648187111513,4,1648187111513,53,5,10,0,0,0,ELT003#
DEVICE,1648187110084,1648187111545,4,1648187111545,50,5,10,0,0,0,ELT003#
DEVICE,1648187110116,1648187111577,4,1648187111577,54,5,10,0,0,0,ELT003#
DEVICE,1648187110148,1648187111609,4,1648187111609,56,5,10,0,0,0,ELT003#
DEVICE,1648187110180,1648187111641,4,1648187111641,54,5,10,0,0,0,ELT003#
DEVICE,1648187110212,1648187111673,4,1648187111673,52,5,10,0,0,0,ELT003#
DEVICE,1648187110244,1648187111705,4,1648187111705,54,5,10,0,0,0,ELT003#
DEVICE,1648187110276,1648187111737,4,1648187111737,51,5,10,0,0,0,ELT003#
DEVICE,1648187110308,1648187111769,4,1648187111769,51,5,10,0,0,0,ELT003#
DEVICE,1648187110340,1648187111801,4,1648187111801,52,5,10,0,0,0,ELT003#
DEVICE,1648187110372,1648187111833,4,1648187111833,53,5,10,0,0,0,ELT003#
DEVICE,1648187110404,1648187111865,4,1648187111865,54,5,10,0,0,0,ELT003#
DEVICE,1648187110436,1648187111897,4,1648187111897,52,5,10,0,0,0,ELT003#
DEVICE,1648187110468,1648187111929,4,1648187111929,52,5,10,0,0,0,ELT003#
DEVICE,1648187110500,1648187111961,4,1648187111961,52,5,10,0,0,0,ELT003#
DEVICE,1648187110532,1648187111993,4,1648187111993,52,5,10,0,0,0,ELT003#
DEVICE,1648187110564,1648187112025,4,1648187112025,52,5,10,0,0,0,ELT003#
DEVICE,1648187110596,1648187112057,4,1648187112057,52,5,10,0,0,0,ELT003#
DEVICE,1648187110628,1648187112089,4,1648187112089,54,5,10,0,0,0,ELT003#
DEVICE,1648187110660,1648187112121,4,1648187112121,52,5,10,0,0,0,ELT003#
DEVICE,1648187110692,1648187112153,4,1648187112153,55,5,10,0,0,0,ELT003#
DEVICE,1648187110724,1648187112185,4,1648187112185,51,5,10,0,0,0,ELT003#
DEVICE,1648187110756,1648187112217,4,1648187112217,53,5,10,0,0,0,ELT003#
DEVICE,1648187110788,1648187112249,4,1648187112249,50,5,10,0,0,0,ELT003#
DEVICE,1648187110820,1648187112281,4,1648187112281,57,5,10,0,0,0,ELT003#
DEVICE,1648187110852,1648187112313,4,1648187112313,53,5,10,0,0,0,ELT003#
DEVICE,1648187110884,1648187112345,4,1648187112345,53,5,10,0,0,0,ELT003#
DEVICE,1648187110916,1648187112377,4,1648187112377,53,5,10,0,0,0,ELT003#
DEVICE,1648187110948,1648187112409,4,1648187112409,53,5,10,0,0,0,ELT003#
DEVICE,1648187110980,1648187112441,4,1648187112441,53,5,10,0,0,0,ELT003#
DEVICE,1648187111012,1648187112473,4,1648187112473,52,5,10,0,0,0,ELT003#
DEVICE,1648187111044,1648187112505,4,1648187112505,54,5,10,0,0,0,ELT003#
DEVICE,1648187111060,1648187112521,4,1648187112521,52,5,10,0,0,0,ELT003#
DEVICE,1648187111092,1648187112553,4,1648187112553,55,5,10,0,0,0,ELT003#
DEVICE,1648187111124,1648187112585,4,1648187112585,54,5,10,0,0,0,ELT003#
DEVICE,1648187111156,1648187112617,4,1648187112617,55,5,10,0,0,0,ELT003#
