Device,PTPTime,UnixTime,Protocool,CurrentDeviceTime,GyroX,GyroY,GyroZ,AccX,AccY,AccZ
AIRPOT,1648115626807,1648115627424,4,0,0.065,0.325,-0.944,-0.039,-0.044,0.015
AIRPOT,1648115626852,1648115627469,4,0,0.041,0.331,-0.943,-0.022,0.011,-0.010
AIRPOT,1648115626888,1648115627505,4,0,0.021,0.334,-0.942,-0.011,0.046,-0.014
AIRPOT,1648115626947,1648115627564,4,0,0.007,0.333,-0.943,-0.003,0.074,-0.022
AIRPOT,1648115626967,1648115627584,4,0,0.002,0.331,-0.944,0.007,0.063,-0.013
AIRPOT,1648115627011,1648115627628,4,0,0.004,0.329,-0.944,0.002,0.045,0.009
AIRPOT,1648115627048,1648115627665,4,0,0.008,0.327,-0.945,0.009,0.043,0.003
AIRPOT,1648115627091,1648115627708,4,0,0.016,0.327,-0.945,0.008,0.047,0.004
AIRPOT,1648115627131,1648115627748,4,0,0.029,0.326,-0.945,0.018,0.052,-0.019
AIRPOT,1648115627172,1648115627789,4,0,0.049,0.323,-0.945,0.010,0.002,0.008
AIRPOT,1648115627206,1648115627823,4,0,0.068,0.321,-0.944,0.002,-0.020,0.021
AIRPOT,1648115627250,1648115627867,4,0,0.083,0.319,-0.944,0.004,-0.032,0.022
AIRPOT,1648115627287,1648115627904,4,0,0.093,0.317,-0.944,0.007,-0.032,0.012
AIRPOT,1648115627331,1648115627948,4,0,0.099,0.314,-0.944,0.009,-0.026,0.008
AIRPOT,1648115627371,1648115627988,4,0,0.102,0.313,-0.944,0.005,-0.023,0.006
AIRPOT,1648115627412,1648115628029,4,0,0.103,0.311,-0.945,0.006,-0.020,0.003
AIRPOT,1648115627446,1648115628063,4,0,0.102,0.309,-0.945,0.006,-0.014,0.001
AIRPOT,1648115627493,1648115628110,4,0,0.101,0.307,-0.946,0.005,-0.010,-0.001
AIRPOT,1648115627510,1648115628127,4,0,0.101,0.305,-0.947,0.007,-0.007,-0.004
AIRPOT,1648115627558,1648115628175,4,0,0.100,0.304,-0.947,0.003,-0.016,0.002
AIRPOT,1648115627607,1648115628224,4,0,0.099,0.302,-0.948,0.000,-0.015,0.000
AIRPOT,1648115627668,1648115628285,4,0,0.097,0.299,-0.949,-0.001,-0.013,-0.002
AIRPOT,1648115627688,1648115628305,4,0,0.094,0.297,-0.950,-0.005,-0.009,-0.004
AIRPOT,1648115627732,1648115628349,4,0,0.091,0.296,-0.951,-0.002,-0.021,-0.016
AIRPOT,1648115627748,1648115628365,4,0,0.090,0.295,-0.951,-0.014,-0.072,-0.010
AIRPOT,1648115627827,1648115628444,4,0,0.084,0.295,-0.952,-0.023,-0.064,0.010
AIRPOT,1648115627852,1648115628469,4,0,0.073,0.294,-0.953,-0.022,-0.019,0.003
AIRPOT,1648115627881,1648115628498,4,0,0.061,0.294,-0.954,-0.003,0.003,-0.010
AIRPOT,1648115627926,1648115628543,4,0,0.052,0.290,-0.955,0.000,-0.001,-0.016
AIRPOT,1648115627972,1648115628589,4,0,0.045,0.280,-0.959,-0.007,0.007,-0.018
AIRPOT,1648115628008,1648115628625,4,0,0.038,0.263,-0.964,-0.003,0.027,-0.014
AIRPOT,1648115628069,1648115628686,4,0,0.032,0.244,-0.969,0.003,0.047,0.001
AIRPOT,1648115628092,1648115628709,4,0,0.030,0.226,-0.974,0.007,0.030,0.011
AIRPOT,1648115628153,1648115628770,4,0,0.029,0.212,-0.977,0.004,0.034,0.018
AIRPOT,1648115628214,1648115628831,4,0,0.029,0.188,-0.982,-0.007,0.058,0.030
AIRPOT,1648115628232,1648115628849,4,0,0.028,0.178,-0.984,-0.008,0.053,0.022
AIRPOT,1648115628307,1648115628924,4,0,0.027,0.169,-0.985,-0.004,0.052,0.002
AIRPOT,1648115628334,1648115628951,4,0,0.027,0.161,-0.987,-0.007,0.047,0.000
AIRPOT,1648115628367,1648115628984,4,0,0.026,0.152,-0.988,-0.007,0.029,-0.012
AIRPOT,1648115628454,1648115629071,4,0,0.026,0.134,-0.991,-0.016,0.006,0.012
AIRPOT,1648115628489,1648115629106,4,0,0.024,0.124,-0.992,-0.008,-0.008,-0.021
AIRPOT,1648115628532,1648115629149,4,0,0.022,0.115,-0.993,-0.022,0.004,0.010
AIRPOT,1648115628572,1648115629189,4,0,0.019,0.105,-0.994,-0.023,0.001,-0.024
AIRPOT,1648115628597,1648115629214,4,0,0.018,0.092,-0.996,-0.016,0.007,-0.015
AIRPOT,1648115628647,1648115629264,4,0,0.018,0.077,-0.997,-0.022,0.005,-0.014
AIRPOT,1648115628707,1648115629324,4,0,0.021,0.057,-0.998,-0.025,-0.019,0.008
AIRPOT,1648115628717,1648115629334,4,0,0.031,0.033,-0.999,-0.044,-0.008,0.029
AIRPOT,1648115628784,1648115629401,4,0,0.041,0.009,-0.999,0.071,0.296,-0.076
AIRPOT,1648115628810,1648115629427,4,0,0.048,0.001,-0.999,0.078,0.010,-0.044
AIRPOT,1648115628839,1648115629456,4,0,0.064,0.005,-0.998,0.027,-0.010,0.040
AIRPOT,1648115628872,1648115629489,4,0,0.071,0.015,-0.997,0.012,-0.005,0.050
AIRPOT,1648115628931,1648115629548,4,0,0.070,0.020,-0.997,0.042,-0.001,0.004
AIRPOT,1648115628998,1648115629615,4,0,0.070,0.019,-0.997,0.021,-0.008,0.050
AIRPOT,1648115629028,1648115629645,4,0,0.069,0.021,-0.997,0.028,-0.029,-0.010
AIRPOT,1648115629080,1648115629697,4,0,0.072,0.026,-0.997,0.015,-0.032,0.019
AIRPOT,1648115629113,1648115629730,4,0,0.074,0.023,-0.997,0.008,-0.049,0.044
AIRPOT,1648115629159,1648115629776,4,0,0.073,0.014,-0.997,0.016,-0.071,0.016
AIRPOT,1648115629187,1648115629804,4,0,0.070,0.002,-0.998,0.018,-0.058,0.008
AIRPOT,1648115629242,1648115629859,4,0,0.065,-0.010,-0.998,0.026,-0.047,0.001
AIRPOT,1648115629295,1648115629912,4,0,0.058,-0.021,-0.998,0.036,-0.050,-0.014
AIRPOT,1648115629329,1648115629946,4,0,0.054,-0.032,-0.998,0.055,-0.050,-0.055
AIRPOT,1648115629367,1648115629984,4,0,0.053,-0.043,-0.998,0.047,-0.048,-0.017
AIRPOT,1648115629415,1648115630032,4,0,0.053,-0.053,-0.997,0.052,-0.069,-0.013
AIRPOT,1648115629428,1648115630045,4,0,0.054,-0.064,-0.997,0.047,-0.085,0.026
AIRPOT,1648115629479,1648115630096,4,0,0.053,-0.073,-0.996,0.036,-0.088,0.044
AIRPOT,1648115629507,1648115630124,4,0,0.050,-0.082,-0.995,0.036,-0.107,0.004
AIRPOT,1648115629567,1648115630184,4,0,0.049,-0.091,-0.995,0.024,-0.111,0.021
AIRPOT,1648115629591,1648115630208,4,0,0.047,-0.099,-0.994,0.012,-0.131,0.007
AIRPOT,1648115629638,1648115630255,4,0,0.046,-0.105,-0.993,0.006,-0.108,0.008
AIRPOT,1648115629687,1648115630304,4,0,0.043,-0.110,-0.993,0.010,-0.092,-0.012
AIRPOT,1648115629719,1648115630336,4,0,0.042,-0.116,-0.992,-0.003,-0.057,-0.003
AIRPOT,1648115629748,1648115630365,4,0,0.040,-0.122,-0.992,0.001,-0.081,-0.110
AIRPOT,1648115629799,1648115630416,4,0,0.043,-0.126,-0.991,-0.015,-0.012,-0.009
AIRPOT,1648115629829,1648115630446,4,0,0.048,-0.131,-0.990,-0.042,0.003,0.103
AIRPOT,1648115629878,1648115630495,4,0,0.047,-0.136,-0.990,-0.038,0.002,0.047
AIRPOT,1648115629930,1648115630547,4,0,0.047,-0.138,-0.989,-0.036,0.004,0.009
AIRPOT,1648115629971,1648115630588,4,0,0.048,-0.135,-0.990,-0.032,0.005,-0.014
AIRPOT,1648115629988,1648115630605,4,0,0.051,-0.130,-0.990,-0.034,0.027,-0.001
AIRPOT,1648115630039,1648115630656,4,0,0.053,-0.124,-0.991,-0.032,0.007,0.037
AIRPOT,1648115630070,1648115630687,4,0,0.048,-0.118,-0.992,-0.046,-0.057,0.113
AIRPOT,1648115630119,1648115630736,4,0,0.025,-0.111,-0.994,-0.042,-0.092,0.119
AIRPOT,1648115630149,1648115630766,4,0,-0.016,-0.101,-0.995,-0.058,-0.104,0.133
AIRPOT,1648115630199,1648115630816,4,0,-0.077,-0.093,-0.993,-0.084,-0.057,0.095
AIRPOT,1648115630229,1648115630846,4,0,-0.149,-0.085,-0.985,-0.073,0.055,0.015
AIRPOT,1648115630280,1648115630897,4,0,-0.214,-0.078,-0.974,-0.025,0.095,-0.083
AIRPOT,1648115630308,1648115630925,4,0,-0.260,-0.071,-0.963,0.020,0.263,-0.171
AIRPOT,1648115630363,1648115630980,4,0,-0.275,-0.051,-0.960,0.081,0.262,-0.245
AIRPOT,1648115630387,1648115631004,4,0,-0.251,-0.018,-0.968,0.042,0.180,-0.135
AIRPOT,1648115630439,1648115631056,4,0,-0.203,0.019,-0.979,-0.004,0.107,-0.008
AIRPOT,1648115630468,1648115631085,4,0,-0.149,0.052,-0.988,0.002,0.016,0.027
AIRPOT,1648115630519,1648115631136,4,0,-0.097,0.079,-0.992,0.017,-0.027,0.017
AIRPOT,1648115630552,1648115631169,4,0,-0.054,0.096,-0.994,0.076,-0.063,-0.020
AIRPOT,1648115630604,1648115631221,4,0,-0.020,0.099,-0.995,0.087,-0.068,0.021
AIRPOT,1648115630628,1648115631245,4,0,0.000,0.091,-0.996,0.111,-0.103,0.023
AIRPOT,1648115630678,1648115631295,4,0,0.009,0.074,-0.997,0.107,-0.149,0.070
AIRPOT,1648115630707,1648115631324,4,0,0.007,0.051,-0.999,0.106,-0.185,0.066
AIRPOT,1648115630758,1648115631375,4,0,-0.002,0.028,-1.000,0.125,-0.212,-0.007
AIRPOT,1648115630788,1648115631405,4,0,-0.010,0.004,-1.000,0.117,-0.180,-0.135
AIRPOT,1648115630838,1648115631455,4,0,-0.014,-0.014,-1.000,0.151,0.055,-0.061
AIRPOT,1648115630866,1648115631483,4,0,-0.011,-0.021,-1.000,0.159,0.047,-0.172
AIRPOT,1648115630918,1648115631535,4,0,0.006,-0.020,-1.000,0.041,0.146,0.143
AIRPOT,1648115630970,1648115631587,4,0,0.011,-0.017,-1.000,-0.030,0.046,0.092
AIRPOT,1648115631013,1648115631630,4,0,0.013,-0.014,-1.000,-0.073,0.067,-0.017
AIRPOT,1648115631029,1648115631646,4,0,0.018,-0.011,-1.000,-0.140,0.042,-0.065
AIRPOT,1648115631081,1648115631698,4,0,0.026,-0.025,-0.999,-0.179,0.028,-0.118
AIRPOT,1648115631108,1648115631725,4,0,0.039,-0.055,-0.998,-0.161,0.023,-0.122
AIRPOT,1648115631158,1648115631775,4,0,0.058,-0.094,-0.994,-0.135,-0.035,-0.040
AIRPOT,1648115631188,1648115631805,4,0,0.083,-0.125,-0.989,-0.133,-0.070,0.092
AIRPOT,1648115631238,1648115631855,4,0,0.103,-0.139,-0.985,-0.105,-0.129,0.159
AIRPOT,1648115631268,1648115631885,4,0,0.116,-0.137,-0.984,-0.078,-0.151,0.177
AIRPOT,1648115631322,1648115631939,4,0,0.123,-0.121,-0.985,-0.046,-0.174,0.119
AIRPOT,1648115631368,1648115631985,4,0,0.125,-0.095,-0.988,-0.039,-0.152,0.085
AIRPOT,1648115631407,1648115632024,4,0,0.121,-0.066,-0.990,-0.015,-0.103,0.029
AIRPOT,1648115631456,1648115632073,4,0,0.113,-0.039,-0.993,-0.005,-0.040,0.005
AIRPOT,1648115631487,1648115632104,4,0,0.105,-0.016,-0.994,-0.000,-0.006,-0.023
AIRPOT,1648115631527,1648115632144,4,0,0.098,0.005,-0.995,-0.001,-0.047,-0.010
AIRPOT,1648115631589,1648115632206,4,0,0.094,0.031,-0.995,-0.013,-0.056,0.044
AIRPOT,1648115631639,1648115632256,4,0,0.092,0.045,-0.995,-0.004,-0.072,0.009
AIRPOT,1648115631669,1648115632286,4,0,0.091,0.058,-0.994,-0.006,-0.040,0.023
AIRPOT,1648115631718,1648115632335,4,0,0.087,0.066,-0.994,0.024,0.008,-0.109
AIRPOT,1648115631749,1648115632366,4,0,0.085,0.078,-0.993,0.070,0.021,-0.353
AIRPOT,1648115631798,1648115632415,4,0,0.094,0.093,-0.991,0.028,0.099,-0.113
AIRPOT,1648115631832,1648115632449,4,0,0.101,0.106,-0.989,0.013,0.132,0.093
AIRPOT,1648115631890,1648115632507,4,0,0.100,0.120,-0.988,0.006,0.106,0.131
AIRPOT,1648115631959,1648115632576,4,0,0.085,0.131,-0.988,0.046,0.101,-0.057
AIRPOT,1648115631989,1648115632606,4,0,0.084,0.133,-0.987,0.003,0.047,-0.037
AIRPOT,1648115632040,1648115632657,4,0,0.082,0.143,-0.986,-0.010,-0.062,0.023
AIRPOT,1648115632068,1648115632685,4,0,0.077,0.154,-0.985,0.031,-0.030,0.042
AIRPOT,1648115632118,1648115632735,4,0,0.074,0.165,-0.984,0.036,-0.047,0.110
AIRPOT,1648115632148,1648115632765,4,0,0.070,0.174,-0.982,0.046,-0.029,0.084
AIRPOT,1648115632198,1648115632815,4,0,0.064,0.182,-0.981,-0.008,0.102,0.103
AIRPOT,1648115632231,1648115632848,4,0,0.058,0.197,-0.979,0.028,0.103,-0.018
AIRPOT,1648115632279,1648115632896,4,0,0.060,0.212,-0.975,0.004,0.031,0.076
AIRPOT,1648115632307,1648115632924,4,0,0.056,0.224,-0.973,0.005,-0.108,-0.174
AIRPOT,1648115632358,1648115632975,4,0,0.059,0.239,-0.969,-0.114,0.002,0.067
AIRPOT,1648115632386,1648115633003,4,0,0.047,0.242,-0.969,-0.152,-0.079,-0.069
AIRPOT,1648115632456,1648115633073,4,0,0.033,0.241,-0.970,-0.198,-0.050,-0.072
AIRPOT,1648115632469,1648115633086,4,0,0.020,0.246,-0.969,-0.197,-0.073,-0.055
AIRPOT,1648115632519,1648115633136,4,0,0.009,0.254,-0.967,-0.155,-0.107,-0.079
AIRPOT,1648115632568,1648115633185,4,0,0.003,0.260,-0.966,-0.126,-0.149,-0.008
AIRPOT,1648115632615,1648115633232,4,0,-0.002,0.260,-0.966,-0.105,-0.175,0.038
AIRPOT,1648115632628,1648115633245,4,0,-0.008,0.258,-0.966,-0.102,-0.135,0.030
AIRPOT,1648115632678,1648115633295,4,0,-0.015,0.259,-0.966,-0.055,-0.019,-0.009
AIRPOT,1648115632695,1648115633312,4,0,-0.011,0.265,-0.964,-0.041,0.011,-0.007
AIRPOT,1648115632759,1648115633376,4,0,-0.003,0.266,-0.964,-0.084,-0.068,0.064
AIRPOT,1648115632776,1648115633393,4,0,-0.003,0.258,-0.966,-0.131,-0.068,0.091
AIRPOT,1648115632840,1648115633457,4,0,-0.016,0.250,-0.968,-0.049,-0.003,-0.180
AIRPOT,1648115632868,1648115633485,4,0,-0.016,0.240,-0.971,-0.055,0.041,-0.000
AIRPOT,1648115632917,1648115633534,4,0,-0.004,0.229,-0.973,0.010,0.164,-0.184
AIRPOT,1648115632947,1648115633564,4,0,0.029,0.216,-0.976,0.057,-0.177,-0.207
AIRPOT,1648115633014,1648115633631,4,0,0.077,0.133,-0.988,-0.049,-0.051,-0.009
AIRPOT,1648115633078,1648115633695,4,0,0.070,0.086,-0.994,0.104,0.303,-0.027
AIRPOT,1648115633095,1648115633712,4,0,0.079,0.051,-0.996,0.128,0.307,0.044
AIRPOT,1648115633168,1648115633785,4,0,0.104,0.044,-0.994,0.028,0.173,0.178
AIRPOT,1648115633190,1648115633807,4,0,0.122,0.076,-0.990,0.082,-0.079,0.021
AIRPOT,1648115633239,1648115633856,4,0,0.153,0.124,-0.980,0.079,-0.184,0.073
AIRPOT,1648115633252,1648115633869,4,0,0.186,0.146,-0.972,-0.053,-0.044,0.175
AIRPOT,1648115633319,1648115633936,4,0,0.219,0.147,-0.965,-0.188,-0.123,0.320
AIRPOT,1648115633349,1648115633966,4,0,0.245,0.135,-0.960,-0.303,-0.353,0.217
AIRPOT,1648115633399,1648115634016,4,0,0.262,0.124,-0.957,-0.475,-0.603,0.082
AIRPOT,1648115633429,1648115634046,4,0,0.254,0.143,-0.957,-0.336,-0.550,-0.223
AIRPOT,1648115633480,1648115634097,4,0,0.244,0.180,-0.953,-0.137,-0.330,-0.152
AIRPOT,1648115633507,1648115634124,4,0,0.230,0.207,-0.951,-0.247,-0.282,0.085
AIRPOT,1648115633559,1648115634176,4,0,0.184,0.219,-0.958,-0.480,0.090,0.207
AIRPOT,1648115633573,1648115634190,4,0,0.108,0.221,-0.969,-0.286,0.258,0.115
AIRPOT,1648115633639,1648115634256,4,0,0.052,0.206,-0.977,-0.198,0.162,0.142
AIRPOT,1648115633654,1648115634271,4,0,0.009,0.185,-0.983,-0.151,0.065,0.082
AIRPOT,1648115633722,1648115634339,4,0,-0.030,0.173,-0.984,-0.180,-0.022,-0.027
AIRPOT,1648115633749,1648115634366,4,0,-0.065,0.153,-0.986,-0.348,-0.058,0.085
AIRPOT,1648115633797,1648115634414,4,0,-0.110,0.130,-0.985,-0.420,-0.067,-0.027
AIRPOT,1648115633829,1648115634446,4,0,-0.146,0.113,-0.983,-0.440,0.073,-0.110
AIRPOT,1648115633879,1648115634496,4,0,-0.179,0.080,-0.981,-0.353,0.122,-0.145
AIRPOT,1648115633910,1648115634527,4,0,-0.201,0.059,-0.978,-0.238,0.228,-0.109
AIRPOT,1648115633959,1648115634576,4,0,-0.219,0.033,-0.975,-0.128,0.298,-0.056
AIRPOT,1648115633988,1648115634605,4,0,-0.241,0.006,-0.971,-0.108,0.312,-0.094
AIRPOT,1648115634038,1648115634655,4,0,-0.269,-0.032,-0.963,-0.098,0.351,-0.215
AIRPOT,1648115634067,1648115634684,4,0,-0.297,-0.084,-0.951,-0.035,0.341,-0.411
AIRPOT,1648115634119,1648115634736,4,0,-0.309,-0.137,-0.941,-0.005,0.354,-0.423
AIRPOT,1648115634135,1648115634752,4,0,-0.311,-0.182,-0.933,0.034,0.199,-0.381
AIRPOT,1648115634197,1648115634814,4,0,-0.304,-0.224,-0.926,0.083,0.261,-0.259
AIRPOT,1648115634213,1648115634830,4,0,-0.291,-0.262,-0.920,0.083,0.174,-0.208
AIRPOT,1648115634280,1648115634897,4,0,-0.281,-0.295,-0.913,0.049,0.175,-0.213
AIRPOT,1648115634303,1648115634920,4,0,-0.274,-0.329,-0.904,-0.040,0.206,-0.201
AIRPOT,1648115634358,1648115634975,4,0,-0.269,-0.365,-0.891,-0.063,0.048,-0.246
AIRPOT,1648115634376,1648115634993,4,0,-0.254,-0.405,-0.878,-0.044,0.058,-0.220
AIRPOT,1648115634443,1648115635060,4,0,-0.233,-0.440,-0.867,-0.127,-0.027,-0.188
AIRPOT,1648115634469,1648115635086,4,0,-0.214,-0.469,-0.857,-0.181,0.031,-0.223
AIRPOT,1648115634519,1648115635136,4,0,-0.196,-0.491,-0.849,-0.194,0.072,-0.262
AIRPOT,1648115634548,1648115635165,4,0,-0.168,-0.511,-0.843,-0.167,0.062,-0.107
AIRPOT,1648115634597,1648115635214,4,0,-0.137,-0.523,-0.841,-0.139,0.103,0.147
AIRPOT,1648115634628,1648115635245,4,0,-0.106,-0.524,-0.845,-0.059,0.037,0.303
AIRPOT,1648115634692,1648115635309,4,0,-0.072,-0.521,-0.850,-0.024,0.063,0.430
AIRPOT,1648115634699,1648115635316,4,0,-0.041,-0.520,-0.853,-0.025,-0.023,0.453
AIRPOT,1648115634759,1648115635376,4,0,-0.009,-0.526,-0.850,-0.018,-0.230,0.362
AIRPOT,1648115634787,1648115635404,4,0,0.025,-0.542,-0.840,-0.010,-0.230,0.246
AIRPOT,1648115634840,1648115635457,4,0,0.058,-0.561,-0.826,-0.118,-0.198,0.299
AIRPOT,1648115634869,1648115635486,4,0,0.075,-0.583,-0.809,-0.182,-0.076,0.322
AIRPOT,1648115634918,1648115635535,4,0,0.082,-0.602,-0.795,-0.195,-0.422,0.000
AIRPOT,1648115634947,1648115635564,4,0,0.097,-0.625,-0.774,-0.083,-0.256,0.034
AIRPOT,1648115634998,1648115635615,4,0,0.110,-0.639,-0.761,-0.037,-0.128,-0.080
AIRPOT,1648115635013,1648115635630,4,0,0.118,-0.641,-0.758,-0.028,-0.026,-0.052
AIRPOT,1648115635079,1648115635696,4,0,0.123,-0.647,-0.753,-0.018,0.079,-0.004
AIRPOT,1648115635096,1648115635713,4,0,0.131,-0.654,-0.745,0.027,0.163,0.050
AIRPOT,1648115635160,1648115635777,4,0,0.138,-0.658,-0.741,0.001,0.179,0.100
AIRPOT,1648115635174,1648115635791,4,0,0.139,-0.658,-0.740,0.060,0.146,0.077
AIRPOT,1648115635238,1648115635855,4,0,0.142,-0.659,-0.739,0.046,0.076,0.066
AIRPOT,1648115635268,1648115635885,4,0,0.145,-0.659,-0.738,0.032,0.063,0.083
AIRPOT,1648115635319,1648115635936,4,0,0.145,-0.661,-0.736,0.049,0.056,0.026
AIRPOT,1648115635336,1648115635953,4,0,0.144,-0.662,-0.735,0.017,0.055,0.019
AIRPOT,1648115635367,1648115635984,4,0,0.140,-0.662,-0.737,0.030,0.035,-0.024
AIRPOT,1648115635414,1648115636031,4,0,0.140,-0.659,-0.739,0.035,0.012,-0.025
AIRPOT,1648115635479,1648115636096,4,0,0.141,-0.656,-0.742,0.036,0.028,-0.020
AIRPOT,1648115635506,1648115636123,4,0,0.143,-0.651,-0.745,0.046,0.063,-0.014
AIRPOT,1648115635558,1648115636175,4,0,0.140,-0.645,-0.752,0.057,0.100,-0.019
AIRPOT,1648115635574,1648115636191,4,0,0.129,-0.631,-0.765,0.067,0.235,-0.075
AIRPOT,1648115635608,1648115636225,4,0,0.093,-0.600,-0.794,0.113,0.458,-0.224
AIRPOT,1648115635653,1648115636270,4,0,0.040,-0.547,-0.836,0.067,0.454,-0.324
AIRPOT,1648115635723,1648115636340,4,0,0.001,-0.477,-0.879,-0.184,0.305,-0.260
AIRPOT,1648115635748,1648115636365,4,0,-0.019,-0.397,-0.917,-0.306,0.079,-0.178
AIRPOT,1648115635798,1648115636415,4,0,-0.006,-0.320,-0.947,-0.377,-0.124,-0.052
AIRPOT,1648115635828,1648115636445,4,0,0.021,-0.258,-0.966,-0.306,-0.262,0.074
AIRPOT,1648115635894,1648115636511,4,0,0.069,-0.182,-0.981,-0.013,-0.225,0.062
AIRPOT,1648115635929,1648115636546,4,0,0.087,-0.160,-0.983,0.037,-0.185,0.048
AIRPOT,1648115635974,1648115636591,4,0,0.099,-0.143,-0.985,0.110,-0.122,-0.000
AIRPOT,1648115636041,1648115636658,4,0,0.112,-0.125,-0.986,0.103,-0.067,0.040
AIRPOT,1648115636070,1648115636687,4,0,0.120,-0.105,-0.987,0.128,-0.100,0.011
AIRPOT,1648115636088,1648115636705,4,0,0.133,-0.075,-0.988,0.143,-0.145,0.020
AIRPOT,1648115636132,1648115636749,4,0,0.158,-0.026,-0.987,0.160,-0.185,0.032
AIRPOT,1648115636169,1648115636786,4,0,0.186,0.041,-0.982,0.174,-0.150,0.079
AIRPOT,1648115636212,1648115636829,4,0,0.195,0.087,-0.977,0.195,-0.128,0.066
AIRPOT,1648115636282,1648115636899,4,0,0.190,0.102,-0.976,0.121,0.009,0.017
AIRPOT,1648115636309,1648115636926,4,0,0.180,0.103,-0.978,0.054,0.080,0.008
AIRPOT,1648115636328,1648115636945,4,0,0.175,0.113,-0.978,0.012,-0.013,-0.233
AIRPOT,1648115636372,1648115636989,4,0,0.186,0.135,-0.973,-0.161,0.161,0.194
AIRPOT,1648115636407,1648115637024,4,0,0.178,0.165,-0.970,-0.301,0.216,0.001
AIRPOT,1648115636452,1648115637069,4,0,0.164,0.188,-0.968,-0.252,0.150,-0.144
AIRPOT,1648115636490,1648115637107,4,0,0.162,0.201,-0.966,-0.233,0.121,-0.105
AIRPOT,1648115636551,1648115637168,4,0,0.162,0.207,-0.965,-0.208,0.068,-0.034
AIRPOT,1648115636597,1648115637214,4,0,0.168,0.206,-0.964,-0.185,0.006,0.002
AIRPOT,1648115636627,1648115637244,4,0,0.170,0.206,-0.964,-0.174,-0.003,0.041
AIRPOT,1648115636648,1648115637265,4,0,0.159,0.208,-0.965,-0.144,-0.017,0.023
AIRPOT,1648115636692,1648115637309,4,0,0.148,0.203,-0.968,-0.138,-0.111,-0.006
AIRPOT,1648115636728,1648115637345,4,0,0.132,0.181,-0.975,-0.188,-0.028,0.002
AIRPOT,1648115636792,1648115637409,4,0,0.110,0.147,-0.983,-0.148,0.054,-0.049
AIRPOT,1648115636811,1648115637428,4,0,0.095,0.108,-0.990,-0.130,0.063,-0.076
AIRPOT,1648115636869,1648115637486,4,0,0.090,0.071,-0.993,-0.111,0.040,-0.037
AIRPOT,1648115636953,1648115637570,4,0,0.099,0.017,-0.995,-0.078,0.010,0.007
AIRPOT,1648115636969,1648115637586,4,0,0.106,-0.000,-0.994,-0.079,0.015,0.037
AIRPOT,1648115637027,1648115637644,4,0,0.107,-0.010,-0.994,-0.053,0.050,0.045
AIRPOT,1648115637048,1648115637665,4,0,0.108,-0.015,-0.994,-0.053,0.050,0.055
AIRPOT,1648115637107,1648115637724,4,0,0.105,-0.015,-0.994,-0.015,-0.005,-0.073
AIRPOT,1648115637160,1648115637777,4,0,0.103,-0.015,-0.995,0.013,-0.017,-0.017
AIRPOT,1648115637186,1648115637803,4,0,0.102,-0.022,-0.995,0.052,0.004,0.014
AIRPOT,1648115637208,1648115637825,4,0,0.104,-0.024,-0.994,0.103,0.040,0.011
AIRPOT,1648115637266,1648115637883,4,0,0.109,-0.011,-0.994,0.146,0.002,0.025
AIRPOT,1648115637294,1648115637911,4,0,0.117,0.016,-0.993,0.098,0.085,0.091
AIRPOT,1648115637334,1648115637951,4,0,0.119,0.057,-0.991,0.147,0.053,0.034
AIRPOT,1648115637371,1648115637988,4,0,0.129,0.103,-0.986,0.095,-0.000,0.041
AIRPOT,1648115637428,1648115638045,4,0,0.138,0.141,-0.980,0.119,-0.001,-0.016
AIRPOT,1648115637448,1648115638065,4,0,0.146,0.166,-0.975,0.115,-0.053,-0.018
AIRPOT,1648115637510,1648115638127,4,0,0.151,0.181,-0.972,0.121,-0.083,-0.022
AIRPOT,1648115637559,1648115638176,4,0,0.154,0.193,-0.969,0.098,-0.068,0.027
AIRPOT,1648115637588,1648115638205,4,0,0.152,0.204,-0.967,0.077,-0.037,0.058
AIRPOT,1648115637639,1648115638256,4,0,0.148,0.217,-0.965,0.091,0.003,0.032
AIRPOT,1648115637666,1648115638283,4,0,0.151,0.229,-0.962,0.110,0.019,-0.003
AIRPOT,1648115637692,1648115638309,4,0,0.157,0.238,-0.959,0.098,0.052,0.025
AIRPOT,1648115637750,1648115638367,4,0,0.162,0.241,-0.957,0.088,0.054,-0.006
AIRPOT,1648115637769,1648115638386,4,0,0.167,0.241,-0.956,0.076,0.043,-0.013
AIRPOT,1648115637813,1648115638430,4,0,0.170,0.238,-0.956,0.037,0.014,0.044
AIRPOT,1648115637847,1648115638464,4,0,0.170,0.236,-0.957,0.015,-0.009,0.023
AIRPOT,1648115637892,1648115638509,4,0,0.168,0.235,-0.957,0.010,-0.027,0.006
AIRPOT,1648115637932,1648115638549,4,0,0.166,0.235,-0.958,0.011,-0.042,-0.000
AIRPOT,1648115637966,1648115638583,4,0,0.165,0.237,-0.957,0.008,-0.032,0.011
AIRPOT,1648115638007,1648115638624,4,0,0.164,0.242,-0.956,0.007,-0.043,0.006
AIRPOT,1648115638052,1648115638669,4,0,0.164,0.248,-0.955,0.005,-0.061,-0.007
AIRPOT,1648115638088,1648115638705,4,0,0.162,0.254,-0.954,0.010,-0.040,-0.014
AIRPOT,1648115638126,1648115638743,4,0,0.159,0.259,-0.953,-0.003,-0.014,0.015
AIRPOT,1648115638171,1648115638788,4,0,0.156,0.262,-0.952,-0.001,0.007,0.006
AIRPOT,1648115638207,1648115638824,4,0,0.155,0.267,-0.951,0.010,0.020,-0.015
AIRPOT,1648115638246,1648115638863,4,0,0.156,0.273,-0.949,0.017,0.016,-0.018
AIRPOT,1648115638290,1648115638907,4,0,0.158,0.278,-0.948,0.026,0.012,-0.029
AIRPOT,1648115638322,1648115638939,4,0,0.160,0.278,-0.947,0.021,0.001,-0.017
AIRPOT,1648115638368,1648115638985,4,0,0.161,0.276,-0.948,0.017,-0.012,-0.001
AIRPOT,1648115638410,1648115639027,4,0,0.161,0.275,-0.948,0.012,-0.025,0.012
AIRPOT,1648115638447,1648115639064,4,0,0.159,0.275,-0.948,-0.004,-0.011,0.023
AIRPOT,1648115638487,1648115639104,4,0,0.157,0.276,-0.948,0.005,-0.004,-0.005
AIRPOT,1648115638532,1648115639149,4,0,0.156,0.278,-0.948,0.003,-0.007,-0.015
AIRPOT,1648115638567,1648115639184,4,0,0.157,0.281,-0.947,0.007,-0.012,-0.010
AIRPOT,1648115638626,1648115639243,4,0,0.158,0.281,-0.946,0.006,-0.014,-0.001
AIRPOT,1648115638692,1648115639309,4,0,0.159,0.283,-0.946,0.004,-0.005,0.006
AIRPOT,1648115638709,1648115639326,4,0,0.159,0.285,-0.945,0.002,0.001,0.004
AIRPOT,1648115638728,1648115639345,4,0,0.159,0.286,-0.945,-0.009,0.002,0.006
AIRPOT,1648115638806,1648115639423,4,0,0.156,0.290,-0.944,-0.007,0.005,0.004
AIRPOT,1648115638853,1648115639470,4,0,0.156,0.291,-0.944,-0.011,0.004,-0.002
AIRPOT,1648115638892,1648115639509,4,0,0.156,0.291,-0.944,-0.014,0.005,-0.002
AIRPOT,1648115638931,1648115639548,4,0,0.155,0.291,-0.944,-0.014,0.004,-0.003
AIRPOT,1648115638969,1648115639586,4,0,0.156,0.291,-0.944,0.001,-0.005,-0.012
AIRPOT,1648115639012,1648115639629,4,0,0.158,0.291,-0.944,0.007,-0.005,-0.004
AIRPOT,1648115639049,1648115639666,4,0,0.159,0.289,-0.944,0.012,-0.008,0.004
AIRPOT,1648115639109,1648115639726,4,0,0.159,0.286,-0.945,0.011,-0.004,0.014
AIRPOT,1648115639132,1648115639749,4,0,0.157,0.286,-0.945,0.000,0.004,0.008
AIRPOT,1648115639174,1648115639791,4,0,0.156,0.286,-0.945,-0.015,0.005,0.009
AIRPOT,1648115639206,1648115639823,4,0,0.154,0.288,-0.945,-0.001,0.004,-0.004
AIRPOT,1648115639253,1648115639870,4,0,0.155,0.289,-0.945,-0.002,0.012,0.005
AIRPOT,1648115639287,1648115639904,4,0,0.156,0.289,-0.945,0.010,0.006,-0.012
AIRPOT,1648115639352,1648115639969,4,0,0.157,0.287,-0.945,-0.001,0.017,0.011
AIRPOT,1648115639371,1648115639988,4,0,0.158,0.284,-0.946,0.000,0.009,0.002
AIRPOT,1648115639431,1648115640048,4,0,0.160,0.283,-0.946,0.006,-0.005,0.005
AIRPOT,1648115639479,1648115640096,4,0,0.161,0.282,-0.946,0.002,-0.011,0.006
AIRPOT,1648115639507,1648115640124,4,0,0.159,0.278,-0.947,0.005,-0.013,0.009
AIRPOT,1648115639589,1648115640206,4,0,0.149,0.272,-0.951,0.012,0.010,-0.010
AIRPOT,1648115639647,1648115640264,4,0,0.147,0.269,-0.952,0.019,0.027,-0.004
AIRPOT,1648115639672,1648115640289,4,0,0.147,0.267,-0.953,0.017,0.018,0.011
AIRPOT,1648115639689,1648115640306,4,0,0.147,0.263,-0.953,0.012,0.017,0.014
AIRPOT,1648115639732,1648115640349,4,0,0.146,0.260,-0.955,0.004,0.010,0.011
AIRPOT,1648115639768,1648115640385,4,0,0.144,0.257,-0.956,-0.006,0.006,0.009
AIRPOT,1648115639827,1648115640444,4,0,0.142,0.255,-0.957,-0.011,0.001,0.000
AIRPOT,1648115639910,1648115640527,4,0,0.142,0.249,-0.958,-0.021,-0.019,-0.006
AIRPOT,1648115639961,1648115640578,4,0,0.142,0.246,-0.959,-0.009,-0.019,-0.013
AIRPOT,1648115639987,1648115640604,4,0,0.143,0.243,-0.959,-0.003,-0.019,0.005
AIRPOT,1648115640011,1648115640628,4,0,0.142,0.240,-0.960,0.002,-0.030,0.014
AIRPOT,1648115640067,1648115640684,4,0,0.137,0.237,-0.962,0.010,-0.080,0.003
AIRPOT,1648115640091,1648115640708,4,0,0.124,0.229,-0.965,-0.024,-0.221,0.016
AIRPOT,1648115640149,1648115640766,4,0,0.093,0.214,-0.972,-0.099,-0.134,-0.004
AIRPOT,1648115640167,1648115640784,4,0,0.057,0.188,-0.981,-0.055,0.118,-0.079
AIRPOT,1648115640212,1648115640829,4,0,0.039,0.157,-0.987,0.007,0.184,-0.050
AIRPOT,1648115640246,1648115640863,4,0,0.039,0.130,-0.991,0.018,0.130,-0.013
AIRPOT,1648115640308,1648115640925,4,0,0.046,0.112,-0.993,0.005,0.060,0.023
AIRPOT,1648115640332,1648115640949,4,0,0.053,0.100,-0.994,0.003,0.019,0.009
AIRPOT,1648115640388,1648115641005,4,0,0.059,0.092,-0.994,-0.001,0.019,0.008
AIRPOT,1648115640412,1648115641029,4,0,0.065,0.087,-0.994,0.009,0.011,0.004
AIRPOT,1648115640452,1648115641069,4,0,0.071,0.082,-0.994,0.014,-0.004,0.021
AIRPOT,1648115640486,1648115641103,4,0,0.075,0.080,-0.994,0.022,0.006,0.021
AIRPOT,1648115640549,1648115641166,4,0,0.078,0.080,-0.994,0.040,-0.019,-0.003
AIRPOT,1648115640570,1648115641187,4,0,0.083,0.081,-0.993,0.028,-0.019,0.009
AIRPOT,1648115640633,1648115641250,4,0,0.086,0.082,-0.993,0.005,-0.021,0.012
AIRPOT,1648115640648,1648115641265,4,0,0.090,0.081,-0.993,-0.006,-0.021,0.015
AIRPOT,1648115640692,1648115641309,4,0,0.091,0.081,-0.993,-0.008,-0.017,0.009
AIRPOT,1648115640727,1648115641344,4,0,0.092,0.082,-0.992,-0.005,-0.012,0.005
AIRPOT,1648115640773,1648115641390,4,0,0.091,0.082,-0.992,-0.003,-0.007,0.006
AIRPOT,1648115640808,1648115641425,4,0,0.089,0.083,-0.993,0.001,0.002,-0.002
AIRPOT,1648115640869,1648115641486,4,0,0.088,0.083,-0.993,0.007,0.001,-0.005
AIRPOT,1648115640886,1648115641503,4,0,0.087,0.083,-0.993,0.005,0.005,-0.002
AIRPOT,1648115640932,1648115641549,4,0,0.086,0.084,-0.993,0.006,0.010,0.001
AIRPOT,1648115640967,1648115641584,4,0,0.086,0.085,-0.993,0.008,0.014,0.001
AIRPOT,1648115641012,1648115641629,4,0,0.087,0.086,-0.992,0.005,0.028,0.002
AIRPOT,1648115641047,1648115641664,4,0,0.089,0.086,-0.992,0.012,0.016,-0.014
AIRPOT,1648115641187,1648115641804,4,0,0.098,0.071,-0.993,-0.023,-0.070,0.016
AIRPOT,1648115641107,1648115641724,4,0,0.094,0.084,-0.992,0.005,-0.005,-0.002
AIRPOT,1648115641127,1648115641744,4,0,0.098,0.082,-0.992,-0.002,-0.022,0.007
AIRPOT,1648115641174,1648115641791,4,0,0.099,0.078,-0.992,-0.006,-0.056,0.022
AIRPOT,1648115641267,1648115641884,4,0,0.091,0.064,-0.994,-0.016,-0.033,0.003
AIRPOT,1648115641290,1648115641907,4,0,0.084,0.057,-0.995,-0.003,0.032,-0.011
AIRPOT,1648115641350,1648115641967,4,0,0.080,0.052,-0.995,0.012,0.040,-0.016
AIRPOT,1648115641367,1648115641984,4,0,0.080,0.047,-0.996,0.009,0.010,-0.001
AIRPOT,1648115641416,1648115642033,4,0,0.079,0.043,-0.996,0.005,0.003,0.006
AIRPOT,1648115641448,1648115642065,4,0,0.078,0.038,-0.996,0.008,0.003,0.007
AIRPOT,1648115641508,1648115642125,4,0,0.076,0.034,-0.997,0.004,-0.005,0.010
AIRPOT,1648115641529,1648115642146,4,0,0.073,0.030,-0.997,0.002,-0.001,0.007
AIRPOT,1648115641572,1648115642189,4,0,0.071,0.028,-0.997,0.002,0.007,-0.005
AIRPOT,1648115641589,1648115642206,4,0,0.071,0.028,-0.997,0.007,0.021,-0.013
AIRPOT,1648115641651,1648115642268,4,0,0.073,0.032,-0.997,0.006,0.039,-0.005
AIRPOT,1648115641687,1648115642304,4,0,0.078,0.040,-0.996,0.011,0.041,-0.003
AIRPOT,1648115641733,1648115642350,4,0,0.083,0.047,-0.995,0.009,0.050,-0.019
AIRPOT,1648115641747,1648115642364,4,0,0.091,0.054,-0.994,0.007,0.121,-0.014
AIRPOT,1648115641831,1648115642448,4,0,0.104,0.068,-0.992,0.023,0.110,-0.013
AIRPOT,1648115641848,1648115642465,4,0,0.125,0.092,-0.988,-0.004,-0.021,0.026
AIRPOT,1648115641892,1648115642509,4,0,0.145,0.121,-0.982,-0.042,-0.089,0.062
AIRPOT,1648115641906,1648115642523,4,0,0.158,0.148,-0.976,-0.022,-0.123,0.022
AIRPOT,1648115641959,1648115642576,4,0,0.166,0.164,-0.972,-0.006,-0.056,-0.012
AIRPOT,1648115642010,1648115642627,4,0,0.169,0.171,-0.971,0.003,-0.026,-0.018
AIRPOT,1648115642052,1648115642669,4,0,0.168,0.174,-0.970,0.001,-0.038,0.009
AIRPOT,1648115642082,1648115642699,4,0,0.163,0.175,-0.971,-0.001,-0.038,0.006
AIRPOT,1648115642125,1648115642742,4,0,0.156,0.177,-0.972,-0.005,-0.009,0.006
AIRPOT,1648115642199,1648115642816,4,0,0.142,0.177,-0.974,-0.005,-0.001,-0.013
AIRPOT,1648115642252,1648115642869,4,0,0.137,0.175,-0.975,-0.005,0.008,-0.011
AIRPOT,1648115642285,1648115642902,4,0,0.135,0.174,-0.976,0.006,0.005,-0.004
AIRPOT,1648115642329,1648115642946,4,0,0.133,0.173,-0.976,0.011,0.003,-0.003
AIRPOT,1648115642371,1648115642988,4,0,0.132,0.173,-0.976,0.015,-0.005,0.008
AIRPOT,1648115642387,1648115643004,4,0,0.129,0.174,-0.976,0.011,-0.017,0.015
AIRPOT,1648115642451,1648115643068,4,0,0.125,0.176,-0.976,-0.002,-0.027,0.019
AIRPOT,1648115642491,1648115643108,4,0,0.119,0.181,-0.976,-0.009,-0.021,0.010
AIRPOT,1648115642518,1648115643135,4,0,0.114,0.190,-0.975,-0.011,-0.035,0.002
AIRPOT,1648115642568,1648115643185,4,0,0.111,0.201,-0.973,-0.009,-0.017,-0.020
AIRPOT,1648115642616,1648115643233,4,0,0.107,0.209,-0.972,-0.022,0.010,-0.003
AIRPOT,1648115642628,1648115643245,4,0,0.103,0.211,-0.972,-0.027,0.028,-0.008
AIRPOT,1648115642705,1648115643322,4,0,0.099,0.213,-0.972,-0.018,0.015,-0.012
AIRPOT,1648115642731,1648115643348,4,0,0.097,0.215,-0.972,-0.016,-0.001,-0.010
AIRPOT,1648115642762,1648115643379,4,0,0.096,0.216,-0.972,-0.012,0.006,-0.003
AIRPOT,1648115642787,1648115643404,4,0,0.094,0.216,-0.972,-0.002,0.017,-0.007
AIRPOT,1648115642840,1648115643457,4,0,0.091,0.214,-0.973,-0.009,0.016,0.010
AIRPOT,1648115642887,1648115643504,4,0,0.089,0.212,-0.973,-0.011,0.010,0.010
AIRPOT,1648115642942,1648115643559,4,0,0.087,0.212,-0.973,-0.009,-0.009,-0.008
AIRPOT,1648115642969,1648115643586,4,0,0.086,0.214,-0.973,-0.017,-0.007,0.005
AIRPOT,1648115643076,1648115643693,4,0,0.086,0.221,-0.972,-0.009,0.016,0.006
AIRPOT,1648115643007,1648115643624,4,0,0.086,0.215,-0.973,-0.011,0.009,0.004
AIRPOT,1648115643029,1648115643646,4,0,0.086,0.218,-0.972,-0.007,0.013,0.007
AIRPOT,1648115643156,1648115643773,4,0,0.085,0.222,-0.971,-0.010,0.013,-0.003
AIRPOT,1648115643187,1648115643804,4,0,0.086,0.221,-0.972,-0.010,0.004,-0.004
AIRPOT,1648115643240,1648115643857,4,0,0.088,0.220,-0.971,-0.010,0.001,0.001
AIRPOT,1648115643288,1648115643905,4,0,0.090,0.220,-0.971,-0.009,-0.000,0.001
AIRPOT,1648115643333,1648115643950,4,0,0.091,0.219,-0.971,-0.006,0.000,-0.002
AIRPOT,1648115643348,1648115643965,4,0,0.093,0.217,-0.972,-0.001,-0.003,-0.003
AIRPOT,1648115643409,1648115644026,4,0,0.094,0.213,-0.972,-0.001,-0.005,-0.002
AIRPOT,1648115643436,1648115644053,4,0,0.095,0.209,-0.973,-0.001,-0.016,0.001
AIRPOT,1648115643477,1648115644094,4,0,0.095,0.206,-0.974,-0.005,-0.020,0.009
AIRPOT,1648115645566,1648115646183,4,0,-0.167,0.319,-0.933,-0.200,0.139,0.012
AIRPOT,1648115645657,1648115646274,4,0,-0.312,0.356,-0.881,0.027,-0.099,-0.048
AIRPOT,1648115645720,1648115646337,4,0,-0.323,0.304,-0.896,0.014,0.007,-0.002
AIRPOT,1648115645883,1648115646500,4,0,-0.301,0.074,-0.951,0.175,-0.050,0.025
AIRPOT,1648115645899,1648115646516,4,0,-0.293,0.045,-0.955,0.180,-0.078,0.013
AIRPOT,1648115645966,1648115646583,4,0,-0.291,0.025,-0.956,0.118,0.039,0.039
AIRPOT,1648115645984,1648115646601,4,0,-0.296,0.021,-0.955,0.054,0.203,-0.035
AIRPOT,1648115646090,1648115646707,4,0,-0.258,0.019,-0.966,0.013,0.351,-0.160
AIRPOT,1648115646227,1648115646844,4,0,-0.070,-0.116,-0.991,-0.157,-0.115,0.179
AIRPOT,1648115646406,1648115647023,4,0,-0.117,-0.155,-0.981,-0.024,-0.048,-0.017
AIRPOT,1648115646436,1648115647053,4,0,-0.132,-0.160,-0.978,-0.216,0.196,0.124
AIRPOT,1648115646489,1648115647106,4,0,-0.150,-0.152,-0.977,0.053,-0.029,-0.197
AIRPOT,1648115646738,1648115647355,4,0,-0.065,-0.158,-0.985,-0.102,-0.163,0.114
AIRPOT,1648115646642,1648115647259,4,0,-0.080,-0.142,-0.987,-0.042,-0.060,0.159
AIRPOT,1648115646585,1648115647202,4,0,-0.103,-0.132,-0.986,0.013,-0.044,0.127
AIRPOT,1648115646886,1648115647503,4,0,-0.047,-0.186,-0.981,-0.061,-0.056,-0.150
AIRPOT,1648115646942,1648115647559,4,0,-0.072,-0.201,-0.977,-0.070,-0.063,-0.062
AIRPOT,1648115646992,1648115647609,4,0,-0.075,-0.212,-0.974,-0.020,-0.058,0.059
AIRPOT,1648115647461,1648115648078,4,0,-0.106,-0.266,-0.958,-0.005,0.154,-0.065
AIRPOT,1648115647094,1648115647711,4,0,-0.095,-0.231,-0.968,0.038,-0.085,0.121
AIRPOT,1648115647166,1648115647783,4,0,-0.097,-0.237,-0.967,-0.044,-0.116,0.049
AIRPOT,1648115647309,1648115647926,4,0,-0.103,-0.249,-0.963,-0.072,-0.073,-0.033
AIRPOT,1648115647757,1648115648374,4,0,-0.138,-0.320,-0.937,-0.043,0.074,-0.056
AIRPOT,1648115647033,1648115647650,4,0,-0.084,-0.222,-0.971,0.035,-0.056,0.064
AIRPOT,1648115647846,1648115648463,4,0,-0.162,-0.315,-0.935,0.042,-0.065,-0.115
AIRPOT,1648115648790,1648115649407,4,0,-0.038,-0.241,-0.970,-0.028,0.140,0.008
AIRPOT,1648115648850,1648115649467,4,0,-0.034,-0.242,-0.970,0.068,0.026,-0.070
AIRPOT,1648115648907,1648115649524,4,0,-0.038,-0.278,-0.960,-0.078,-0.010,0.071
AIRPOT,1648115647999,1648115648616,4,0,-0.182,-0.359,-0.915,-0.030,0.031,0.078
AIRPOT,1648115648663,1648115649280,4,0,-0.057,-0.267,-0.962,0.155,-0.141,-0.036
AIRPOT,1648115648146,1648115648763,4,0,-0.225,-0.361,-0.905,-0.038,-0.066,-0.061
AIRPOT,1648115648187,1648115648804,4,0,-0.230,-0.357,-0.905,-0.055,-0.011,-0.011
AIRPOT,1648115648656,1648115649273,4,0,-0.087,-0.281,-0.956,0.079,-0.169,0.023
AIRPOT,1648115648984,1648115649601,4,0,-0.052,-0.299,-0.953,-0.097,-0.089,0.092
AIRPOT,1648115648984,1648115649601,4,0,-0.068,-0.314,-0.947,-0.082,-0.047,0.075
AIRPOT,1648115648045,1648115648662,4,0,-0.191,-0.367,-0.910,0.047,-0.054,0.034
AIRPOT,1648115648506,1648115649123,4,0,-0.201,-0.311,-0.929,-0.157,-0.079,0.043
AIRPOT,1648115648326,1648115648943,4,0,-0.231,-0.333,-0.914,0.042,0.022,-0.008
AIRPOT,1648115649050,1648115649667,4,0,-0.087,-0.322,-0.943,-0.109,0.034,0.044
AIRPOT,1648115649196,1648115649813,4,0,-0.108,-0.338,-0.935,-0.006,-0.028,-0.038
AIRPOT,1648115649222,1648115649839,4,0,-0.106,-0.343,-0.933,0.050,-0.057,-0.040
AIRPOT,1648115649440,1648115650057,4,0,-0.083,-0.331,-0.940,-0.070,0.064,0.013
AIRPOT,1648115649526,1648115650143,4,0,-0.096,-0.325,-0.941,-0.067,0.048,0.010
AIRPOT,1648115649553,1648115650170,4,0,-0.105,-0.322,-0.941,0.048,-0.042,-0.037
AIRPOT,1648115649765,1648115650382,4,0,-0.090,-0.340,-0.936,0.036,0.044,-0.088
AIRPOT,1648115649675,1648115650292,4,0,-0.101,-0.328,-0.939,-0.045,0.128,-0.045
AIRPOT,1648115649717,1648115650334,4,0,-0.092,-0.326,-0.941,-0.023,-0.091,0.051
AIRPOT,1648115649929,1648115650546,4,0,-0.066,-0.367,-0.928,0.040,0.022,0.043
AIRPOT,1648115650009,1648115650626,4,0,-0.067,-0.381,-0.922,0.033,-0.082,-0.055
AIRPOT,1648115650117,1648115650734,4,0,-0.040,-0.392,-0.919,0.057,-0.020,-0.033
AIRPOT,1648115650170,1648115650787,4,0,-0.025,-0.386,-0.922,0.020,0.058,0.004
AIRPOT,1648115650244,1648115650861,4,0,-0.013,-0.370,-0.929,-0.012,0.030,-0.010
AIRPOT,1648115650351,1648115650968,4,0,-0.003,-0.351,-0.937,-0.070,0.045,0.001
AIRPOT,1648115650431,1648115651048,4,0,0.002,-0.346,-0.938,-0.018,-0.002,-0.055
AIRPOT,1648115650559,1648115651176,4,0,0.030,-0.345,-0.938,0.029,-0.000,-0.033
AIRPOT,1648115650604,1648115651221,4,0,0.040,-0.342,-0.939,0.019,-0.037,-0.005
AIRPOT,1648115650653,1648115651270,4,0,0.048,-0.341,-0.939,0.014,-0.029,0.014
AIRPOT,1648115650730,1648115651347,4,0,0.060,-0.345,-0.937,-0.012,-0.040,0.042
AIRPOT,1648115650808,1648115651425,4,0,0.065,-0.346,-0.936,-0.023,-0.024,0.041
AIRPOT,1648115650887,1648115651504,4,0,0.091,-0.327,-0.941,0.019,-0.022,-0.024
AIRPOT,1648115650963,1648115651580,4,0,0.104,-0.317,-0.943,0.011,-0.020,0.001
AIRPOT,1648115651054,1648115651671,4,0,0.103,-0.313,-0.944,0.013,-0.002,0.004
AIRPOT,1648115651209,1648115651826,4,0,0.066,-0.306,-0.950,0.073,0.021,0.009
AIRPOT,1648115651293,1648115651910,4,0,0.032,-0.312,-0.950,0.016,0.022,0.006
AIRPOT,1648115651372,1648115651989,4,0,0.000,-0.326,-0.945,-0.053,-0.008,0.029
AIRPOT,1648115651413,1648115652030,4,0,-0.014,-0.333,-0.943,-0.053,0.031,-0.010
AIRPOT,1648115651535,1648115652152,4,0,-0.048,-0.348,-0.936,-0.059,0.037,-0.074
AIRPOT,1648115651691,1648115652308,4,0,-0.054,-0.361,-0.931,0.071,0.013,0.009
AIRPOT,1648115651712,1648115652329,4,0,-0.054,-0.355,-0.933,0.053,-0.021,0.022
AIRPOT,1648115651781,1648115652398,4,0,-0.054,-0.354,-0.934,0.005,-0.024,0.038
AIRPOT,1648115652010,1648115652627,4,0,-0.055,-0.351,-0.935,0.009,0.057,-0.091
AIRPOT,1648115652075,1648115652692,4,0,-0.048,-0.356,-0.933,0.007,-0.084,-0.047
AIRPOT,1648115652165,1648115652782,4,0,-0.042,-0.358,-0.933,0.003,0.096,0.018
AIRPOT,1648115652252,1648115652869,4,0,-0.033,-0.346,-0.938,-0.050,-0.021,0.074
AIRPOT,1648115652419,1648115653036,4,0,-0.018,-0.369,-0.929,0.064,-0.011,-0.055
AIRPOT,1648115652496,1648115653113,4,0,0.007,-0.372,-0.928,0.102,0.035,-0.090
AIRPOT,1648115652555,1648115653172,4,0,0.023,-0.360,-0.933,0.001,-0.002,-0.009
AIRPOT,1648115652651,1648115653268,4,0,0.025,-0.354,-0.935,-0.031,0.017,-0.005
AIRPOT,1648115652681,1648115653298,4,0,0.025,-0.351,-0.936,-0.057,0.077,0.003
AIRPOT,1648115652811,1648115653428,4,0,0.034,-0.346,-0.938,-0.017,-0.008,-0.028
AIRPOT,1648115652884,1648115653501,4,0,0.046,-0.345,-0.938,0.014,-0.008,-0.019
AIRPOT,1648115652915,1648115653532,4,0,0.054,-0.342,-0.938,-0.008,0.024,0.021
AIRPOT,1648115652973,1648115653590,4,0,0.059,-0.339,-0.939,0.018,-0.018,-0.020
AIRPOT,1648115653062,1648115653679,4,0,0.070,-0.336,-0.939,0.001,-0.032,0.014
AIRPOT,1648115653126,1648115653743,4,0,0.076,-0.336,-0.939,-0.021,-0.035,0.052
AIRPOT,1648115653217,1648115653834,4,0,0.071,-0.336,-0.939,0.040,-0.055,0.028
AIRPOT,1648115653274,1648115653891,4,0,0.062,-0.330,-0.942,0.061,-0.003,0.019
AIRPOT,1648115653363,1648115653980,4,0,0.041,-0.312,-0.949,0.030,0.047,0.013
AIRPOT,1648115653459,1648115654076,4,0,0.011,-0.301,-0.954,-0.006,-0.015,0.018
AIRPOT,1648115653533,1648115654150,4,0,-0.023,-0.291,-0.957,-0.037,0.047,-0.042
AIRPOT,1648115653607,1648115654224,4,0,-0.052,-0.284,-0.958,-0.069,0.004,-0.086
AIRPOT,1648115653658,1648115654275,4,0,-0.060,-0.280,-0.958,-0.055,0.017,-0.043
AIRPOT,1648115653700,1648115654317,4,0,-0.062,-0.279,-0.958,0.014,-0.042,-0.013
AIRPOT,1648115653786,1648115654403,4,0,-0.062,-0.274,-0.960,0.054,0.002,-0.004
AIRPOT,1648115653922,1648115654539,4,0,-0.059,-0.268,-0.961,-0.069,0.102,0.061
AIRPOT,1648115654019,1648115654636,4,0,-0.058,-0.271,-0.961,-0.047,0.025,-0.037
AIRPOT,1648115654095,1648115654712,4,0,-0.047,-0.275,-0.960,-0.052,0.056,-0.020
AIRPOT,1648115654172,1648115654789,4,0,-0.028,-0.281,-0.959,-0.049,0.118,-0.066
AIRPOT,1648115654254,1648115654871,4,0,0.018,-0.273,-0.962,0.099,-0.076,0.009
AIRPOT,1648115654299,1648115654916,4,0,0.036,-0.273,-0.961,0.111,-0.036,0.064
AIRPOT,1648115654324,1648115654941,4,0,0.047,-0.268,-0.962,0.092,-0.073,0.074
AIRPOT,1648115654416,1648115655033,4,0,0.055,-0.268,-0.962,0.054,-0.063,0.044
AIRPOT,1648115654569,1648115655186,4,0,0.112,-0.247,-0.962,-0.006,0.059,0.003
AIRPOT,1648115654618,1648115655235,4,0,0.116,-0.245,-0.962,-0.010,0.024,-0.014
AIRPOT,1648115655047,1648115655664,4,0,0.116,-0.282,-0.952,-0.000,0.015,0.014
AIRPOT,1648115655140,1648115655757,4,0,0.113,-0.287,-0.951,0.026,-0.010,-0.024
AIRPOT,1648115655210,1648115655827,4,0,0.117,-0.292,-0.949,0.079,0.009,-0.037
AIRPOT,1648115655294,1648115655911,4,0,0.107,-0.298,-0.948,0.054,0.022,-0.019
AIRPOT,1648115655379,1648115655996,4,0,0.110,-0.303,-0.947,0.117,0.008,-0.057
AIRPOT,1648115655424,1648115656041,4,0,0.117,-0.302,-0.946,0.110,-0.028,0.053
AIRPOT,1648115655535,1648115656152,4,0,0.108,-0.300,-0.948,0.020,-0.001,0.023
AIRPOT,1648115655771,1648115656388,4,0,0.062,-0.283,-0.957,-0.064,0.028,0.010
AIRPOT,1648115655851,1648115656468,4,0,0.051,-0.274,-0.960,-0.078,-0.003,0.085
AIRPOT,1648115655968,1648115656585,4,0,0.041,-0.255,-0.966,-0.120,-0.018,-0.018
AIRPOT,1648115656093,1648115656710,4,0,0.024,-0.246,-0.969,-0.087,0.078,0.003
AIRPOT,1648115656260,1648115656877,4,0,0.016,-0.239,-0.971,-0.022,0.015,-0.005
AIRPOT,1648115656363,1648115656980,4,0,0.025,-0.241,-0.970,0.020,0.004,-0.006
AIRPOT,1648115656411,1648115657028,4,0,0.031,-0.240,-0.970,0.037,-0.007,0.000
AIRPOT,1648115656459,1648115657076,4,0,0.043,-0.235,-0.971,0.065,-0.024,0.001
AIRPOT,1648115656514,1648115657131,4,0,0.046,-0.232,-0.972,0.056,-0.005,0.019
AIRPOT,1648115656661,1648115657278,4,0,0.022,-0.220,-0.975,-0.027,0.025,0.000
AIRPOT,1648115656739,1648115657356,4,0,-0.001,-0.216,-0.976,-0.034,0.018,0.003
AIRPOT,1648115656819,1648115657436,4,0,-0.020,-0.216,-0.976,-0.054,0.003,0.011
AIRPOT,1648115656845,1648115657462,4,0,-0.029,-0.217,-0.976,-0.074,-0.018,0.025
AIRPOT,1648115656989,1648115657606,4,0,-0.055,-0.223,-0.973,-0.049,-0.031,-0.004
AIRPOT,1648115657069,1648115657686,4,0,-0.064,-0.226,-0.972,-0.068,-0.039,0.050
AIRPOT,1648115657204,1648115657821,4,0,-0.117,-0.248,-0.962,-0.099,-0.076,0.045
AIRPOT,1648115657263,1648115657880,4,0,-0.148,-0.255,-0.956,-0.067,-0.044,0.064
AIRPOT,1648115657295,1648115657912,4,0,-0.180,-0.253,-0.951,-0.040,0.034,-0.054
AIRPOT,1648115657386,1648115658003,4,0,-0.211,-0.224,-0.951,-0.021,-0.008,-0.068
AIRPOT,1648115657449,1648115658066,4,0,-0.211,-0.220,-0.952,0.032,-0.033,-0.027
AIRPOT,1648115657489,1648115658106,4,0,-0.205,-0.220,-0.954,0.055,-0.081,0.049
AIRPOT,1648115657625,1648115658242,4,0,-0.161,-0.220,-0.962,0.122,-0.044,-0.087
AIRPOT,1648115657691,1648115658308,4,0,-0.096,-0.191,-0.977,0.231,0.118,-0.032
AIRPOT,1648115657774,1648115658391,4,0,-0.033,-0.179,-0.983,0.166,0.065,-0.030
AIRPOT,1648115657865,1648115658482,4,0,0.024,-0.195,-0.980,0.166,0.098,0.164
AIRPOT,1648115657897,1648115658514,4,0,0.042,-0.208,-0.977,0.145,0.011,0.087
AIRPOT,1648115657955,1648115658572,4,0,0.054,-0.219,-0.974,0.140,-0.040,0.053
AIRPOT,1648115658173,1648115658790,4,0,0.048,-0.220,-0.974,-0.031,0.041,0.032
AIRPOT,1648115658291,1648115658908,4,0,0.035,-0.197,-0.980,-0.008,0.100,-0.021
AIRPOT,1648115658346,1648115658963,4,0,0.035,-0.187,-0.982,0.046,0.062,0.132
AIRPOT,1648115658407,1648115659024,4,0,0.030,-0.190,-0.981,-0.101,0.018,0.326
AIRPOT,1648115658458,1648115659075,4,0,0.004,-0.201,-0.980,-0.166,-0.068,0.040
AIRPOT,1648115658506,1648115659123,4,0,-0.035,-0.209,-0.977,-0.117,-0.392,-0.489
AIRPOT,1648115658632,1648115659249,4,0,-0.029,-0.200,-0.979,-0.142,0.032,0.285
AIRPOT,1648115658753,1648115659370,4,0,-0.032,-0.203,-0.979,-0.084,-0.069,-0.058
AIRPOT,1648115658829,1648115659446,4,0,-0.026,-0.201,-0.979,-0.078,-0.025,-0.083
AIRPOT,1648115658971,1648115659588,4,0,0.015,-0.170,-0.985,-0.022,0.009,0.189
AIRPOT,1648115658973,1648115659590,4,0,0.031,-0.177,-0.984,-0.008,-0.014,0.200
AIRPOT,1648115659040,1648115659657,4,0,0.040,-0.183,-0.982,0.041,-0.058,0.056
AIRPOT,1648115659133,1648115659750,4,0,0.052,-0.180,-0.982,0.049,-0.036,0.044
AIRPOT,1648115659215,1648115659832,4,0,0.100,-0.118,-0.988,0.104,0.088,0.049
AIRPOT,1648115659275,1648115659892,4,0,0.098,-0.118,-0.988,0.061,0.082,0.107
AIRPOT,1648115659374,1648115659991,4,0,0.092,-0.115,-0.989,0.043,0.030,0.045
AIRPOT,1648115659390,1648115660007,4,0,0.083,-0.108,-0.991,0.054,-0.022,-0.166
AIRPOT,1648115659453,1648115660070,4,0,0.086,-0.100,-0.991,0.036,0.094,-0.025
AIRPOT,1648115659606,1648115660223,4,0,0.052,-0.100,-0.994,-0.055,0.024,0.024
AIRPOT,1648115659699,1648115660316,4,0,0.062,-0.104,-0.993,-0.025,0.021,0.069
AIRPOT,1648115659780,1648115660397,4,0,0.060,-0.107,-0.992,-0.020,-0.009,-0.017
AIRPOT,1648115659849,1648115660466,4,0,0.066,-0.100,-0.993,0.006,-0.013,0.009
AIRPOT,1648115659936,1648115660553,4,0,0.070,-0.105,-0.992,0.006,-0.021,0.008
AIRPOT,1648115660024,1648115660641,4,0,0.066,-0.106,-0.992,-0.005,-0.016,0.012
AIRPOT,1648115660097,1648115660714,4,0,0.061,-0.105,-0.993,-0.007,0.018,0.001
AIRPOT,1648115660182,1648115660799,4,0,0.052,-0.101,-0.994,-0.003,0.018,0.012
AIRPOT,1648115660413,1648115661030,4,0,0.028,-0.101,-0.994,0.006,0.003,-0.003
AIRPOT,1648115660463,1648115661080,4,0,0.025,-0.104,-0.994,-0.000,0.004,0.008
AIRPOT,1648115660581,1648115661198,4,0,0.014,-0.115,-0.993,-0.006,-0.007,0.009
AIRPOT,1648115660653,1648115661270,4,0,0.006,-0.118,-0.993,-0.013,-0.008,-0.006
AIRPOT,1648115660745,1648115661362,4,0,0.005,-0.121,-0.993,-0.011,-0.004,0.001
AIRPOT,1648115660775,1648115661392,4,0,0.005,-0.124,-0.992,0.002,-0.013,0.004
AIRPOT,1648115660893,1648115661510,4,0,0.007,-0.129,-0.992,-0.004,-0.007,-0.002
AIRPOT,1648115660982,1648115661599,4,0,0.011,-0.126,-0.992,0.000,0.010,-0.006
AIRPOT,1648115661072,1648115661689,4,0,0.016,-0.129,-0.992,0.004,0.001,-0.003
AIRPOT,1648115661180,1648115661797,4,0,0.021,-0.141,-0.990,0.006,0.000,0.003
AIRPOT,1648115661182,1648115661799,4,0,0.023,-0.148,-0.989,0.010,-0.006,0.004
AIRPOT,1648115661298,1648115661915,4,0,0.026,-0.163,-0.986,-0.001,-0.013,-0.004
AIRPOT,1648115661360,1648115661977,4,0,0.026,-0.166,-0.986,-0.002,-0.021,0.011
AIRPOT,1648115661421,1648115662038,4,0,0.029,-0.176,-0.984,0.007,-0.009,0.018
AIRPOT,1648115661475,1648115662092,4,0,0.029,-0.180,-0.983,0.009,-0.026,0.025
AIRPOT,1648115661539,1648115662156,4,0,0.020,-0.180,-0.983,-0.009,-0.097,0.069
AIRPOT,1648115661624,1648115662241,4,0,-0.009,-0.172,-0.985,-0.008,-0.039,0.028
AIRPOT,1648115661719,1648115662336,4,0,-0.040,-0.163,-0.986,-0.004,0.013,-0.015
AIRPOT,1648115661765,1648115662382,4,0,-0.052,-0.158,-0.986,-0.002,0.015,-0.008
AIRPOT,1648115661812,1648115662429,4,0,-0.062,-0.153,-0.986,-0.007,0.007,0.003
AIRPOT,1648115661831,1648115662448,4,0,-0.072,-0.149,-0.986,-0.006,0.003,-0.000
AIRPOT,1648115661864,1648115662481,4,0,-0.081,-0.147,-0.986,-0.013,0.017,-0.006
AIRPOT,1648115661914,1648115662531,4,0,-0.091,-0.146,-0.985,-0.015,0.028,-0.004
AIRPOT,1648115662038,1648115662655,4,0,-0.114,-0.144,-0.983,-0.021,0.012,-0.009
AIRPOT,1648115662143,1648115662760,4,0,-0.131,-0.157,-0.979,-0.018,0.014,-0.017
AIRPOT,1648115662185,1648115662802,4,0,-0.135,-0.165,-0.977,-0.013,0.006,-0.009
AIRPOT,1648115662313,1648115662930,4,0,-0.134,-0.180,-0.975,-0.005,0.053,-0.011
AIRPOT,1648115662344,1648115662961,4,0,-0.130,-0.185,-0.974,-0.016,0.125,-0.015
AIRPOT,1648115662455,1648115663072,4,0,-0.107,-0.226,-0.968,-0.015,-0.035,0.061
AIRPOT,1648115662395,1648115663012,4,0,-0.127,-0.192,-0.973,0.040,0.117,-0.076
AIRPOT,1648115662426,1648115663043,4,0,-0.116,-0.205,-0.972,0.043,-0.030,-0.004
AIRPOT,1648115662545,1648115663162,4,0,-0.111,-0.268,-0.957,-0.001,-0.038,0.016
AIRPOT,1648115662636,1648115663253,4,0,-0.117,-0.303,-0.946,0.010,-0.010,-0.003
AIRPOT,1648115662683,1648115663300,4,0,-0.118,-0.316,-0.941,0.013,-0.035,0.018
AIRPOT,1648115662740,1648115663357,4,0,-0.121,-0.335,-0.934,-0.030,-0.008,0.019
AIRPOT,1648115662836,1648115663453,4,0,-0.126,-0.337,-0.933,-0.015,-0.035,-0.029
AIRPOT,1648115663057,1648115663674,4,0,-0.071,-0.366,-0.928,-0.006,-0.040,0.035
AIRPOT,1648115663151,1648115663768,4,0,-0.065,-0.379,-0.923,0.012,-0.031,-0.000
AIRPOT,1648115663283,1648115663900,4,0,-0.045,-0.391,-0.919,0.043,-0.021,0.013
AIRPOT,1648115663356,1648115663973,4,0,-0.040,-0.395,-0.918,0.031,0.003,0.027
AIRPOT,1648115663445,1648115664062,4,0,-0.038,-0.399,-0.916,0.023,-0.003,0.019
AIRPOT,1648115663473,1648115664090,4,0,-0.037,-0.402,-0.915,0.020,-0.024,0.010
AIRPOT,1648115663623,1648115664240,4,0,-0.039,-0.405,-0.913,-0.003,-0.008,0.008
AIRPOT,1648115663628,1648115664245,4,0,-0.042,-0.406,-0.913,-0.015,-0.017,0.003
AIRPOT,1648115663700,1648115664317,4,0,-0.050,-0.413,-0.910,-0.012,-0.013,-0.003
AIRPOT,1648115663794,1648115664411,4,0,-0.050,-0.416,-0.908,-0.004,0.015,-0.001
AIRPOT,1648115663795,1648115664412,4,0,-0.050,-0.416,-0.908,0.002,0.008,0.004
AIRPOT,1648115663822,1648115664439,4,0,-0.051,-0.413,-0.909,0.008,0.015,0.013
AIRPOT,1648115663953,1648115664570,4,0,-0.059,-0.389,-0.919,-0.013,-0.023,0.032
AIRPOT,1648115664140,1648115664757,4,0,-0.073,-0.277,-0.958,-0.011,-0.012,0.014
AIRPOT,1648115664226,1648115664843,4,0,-0.084,-0.203,-0.976,0.004,0.020,0.014
AIRPOT,1648115664340,1648115664957,4,0,-0.105,-0.102,-0.989,-0.004,-0.001,-0.038
AIRPOT,1648115664408,1648115665025,4,0,-0.111,-0.078,-0.991,-0.002,0.011,-0.069
AIRPOT,1648115664555,1648115665172,4,0,-0.117,-0.030,-0.993,-0.004,0.008,-0.017
AIRPOT,1648115664605,1648115665222,4,0,-0.115,-0.026,-0.993,-0.001,0.003,-0.014
AIRPOT,1648115664672,1648115665289,4,0,-0.113,-0.024,-0.993,0.024,-0.074,0.009
AIRPOT,1648115664766,1648115665383,4,0,-0.131,-0.049,-0.990,-0.038,-0.031,0.049
AIRPOT,1648115664861,1648115665478,4,0,-0.171,-0.086,-0.982,-0.014,0.076,-0.023
AIRPOT,1648115665051,1648115665668,4,0,-0.194,-0.116,-0.974,-0.009,0.021,-0.011
AIRPOT,1648115665120,1648115665737,4,0,-0.193,-0.117,-0.974,-0.008,0.010,0.001
AIRPOT,1648115665141,1648115665758,4,0,-0.192,-0.115,-0.975,-0.008,0.014,-0.001
AIRPOT,1648115665245,1648115665862,4,0,-0.191,-0.112,-0.975,-0.008,0.041,-0.008
AIRPOT,1648115665395,1648115666012,4,0,-0.130,-0.097,-0.987,-0.120,0.313,-0.071
AIRPOT,1648115665542,1648115666159,4,0,0.107,-0.277,-0.955,-0.179,-0.249,0.318
AIRPOT,1648115665691,1648115666308,4,0,0.116,-0.361,-0.926,-0.021,-0.047,0.052
AIRPOT,1648115665783,1648115666400,4,0,0.099,-0.370,-0.924,0.022,0.003,-0.004
AIRPOT,1648115665852,1648115666469,4,0,0.093,-0.372,-0.924,0.021,0.020,0.017
AIRPOT,1648115665891,1648115666508,4,0,0.085,-0.370,-0.925,0.021,-0.006,0.021
AIRPOT,1648115666011,1648115666628,4,0,0.072,-0.345,-0.936,0.029,-0.071,0.037
AIRPOT,1648115666093,1648115666710,4,0,0.064,-0.249,-0.966,0.007,-0.047,0.057
AIRPOT,1648115666232,1648115666849,4,0,0.027,-0.036,-0.999,0.005,0.020,0.012
AIRPOT,1648115666330,1648115666947,4,0,0.017,0.025,-1.000,-0.021,-0.009,0.014
AIRPOT,1648115666481,1648115667098,4,0,-0.006,0.087,-0.996,-0.045,0.021,-0.026
AIRPOT,1648115666671,1648115667288,4,0,-0.033,0.122,-0.992,-0.037,-0.012,-0.004
AIRPOT,1648115666854,1648115667471,4,0,-0.048,0.159,-0.986,-0.028,0.042,-0.064
AIRPOT,1648115666892,1648115667509,4,0,-0.043,0.168,-0.985,-0.013,0.122,-0.015
AIRPOT,1648115666990,1648115667607,4,0,0.045,0.170,-0.984,0.048,-0.109,0.025
AIRPOT,1648115667108,1648115667725,4,0,0.156,0.135,-0.979,0.142,-0.171,-0.002
AIRPOT,1648115667226,1648115667843,4,0,0.178,0.116,-0.977,0.095,0.016,0.068
AIRPOT,1648115667289,1648115667906,4,0,0.174,0.101,-0.980,0.088,-0.027,0.030
AIRPOT,1648115667371,1648115667988,4,0,0.173,0.059,-0.983,0.028,-0.073,0.018
AIRPOT,1648115667469,1648115668086,4,0,0.138,0.046,-0.989,0.026,-0.167,-0.016
AIRPOT,1648115667533,1648115668150,4,0,0.129,0.075,-0.989,-0.022,-0.096,-0.013
AIRPOT,1648115667604,1648115668221,4,0,0.110,0.132,-0.985,-0.112,-0.076,-0.043
AIRPOT,1648115667673,1648115668290,4,0,0.093,0.180,-0.979,-0.061,-0.025,-0.087
AIRPOT,1648115667764,1648115668381,4,0,0.093,0.224,-0.970,-0.126,-0.071,0.080
AIRPOT,1648115667852,1648115668469,4,0,0.095,0.242,-0.966,-0.129,-0.129,0.066
AIRPOT,1648115668097,1648115668714,4,0,0.153,0.335,-0.930,0.004,-0.008,-0.341
AIRPOT,1648115668169,1648115668786,4,0,0.192,0.343,-0.920,0.222,-0.007,-0.062
AIRPOT,1648115668247,1648115668864,4,0,0.274,0.264,-0.925,0.229,-0.023,0.062
AIRPOT,1648115668341,1648115668958,4,0,0.321,0.193,-0.927,0.164,-0.094,0.201
AIRPOT,1648115668483,1648115669100,4,0,0.381,-0.024,-0.924,0.088,0.002,0.227
AIRPOT,1648115668486,1648115669103,4,0,0.375,-0.046,-0.926,0.130,-0.083,0.023
AIRPOT,1648115668579,1648115669196,4,0,0.368,-0.081,-0.926,0.055,-0.039,-0.003
AIRPOT,1648115668634,1648115669251,4,0,0.321,-0.123,-0.939,0.002,-0.080,-0.157
AIRPOT,1648115668724,1648115669341,4,0,0.287,-0.135,-0.948,-0.026,-0.050,-0.139
AIRPOT,1648115668815,1648115669432,4,0,0.269,-0.153,-0.951,-0.067,-0.029,0.170
AIRPOT,1648115668842,1648115669459,4,0,0.257,-0.167,-0.952,-0.066,0.038,0.275
AIRPOT,1648115668964,1648115669581,4,0,0.207,-0.192,-0.959,0.185,-0.053,-0.064
AIRPOT,1648115669052,1648115669669,4,0,0.192,-0.196,-0.962,0.429,0.061,-0.302
AIRPOT,1648115669082,1648115669699,4,0,0.194,-0.198,-0.961,0.409,0.252,-0.017
AIRPOT,1648115669212,1648115669829,4,0,0.155,-0.266,-0.951,0.222,-0.050,0.252
AIRPOT,1648115669281,1648115669898,4,0,0.099,-0.281,-0.955,0.239,-0.125,0.132
AIRPOT,1648115669371,1648115669988,4,0,0.050,-0.270,-0.962,0.207,-0.087,0.076
AIRPOT,1648115669414,1648115670031,4,0,0.027,-0.269,-0.963,0.188,-0.096,0.041
AIRPOT,1648115669473,1648115670090,4,0,0.010,-0.276,-0.961,0.157,-0.148,-0.043
AIRPOT,1648115669482,1648115670099,4,0,0.008,-0.289,-0.957,0.068,-0.106,-0.047
AIRPOT,1648115669544,1648115670161,4,0,-0.010,-0.297,-0.955,-0.043,-0.430,-0.573
AIRPOT,1648115669688,1648115670305,4,0,-0.048,-0.314,-0.948,-0.250,-0.010,0.024
AIRPOT,1648115669731,1648115670348,4,0,-0.061,-0.319,-0.946,-0.214,0.049,0.051
AIRPOT,1648115669836,1648115670453,4,0,-0.091,-0.302,-0.949,-0.122,-0.004,0.079
AIRPOT,1648115669930,1648115670547,4,0,-0.093,-0.299,-0.950,-0.068,-0.047,0.038
AIRPOT,1648115670018,1648115670635,4,0,-0.085,-0.308,-0.947,-0.030,-0.042,0.038
AIRPOT,1648115670164,1648115670781,4,0,-0.086,-0.321,-0.943,0.083,-0.074,-0.244
AIRPOT,1648115670212,1648115670829,4,0,-0.092,-0.324,-0.942,0.108,0.070,-0.164
AIRPOT,1648115670300,1648115670917,4,0,-0.110,-0.324,-0.940,0.119,0.134,-0.076
AIRPOT,1648115670410,1648115671027,4,0,-0.144,-0.314,-0.938,0.049,0.163,0.091
AIRPOT,1648115670451,1648115671068,4,0,-0.153,-0.323,-0.934,0.029,0.141,0.106
AIRPOT,1648115670602,1648115671219,4,0,-0.150,-0.353,-0.923,0.095,0.225,0.206
AIRPOT,1648115670608,1648115671225,4,0,-0.149,-0.351,-0.924,0.024,0.074,-0.069
AIRPOT,1648115670644,1648115671261,4,0,-0.144,-0.354,-0.924,-0.031,0.050,0.033
AIRPOT,1648115670733,1648115671350,4,0,-0.168,-0.367,-0.915,0.009,0.101,-0.196
AIRPOT,1648115670814,1648115671431,4,0,-0.153,-0.361,-0.920,0.020,0.137,0.096
AIRPOT,1648115671040,1648115671657,4,0,-0.176,-0.395,-0.902,-0.036,0.006,0.019
AIRPOT,1648115671124,1648115671741,4,0,-0.183,-0.388,-0.903,0.130,0.056,-0.089
AIRPOT,1648115671217,1648115671834,4,0,-0.143,-0.366,-0.919,0.270,-0.008,-0.135
AIRPOT,1648115671301,1648115671918,4,0,-0.117,-0.366,-0.923,0.318,0.059,-0.056
AIRPOT,1648115671321,1648115671938,4,0,-0.114,-0.369,-0.922,0.317,0.091,0.000
AIRPOT,1648115671374,1648115671991,4,0,-0.109,-0.366,-0.924,0.283,0.152,-0.006
AIRPOT,1648115671541,1648115672158,4,0,-0.091,-0.252,-0.963,0.074,-0.073,-0.028
AIRPOT,1648115671613,1648115672230,4,0,-0.073,-0.177,-0.982,-0.028,-0.050,0.067
AIRPOT,1648115671690,1648115672307,4,0,-0.073,-0.080,-0.994,-0.065,0.146,0.008
AIRPOT,1648115671763,1648115672380,4,0,-0.086,-0.046,-0.995,-0.033,0.036,-0.035
AIRPOT,1648115671845,1648115672462,4,0,-0.151,-0.185,-0.971,-0.016,-0.059,0.089
AIRPOT,1648115671923,1648115672540,4,0,-0.185,-0.284,-0.941,-0.058,-0.038,0.033
AIRPOT,1648115672021,1648115672638,4,0,-0.194,-0.245,-0.950,-0.105,0.000,0.017
AIRPOT,1648115672090,1648115672707,4,0,-0.185,-0.192,-0.964,-0.077,0.035,-0.005
AIRPOT,1648115672178,1648115672795,4,0,-0.179,-0.190,-0.965,-0.051,0.016,0.012
AIRPOT,1648115672264,1648115672881,4,0,-0.176,-0.178,-0.968,-0.058,-0.018,0.035
AIRPOT,1648115672339,1648115672956,4,0,-0.172,-0.188,-0.967,0.005,0.001,0.017
AIRPOT,1648115672413,1648115673030,4,0,-0.159,-0.192,-0.968,0.004,-0.018,0.037
AIRPOT,1648115672443,1648115673060,4,0,-0.148,-0.180,-0.973,0.039,0.001,0.181
AIRPOT,1648115672564,1648115673181,4,0,-0.121,-0.183,-0.976,0.055,-0.010,0.036
AIRPOT,1648115672655,1648115673272,4,0,-0.113,-0.196,-0.974,-0.003,-0.009,-0.007
AIRPOT,1648115672741,1648115673358,4,0,-0.118,-0.214,-0.970,-0.053,-0.084,-0.042
AIRPOT,1648115672807,1648115673424,4,0,-0.125,-0.239,-0.963,0.012,-0.071,-0.174
AIRPOT,1648115672896,1648115673513,4,0,-0.112,-0.241,-0.964,0.038,0.021,-0.071
AIRPOT,1648115672985,1648115673602,4,0,-0.098,-0.215,-0.972,0.057,0.116,0.028
AIRPOT,1648115673058,1648115673675,4,0,-0.097,-0.195,-0.976,0.079,0.276,-0.086
AIRPOT,1648115673135,1648115673752,4,0,-0.089,-0.172,-0.981,0.075,0.141,-0.120
AIRPOT,1648115673226,1648115673843,4,0,-0.083,-0.165,-0.983,0.082,0.026,0.036
AIRPOT,1648115673369,1648115673986,4,0,-0.081,-0.188,-0.979,0.086,-0.152,0.017
AIRPOT,1648115673404,1648115674021,4,0,-0.074,-0.199,-0.977,0.040,-0.053,0.074
AIRPOT,1648115673407,1648115674024,4,0,-0.079,-0.209,-0.975,-0.026,-0.056,0.011
AIRPOT,1648115673456,1648115674073,4,0,-0.077,-0.218,-0.973,-0.067,0.010,0.069
AIRPOT,1648115673526,1648115674143,4,0,-0.084,-0.226,-0.970,-0.111,-0.046,0.017
AIRPOT,1648115673613,1648115674230,4,0,-0.084,-0.236,-0.968,-0.046,-0.076,0.053
AIRPOT,1648115673705,1648115674322,4,0,-0.088,-0.241,-0.967,-0.023,-0.064,-0.031
AIRPOT,1648115673858,1648115674475,4,0,-0.057,-0.239,-0.969,-0.027,0.054,0.022
AIRPOT,1648115673859,1648115674476,4,0,-0.050,-0.235,-0.971,-0.041,0.125,0.040
AIRPOT,1648115673887,1648115674504,4,0,-0.054,-0.228,-0.972,0.125,0.021,-0.139
AIRPOT,1648115673945,1648115674562,4,0,-0.045,-0.228,-0.973,-0.117,0.188,0.034
AIRPOT,1648115674009,1648115674626,4,0,-0.052,-0.229,-0.972,-0.045,0.065,0.070
AIRPOT,1648115674095,1648115674712,4,0,-0.048,-0.228,-0.973,-0.005,0.027,-0.055
AIRPOT,1648115674150,1648115674767,4,0,-0.037,-0.201,-0.979,-0.011,-0.087,0.020
AIRPOT,1648115674277,1648115674894,4,0,-0.032,-0.163,-0.986,0.030,0.194,0.074
AIRPOT,1648115674332,1648115674949,4,0,-0.036,-0.161,-0.986,-0.025,0.027,0.084
AIRPOT,1648115674401,1648115675018,4,0,-0.038,-0.154,-0.987,0.125,-0.001,-0.211
AIRPOT,1648115674501,1648115675118,4,0,-0.040,-0.137,-0.990,0.092,-0.003,-0.229
AIRPOT,1648115674624,1648115675241,4,0,-0.032,-0.112,-0.993,0.011,-0.056,0.080
AIRPOT,1648115674739,1648115675356,4,0,-0.035,-0.126,-0.991,-0.013,-0.092,0.077
AIRPOT,1648115674812,1648115675429,4,0,-0.044,-0.131,-0.990,-0.079,-0.054,0.097
AIRPOT,1648115674973,1648115675590,4,0,-0.060,-0.170,-0.984,-0.019,-0.034,0.019
AIRPOT,1648115675050,1648115675667,4,0,-0.072,-0.193,-0.979,0.014,0.092,-0.027
AIRPOT,1648115675379,1648115675996,4,0,-0.147,-0.323,-0.935,0.065,0.000,-0.066
AIRPOT,1648115675421,1648115676038,4,0,-0.156,-0.345,-0.926,-0.136,0.217,0.136
AIRPOT,1648115675473,1648115676090,4,0,-0.173,-0.357,-0.918,0.071,-0.054,-0.071
AIRPOT,1648115675538,1648115676155,4,0,-0.166,-0.375,-0.912,0.083,0.039,-0.091
AIRPOT,1648115675589,1648115676206,4,0,-0.156,-0.382,-0.911,0.050,0.015,0.082
AIRPOT,1648115675673,1648115676290,4,0,-0.141,-0.382,-0.914,0.013,-0.001,-0.029
AIRPOT,1648115675724,1648115676341,4,0,-0.134,-0.376,-0.917,0.035,0.040,-0.060
AIRPOT,1648115675779,1648115676396,4,0,-0.130,-0.371,-0.919,0.051,-0.042,-0.128
AIRPOT,1648115675865,1648115676482,4,0,-0.134,-0.364,-0.922,0.023,0.071,-0.252
AIRPOT,1648115675932,1648115676549,4,0,-0.133,-0.369,-0.920,-0.018,-0.053,-0.193
AIRPOT,1648115676049,1648115676666,4,0,-0.152,-0.385,-0.910,0.032,-0.037,-0.088
AIRPOT,1648115676133,1648115676750,4,0,-0.157,-0.371,-0.915,0.033,0.109,0.019
AIRPOT,1648115676186,1648115676803,4,0,-0.165,-0.366,-0.916,0.023,0.070,-0.048
AIRPOT,1648115676251,1648115676868,4,0,-0.150,-0.348,-0.925,0.041,-0.036,0.105
AIRPOT,1648115676345,1648115676962,4,0,-0.127,-0.338,-0.932,0.008,-0.020,0.195
AIRPOT,1648115676422,1648115677039,4,0,-0.110,-0.337,-0.935,-0.065,-0.040,0.077
AIRPOT,1648115676451,1648115677068,4,0,-0.101,-0.337,-0.936,-0.014,-0.054,-0.003
AIRPOT,1648115676501,1648115677118,4,0,-0.090,-0.338,-0.937,-0.033,0.024,0.027
AIRPOT,1648115676615,1648115677232,4,0,-0.063,-0.329,-0.942,-0.031,0.002,0.073
AIRPOT,1648115676737,1648115677354,4,0,-0.051,-0.350,-0.935,-0.005,-0.001,0.038
AIRPOT,1648115676812,1648115677429,4,0,-0.046,-0.365,-0.930,-0.034,0.017,0.205
AIRPOT,1648115676892,1648115677509,4,0,-0.039,-0.378,-0.925,0.064,0.127,0.224
AIRPOT,1648115676969,1648115677586,4,0,-0.049,-0.395,-0.917,-0.010,0.107,0.121
AIRPOT,1648115677035,1648115677652,4,0,-0.097,-0.402,-0.911,-0.058,0.018,-0.013
AIRPOT,1648115677211,1648115677828,4,0,-0.124,-0.411,-0.903,0.003,-0.072,-0.150
AIRPOT,1648115677302,1648115677919,4,0,-0.120,-0.394,-0.911,0.042,-0.021,-0.089
AIRPOT,1648115677371,1648115677988,4,0,-0.121,-0.372,-0.920,-0.010,-0.039,-0.152
AIRPOT,1648115677459,1648115678076,4,0,-0.126,-0.368,-0.921,-0.101,0.062,-0.124
AIRPOT,1648115677534,1648115678151,4,0,-0.128,-0.369,-0.921,0.036,-0.034,-0.135
AIRPOT,1648115677632,1648115678249,4,0,-0.120,-0.362,-0.924,0.016,0.008,-0.055
AIRPOT,1648115677931,1648115678548,4,0,-0.025,-0.312,-0.950,-0.046,0.013,0.055
AIRPOT,1648115677972,1648115678589,4,0,-0.008,-0.295,-0.955,0.011,0.004,-0.050
AIRPOT,1648115678029,1648115678646,4,0,0.010,-0.271,-0.962,0.023,-0.068,0.006
AIRPOT,1648115678077,1648115678694,4,0,0.023,-0.244,-0.969,0.042,-0.097,0.056
AIRPOT,1648115678180,1648115678797,4,0,0.039,-0.156,-0.987,0.012,-0.092,0.090
AIRPOT,1648115678229,1648115678846,4,0,0.040,-0.123,-0.992,-0.019,-0.056,0.242
AIRPOT,1648115678421,1648115679038,4,0,-0.015,0.082,-0.997,-0.018,0.014,-0.063
AIRPOT,1648115678470,1648115679087,4,0,-0.030,0.125,-0.992,0.002,0.087,-0.014
AIRPOT,1648115678634,1648115679251,4,0,-0.072,0.198,-0.977,0.043,0.096,-0.009
AIRPOT,1648115678713,1648115679330,4,0,-0.094,0.205,-0.974,-0.033,0.047,-0.042
AIRPOT,1648115678821,1648115679438,4,0,-0.154,0.225,-0.962,-0.145,0.219,-0.085
AIRPOT,1648115678910,1648115679527,4,0,-0.206,0.256,-0.945,-0.008,0.308,-0.353
AIRPOT,1648115678982,1648115679599,4,0,-0.197,0.254,-0.947,0.032,0.283,-0.130
AIRPOT,1648115678984,1648115679601,4,0,-0.186,0.243,-0.952,0.120,-0.038,-0.137
AIRPOT,1648115679101,1648115679718,4,0,-0.187,0.219,-0.957,-0.115,0.077,-0.077
AIRPOT,1648115679404,1648115680021,4,0,-0.129,0.322,-0.938,0.010,-0.102,0.047
AIRPOT,1648115679460,1648115680077,4,0,-0.117,0.387,-0.915,0.018,0.065,0.022
AIRPOT,1648115679615,1648115680232,4,0,-0.131,0.534,-0.835,0.027,-0.060,-0.077
AIRPOT,1648115679765,1648115680382,4,0,-0.134,0.588,-0.798,0.019,-0.088,-0.106
AIRPOT,1648115679855,1648115680472,4,0,-0.131,0.599,-0.790,-0.091,-0.090,0.114
AIRPOT,1648115680102,1648115680719,4,0,-0.141,0.691,-0.709,-0.011,-0.015,0.079
AIRPOT,1648115680265,1648115680882,4,0,-0.188,0.751,-0.633,-0.028,-0.065,0.065
AIRPOT,1648115680341,1648115680958,4,0,-0.232,0.772,-0.592,-0.014,0.063,0.031
AIRPOT,1648115680383,1648115681000,4,0,-0.249,0.778,-0.577,-0.028,0.121,0.131
AIRPOT,1648115680425,1648115681042,4,0,-0.262,0.787,-0.559,-0.125,0.298,0.218
AIRPOT,1648115680500,1648115681117,4,0,-0.272,0.798,-0.537,-0.126,0.157,0.346
AIRPOT,1648115680562,1648115681179,4,0,-0.281,0.803,-0.526,-0.122,0.067,0.142
AIRPOT,1648115680592,1648115681209,4,0,-0.290,0.805,-0.518,-0.117,0.061,0.073
AIRPOT,1648115680643,1648115681260,4,0,-0.297,0.804,-0.515,-0.145,0.032,0.067
AIRPOT,1648115680728,1648115681345,4,0,-0.303,0.803,-0.513,-0.150,-0.022,0.066
AIRPOT,1648115680799,1648115681416,4,0,-0.308,0.800,-0.515,-0.127,-0.012,0.117
AIRPOT,1648115680800,1648115681417,4,0,-0.314,0.794,-0.521,-0.169,0.141,0.189
AIRPOT,1648115680935,1648115681552,4,0,-0.313,0.757,-0.574,-0.045,0.154,-0.031
AIRPOT,1648115680987,1648115681604,4,0,-0.287,0.684,-0.670,0.121,0.013,-0.261
AIRPOT,1648115681055,1648115681672,4,0,-0.273,0.659,-0.701,0.120,0.045,-0.238
AIRPOT,1648115681145,1648115681762,4,0,-0.242,0.618,-0.748,0.051,0.195,-0.036
AIRPOT,1648115681253,1648115681870,4,0,0.148,0.208,-0.967,-0.205,-0.155,0.325
AIRPOT,1648115681305,1648115681922,4,0,0.196,0.088,-0.977,-0.146,-0.283,0.280
AIRPOT,1648115681395,1648115682012,4,0,0.190,-0.024,-0.982,0.011,-0.284,0.143
AIRPOT,1648115681474,1648115682091,4,0,0.129,-0.074,-0.989,0.074,-0.087,0.009
AIRPOT,1648115681540,1648115682157,4,0,0.045,-0.129,-0.991,0.019,-0.012,0.044
AIRPOT,1648115681629,1648115682246,4,0,0.010,-0.134,-0.991,0.038,-0.046,0.035
AIRPOT,1648115681780,1648115682397,4,0,-0.116,-0.156,-0.981,0.058,-0.194,0.024
AIRPOT,1648115681887,1648115682504,4,0,-0.146,-0.146,-0.978,-0.015,-0.077,0.047
AIRPOT,1648115681953,1648115682570,4,0,-0.165,-0.144,-0.976,-0.130,0.014,0.033
AIRPOT,1648115682079,1648115682696,4,0,-0.208,-0.147,-0.967,-0.270,0.003,-0.065
AIRPOT,1648115682169,1648115682786,4,0,-0.209,-0.133,-0.969,-0.167,-0.088,0.054
AIRPOT,1648115682345,1648115682962,4,0,-0.153,-0.037,-0.987,-0.094,0.111,-0.013
AIRPOT,1648115682553,1648115683170,4,0,-0.141,-0.191,-0.971,-0.197,0.004,0.047
AIRPOT,1648115682647,1648115683264,4,0,-0.120,-0.152,-0.981,-0.161,0.016,0.121
AIRPOT,1648115682827,1648115683444,4,0,-0.099,-0.168,-0.981,-0.014,0.002,-0.054
AIRPOT,1648115682971,1648115683588,4,0,-0.067,-0.181,-0.981,0.070,-0.075,0.042
AIRPOT,1648115683036,1648115683653,4,0,-0.023,-0.147,-0.989,0.061,-0.344,0.082
AIRPOT,1648115683126,1648115683743,4,0,-0.003,-0.032,-0.999,-0.011,-0.079,0.120
AIRPOT,1648115683292,1648115683909,4,0,-0.000,0.202,-0.979,0.134,0.098,-0.015
AIRPOT,1648115683366,1648115683983,4,0,0.010,0.251,-0.968,0.114,0.083,-0.008
AIRPOT,1648115683393,1648115684010,4,0,0.021,0.269,-0.963,0.115,-0.013,0.037
AIRPOT,1648115683550,1648115684167,4,0,0.042,0.320,-0.947,0.084,0.038,-0.016
AIRPOT,1648115683608,1648115684225,4,0,0.039,0.335,-0.941,0.080,0.057,0.005
AIRPOT,1648115683707,1648115684324,4,0,0.017,0.366,-0.930,0.006,0.064,0.039
AIRPOT,1648115683846,1648115684463,4,0,-0.008,0.393,-0.920,-0.008,0.022,0.104
AIRPOT,1648115683932,1648115684549,4,0,-0.021,0.415,-0.909,-0.048,-0.004,0.108
AIRPOT,1648115684029,1648115684646,4,0,-0.034,0.481,-0.876,-0.126,0.082,-0.125
AIRPOT,1648115684113,1648115684730,4,0,-0.015,0.514,-0.857,-0.115,-0.004,0.117
AIRPOT,1648115684266,1648115684883,4,0,0.020,0.568,-0.823,-0.054,0.021,-0.048
AIRPOT,1648115684317,1648115684934,4,0,0.042,0.592,-0.805,0.007,0.030,0.054
AIRPOT,1648115684369,1648115684986,4,0,0.068,0.613,-0.787,0.084,0.053,0.077
AIRPOT,1648115684495,1648115685112,4,0,0.140,0.644,-0.752,0.147,0.060,0.032
