Device,PTPTime,UnixTime,Protocool,CurrentDeviceTime,GyroX,GyroY,GyroZ,AccX,AccY,AccZ,HeartRate
WATCH,1648115579436,1648115580053,4,1648115579940,-0.090,0.029,0.308,0.008,0.067,-0.038,76
WATCH,1648115579436,1648115580053,4,1648115579950,-0.070,0.027,0.288,0.005,0.074,-0.041,76
WATCH,1648115579436,1648115580053,4,1648115579960,-0.040,0.025,0.265,0.002,0.079,-0.036,76
WATCH,1648115579436,1648115580053,4,1648115579970,-0.011,0.025,0.245,-0.000,0.082,-0.034,76
WATCH,1648115579525,1648115580142,4,1648115579980,0.012,0.032,0.221,-0.004,0.080,-0.033,76
WATCH,1648115579525,1648115580142,4,1648115579990,0.027,0.032,0.210,-0.010,0.080,-0.033,76
WATCH,1648115579525,1648115580142,4,1648115580000,0.033,0.030,0.203,-0.009,0.080,-0.033,76
WATCH,1648115579525,1648115580142,4,1648115580064,0.031,0.029,0.198,-0.011,0.079,-0.032,76
WATCH,1648115579525,1648115580142,4,1648115580067,0.031,0.028,0.193,-0.015,0.079,-0.029,76
WATCH,1648115579551,1648115580168,4,1648115580069,0.041,0.031,0.186,-0.019,0.079,-0.027,76
WATCH,1648115579551,1648115580168,4,1648115580072,0.058,0.029,0.180,-0.021,0.085,-0.027,76
WATCH,1648115579551,1648115580168,4,1648115580075,0.088,0.030,0.166,-0.030,0.090,-0.028,76
WATCH,1648115579551,1648115580168,4,1648115580078,0.121,0.035,0.151,-0.044,0.092,-0.030,76
WATCH,1648115579551,1648115580168,4,1648115580081,0.149,0.041,0.138,-0.051,0.092,-0.028,76
WATCH,1648115579552,1648115580169,4,1648115580084,0.167,0.040,0.121,-0.050,0.091,-0.028,76
WATCH,1648115579552,1648115580169,4,1648115580090,0.177,0.034,0.102,-0.045,0.089,-0.029,76
WATCH,1648115579552,1648115580169,4,1648115580100,0.180,0.029,0.086,-0.039,0.086,-0.030,76
WATCH,1648115579552,1648115580169,4,1648115580110,0.175,0.016,0.072,-0.036,0.087,-0.031,76
WATCH,1648115579552,1648115580169,4,1648115580120,0.166,0.010,0.057,-0.032,0.087,-0.031,76
WATCH,1648115579310,1648115579927,4,1648115579780,-0.141,0.080,0.410,0.012,-0.009,-0.013,76
WATCH,1648115579310,1648115579927,4,1648115579790,-0.128,0.073,0.407,0.010,0.000,-0.015,76
WATCH,1648115579310,1648115579927,4,1648115579799,-0.099,0.070,0.396,0.004,0.009,-0.017,76
WATCH,1648115579310,1648115579927,4,1648115579810,-0.068,0.072,0.381,-0.002,0.015,-0.019,76
WATCH,1648115579310,1648115579927,4,1648115579820,-0.042,0.072,0.365,-0.014,0.020,-0.022,76
WATCH,1648115579310,1648115579927,4,1648115579830,-0.032,0.076,0.353,-0.024,0.021,-0.021,76
WATCH,1648115579310,1648115579927,4,1648115579839,-0.046,0.071,0.351,-0.016,0.019,-0.020,76
WATCH,1648115579310,1648115579927,4,1648115579849,-0.079,0.062,0.352,0.005,0.020,-0.016,76
WATCH,1648115579310,1648115579927,4,1648115579859,-0.106,0.059,0.354,0.013,0.023,-0.013,76
WATCH,1648115579310,1648115579927,4,1648115579869,-0.135,0.055,0.359,0.014,0.028,-0.014,76
WATCH,1648115579372,1648115579989,4,1648115579879,-0.146,0.054,0.358,0.016,0.032,-0.018,76
WATCH,1648115579372,1648115579989,4,1648115579890,-0.149,0.052,0.352,0.016,0.044,-0.026,76
WATCH,1648115579373,1648115579990,4,1648115579900,-0.139,0.058,0.344,0.010,0.054,-0.032,76
WATCH,1648115579373,1648115579990,4,1648115579909,-0.124,0.052,0.340,0.010,0.059,-0.034,76
WATCH,1648115579373,1648115579990,4,1648115579920,-0.116,0.042,0.334,0.010,0.063,-0.036,76
WATCH,1648115579741,1648115580358,4,1648115580270,0.263,0.016,-0.253,-0.020,0.042,0.012,76
WATCH,1648115579790,1648115580407,4,1648115580280,0.288,0.022,-0.268,-0.019,0.037,0.012,76
WATCH,1648115579790,1648115580407,4,1648115580290,0.309,0.036,-0.278,-0.017,0.031,0.013,76
WATCH,1648115579790,1648115580407,4,1648115580300,0.326,0.036,-0.291,-0.017,0.023,0.012,76
WATCH,1648115579790,1648115580407,4,1648115580310,0.339,0.036,-0.295,-0.011,0.018,0.012,76
WATCH,1648115579790,1648115580407,4,1648115580320,0.350,0.036,-0.301,-0.006,0.014,0.013,76
WATCH,1648115579675,1648115580292,4,1648115580130,0.165,-0.009,0.044,-0.026,0.084,-0.027,76
WATCH,1648115579675,1648115580292,4,1648115580140,0.151,-0.024,0.025,-0.020,0.084,-0.029,76
WATCH,1648115579675,1648115580292,4,1648115580150,0.143,-0.033,0.009,-0.016,0.086,-0.024,76
WATCH,1648115579675,1648115580292,4,1648115580160,0.139,-0.043,-0.014,-0.015,0.084,-0.023,76
WATCH,1648115579675,1648115580292,4,1648115580170,0.133,-0.046,-0.033,-0.013,0.081,-0.018,76
WATCH,1648115579736,1648115580353,4,1648115580180,0.129,-0.048,-0.058,-0.010,0.077,-0.012,76
WATCH,1648115579736,1648115580353,4,1648115580190,0.123,-0.045,-0.086,-0.009,0.074,-0.008,76
WATCH,1648115579737,1648115580354,4,1648115580200,0.118,-0.042,-0.113,-0.007,0.070,-0.004,76
WATCH,1648115579737,1648115580354,4,1648115580210,0.120,-0.041,-0.139,-0.006,0.065,-0.001,76
WATCH,1648115579737,1648115580354,4,1648115580220,0.131,-0.037,-0.158,-0.003,0.062,0.002,76
WATCH,1648115579737,1648115580354,4,1648115580230,0.149,-0.030,-0.178,-0.004,0.061,0.002,76
WATCH,1648115579737,1648115580354,4,1648115580240,0.177,-0.017,-0.195,-0.009,0.059,0.002,76
WATCH,1648115579741,1648115580358,4,1648115580250,0.207,-0.006,-0.216,-0.014,0.053,0.006,76
WATCH,1648115579883,1648115580500,4,1648115580340,0.345,0.025,-0.308,-0.004,0.003,0.012,76
WATCH,1648115579883,1648115580500,4,1648115580350,0.331,0.013,-0.311,-0.002,-0.003,0.013,76
WATCH,1648115579883,1648115580500,4,1648115580361,0.306,0.003,-0.310,-0.000,-0.009,0.014,76
WATCH,1648115579883,1648115580500,4,1648115580370,0.269,-0.010,-0.311,0.005,-0.015,0.017,76
WATCH,1648115579948,1648115580565,4,1648115580380,0.223,-0.029,-0.316,0.009,-0.023,0.020,76
WATCH,1648115579948,1648115580565,4,1648115580390,0.176,-0.041,-0.318,0.013,-0.026,0.020,76
WATCH,1648115579948,1648115580565,4,1648115580400,0.136,-0.053,-0.323,0.014,-0.027,0.022,76
WATCH,1648115579948,1648115580565,4,1648115580410,0.099,-0.061,-0.327,0.015,-0.031,0.026,76
WATCH,1648115579948,1648115580565,4,1648115580420,0.067,-0.066,-0.334,0.018,-0.036,0.027,76
WATCH,1648115579948,1648115580565,4,1648115580430,0.037,-0.066,-0.338,0.022,-0.038,0.030,76
WATCH,1648115579948,1648115580565,4,1648115580440,0.012,-0.067,-0.345,0.024,-0.043,0.034,76
WATCH,1648115579948,1648115580565,4,1648115580450,-0.009,-0.066,-0.346,0.028,-0.044,0.037,76
WATCH,1648115579948,1648115580565,4,1648115580460,-0.024,-0.062,-0.348,0.028,-0.049,0.036,76
WATCH,1648115579948,1648115580565,4,1648115580470,-0.034,-0.057,-0.348,0.031,-0.053,0.035,76
WATCH,1648115580002,1648115580619,4,1648115580480,-0.040,-0.053,-0.342,0.032,-0.056,0.036,76
WATCH,1648115580002,1648115580619,4,1648115580490,-0.042,-0.052,-0.341,0.032,-0.059,0.035,76
WATCH,1648115580002,1648115580619,4,1648115580500,-0.040,-0.050,-0.336,0.031,-0.062,0.037,76
WATCH,1648115580002,1648115580619,4,1648115580510,-0.044,-0.046,-0.330,0.029,-0.069,0.038,76
WATCH,1648115580003,1648115580620,4,1648115580520,-0.050,-0.043,-0.321,0.031,-0.075,0.038,76
WATCH,1648115580062,1648115580679,4,1648115580530,-0.056,-0.040,-0.313,0.028,-0.081,0.041,76
WATCH,1648115580062,1648115580679,4,1648115580540,-0.067,-0.035,-0.299,0.027,-0.086,0.039,76
WATCH,1648115580062,1648115580679,4,1648115580550,-0.080,-0.031,-0.283,0.034,-0.092,0.038,76
WATCH,1648115580062,1648115580679,4,1648115580560,-0.096,-0.032,-0.266,0.033,-0.097,0.039,76
WATCH,1648115580063,1648115580680,4,1648115580570,-0.111,-0.030,-0.244,0.036,-0.100,0.038,76
WATCH,1648115580063,1648115580680,4,1648115580580,-0.130,-0.026,-0.219,0.037,-0.103,0.036,76
WATCH,1648115580064,1648115580681,4,1648115580591,-0.149,-0.024,-0.193,0.034,-0.110,0.038,76
WATCH,1648115580064,1648115580681,4,1648115580600,-0.168,-0.020,-0.171,0.034,-0.112,0.038,76
WATCH,1648115580064,1648115580681,4,1648115580611,-0.178,-0.015,-0.141,0.033,-0.114,0.036,76
WATCH,1648115580064,1648115580681,4,1648115580620,-0.183,-0.010,-0.109,0.032,-0.114,0.035,76
WATCH,1648115580122,1648115580739,4,1648115580631,-0.174,-0.001,-0.079,0.031,-0.113,0.033,76
WATCH,1648115580122,1648115580739,4,1648115580641,-0.158,0.012,-0.047,0.028,-0.108,0.027,76
WATCH,1648115580122,1648115580739,4,1648115580651,-0.130,0.022,-0.013,0.025,-0.105,0.026,76
WATCH,1648115580122,1648115580739,4,1648115580661,-0.114,0.032,0.022,0.024,-0.105,0.023,76
WATCH,1648115580122,1648115580739,4,1648115580671,-0.100,0.041,0.054,0.021,-0.101,0.020,76
WATCH,1648115580215,1648115580832,4,1648115580681,-0.092,0.043,0.089,0.019,-0.095,0.014,76
WATCH,1648115580215,1648115580832,4,1648115580691,-0.084,0.046,0.119,0.018,-0.090,0.012,76
WATCH,1648115580215,1648115580832,4,1648115580701,-0.084,0.048,0.145,0.015,-0.086,0.011,76
WATCH,1648115580215,1648115580832,4,1648115580711,-0.078,0.050,0.167,0.014,-0.082,0.011,76
WATCH,1648115580215,1648115580832,4,1648115580721,-0.076,0.051,0.186,0.016,-0.073,0.010,76
WATCH,1648115580278,1648115580895,4,1648115580731,-0.068,0.053,0.204,0.016,-0.065,0.008,76
WATCH,1648115580278,1648115580895,4,1648115580741,-0.061,0.056,0.218,0.017,-0.057,0.006,76
WATCH,1648115580278,1648115580895,4,1648115580751,-0.056,0.061,0.232,0.018,-0.052,0.002,76
WATCH,1648115580280,1648115580897,4,1648115580761,-0.047,0.060,0.243,0.018,-0.048,0.001,76
WATCH,1648115580280,1648115580897,4,1648115580771,-0.050,0.066,0.257,0.019,-0.041,-0.000,76
WATCH,1648115580281,1648115580898,4,1648115580781,-0.050,0.068,0.268,0.019,-0.037,-0.000,76
WATCH,1648115580281,1648115580898,4,1648115580791,-0.052,0.069,0.278,0.020,-0.031,0.001,76
WATCH,1648115580281,1648115580898,4,1648115580801,-0.053,0.074,0.291,0.021,-0.027,0.001,76
WATCH,1648115580281,1648115580898,4,1648115580811,-0.047,0.080,0.299,0.022,-0.019,-0.002,76
WATCH,1648115580281,1648115580898,4,1648115580821,-0.036,0.082,0.308,0.021,-0.010,-0.005,76
WATCH,1648115580331,1648115580948,4,1648115580831,-0.016,0.089,0.314,0.016,-0.005,-0.007,76
WATCH,1648115580331,1648115580948,4,1648115580841,0.007,0.094,0.321,0.011,0.002,-0.009,76
WATCH,1648115580331,1648115580948,4,1648115580851,0.022,0.097,0.328,0.009,0.006,-0.012,76
WATCH,1648115580331,1648115580948,4,1648115580861,0.037,0.095,0.336,0.007,0.011,-0.013,76
WATCH,1648115580331,1648115580948,4,1648115580871,0.046,0.089,0.337,0.006,0.012,-0.014,76
WATCH,1648115580392,1648115581009,4,1648115580881,0.050,0.087,0.344,0.005,0.017,-0.016,76
WATCH,1648115580392,1648115581009,4,1648115580891,0.054,0.080,0.350,0.004,0.023,-0.021,76
WATCH,1648115580392,1648115581009,4,1648115580901,0.049,0.075,0.352,0.004,0.027,-0.022,76
WATCH,1648115580392,1648115581009,4,1648115580911,0.041,0.063,0.350,0.000,0.031,-0.024,76
WATCH,1648115580392,1648115581009,4,1648115580921,0.029,0.052,0.345,-0.007,0.033,-0.022,76
WATCH,1648115580521,1648115581138,4,1648115581051,0.015,0.055,0.137,0.020,0.087,-0.021,76
WATCH,1648115580521,1648115581138,4,1648115581061,0.055,0.060,0.138,0.008,0.087,-0.023,76
WATCH,1648115580521,1648115581138,4,1648115581071,0.077,0.062,0.134,-0.005,0.079,-0.021,76
WATCH,1648115580452,1648115581069,4,1648115580931,0.019,0.048,0.340,-0.010,0.037,-0.021,76
WATCH,1648115580452,1648115581069,4,1648115580941,0.007,0.038,0.333,-0.008,0.043,-0.021,76
WATCH,1648115580452,1648115581069,4,1648115580951,-0.014,0.026,0.322,-0.005,0.047,-0.024,76
WATCH,1648115580452,1648115581069,4,1648115580961,-0.033,0.014,0.306,-0.006,0.053,-0.028,76
WATCH,1648115580452,1648115581069,4,1648115580971,-0.049,0.003,0.284,-0.018,0.055,-0.024,76
WATCH,1648115580520,1648115581137,4,1648115580981,-0.066,0.005,0.259,-0.027,0.057,-0.021,76
WATCH,1648115580520,1648115581137,4,1648115580991,-0.089,0.003,0.232,-0.029,0.059,-0.012,76
WATCH,1648115580520,1648115581137,4,1648115581001,-0.107,0.003,0.207,-0.025,0.058,-0.004,76
WATCH,1648115580520,1648115581137,4,1648115581011,-0.113,0.013,0.178,-0.015,0.063,-0.003,76
WATCH,1648115580521,1648115581138,4,1648115581021,-0.101,0.027,0.162,-0.002,0.069,-0.007,76
WATCH,1648115580521,1648115581138,4,1648115581031,-0.080,0.034,0.144,0.012,0.074,-0.010,76
WATCH,1648115580572,1648115581189,4,1648115581091,0.080,0.050,0.121,-0.010,0.075,-0.020,76
WATCH,1648115580572,1648115581189,4,1648115581101,0.078,0.044,0.108,-0.014,0.076,-0.025,76
WATCH,1648115580572,1648115581189,4,1648115581111,0.086,0.039,0.082,-0.018,0.076,-0.029,76
WATCH,1648115580572,1648115581189,4,1648115581121,0.108,0.039,0.053,-0.022,0.079,-0.031,76
WATCH,1648115580664,1648115581281,4,1648115581131,0.146,0.049,0.027,-0.026,0.085,-0.035,76
WATCH,1648115580664,1648115581281,4,1648115581141,0.184,0.051,-0.002,-0.031,0.085,-0.035,76
WATCH,1648115580664,1648115581281,4,1648115581151,0.208,0.052,-0.026,-0.034,0.078,-0.034,76
WATCH,1648115580664,1648115581281,4,1648115581161,0.231,0.053,-0.048,-0.038,0.074,-0.033,76
WATCH,1648115580664,1648115581281,4,1648115581172,0.248,0.058,-0.067,-0.042,0.069,-0.034,76
WATCH,1648115580665,1648115581282,4,1648115581181,0.265,0.058,-0.081,-0.047,0.063,-0.031,76
WATCH,1648115580665,1648115581282,4,1648115581191,0.278,0.056,-0.096,-0.049,0.060,-0.032,76
WATCH,1648115580665,1648115581282,4,1648115581201,0.296,0.054,-0.104,-0.051,0.060,-0.033,76
WATCH,1648115580665,1648115581282,4,1648115581211,0.322,0.052,-0.117,-0.049,0.061,-0.034,76
WATCH,1648115580666,1648115581283,4,1648115581221,0.345,0.048,-0.126,-0.044,0.059,-0.035,76
WATCH,1648115580721,1648115581338,4,1648115581231,0.366,0.043,-0.132,-0.036,0.059,-0.033,76
WATCH,1648115580721,1648115581338,4,1648115581241,0.377,0.036,-0.138,-0.028,0.057,-0.030,76
WATCH,1648115580721,1648115581338,4,1648115581251,0.380,0.026,-0.139,-0.021,0.053,-0.027,76
WATCH,1648115580721,1648115581338,4,1648115581261,0.370,0.014,-0.146,-0.017,0.049,-0.025,76
WATCH,1648115580721,1648115581338,4,1648115581271,0.357,0.007,-0.154,-0.014,0.047,-0.024,76
WATCH,1648115580783,1648115581400,4,1648115581281,0.344,0.002,-0.162,-0.017,0.046,-0.020,76
WATCH,1648115580783,1648115581400,4,1648115581291,0.332,-0.004,-0.177,-0.015,0.045,-0.017,76
WATCH,1648115580783,1648115581400,4,1648115581301,0.326,-0.011,-0.184,-0.013,0.047,-0.014,76
WATCH,1648115580783,1648115581400,4,1648115581311,0.322,-0.013,-0.200,-0.012,0.047,-0.012,76
WATCH,1648115580783,1648115581400,4,1648115581321,0.324,-0.018,-0.213,-0.009,0.049,-0.012,76
WATCH,1648115580842,1648115581459,4,1648115581331,0.318,-0.022,-0.226,-0.004,0.045,-0.007,76
WATCH,1648115580842,1648115581459,4,1648115581341,0.310,-0.031,-0.240,0.002,0.042,-0.005,76
WATCH,1648115580842,1648115581459,4,1648115581351,0.294,-0.035,-0.250,0.005,0.038,-0.001,76
WATCH,1648115580842,1648115581459,4,1648115581361,0.278,-0.041,-0.262,0.005,0.033,0.003,76
WATCH,1648115580842,1648115581459,4,1648115581371,0.264,-0.046,-0.272,0.007,0.027,0.004,76
WATCH,1648115580930,1648115581547,4,1648115581381,0.251,-0.048,-0.281,0.007,0.022,0.010,76
WATCH,1648115580930,1648115581547,4,1648115581391,0.250,-0.053,-0.292,0.006,0.017,0.012,76
WATCH,1648115580930,1648115581547,4,1648115581401,0.238,-0.044,-0.302,0.008,0.016,0.010,76
WATCH,1648115580930,1648115581547,4,1648115581411,0.249,-0.038,-0.307,0.008,0.015,0.020,76
WATCH,1648115580930,1648115581547,4,1648115581421,0.244,-0.031,-0.315,0.006,0.004,0.023,76
WATCH,1648115580998,1648115581615,4,1648115581431,0.246,-0.029,-0.320,0.012,-0.003,0.027,76
WATCH,1648115580998,1648115581615,4,1648115581442,0.251,-0.024,-0.321,0.015,-0.002,0.026,76
WATCH,1648115580998,1648115581615,4,1648115581452,0.259,-0.017,-0.319,0.018,-0.005,0.025,76
WATCH,1648115580998,1648115581615,4,1648115581461,0.259,-0.013,-0.319,0.018,-0.012,0.028,76
WATCH,1648115580998,1648115581615,4,1648115581472,0.255,-0.011,-0.315,0.020,-0.019,0.033,76
WATCH,1648115580999,1648115581616,4,1648115581482,0.252,-0.005,-0.311,0.022,-0.024,0.034,76
WATCH,1648115580999,1648115581616,4,1648115581492,0.254,-0.001,-0.311,0.023,-0.025,0.035,76
WATCH,1648115580999,1648115581616,4,1648115581502,0.250,0.002,-0.308,0.023,-0.029,0.034,76
WATCH,1648115580999,1648115581616,4,1648115581512,0.249,0.008,-0.309,0.020,-0.035,0.035,76
WATCH,1648115580999,1648115581616,4,1648115581522,0.249,0.013,-0.305,0.022,-0.038,0.037,76
WATCH,1648115581052,1648115581669,4,1648115581532,0.251,0.018,-0.298,0.023,-0.042,0.037,76
WATCH,1648115581052,1648115581669,4,1648115581542,0.248,0.018,-0.291,0.021,-0.047,0.036,76
WATCH,1648115581052,1648115581669,4,1648115581552,0.244,0.019,-0.281,0.025,-0.050,0.036,76
WATCH,1648115581052,1648115581669,4,1648115581562,0.237,0.021,-0.272,0.028,-0.053,0.037,76
WATCH,1648115581052,1648115581669,4,1648115581572,0.226,0.022,-0.256,0.029,-0.060,0.038,76
WATCH,1648115581116,1648115581733,4,1648115581582,0.214,0.025,-0.244,0.032,-0.064,0.041,76
WATCH,1648115581116,1648115581733,4,1648115581592,0.194,0.029,-0.229,0.036,-0.068,0.042,76
WATCH,1648115581116,1648115581733,4,1648115581602,0.181,0.028,-0.219,0.035,-0.070,0.042,76
WATCH,1648115581116,1648115581733,4,1648115581612,0.171,0.025,-0.210,0.032,-0.074,0.042,76
WATCH,1648115581116,1648115581733,4,1648115581622,0.160,0.034,-0.199,0.029,-0.077,0.041,76
WATCH,1648115581117,1648115581734,4,1648115581632,0.154,0.039,-0.182,0.026,-0.077,0.041,76
WATCH,1648115581117,1648115581734,4,1648115581642,0.154,0.044,-0.172,0.027,-0.079,0.040,76
WATCH,1648115581117,1648115581734,4,1648115581652,0.152,0.048,-0.158,0.028,-0.081,0.037,76
WATCH,1648115581117,1648115581734,4,1648115581662,0.148,0.049,-0.140,0.030,-0.081,0.036,76
WATCH,1648115581118,1648115581735,4,1648115581672,0.140,0.048,-0.120,0.032,-0.084,0.034,76
WATCH,1648115581295,1648115581912,4,1648115581782,-0.033,0.023,0.066,0.023,-0.075,0.019,76
WATCH,1648115581296,1648115581913,4,1648115581792,-0.037,0.026,0.080,0.020,-0.072,0.018,76
WATCH,1648115581296,1648115581913,4,1648115581802,-0.049,0.024,0.093,0.017,-0.071,0.018,76
WATCH,1648115581296,1648115581913,4,1648115581812,-0.062,0.020,0.106,0.014,-0.068,0.018,76
WATCH,1648115581296,1648115581913,4,1648115581822,-0.071,0.017,0.118,0.015,-0.065,0.018,76
WATCH,1648115581172,1648115581789,4,1648115581682,0.123,0.045,-0.102,0.034,-0.087,0.035,76
WATCH,1648115581172,1648115581789,4,1648115581692,0.103,0.041,-0.081,0.033,-0.089,0.034,76
WATCH,1648115581172,1648115581789,4,1648115581702,0.086,0.037,-0.063,0.030,-0.092,0.033,76
WATCH,1648115581172,1648115581789,4,1648115581712,0.060,0.033,-0.045,0.029,-0.093,0.031,76
WATCH,1648115581172,1648115581789,4,1648115581722,0.037,0.033,-0.030,0.027,-0.092,0.030,76
WATCH,1648115581233,1648115581850,4,1648115581732,0.016,0.028,-0.011,0.024,-0.091,0.028,76
WATCH,1648115581233,1648115581850,4,1648115581742,-0.005,0.023,0.004,0.023,-0.089,0.028,76
WATCH,1648115581233,1648115581850,4,1648115581752,-0.022,0.025,0.020,0.024,-0.088,0.027,76
WATCH,1648115581233,1648115581850,4,1648115581762,-0.030,0.023,0.035,0.023,-0.085,0.026,76
WATCH,1648115581233,1648115581850,4,1648115581772,-0.034,0.026,0.052,0.023,-0.079,0.023,76
WATCH,1648115581412,1648115582029,4,1648115581832,-0.082,0.014,0.130,0.016,-0.060,0.015,76
WATCH,1648115581412,1648115582029,4,1648115581842,-0.095,0.013,0.137,0.013,-0.055,0.013,76
WATCH,1648115581412,1648115582029,4,1648115581852,-0.113,0.009,0.144,0.014,-0.054,0.011,76
WATCH,1648115581412,1648115582029,4,1648115581862,-0.122,0.006,0.153,0.013,-0.048,0.012,76
WATCH,1648115581412,1648115582029,4,1648115581872,-0.137,0.003,0.162,0.015,-0.043,0.010,76
WATCH,1648115581476,1648115582093,4,1648115581882,-0.147,0.000,0.168,0.018,-0.040,0.009,76
WATCH,1648115581476,1648115582093,4,1648115581892,-0.155,-0.003,0.178,0.018,-0.036,0.007,76
WATCH,1648115581476,1648115582093,4,1648115581902,-0.163,-0.006,0.189,0.019,-0.033,0.007,76
WATCH,1648115581476,1648115582093,4,1648115581912,-0.165,-0.004,0.196,0.021,-0.028,0.008,76
WATCH,1648115581477,1648115582094,4,1648115581922,-0.163,-0.004,0.206,0.018,-0.023,0.011,76
WATCH,1648115581478,1648115582095,4,1648115581932,-0.166,-0.003,0.215,0.015,-0.022,0.010,76
WATCH,1648115581478,1648115582095,4,1648115581942,-0.166,0.001,0.228,0.011,-0.018,0.005,76
WATCH,1648115581478,1648115582095,4,1648115581952,-0.165,0.001,0.244,0.008,-0.016,0.006,76
WATCH,1648115581478,1648115582095,4,1648115581962,-0.167,-0.000,0.258,0.002,-0.011,0.003,76
WATCH,1648115581478,1648115582095,4,1648115581972,-0.172,-0.001,0.272,-0.003,-0.005,0.005,76
WATCH,1648115581482,1648115582099,4,1648115581982,-0.171,-0.004,0.280,-0.010,-0.003,0.004,76
WATCH,1648115581482,1648115582099,4,1648115581992,-0.175,-0.008,0.290,-0.013,0.003,0.001,76
WATCH,1648115581482,1648115582099,4,1648115582002,-0.173,-0.013,0.295,-0.014,0.010,0.001,76
WATCH,1648115581482,1648115582099,4,1648115582012,-0.170,-0.014,0.299,-0.017,0.015,-0.001,76
WATCH,1648115581482,1648115582099,4,1648115582022,-0.170,-0.015,0.299,-0.018,0.019,-0.002,76
WATCH,1648115581533,1648115582150,4,1648115582032,-0.170,-0.013,0.294,-0.017,0.025,-0.004,76
WATCH,1648115581533,1648115582150,4,1648115582042,-0.173,-0.015,0.289,-0.017,0.029,-0.005,76
WATCH,1648115581533,1648115582150,4,1648115582053,-0.176,-0.015,0.285,-0.017,0.032,-0.004,76
WATCH,1648115581533,1648115582150,4,1648115582062,-0.184,-0.017,0.275,-0.014,0.035,-0.002,76
WATCH,1648115581533,1648115582150,4,1648115582072,-0.195,-0.015,0.264,-0.011,0.038,-0.005,76
WATCH,1648115581592,1648115582209,4,1648115582082,-0.201,-0.018,0.250,-0.010,0.042,-0.005,76
WATCH,1648115581592,1648115582209,4,1648115582092,-0.202,-0.019,0.236,-0.011,0.048,-0.008,76
WATCH,1648115581592,1648115582209,4,1648115582102,-0.203,-0.017,0.219,-0.007,0.052,-0.010,76
WATCH,1648115581592,1648115582209,4,1648115582112,-0.194,-0.025,0.200,-0.009,0.057,-0.010,76
WATCH,1648115581592,1648115582209,4,1648115582122,-0.188,-0.021,0.179,-0.008,0.060,-0.011,76
WATCH,1648115581652,1648115582269,4,1648115582132,-0.177,-0.022,0.158,-0.008,0.063,-0.013,76
WATCH,1648115581653,1648115582270,4,1648115582142,-0.168,-0.023,0.135,-0.008,0.064,-0.013,76
WATCH,1648115581653,1648115582270,4,1648115582152,-0.162,-0.022,0.115,-0.008,0.068,-0.012,76
WATCH,1648115581653,1648115582270,4,1648115582162,-0.162,-0.022,0.098,-0.010,0.065,-0.014,76
WATCH,1648115581653,1648115582270,4,1648115582173,-0.165,-0.023,0.077,-0.012,0.060,-0.011,76
WATCH,1648115581715,1648115582332,4,1648115582182,-0.169,-0.026,0.062,-0.012,0.059,-0.011,76
WATCH,1648115581715,1648115582332,4,1648115582192,-0.166,-0.027,0.047,-0.015,0.059,-0.014,76
WATCH,1648115581716,1648115582333,4,1648115582202,-0.160,-0.022,0.035,-0.017,0.060,-0.014,76
WATCH,1648115581716,1648115582333,4,1648115582212,-0.152,-0.026,0.024,-0.017,0.058,-0.014,76
WATCH,1648115581716,1648115582333,4,1648115582222,-0.139,-0.027,0.018,-0.018,0.058,-0.016,76
WATCH,1648115581773,1648115582390,4,1648115582232,-0.128,-0.025,0.009,-0.018,0.055,-0.016,76
WATCH,1648115581773,1648115582390,4,1648115582242,-0.116,-0.027,0.006,-0.017,0.054,-0.015,76
WATCH,1648115581773,1648115582390,4,1648115582252,-0.108,-0.025,0.002,-0.015,0.051,-0.013,76
WATCH,1648115581773,1648115582390,4,1648115582262,-0.099,-0.029,0.001,-0.016,0.048,-0.014,76
WATCH,1648115581773,1648115582390,4,1648115582272,-0.094,-0.025,-0.001,-0.016,0.049,-0.014,76
WATCH,1648115581774,1648115582391,4,1648115582282,-0.083,-0.025,-0.003,-0.016,0.047,-0.013,76
WATCH,1648115581774,1648115582391,4,1648115582292,-0.072,-0.025,-0.008,-0.016,0.046,-0.011,76
WATCH,1648115581775,1648115582392,4,1648115582302,-0.060,-0.022,-0.014,-0.018,0.044,-0.017,76
WATCH,1648115581775,1648115582392,4,1648115582312,-0.060,-0.019,-0.017,-0.015,0.042,-0.018,76
WATCH,1648115581775,1648115582392,4,1648115582322,-0.054,-0.020,-0.022,-0.013,0.039,-0.013,76
WATCH,1648115581832,1648115582449,4,1648115582332,-0.056,-0.023,-0.030,-0.012,0.038,-0.012,76
WATCH,1648115581832,1648115582449,4,1648115582342,-0.057,-0.021,-0.036,-0.014,0.034,-0.014,76
WATCH,1648115581832,1648115582449,4,1648115582352,-0.056,-0.026,-0.042,-0.012,0.035,-0.013,76
WATCH,1648115581832,1648115582449,4,1648115582362,-0.049,-0.024,-0.050,-0.008,0.034,-0.012,76
WATCH,1648115581832,1648115582449,4,1648115582372,-0.041,-0.022,-0.061,-0.008,0.032,-0.015,76
WATCH,1648115581894,1648115582511,4,1648115582382,-0.031,-0.017,-0.067,-0.006,0.026,-0.015,76
WATCH,1648115581894,1648115582511,4,1648115582393,-0.029,-0.014,-0.070,0.001,0.027,-0.013,76
WATCH,1648115581894,1648115582511,4,1648115582403,-0.025,-0.012,-0.072,0.005,0.024,-0.013,76
WATCH,1648115581894,1648115582511,4,1648115582412,-0.022,-0.007,-0.075,0.005,0.020,-0.013,76
WATCH,1648115581894,1648115582511,4,1648115582423,-0.014,-0.004,-0.077,-0.002,0.019,-0.013,76
WATCH,1648115581951,1648115582568,4,1648115582432,-0.004,-0.004,-0.075,-0.003,0.016,-0.015,76
WATCH,1648115581951,1648115582568,4,1648115582443,0.004,0.003,-0.072,-0.004,0.017,-0.017,76
WATCH,1648115581951,1648115582568,4,1648115582452,0.029,0.010,-0.068,-0.006,0.017,-0.017,76
WATCH,1648115581951,1648115582568,4,1648115582462,0.054,0.017,-0.067,-0.006,0.017,-0.018,76
WATCH,1648115581951,1648115582568,4,1648115582472,0.092,0.022,-0.070,-0.008,0.018,-0.019,76
WATCH,1648115582043,1648115582660,4,1648115582483,0.137,0.028,-0.068,-0.012,0.021,-0.022,76
WATCH,1648115582043,1648115582660,4,1648115582493,0.181,0.039,-0.070,-0.015,0.022,-0.023,76
WATCH,1648115582043,1648115582660,4,1648115582503,0.222,0.041,-0.071,-0.018,0.020,-0.026,76
WATCH,1648115582043,1648115582660,4,1648115582513,0.249,0.041,-0.072,-0.016,0.017,-0.024,76
WATCH,1648115582043,1648115582660,4,1648115582523,0.267,0.037,-0.070,-0.011,0.017,-0.024,76
WATCH,1648115582045,1648115582662,4,1648115582533,0.272,0.024,-0.067,-0.003,0.016,-0.022,76
WATCH,1648115582045,1648115582662,4,1648115582543,0.274,0.017,-0.062,0.000,0.014,-0.021,76
WATCH,1648115582045,1648115582662,4,1648115582553,0.265,0.002,-0.063,0.004,0.014,-0.021,76
WATCH,1648115582045,1648115582662,4,1648115582563,0.252,-0.012,-0.068,0.004,0.014,-0.022,76
WATCH,1648115582045,1648115582662,4,1648115582573,0.237,-0.023,-0.077,-0.001,0.015,-0.019,76
WATCH,1648115582101,1648115582718,4,1648115582593,0.189,-0.057,-0.095,-0.004,0.013,-0.011,76
WATCH,1648115582101,1648115582718,4,1648115582603,0.161,-0.075,-0.106,-0.003,0.012,-0.009,76
WATCH,1648115582102,1648115582719,4,1648115582613,0.128,-0.092,-0.122,0.001,0.011,-0.007,76
WATCH,1648115582102,1648115582719,4,1648115582623,0.095,-0.105,-0.138,0.004,0.010,-0.000,76
WATCH,1648115582224,1648115582841,4,1648115582633,0.057,-0.122,-0.153,0.008,0.007,0.005,76
WATCH,1648115582224,1648115582841,4,1648115582643,0.018,-0.136,-0.173,0.016,0.004,0.010,76
WATCH,1648115582224,1648115582841,4,1648115582653,-0.016,-0.150,-0.189,0.026,0.001,0.010,76
WATCH,1648115582224,1648115582841,4,1648115582663,-0.055,-0.165,-0.204,0.031,0.000,0.011,76
WATCH,1648115582225,1648115582842,4,1648115582673,-0.101,-0.180,-0.222,0.029,-0.007,0.017,76
WATCH,1648115582228,1648115582845,4,1648115582683,-0.149,-0.196,-0.236,0.025,-0.017,0.024,76
WATCH,1648115582228,1648115582845,4,1648115582693,-0.199,-0.214,-0.249,0.016,-0.028,0.033,76
WATCH,1648115582228,1648115582845,4,1648115582703,-0.256,-0.225,-0.266,0.008,-0.036,0.037,76
WATCH,1648115582228,1648115582845,4,1648115582713,-0.309,-0.231,-0.278,0.004,-0.042,0.046,76
WATCH,1648115582228,1648115582845,4,1648115582723,-0.358,-0.227,-0.291,0.003,-0.054,0.050,76
WATCH,1648115582311,1648115582928,4,1648115582733,-0.396,-0.229,-0.298,0.006,-0.061,0.057,76
WATCH,1648115582311,1648115582928,4,1648115582743,-0.418,-0.220,-0.301,0.014,-0.063,0.061,76
WATCH,1648115582311,1648115582928,4,1648115582753,-0.424,-0.205,-0.296,0.020,-0.063,0.063,76
WATCH,1648115582311,1648115582928,4,1648115582763,-0.418,-0.188,-0.285,0.025,-0.069,0.069,76
WATCH,1648115582311,1648115582928,4,1648115582773,-0.412,-0.174,-0.267,0.031,-0.073,0.070,76
WATCH,1648115582314,1648115582931,4,1648115582783,-0.405,-0.158,-0.243,0.035,-0.078,0.073,76
WATCH,1648115582314,1648115582931,4,1648115582793,-0.396,-0.140,-0.212,0.036,-0.083,0.072,76
WATCH,1648115582314,1648115582931,4,1648115582803,-0.387,-0.122,-0.177,0.041,-0.088,0.073,76
WATCH,1648115582314,1648115582931,4,1648115582813,-0.371,-0.102,-0.135,0.040,-0.091,0.073,76
WATCH,1648115582314,1648115582931,4,1648115582823,-0.357,-0.086,-0.099,0.036,-0.094,0.071,76
WATCH,1648115582373,1648115582990,4,1648115582833,-0.336,-0.062,-0.056,0.031,-0.096,0.075,76
WATCH,1648115582373,1648115582990,4,1648115582843,-0.307,-0.042,-0.014,0.024,-0.097,0.071,76
WATCH,1648115582373,1648115582990,4,1648115582853,-0.275,-0.019,0.031,0.020,-0.095,0.071,76
WATCH,1648115582373,1648115582990,4,1648115582863,-0.246,0.002,0.074,0.015,-0.097,0.066,76
WATCH,1648115582373,1648115582990,4,1648115582873,-0.221,0.021,0.123,0.013,-0.095,0.061,76
WATCH,1648115582374,1648115582991,4,1648115582883,-0.195,0.038,0.169,0.012,-0.092,0.055,76
WATCH,1648115582374,1648115582991,4,1648115582893,-0.179,0.052,0.216,0.013,-0.085,0.049,76
WATCH,1648115582374,1648115582991,4,1648115582903,-0.170,0.063,0.261,0.011,-0.079,0.042,76
WATCH,1648115582374,1648115582991,4,1648115582913,-0.161,0.070,0.295,0.008,-0.075,0.039,76
WATCH,1648115582374,1648115582991,4,1648115582923,-0.157,0.072,0.327,0.008,-0.072,0.030,76
WATCH,1648115582431,1648115583048,4,1648115582933,-0.148,0.074,0.350,0.008,-0.058,0.023,76
WATCH,1648115582431,1648115583048,4,1648115582943,-0.137,0.076,0.370,0.010,-0.045,0.016,76
WATCH,1648115582431,1648115583048,4,1648115582953,-0.128,0.077,0.384,0.009,-0.039,0.011,76
WATCH,1648115582431,1648115583048,4,1648115582963,-0.130,0.075,0.394,0.010,-0.031,0.007,76
WATCH,1648115582431,1648115583048,4,1648115582973,-0.136,0.069,0.402,0.013,-0.026,0.007,76
WATCH,1648115582491,1648115583108,4,1648115582983,-0.144,0.065,0.401,0.014,-0.018,0.007,76
WATCH,1648115582491,1648115583108,4,1648115582993,-0.156,0.072,0.402,0.018,-0.013,0.007,76
WATCH,1648115582491,1648115583108,4,1648115583003,-0.170,0.076,0.400,0.021,-0.007,0.002,76
WATCH,1648115582491,1648115583108,4,1648115583013,-0.181,0.084,0.397,0.025,-0.002,-0.002,76
WATCH,1648115582491,1648115583108,4,1648115583023,-0.183,0.093,0.389,0.029,0.006,-0.007,76
WATCH,1648115582554,1648115583171,4,1648115583033,-0.185,0.096,0.386,0.032,0.014,-0.014,76
WATCH,1648115582554,1648115583171,4,1648115583043,-0.186,0.102,0.377,0.035,0.020,-0.019,76
WATCH,1648115582554,1648115583171,4,1648115583053,-0.180,0.095,0.378,0.036,0.028,-0.022,76
WATCH,1648115582554,1648115583171,4,1648115583063,-0.160,0.099,0.378,0.041,0.037,-0.025,76
WATCH,1648115582554,1648115583171,4,1648115583073,-0.133,0.101,0.369,0.039,0.046,-0.032,76
WATCH,1648115582616,1648115583233,4,1648115583083,-0.100,0.103,0.356,0.026,0.053,-0.042,76
WATCH,1648115582616,1648115583233,4,1648115583093,-0.067,0.106,0.340,0.014,0.056,-0.048,76
WATCH,1648115582616,1648115583233,4,1648115583103,-0.040,0.107,0.323,0.012,0.058,-0.051,76
WATCH,1648115582616,1648115583233,4,1648115583113,-0.010,0.111,0.304,0.016,0.063,-0.048,76
WATCH,1648115582616,1648115583233,4,1648115583123,0.019,0.115,0.293,0.019,0.063,-0.054,76
WATCH,1648115582616,1648115583233,4,1648115583133,0.048,0.109,0.284,0.018,0.065,-0.060,76
WATCH,1648115582616,1648115583233,4,1648115583144,0.076,0.101,0.279,0.017,0.069,-0.071,76
WATCH,1648115582616,1648115583233,4,1648115583153,0.098,0.094,0.272,0.011,0.066,-0.077,76
WATCH,1648115582616,1648115583233,4,1648115583163,0.120,0.083,0.268,-0.000,0.066,-0.078,76
WATCH,1648115582616,1648115583233,4,1648115583173,0.126,0.076,0.266,-0.007,0.061,-0.075,76
WATCH,1648115582672,1648115583289,4,1648115583184,0.135,0.060,0.264,-0.011,0.061,-0.073,76
WATCH,1648115582672,1648115583289,4,1648115583193,0.135,0.048,0.263,-0.015,0.061,-0.073,76
WATCH,1648115582672,1648115583289,4,1648115583204,0.147,0.032,0.260,-0.020,0.065,-0.079,76
WATCH,1648115582672,1648115583289,4,1648115583214,0.159,0.015,0.256,-0.029,0.070,-0.083,76
WATCH,1648115582672,1648115583289,4,1648115583223,0.172,-0.001,0.247,-0.042,0.072,-0.083,76
WATCH,1648115582731,1648115583348,4,1648115583234,0.174,-0.023,0.240,-0.050,0.071,-0.077,76
WATCH,1648115582731,1648115583348,4,1648115583244,0.168,-0.045,0.230,-0.057,0.072,-0.074,76
WATCH,1648115582731,1648115583348,4,1648115583254,0.152,-0.058,0.217,-0.062,0.075,-0.074,76
WATCH,1648115582732,1648115583349,4,1648115583264,0.153,-0.089,0.200,-0.059,0.080,-0.070,76
WATCH,1648115582732,1648115583349,4,1648115583274,0.145,-0.112,0.170,-0.052,0.085,-0.073,76
WATCH,1648115582824,1648115583441,4,1648115583284,0.158,-0.133,0.143,-0.042,0.097,-0.069,76
WATCH,1648115582824,1648115583441,4,1648115583294,0.174,-0.153,0.104,-0.037,0.101,-0.066,76
WATCH,1648115582824,1648115583441,4,1648115583304,0.183,-0.168,0.068,-0.035,0.098,-0.062,76
WATCH,1648115582824,1648115583441,4,1648115583314,0.183,-0.190,0.025,-0.028,0.098,-0.053,76
WATCH,1648115582824,1648115583441,4,1648115583324,0.178,-0.201,-0.023,-0.019,0.094,-0.047,76
WATCH,1648115582884,1648115583501,4,1648115583334,0.168,-0.217,-0.069,-0.009,0.090,-0.040,76
WATCH,1648115582884,1648115583501,4,1648115583344,0.150,-0.229,-0.114,0.001,0.086,-0.034,76
WATCH,1648115582884,1648115583501,4,1648115583354,0.136,-0.248,-0.159,0.011,0.080,-0.029,76
WATCH,1648115582884,1648115583501,4,1648115583364,0.120,-0.262,-0.201,0.018,0.076,-0.024,76
WATCH,1648115582884,1648115583501,4,1648115583374,0.108,-0.278,-0.236,0.024,0.072,-0.017,76
WATCH,1648115582886,1648115583503,4,1648115583384,0.104,-0.297,-0.270,0.024,0.066,-0.010,76
WATCH,1648115582887,1648115583504,4,1648115583394,0.085,-0.310,-0.298,0.019,0.058,-0.004,76
WATCH,1648115582887,1648115583504,4,1648115583404,0.072,-0.323,-0.332,0.016,0.048,0.007,76
WATCH,1648115582887,1648115583504,4,1648115583414,0.046,-0.332,-0.358,0.012,0.036,0.016,76
WATCH,1648115582887,1648115583504,4,1648115583424,0.005,-0.339,-0.381,0.010,0.022,0.026,76
WATCH,1648115582942,1648115583559,4,1648115583434,-0.031,-0.351,-0.407,0.013,0.010,0.036,76
WATCH,1648115582942,1648115583559,4,1648115583444,-0.054,-0.349,-0.428,0.013,-0.001,0.041,76
WATCH,1648115582944,1648115583561,4,1648115583454,-0.061,-0.347,-0.441,0.016,-0.005,0.043,76
WATCH,1648115582944,1648115583561,4,1648115583464,-0.081,-0.346,-0.454,0.018,-0.012,0.049,76
WATCH,1648115582944,1648115583561,4,1648115583474,-0.083,-0.338,-0.470,0.018,-0.021,0.057,76
WATCH,1648115583002,1648115583619,4,1648115583484,-0.086,-0.328,-0.469,0.021,-0.024,0.061,76
WATCH,1648115583002,1648115583619,4,1648115583494,-0.095,-0.321,-0.476,0.024,-0.036,0.070,76
WATCH,1648115583002,1648115583619,4,1648115583504,-0.113,-0.314,-0.477,0.023,-0.047,0.078,76
WATCH,1648115583002,1648115583619,4,1648115583514,-0.129,-0.299,-0.470,0.022,-0.054,0.084,76
WATCH,1648115583002,1648115583619,4,1648115583524,-0.144,-0.282,-0.467,0.019,-0.063,0.087,76
WATCH,1648115583064,1648115583681,4,1648115583534,-0.157,-0.267,-0.454,0.019,-0.071,0.095,76
WATCH,1648115583064,1648115583681,4,1648115583544,-0.172,-0.246,-0.447,0.020,-0.080,0.097,76
WATCH,1648115583064,1648115583681,4,1648115583554,-0.175,-0.223,-0.431,0.021,-0.085,0.100,76
WATCH,1648115583064,1648115583681,4,1648115583564,-0.173,-0.198,-0.411,0.021,-0.090,0.099,76
WATCH,1648115583064,1648115583681,4,1648115583574,-0.160,-0.166,-0.389,0.022,-0.094,0.100,76
WATCH,1648115583066,1648115583683,4,1648115583584,-0.143,-0.136,-0.363,0.022,-0.099,0.100,76
WATCH,1648115583066,1648115583683,4,1648115583594,-0.123,-0.105,-0.328,0.020,-0.102,0.102,76
WATCH,1648115583066,1648115583683,4,1648115583604,-0.103,-0.075,-0.293,0.017,-0.106,0.100,76
WATCH,1648115583066,1648115583683,4,1648115583614,-0.084,-0.043,-0.252,0.013,-0.111,0.100,76
WATCH,1648115583066,1648115583683,4,1648115583624,-0.070,-0.016,-0.211,0.012,-0.115,0.099,76
WATCH,1648115583218,1648115583835,4,1648115583764,-0.036,0.201,0.386,0.008,-0.053,0.031,76
WATCH,1648115583218,1648115583835,4,1648115583774,-0.023,0.211,0.408,0.005,-0.044,0.023,76
WATCH,1648115583119,1648115583736,4,1648115583644,-0.055,0.034,-0.118,0.009,-0.122,0.092,76
WATCH,1648115583119,1648115583736,4,1648115583654,-0.048,0.053,-0.066,0.007,-0.123,0.086,76
WATCH,1648115583119,1648115583736,4,1648115583664,-0.048,0.076,-0.016,0.004,-0.124,0.081,76
WATCH,1648115583119,1648115583736,4,1648115583674,-0.051,0.090,0.033,-0.000,-0.121,0.077,76
WATCH,1648115583216,1648115583833,4,1648115583684,-0.051,0.104,0.088,-0.002,-0.116,0.070,76
WATCH,1648115583216,1648115583833,4,1648115583694,-0.045,0.115,0.136,-0.002,-0.110,0.066,76
WATCH,1648115583216,1648115583833,4,1648115583704,-0.048,0.132,0.179,0.001,-0.103,0.062,76
WATCH,1648115583216,1648115583833,4,1648115583714,-0.043,0.142,0.220,-0.001,-0.095,0.060,76
WATCH,1648115583217,1648115583834,4,1648115583724,-0.046,0.154,0.258,0.002,-0.091,0.052,76
WATCH,1648115583218,1648115583835,4,1648115583734,-0.051,0.165,0.295,0.005,-0.079,0.046,76
WATCH,1648115583218,1648115583835,4,1648115583744,-0.046,0.180,0.329,0.005,-0.070,0.041,76
WATCH,1648115583302,1648115583919,4,1648115583784,-0.009,0.223,0.428,0.007,-0.031,0.015,76
WATCH,1648115583302,1648115583919,4,1648115583794,0.007,0.229,0.438,0.007,-0.024,0.011,76
WATCH,1648115583302,1648115583919,4,1648115583804,0.025,0.237,0.449,0.006,-0.015,0.002,76
WATCH,1648115583303,1648115583920,4,1648115583814,0.049,0.241,0.456,0.006,-0.005,-0.002,76
WATCH,1648115583303,1648115583920,4,1648115583824,0.071,0.245,0.456,0.006,0.002,-0.009,76
WATCH,1648115583363,1648115583980,4,1648115583834,0.094,0.244,0.456,0.004,0.012,-0.015,76
WATCH,1648115583363,1648115583980,4,1648115583844,0.110,0.246,0.453,0.004,0.019,-0.021,76
WATCH,1648115583363,1648115583980,4,1648115583854,0.123,0.243,0.443,0.001,0.023,-0.025,76
WATCH,1648115583363,1648115583980,4,1648115583864,0.120,0.230,0.434,-0.000,0.029,-0.030,76
WATCH,1648115583364,1648115583981,4,1648115583874,0.114,0.218,0.416,-0.000,0.033,-0.034,76
WATCH,1648115583365,1648115583982,4,1648115583884,0.104,0.206,0.402,-0.000,0.040,-0.041,76
WATCH,1648115583365,1648115583982,4,1648115583894,0.095,0.183,0.383,-0.004,0.046,-0.048,76
WATCH,1648115583365,1648115583982,4,1648115583904,0.076,0.160,0.358,-0.004,0.053,-0.054,76
WATCH,1648115583365,1648115583982,4,1648115583914,0.055,0.131,0.328,-0.004,0.061,-0.059,76
WATCH,1648115583365,1648115583982,4,1648115583924,0.030,0.105,0.295,-0.006,0.066,-0.063,76
WATCH,1648115583423,1648115584040,4,1648115583934,0.012,0.075,0.257,-0.006,0.076,-0.064,76
WATCH,1648115583423,1648115584040,4,1648115583944,-0.006,0.049,0.215,-0.006,0.084,-0.068,76
WATCH,1648115583423,1648115584040,4,1648115583954,-0.033,0.025,0.167,-0.017,0.085,-0.066,76
WATCH,1648115583424,1648115584041,4,1648115583964,-0.067,0.006,0.114,-0.028,0.079,-0.060,76
WATCH,1648115583424,1648115584041,4,1648115583974,-0.092,-0.014,0.060,-0.034,0.073,-0.050,76
WATCH,1648115583482,1648115584099,4,1648115583984,-0.107,-0.022,0.001,-0.035,0.076,-0.043,76
WATCH,1648115583482,1648115584099,4,1648115583994,-0.111,-0.025,-0.048,-0.030,0.078,-0.036,76
WATCH,1648115583482,1648115584099,4,1648115584004,-0.112,-0.033,-0.090,-0.016,0.075,-0.034,76
WATCH,1648115583482,1648115584099,4,1648115584015,-0.092,-0.032,-0.122,-0.007,0.075,-0.034,76
WATCH,1648115583482,1648115584099,4,1648115584025,-0.066,-0.035,-0.144,0.002,0.079,-0.033,76
WATCH,1648115583542,1648115584159,4,1648115584035,-0.039,-0.036,-0.162,0.007,0.075,-0.029,76
WATCH,1648115583542,1648115584159,4,1648115584045,-0.017,-0.037,-0.177,0.000,0.065,-0.025,76
WATCH,1648115583542,1648115584159,4,1648115584055,0.000,-0.033,-0.185,-0.014,0.056,-0.018,76
WATCH,1648115583542,1648115584159,4,1648115584065,0.014,-0.017,-0.190,-0.024,0.050,-0.011,76
WATCH,1648115583542,1648115584159,4,1648115584075,0.023,-0.009,-0.193,-0.023,0.042,-0.005,76
WATCH,1648115583602,1648115584219,4,1648115584085,0.026,0.001,-0.191,-0.018,0.035,-0.001,76
WATCH,1648115583602,1648115584219,4,1648115584095,0.040,0.018,-0.182,-0.006,0.033,0.004,76
WATCH,1648115583602,1648115584219,4,1648115584105,0.066,0.028,-0.174,0.003,0.034,0.000,76
WATCH,1648115583602,1648115584219,4,1648115584115,0.113,0.044,-0.162,0.009,0.037,-0.003,76
WATCH,1648115583602,1648115584219,4,1648115584125,0.165,0.058,-0.145,0.009,0.035,-0.003,76
WATCH,1648115583698,1648115584315,4,1648115584135,0.212,0.069,-0.130,0.004,0.033,-0.007,76
WATCH,1648115583698,1648115584315,4,1648115584145,0.251,0.074,-0.114,0.002,0.030,-0.007,76
WATCH,1648115583698,1648115584315,4,1648115584155,0.269,0.077,-0.102,-0.007,0.025,-0.007,76
WATCH,1648115583698,1648115584315,4,1648115584165,0.274,0.084,-0.091,-0.013,0.015,-0.003,76
WATCH,1648115583699,1648115584316,4,1648115584175,0.270,0.085,-0.085,-0.014,0.011,-0.000,76
WATCH,1648115583699,1648115584316,4,1648115584185,0.263,0.081,-0.082,-0.010,0.008,0.001,76
WATCH,1648115583699,1648115584316,4,1648115584195,0.263,0.081,-0.088,-0.013,0.010,-0.008,76
WATCH,1648115583699,1648115584316,4,1648115584205,0.269,0.082,-0.091,-0.011,0.013,-0.013,76
WATCH,1648115583699,1648115584316,4,1648115584215,0.273,0.074,-0.103,-0.009,0.017,-0.017,76
WATCH,1648115583699,1648115584316,4,1648115584225,0.270,0.069,-0.117,-0.008,0.016,-0.016,76
WATCH,1648115583752,1648115584369,4,1648115584235,0.259,0.066,-0.126,-0.012,0.013,-0.014,76
WATCH,1648115583752,1648115584369,4,1648115584245,0.241,0.061,-0.137,-0.011,0.006,-0.008,76
WATCH,1648115583752,1648115584369,4,1648115584255,0.220,0.061,-0.148,-0.004,0.002,0.000,76
WATCH,1648115583752,1648115584369,4,1648115584265,0.200,0.062,-0.158,0.003,-0.003,0.001,76
WATCH,1648115583752,1648115584369,4,1648115584275,0.193,0.066,-0.166,0.008,-0.001,-0.001,76
WATCH,1648115583815,1648115584432,4,1648115584285,0.208,0.069,-0.170,0.013,-0.000,-0.005,76
WATCH,1648115583815,1648115584432,4,1648115584295,0.225,0.077,-0.168,0.013,0.003,-0.010,76
WATCH,1648115583815,1648115584432,4,1648115584305,0.240,0.079,-0.162,0.006,-0.002,-0.009,76
WATCH,1648115583815,1648115584432,4,1648115584315,0.245,0.084,-0.156,-0.000,-0.010,-0.002,76
WATCH,1648115583815,1648115584432,4,1648115584325,0.238,0.091,-0.148,-0.002,-0.018,0.007,76
WATCH,1648115583816,1648115584433,4,1648115584335,0.240,0.104,-0.137,0.005,-0.020,0.015,76
WATCH,1648115583816,1648115584433,4,1648115584345,0.240,0.120,-0.128,0.008,-0.020,0.014,76
WATCH,1648115583816,1648115584433,4,1648115584355,0.258,0.133,-0.119,0.016,-0.021,0.007,76
WATCH,1648115583816,1648115584433,4,1648115584365,0.287,0.145,-0.105,0.019,-0.016,0.002,76
WATCH,1648115583816,1648115584433,4,1648115584375,0.321,0.156,-0.085,0.019,-0.015,-0.001,76
WATCH,1648115583872,1648115584489,4,1648115584385,0.344,0.160,-0.056,0.013,-0.016,-0.004,76
WATCH,1648115583872,1648115584489,4,1648115584395,0.352,0.161,-0.028,0.007,-0.022,-0.006,76
WATCH,1648115583872,1648115584489,4,1648115584405,0.344,0.156,0.004,-0.001,-0.024,-0.006,76
WATCH,1648115583872,1648115584489,4,1648115584415,0.333,0.149,0.028,-0.007,-0.025,-0.004,76
WATCH,1648115583872,1648115584489,4,1648115584425,0.322,0.138,0.047,-0.012,-0.022,-0.008,76
WATCH,1648115583932,1648115584549,4,1648115584435,0.316,0.130,0.062,-0.011,-0.015,-0.013,76
WATCH,1648115583932,1648115584549,4,1648115584445,0.313,0.122,0.068,-0.013,-0.006,-0.017,76
WATCH,1648115583932,1648115584549,4,1648115584455,0.315,0.114,0.072,-0.011,-0.001,-0.018,76
WATCH,1648115583932,1648115584549,4,1648115584465,0.315,0.099,0.069,-0.006,0.002,-0.020,76
WATCH,1648115583932,1648115584549,4,1648115584476,0.304,0.089,0.068,-0.000,0.007,-0.021,76
WATCH,1648115583993,1648115584610,4,1648115584485,0.288,0.076,0.060,0.005,0.010,-0.021,76
WATCH,1648115583993,1648115584610,4,1648115584495,0.268,0.059,0.051,0.011,0.010,-0.020,76
WATCH,1648115583994,1648115584611,4,1648115584505,0.251,0.045,0.034,0.015,0.011,-0.018,76
WATCH,1648115583994,1648115584611,4,1648115584515,0.236,0.032,0.015,0.017,0.016,-0.020,76
WATCH,1648115583994,1648115584611,4,1648115584525,0.225,0.019,-0.007,0.017,0.018,-0.018,76
WATCH,1648115584053,1648115584670,4,1648115584535,0.213,0.010,-0.036,0.014,0.019,-0.017,76
WATCH,1648115584053,1648115584670,4,1648115584545,0.199,0.002,-0.057,0.012,0.018,-0.016,76
WATCH,1648115584053,1648115584670,4,1648115584555,0.188,-0.008,-0.080,0.009,0.016,-0.012,76
WATCH,1648115584053,1648115584670,4,1648115584565,0.179,-0.013,-0.102,0.007,0.014,-0.010,76
WATCH,1648115584053,1648115584670,4,1648115584575,0.169,-0.017,-0.116,0.009,0.012,-0.009,76
WATCH,1648115584117,1648115584734,4,1648115584585,0.165,-0.025,-0.125,0.008,0.009,-0.009,76
WATCH,1648115584118,1648115584735,4,1648115584595,0.162,-0.032,-0.132,0.010,0.007,-0.008,76
WATCH,1648115584118,1648115584735,4,1648115584605,0.170,-0.041,-0.132,0.013,0.006,-0.007,76
WATCH,1648115584119,1648115584736,4,1648115584615,0.175,-0.042,-0.130,0.014,0.002,-0.004,76
WATCH,1648115584119,1648115584736,4,1648115584625,0.179,-0.054,-0.128,0.013,-0.002,0.001,76
WATCH,1648115584119,1648115584736,4,1648115584635,0.177,-0.056,-0.125,0.010,-0.008,0.002,76
WATCH,1648115584119,1648115584736,4,1648115584645,0.165,-0.058,-0.125,0.006,-0.014,0.009,76
WATCH,1648115584119,1648115584736,4,1648115584655,0.152,-0.060,-0.123,0.008,-0.016,0.013,76
WATCH,1648115584119,1648115584736,4,1648115584665,0.143,-0.060,-0.120,0.007,-0.019,0.015,76
WATCH,1648115584119,1648115584736,4,1648115584675,0.135,-0.061,-0.117,0.008,-0.023,0.016,76
