Device,PTPTime,UnixTime,Protocool,CurrentDeviceTime,GyroX,GyroY,GyroZ,AccX,AccY,AccZ
AIRPOT,1648114400740,1648114401328,4,0,0.065,0.623,-0.780,-0.025,-0.002,-0.014
AIRPOT,1648114400781,1648114401369,4,0,0.058,0.623,-0.780,-0.020,0.012,-0.002
AIRPOT,1648114400824,1648114401412,4,0,0.055,0.625,-0.779,-0.019,-0.003,0.006
AIRPOT,1648114400870,1648114401458,4,0,0.054,0.628,-0.777,-0.023,-0.014,0.033
AIRPOT,1648114400904,1648114401492,4,0,0.054,0.632,-0.773,-0.019,-0.015,0.010
AIRPOT,1648114400929,1648114401517,4,0,0.053,0.637,-0.769,-0.025,-0.005,-0.012
AIRPOT,1648114400980,1648114401568,4,0,0.051,0.641,-0.766,-0.016,-0.014,-0.037
AIRPOT,1648114401019,1648114401607,4,0,0.048,0.641,-0.766,-0.006,0.005,-0.008
AIRPOT,1648114401059,1648114401647,4,0,0.047,0.637,-0.769,0.015,0.060,-0.017
AIRPOT,1648114401119,1648114401707,4,0,0.047,0.630,-0.775,0.023,0.079,-0.035
AIRPOT,1648114401138,1648114401726,4,0,0.049,0.617,-0.786,0.032,0.041,-0.023
AIRPOT,1648114401178,1648114401766,4,0,0.048,0.595,-0.802,0.029,-0.018,0.014
AIRPOT,1648114401233,1648114401821,4,0,0.039,0.557,-0.829,0.064,-0.044,-0.051
AIRPOT,1648114401261,1648114401849,4,0,0.023,0.494,-0.869,0.046,-0.073,-0.004
AIRPOT,1648114401300,1648114401888,4,0,0.001,0.409,-0.913,0.046,0.085,-0.079
AIRPOT,1648114401341,1648114401929,4,0,-0.015,0.330,-0.944,0.041,0.090,-0.006
AIRPOT,1648114401379,1648114401967,4,0,-0.026,0.272,-0.962,0.049,0.034,-0.008
AIRPOT,1648114401419,1648114402007,4,0,-0.033,0.234,-0.972,0.022,-0.004,0.066
AIRPOT,1648114401460,1648114402048,4,0,-0.040,0.211,-0.977,0.012,-0.029,0.028
AIRPOT,1648114401502,1648114402090,4,0,-0.046,0.197,-0.979,0.002,-0.011,0.012
AIRPOT,1648114401545,1648114402133,4,0,-0.052,0.179,-0.982,0.005,0.008,0.003
AIRPOT,1648114401581,1648114402169,4,0,-0.057,0.151,-0.987,-0.001,0.043,0.012
AIRPOT,1648114401620,1648114402208,4,0,-0.059,0.111,-0.992,0.012,0.040,0.019
AIRPOT,1648114401661,1648114402249,4,0,-0.062,0.076,-0.995,-0.009,-0.008,0.015
AIRPOT,1648114401699,1648114402287,4,0,-0.063,0.051,-0.997,-0.027,-0.030,0.041
AIRPOT,1648114401740,1648114402328,4,0,-0.067,0.034,-0.997,-0.015,-0.014,0.005
AIRPOT,1648114401780,1648114402368,4,0,-0.068,0.025,-0.997,-0.037,0.008,0.048
AIRPOT,1648114401819,1648114402407,4,0,-0.072,0.018,-0.997,-0.001,-0.046,-0.001
AIRPOT,1648114401859,1648114402447,4,0,-0.072,0.009,-0.997,-0.006,-0.059,-0.001
AIRPOT,1648114401902,1648114402490,4,0,-0.069,0.001,-0.998,-0.012,-0.032,0.026
AIRPOT,1648114401939,1648114402527,4,0,-0.065,-0.005,-0.998,0.003,-0.005,0.019
AIRPOT,1648114402000,1648114402588,4,0,-0.061,-0.007,-0.998,-0.007,0.043,0.026
AIRPOT,1648114402040,1648114402628,4,0,-0.059,-0.006,-0.998,0.016,0.012,0.005
AIRPOT,1648114402061,1648114402649,4,0,-0.056,-0.004,-0.998,0.017,-0.003,-0.000
AIRPOT,1648114402102,1648114402690,4,0,-0.054,-0.002,-0.999,0.007,-0.026,0.013
AIRPOT,1648114402146,1648114402734,4,0,-0.053,-0.003,-0.999,-0.007,-0.038,0.018
AIRPOT,1648114402202,1648114402790,4,0,-0.055,-0.004,-0.998,-0.010,-0.013,0.008
AIRPOT,1648114402241,1648114402829,4,0,-0.057,-0.002,-0.998,-0.022,0.001,0.010
AIRPOT,1648114402265,1648114402853,4,0,-0.060,0.005,-0.998,-0.035,-0.009,0.008
AIRPOT,1648114402299,1648114402887,4,0,-0.062,0.013,-0.998,-0.037,-0.037,0.013
AIRPOT,1648114402340,1648114402928,4,0,-0.064,0.021,-0.998,-0.038,-0.022,-0.009
AIRPOT,1648114402384,1648114402972,4,0,-0.065,0.028,-0.998,-0.043,-0.016,0.007
AIRPOT,1648114402419,1648114403007,4,0,-0.065,0.033,-0.997,-0.026,-0.008,-0.003
AIRPOT,1648114402461,1648114403049,4,0,-0.065,0.039,-0.997,-0.026,-0.011,0.001
AIRPOT,1648114402500,1648114403088,4,0,-0.064,0.047,-0.997,-0.026,-0.002,-0.000
AIRPOT,1648114402539,1648114403127,4,0,-0.062,0.059,-0.996,-0.022,-0.022,0.019
AIRPOT,1648114402579,1648114403167,4,0,-0.061,0.072,-0.996,-0.025,-0.037,0.011
AIRPOT,1648114402618,1648114403206,4,0,-0.059,0.085,-0.995,-0.045,-0.022,0.024
AIRPOT,1648114402659,1648114403247,4,0,-0.059,0.096,-0.994,-0.047,0.000,0.007
AIRPOT,1648114402700,1648114403288,4,0,-0.057,0.106,-0.993,-0.053,0.007,0.006
AIRPOT,1648114402743,1648114403331,4,0,-0.053,0.116,-0.992,-0.047,0.025,0.020
AIRPOT,1648114402781,1648114403369,4,0,-0.049,0.121,-0.991,-0.059,0.026,0.021
AIRPOT,1648114402820,1648114403408,4,0,-0.045,0.125,-0.991,-0.065,0.009,-0.005
AIRPOT,1648114402860,1648114403448,4,0,-0.042,0.126,-0.991,-0.076,0.015,-0.018
AIRPOT,1648114402900,1648114403488,4,0,-0.040,0.127,-0.991,-0.067,0.021,-0.035
AIRPOT,1648114402940,1648114403528,4,0,-0.038,0.129,-0.991,-0.058,0.001,-0.049
AIRPOT,1648114402981,1648114403569,4,0,-0.033,0.129,-0.991,-0.042,0.000,-0.020
AIRPOT,1648114403020,1648114403608,4,0,-0.024,0.131,-0.991,-0.031,-0.005,-0.022
AIRPOT,1648114403059,1648114403647,4,0,-0.013,0.132,-0.991,-0.004,-0.033,-0.015
AIRPOT,1648114403102,1648114403690,4,0,0.001,0.135,-0.991,0.010,-0.038,0.036
AIRPOT,1648114403141,1648114403729,4,0,0.013,0.145,-0.989,0.014,-0.044,0.045
AIRPOT,1648114403180,1648114403768,4,0,0.025,0.164,-0.986,0.009,-0.053,0.059
AIRPOT,1648114403221,1648114403809,4,0,0.034,0.190,-0.981,0.030,-0.021,0.005
AIRPOT,1648114403261,1648114403849,4,0,0.042,0.220,-0.975,0.034,0.006,0.010
AIRPOT,1648114403300,1648114403888,4,0,0.049,0.246,-0.968,0.025,0.054,0.018
AIRPOT,1648114403340,1648114403928,4,0,0.053,0.266,-0.963,0.036,0.073,0.010
AIRPOT,1648114403386,1648114403974,4,0,0.056,0.281,-0.958,0.041,0.066,0.014
AIRPOT,1648114403420,1648114404008,4,0,0.060,0.294,-0.954,0.036,0.061,0.019
AIRPOT,1648114403460,1648114404048,4,0,0.065,0.306,-0.950,0.038,0.045,0.012
AIRPOT,1648114403500,1648114404088,4,0,0.069,0.317,-0.946,0.043,0.033,0.010
AIRPOT,1648114403561,1648114404149,4,0,0.075,0.329,-0.941,0.041,0.016,0.016
AIRPOT,1648114403578,1648114404166,4,0,0.080,0.340,-0.937,0.039,0.023,0.018
AIRPOT,1648114403620,1648114404208,4,0,0.086,0.350,-0.933,0.036,0.061,0.023
AIRPOT,1648114403661,1648114404249,4,0,0.093,0.357,-0.929,0.028,0.071,0.035
AIRPOT,1648114403701,1648114404289,4,0,0.097,0.362,-0.927,0.034,0.085,0.012
AIRPOT,1648114403741,1648114404329,4,0,0.102,0.363,-0.926,0.032,0.080,0.010
AIRPOT,1648114403783,1648114404371,4,0,0.107,0.361,-0.926,0.022,0.047,0.016
AIRPOT,1648114403818,1648114404406,4,0,0.113,0.357,-0.927,0.020,0.021,0.016
AIRPOT,1648114403860,1648114404448,4,0,0.119,0.354,-0.928,0.018,0.016,0.020
AIRPOT,1648114403899,1648114404487,4,0,0.124,0.351,-0.928,0.029,0.031,0.008
AIRPOT,1648114403941,1648114404529,4,0,0.131,0.348,-0.928,0.031,0.034,0.008
AIRPOT,1648114403981,1648114404569,4,0,0.139,0.344,-0.929,0.018,-0.000,0.013
AIRPOT,1648114404025,1648114404613,4,0,0.145,0.342,-0.929,0.010,-0.032,0.011
AIRPOT,1648114404059,1648114404647,4,0,0.148,0.340,-0.929,0.004,-0.006,0.012
AIRPOT,1648114404101,1648114404689,4,0,0.150,0.333,-0.931,0.019,0.059,0.001
AIRPOT,1648114404140,1648114404728,4,0,0.153,0.321,-0.935,0.043,0.064,-0.001
AIRPOT,1648114404180,1648114404768,4,0,0.161,0.306,-0.938,0.041,0.021,0.014
AIRPOT,1648114404260,1648114404848,4,0,0.167,0.293,-0.941,0.038,-0.026,0.029
AIRPOT,1648114404279,1648114404867,4,0,0.166,0.285,-0.944,0.025,-0.007,0.048
AIRPOT,1648114404300,1648114404888,4,0,0.157,0.277,-0.948,0.032,0.002,0.024
AIRPOT,1648114404340,1648114404928,4,0,0.143,0.268,-0.953,0.010,0.002,0.012
AIRPOT,1648114404382,1648114404970,4,0,0.126,0.257,-0.958,0.004,-0.027,-0.011
AIRPOT,1648114404419,1648114405007,4,0,0.112,0.246,-0.963,-0.011,-0.023,-0.005
AIRPOT,1648114404462,1648114405050,4,0,0.098,0.235,-0.967,-0.012,-0.025,0.001
AIRPOT,1648114404502,1648114405090,4,0,0.085,0.225,-0.971,-0.019,-0.015,-0.004
AIRPOT,1648114404538,1648114405126,4,0,0.072,0.215,-0.974,-0.017,-0.006,-0.009
AIRPOT,1648114404580,1648114405168,4,0,0.062,0.205,-0.977,-0.022,0.004,-0.009
AIRPOT,1648114404620,1648114405208,4,0,0.051,0.192,-0.980,-0.017,0.004,-0.013
AIRPOT,1648114404659,1648114405247,4,0,0.043,0.176,-0.983,-0.017,-0.006,-0.002
AIRPOT,1648114404701,1648114405289,4,0,0.035,0.159,-0.987,-0.022,-0.019,0.009
AIRPOT,1648114404761,1648114405349,4,0,0.027,0.144,-0.989,-0.023,-0.023,0.019
AIRPOT,1648114404801,1648114405389,4,0,0.019,0.132,-0.991,-0.024,-0.022,0.012
AIRPOT,1648114404829,1648114405417,4,0,0.011,0.122,-0.992,-0.019,-0.022,0.006
AIRPOT,1648114404867,1648114405455,4,0,0.005,0.116,-0.993,-0.019,-0.030,0.007
AIRPOT,1648114404899,1648114405487,4,0,-0.001,0.115,-0.993,-0.025,-0.052,0.013
AIRPOT,1648114404940,1648114405528,4,0,-0.004,0.118,-0.993,-0.017,-0.057,-0.011
AIRPOT,1648114404980,1648114405568,4,0,-0.003,0.125,-0.992,-0.017,-0.056,0.000
AIRPOT,1648114405019,1648114405607,4,0,-0.001,0.136,-0.991,-0.012,-0.051,0.007
AIRPOT,1648114405059,1648114405647,4,0,0.002,0.151,-0.989,0.000,-0.074,0.011
AIRPOT,1648114405106,1648114405694,4,0,0.001,0.170,-0.985,-0.007,-0.072,0.017
AIRPOT,1648114405140,1648114405728,4,0,-0.003,0.194,-0.981,-0.012,-0.056,0.006
AIRPOT,1648114405180,1648114405768,4,0,-0.009,0.219,-0.976,-0.013,-0.015,-0.006
AIRPOT,1648114405239,1648114405827,4,0,-0.013,0.241,-0.971,0.000,0.016,-0.002
AIRPOT,1648114405281,1648114405869,4,0,-0.014,0.259,-0.966,0.013,0.045,-0.014
AIRPOT,1648114405305,1648114405893,4,0,-0.011,0.274,-0.962,0.021,0.087,-0.000
AIRPOT,1648114405342,1648114405930,4,0,-0.005,0.287,-0.958,0.052,0.093,0.001
AIRPOT,1648114405380,1648114405968,4,0,0.003,0.297,-0.955,0.052,0.070,0.011
AIRPOT,1648114405427,1648114406015,4,0,0.010,0.304,-0.953,0.034,0.090,0.029
AIRPOT,1648114405470,1648114406058,4,0,0.015,0.306,-0.952,0.053,0.067,0.013
AIRPOT,1648114405501,1648114406089,4,0,0.020,0.307,-0.951,0.030,0.063,0.018
AIRPOT,1648114405539,1648114406127,4,0,0.022,0.307,-0.952,0.032,0.010,0.011
AIRPOT,1648114405599,1648114406187,4,0,0.022,0.305,-0.952,0.030,-0.009,0.004
AIRPOT,1648114405619,1648114406207,4,0,0.018,0.302,-0.953,0.017,-0.007,0.013
AIRPOT,1648114405660,1648114406248,4,0,0.012,0.299,-0.954,0.013,-0.015,0.019
AIRPOT,1648114405700,1648114406288,4,0,0.004,0.295,-0.955,0.017,-0.031,0.029
AIRPOT,1648114405739,1648114406327,4,0,-0.006,0.294,-0.956,0.022,-0.025,0.035
AIRPOT,1648114405779,1648114406367,4,0,-0.017,0.297,-0.955,0.005,-0.036,0.044
AIRPOT,1648114405820,1648114406408,4,0,-0.028,0.309,-0.951,0.001,-0.006,-0.019
AIRPOT,1648114405879,1648114406467,4,0,-0.035,0.330,-0.943,-0.011,-0.035,-0.003
AIRPOT,1648114405919,1648114406507,4,0,-0.040,0.349,-0.936,-0.018,-0.039,-0.015
AIRPOT,1648114405946,1648114406534,4,0,-0.045,0.364,-0.930,-0.016,-0.015,-0.026
AIRPOT,1648114405980,1648114406568,4,0,-0.049,0.376,-0.925,-0.016,-0.003,-0.016
AIRPOT,1648114406019,1648114406607,4,0,-0.053,0.386,-0.921,-0.011,-0.009,-0.010
AIRPOT,1648114406065,1648114406653,4,0,-0.057,0.393,-0.918,-0.016,0.027,-0.019
AIRPOT,1648114406103,1648114406691,4,0,-0.059,0.399,-0.915,-0.012,0.032,-0.019
AIRPOT,1648114406160,1648114406748,4,0,-0.058,0.403,-0.913,-0.008,0.015,-0.008
AIRPOT,1648114406181,1648114406769,4,0,-0.056,0.406,-0.912,-0.009,0.013,0.002
AIRPOT,1648114406241,1648114406829,4,0,-0.055,0.406,-0.912,-0.006,-0.012,0.013
AIRPOT,1648114406271,1648114406859,4,0,-0.056,0.406,-0.912,-0.014,-0.009,0.023
AIRPOT,1648114406304,1648114406892,4,0,-0.058,0.405,-0.912,-0.009,-0.007,0.016
AIRPOT,1648114406341,1648114406929,4,0,-0.061,0.405,-0.912,-0.010,0.001,0.014
AIRPOT,1648114406390,1648114406978,4,0,-0.064,0.407,-0.911,-0.010,0.007,0.016
AIRPOT,1648114406450,1648114407038,4,0,-0.066,0.408,-0.911,-0.015,0.018,0.011
AIRPOT,1648114406464,1648114407052,4,0,-0.066,0.409,-0.910,-0.010,0.021,0.010
AIRPOT,1648114406518,1648114407106,4,0,-0.065,0.409,-0.910,-0.015,0.010,0.029
AIRPOT,1648114406573,1648114407161,4,0,-0.065,0.406,-0.911,-0.019,-0.002,0.001
AIRPOT,1648114406581,1648114407169,4,0,-0.064,0.404,-0.912,-0.028,0.003,-0.012
AIRPOT,1648114406639,1648114407227,4,0,-0.064,0.406,-0.912,-0.030,0.003,-0.031
AIRPOT,1648114406679,1648114407267,4,0,-0.063,0.410,-0.910,-0.021,-0.015,-0.022
AIRPOT,1648114406749,1648114407337,4,0,-0.061,0.413,-0.909,-0.010,-0.031,-0.003
AIRPOT,1648114406750,1648114407338,4,0,-0.059,0.415,-0.908,-0.015,-0.009,-0.008
AIRPOT,1648114406802,1648114407390,4,0,-0.058,0.416,-0.908,-0.008,-0.005,-0.008
AIRPOT,1648114406843,1648114407431,4,0,-0.059,0.417,-0.907,-0.002,-0.006,-0.015
AIRPOT,1648114406886,1648114407474,4,0,-0.060,0.417,-0.907,0.005,-0.008,0.001
AIRPOT,1648114406919,1648114407507,4,0,-0.061,0.416,-0.907,0.008,-0.023,0.029
AIRPOT,1648114406998,1648114407586,4,0,-0.066,0.419,-0.906,0.000,0.001,0.036
AIRPOT,1648114407050,1648114407638,4,0,-0.069,0.425,-0.903,-0.010,0.025,0.036
AIRPOT,1648114407070,1648114407658,4,0,-0.073,0.433,-0.898,-0.015,0.037,0.008
AIRPOT,1648114407120,1648114407708,4,0,-0.075,0.442,-0.894,-0.028,0.033,0.012
AIRPOT,1648114407144,1648114407732,4,0,-0.079,0.449,-0.890,-0.028,0.036,-0.010
AIRPOT,1648114407184,1648114407772,4,0,-0.082,0.454,-0.887,-0.035,0.039,-0.002
AIRPOT,1648114407239,1648114407827,4,0,-0.084,0.456,-0.886,-0.031,0.016,0.003
AIRPOT,1648114407265,1648114407853,4,0,-0.086,0.456,-0.886,-0.032,0.013,0.020
AIRPOT,1648114407320,1648114407908,4,0,-0.089,0.455,-0.886,-0.034,0.007,0.010
AIRPOT,1648114407360,1648114407948,4,0,-0.091,0.455,-0.886,-0.034,0.006,0.003
AIRPOT,1648114407400,1648114407988,4,0,-0.092,0.456,-0.885,-0.038,0.020,-0.014
AIRPOT,1648114407444,1648114408032,4,0,-0.093,0.456,-0.885,-0.020,0.050,-0.076
AIRPOT,1648114407479,1648114408067,4,0,-0.090,0.453,-0.887,0.011,0.061,-0.061
AIRPOT,1648114407517,1648114408105,4,0,-0.084,0.445,-0.892,-0.009,0.128,0.009
AIRPOT,1648114407560,1648114408148,4,0,-0.084,0.415,-0.906,0.023,0.106,0.015
AIRPOT,1648114407600,1648114408188,4,0,-0.093,0.346,-0.934,0.009,0.125,0.020
AIRPOT,1648114407640,1648114408228,4,0,-0.114,0.253,-0.961,0.055,-0.013,0.036
AIRPOT,1648114407685,1648114408273,4,0,-0.139,0.150,-0.979,0.086,-0.094,0.083
AIRPOT,1648114407719,1648114408307,4,0,-0.163,0.055,-0.985,0.121,-0.143,0.084
AIRPOT,1648114407759,1648114408347,4,0,-0.178,-0.018,-0.984,0.122,-0.082,0.182
AIRPOT,1648114407802,1648114408390,4,0,-0.196,-0.066,-0.978,0.120,-0.207,-0.021
AIRPOT,1648114407839,1648114408427,4,0,-0.213,-0.099,-0.972,0.112,-0.151,-0.084
AIRPOT,1648114407882,1648114408470,4,0,-0.228,-0.113,-0.967,0.166,-0.095,-0.135
AIRPOT,1648114407920,1648114408508,4,0,-0.235,-0.116,-0.965,0.138,-0.063,0.038
AIRPOT,1648114407959,1648114408547,4,0,-0.242,-0.118,-0.963,0.130,-0.062,0.090
AIRPOT,1648114408013,1648114408601,4,0,-0.247,-0.124,-0.961,0.113,-0.039,0.081
AIRPOT,1648114408043,1648114408631,4,0,-0.252,-0.130,-0.959,0.137,-0.060,0.011
AIRPOT,1648114408120,1648114408708,4,0,-0.251,-0.138,-0.958,0.034,-0.077,-0.138
AIRPOT,1648114408160,1648114408748,4,0,-0.243,-0.139,-0.960,0.030,-0.067,-0.173
AIRPOT,1648114408198,1648114408786,4,0,-0.238,-0.136,-0.962,-0.119,0.102,-0.098
AIRPOT,1648114408239,1648114408827,4,0,-0.239,-0.128,-0.963,-0.119,-0.018,0.039
AIRPOT,1648114408283,1648114408871,4,0,-0.237,-0.137,-0.962,-0.078,-0.063,0.054
AIRPOT,1648114408319,1648114408907,4,0,-0.228,-0.153,-0.961,-0.077,-0.034,0.061
AIRPOT,1648114408360,1648114408948,4,0,-0.218,-0.168,-0.961,-0.098,-0.006,0.082
AIRPOT,1648114408403,1648114408991,4,0,-0.211,-0.179,-0.961,-0.090,-0.014,0.092
AIRPOT,1648114408440,1648114409028,4,0,-0.212,-0.186,-0.959,-0.072,-0.029,0.060
AIRPOT,1648114408479,1648114409067,4,0,-0.215,-0.191,-0.958,-0.047,-0.082,0.051
AIRPOT,1648114408521,1648114409109,4,0,-0.216,-0.198,-0.956,-0.047,-0.087,0.065
AIRPOT,1648114408559,1648114409147,4,0,-0.217,-0.205,-0.954,-0.040,-0.079,0.056
AIRPOT,1648114408585,1648114409173,4,0,-0.217,-0.213,-0.953,-0.029,-0.081,0.039
AIRPOT,1648114408640,1648114409228,4,0,-0.214,-0.221,-0.951,-0.026,-0.058,0.037
AIRPOT,1648114408677,1648114409265,4,0,-0.210,-0.230,-0.950,-0.020,-0.060,0.027
AIRPOT,1648114408729,1648114409317,4,0,-0.203,-0.241,-0.949,-0.045,-0.009,0.049
AIRPOT,1648114408763,1648114409351,4,0,-0.196,-0.250,-0.948,-0.046,0.026,0.036
AIRPOT,1648114408791,1648114409379,4,0,-0.190,-0.255,-0.948,-0.059,0.023,0.005
AIRPOT,1648114408841,1648114409429,4,0,-0.189,-0.258,-0.948,-0.073,-0.034,-0.083
AIRPOT,1648114408892,1648114409480,4,0,-0.182,-0.266,-0.947,-0.042,0.008,-0.145
AIRPOT,1648114408921,1648114409509,4,0,-0.174,-0.273,-0.946,-0.033,0.043,-0.306
AIRPOT,1648114408960,1648114409548,4,0,-0.165,-0.277,-0.947,-0.037,0.176,-0.102
AIRPOT,1648114409004,1648114409592,4,0,-0.158,-0.276,-0.948,0.027,0.156,-0.032
AIRPOT,1648114409039,1648114409627,4,0,-0.151,-0.278,-0.949,0.010,0.208,0.104
AIRPOT,1648114409080,1648114409668,4,0,-0.154,-0.279,-0.948,0.037,0.103,-0.014
AIRPOT,1648114409125,1648114409713,4,0,-0.157,-0.276,-0.948,0.022,0.090,-0.006
AIRPOT,1648114409165,1648114409753,4,0,-0.159,-0.275,-0.948,0.030,0.037,-0.041
AIRPOT,1648114409200,1648114409788,4,0,-0.158,-0.278,-0.948,0.022,-0.007,-0.001
AIRPOT,1648114409242,1648114409830,4,0,-0.156,-0.285,-0.946,0.025,-0.038,-0.013
AIRPOT,1648114409279,1648114409867,4,0,-0.150,-0.295,-0.943,0.044,-0.000,-0.000
AIRPOT,1648114409329,1648114409917,4,0,-0.142,-0.303,-0.942,0.052,0.036,0.071
AIRPOT,1648114409361,1648114409949,4,0,-0.137,-0.306,-0.942,0.057,0.073,0.058
AIRPOT,1648114409401,1648114409989,4,0,-0.137,-0.300,-0.944,0.067,0.039,-0.062
AIRPOT,1648114409440,1648114410028,4,0,-0.137,-0.289,-0.947,0.066,0.024,-0.031
AIRPOT,1648114409480,1648114410068,4,0,-0.136,-0.282,-0.950,0.049,0.001,0.045
AIRPOT,1648114409520,1648114410108,4,0,-0.132,-0.281,-0.951,0.062,0.020,0.129
AIRPOT,1648114409560,1648114410148,4,0,-0.127,-0.282,-0.951,0.013,-0.095,0.105
AIRPOT,1648114409605,1648114410193,4,0,-0.128,-0.291,-0.948,-0.046,-0.124,-0.004
AIRPOT,1648114409639,1648114410227,4,0,-0.137,-0.292,-0.947,-0.040,-0.112,-0.112
AIRPOT,1648114409682,1648114410270,4,0,-0.145,-0.282,-0.948,-0.027,-0.080,0.042
AIRPOT,1648114409722,1648114410310,4,0,-0.150,-0.272,-0.950,0.026,-0.113,0.115
AIRPOT,1648114409759,1648114410347,4,0,-0.143,-0.269,-0.953,0.016,-0.079,0.108
AIRPOT,1648114409801,1648114410389,4,0,-0.138,-0.268,-0.953,-0.042,-0.069,0.151
AIRPOT,1648114409841,1648114410429,4,0,-0.145,-0.260,-0.955,-0.036,-0.128,0.073
AIRPOT,1648114409880,1648114410468,4,0,-0.155,-0.256,-0.954,-0.053,-0.147,0.056
AIRPOT,1648114409925,1648114410513,4,0,-0.170,-0.257,-0.951,-0.078,-0.064,0.021
AIRPOT,1648114409960,1648114410548,4,0,-0.180,-0.262,-0.948,-0.039,-0.109,-0.022
AIRPOT,1648114410000,1648114410588,4,0,-0.178,-0.269,-0.947,-0.085,-0.109,-0.029
AIRPOT,1648114410038,1648114410626,4,0,-0.179,-0.268,-0.947,-0.082,-0.232,-0.233
AIRPOT,1648114410080,1648114410668,4,0,-0.177,-0.274,-0.945,-0.091,-0.079,-0.184
AIRPOT,1648114410121,1648114410709,4,0,-0.179,-0.283,-0.942,-0.056,-0.004,-0.101
AIRPOT,1648114410160,1648114410748,4,0,-0.181,-0.297,-0.938,-0.001,0.054,0.047
AIRPOT,1648114410201,1648114410789,4,0,-0.182,-0.312,-0.932,0.025,0.091,-0.012
AIRPOT,1648114410244,1648114410832,4,0,-0.188,-0.317,-0.930,0.023,0.112,-0.003
AIRPOT,1648114410281,1648114410869,4,0,-0.191,-0.314,-0.930,0.041,0.095,-0.005
AIRPOT,1648114410321,1648114410909,4,0,-0.193,-0.306,-0.933,0.025,0.093,0.019
AIRPOT,1648114410360,1648114410948,4,0,-0.193,-0.296,-0.936,0.024,0.079,0.056
AIRPOT,1648114410400,1648114410988,4,0,-0.196,-0.286,-0.938,0.035,0.085,0.028
AIRPOT,1648114410442,1648114411030,4,0,-0.199,-0.279,-0.940,0.041,0.077,0.051
AIRPOT,1648114410480,1648114411068,4,0,-0.202,-0.273,-0.941,0.060,0.041,0.027
AIRPOT,1648114410521,1648114411109,4,0,-0.205,-0.270,-0.941,0.062,0.098,0.047
AIRPOT,1648114410563,1648114411151,4,0,-0.210,-0.268,-0.940,0.075,0.097,0.020
AIRPOT,1648114410598,1648114411186,4,0,-0.213,-0.265,-0.940,0.074,0.040,0.031
AIRPOT,1648114410650,1648114411238,4,0,-0.215,-0.263,-0.941,0.031,0.017,-0.023
AIRPOT,1648114410680,1648114411268,4,0,-0.215,-0.259,-0.942,0.064,-0.011,-0.022
AIRPOT,1648114410719,1648114411307,4,0,-0.214,-0.255,-0.943,0.025,-0.019,-0.174
AIRPOT,1648114410760,1648114411348,4,0,-0.211,-0.249,-0.945,-0.049,0.056,-0.056
AIRPOT,1648114410801,1648114411389,4,0,-0.209,-0.241,-0.948,-0.068,0.005,-0.097
AIRPOT,1648114410839,1648114411427,4,0,-0.206,-0.240,-0.949,-0.106,0.065,-0.037
AIRPOT,1648114410881,1648114411469,4,0,-0.204,-0.232,-0.951,-0.116,0.092,-0.103
AIRPOT,1648114410937,1648114411525,4,0,-0.199,-0.221,-0.955,-0.091,0.131,0.005
AIRPOT,1648114410962,1648114411550,4,0,-0.198,-0.215,-0.956,-0.069,0.134,0.066
AIRPOT,1648114410999,1648114411587,4,0,-0.202,-0.210,-0.956,-0.070,0.148,0.078
AIRPOT,1648114411043,1648114411631,4,0,-0.208,-0.209,-0.956,-0.066,0.128,0.051
AIRPOT,1648114411080,1648114411668,4,0,-0.213,-0.207,-0.955,-0.072,0.092,0.027
AIRPOT,1648114411122,1648114411710,4,0,-0.218,-0.201,-0.955,-0.075,0.088,0.032
AIRPOT,1648114411161,1648114411749,4,0,-0.224,-0.195,-0.955,-0.085,0.113,0.059
AIRPOT,1648114411199,1648114411787,4,0,-0.227,-0.189,-0.955,-0.058,0.142,0.023
AIRPOT,1648114411242,1648114411830,4,0,-0.229,-0.189,-0.955,-0.035,0.007,0.007
AIRPOT,1648114411280,1648114411868,4,0,-0.230,-0.192,-0.954,-0.040,0.052,0.049
AIRPOT,1648114411319,1648114411907,4,0,-0.229,-0.189,-0.955,-0.055,0.065,-0.012
AIRPOT,1648114411361,1648114411949,4,0,-0.228,-0.183,-0.956,-0.053,0.059,-0.041
AIRPOT,1648114411416,1648114412004,4,0,-0.225,-0.177,-0.958,-0.039,0.025,-0.062
AIRPOT,1648114411443,1648114412031,4,0,-0.219,-0.179,-0.959,-0.016,0.000,-0.006
AIRPOT,1648114411482,1648114412070,4,0,-0.213,-0.187,-0.959,0.013,0.020,-0.001
AIRPOT,1648114411519,1648114412107,4,0,-0.207,-0.193,-0.959,0.032,0.037,0.014
AIRPOT,1648114411559,1648114412147,4,0,-0.201,-0.194,-0.960,0.046,0.035,0.021
AIRPOT,1648114411618,1648114412206,4,0,-0.194,-0.194,-0.962,0.036,0.019,0.026
AIRPOT,1648114411639,1648114412227,4,0,-0.189,-0.193,-0.963,0.033,0.019,0.009
AIRPOT,1648114411678,1648114412266,4,0,-0.184,-0.192,-0.964,0.012,0.024,0.003
AIRPOT,1648114411720,1648114412308,4,0,-0.182,-0.188,-0.965,0.005,0.015,-0.013
AIRPOT,1648114411760,1648114412348,4,0,-0.180,-0.184,-0.966,-0.012,-0.001,-0.007
AIRPOT,1648114411804,1648114412392,4,0,-0.179,-0.181,-0.967,-0.017,-0.021,-0.011
AIRPOT,1648114411860,1648114412448,4,0,-0.177,-0.178,-0.968,-0.001,-0.077,0.011
AIRPOT,1648114411880,1648114412468,4,0,-0.176,-0.178,-0.968,-0.041,-0.091,0.074
AIRPOT,1648114411923,1648114412511,4,0,-0.180,-0.180,-0.967,-0.019,-0.052,0.021
AIRPOT,1648114411958,1648114412546,4,0,-0.182,-0.180,-0.967,-0.002,0.003,0.002
AIRPOT,1648114412001,1648114412589,4,0,-0.185,-0.177,-0.967,0.003,0.046,0.013
AIRPOT,1648114412040,1648114412628,4,0,-0.189,-0.174,-0.966,0.010,0.069,-0.027
AIRPOT,1648114412079,1648114412667,4,0,-0.192,-0.171,-0.966,0.005,0.040,-0.019
AIRPOT,1648114412120,1648114412708,4,0,-0.194,-0.171,-0.966,-0.001,0.011,-0.033
AIRPOT,1648114412162,1648114412750,4,0,-0.194,-0.171,-0.966,-0.005,-0.003,-0.012
AIRPOT,1648114412202,1648114412790,4,0,-0.193,-0.173,-0.966,0.003,-0.006,-0.026
AIRPOT,1648114412241,1648114412829,4,0,-0.190,-0.176,-0.966,-0.002,0.010,0.007
AIRPOT,1648114412278,1648114412866,4,0,-0.186,-0.179,-0.966,0.002,0.026,0.002
AIRPOT,1648114412320,1648114412908,4,0,-0.181,-0.180,-0.967,0.013,0.019,0.011
AIRPOT,1648114412360,1648114412948,4,0,-0.175,-0.179,-0.968,0.019,0.020,-0.001
AIRPOT,1648114412400,1648114412988,4,0,-0.170,-0.176,-0.970,0.017,-0.009,0.012
AIRPOT,1648114412439,1648114413027,4,0,-0.167,-0.175,-0.970,0.013,0.022,0.001
AIRPOT,1648114412488,1648114413076,4,0,-0.166,-0.172,-0.971,0.021,0.062,-0.018
AIRPOT,1648114412518,1648114413106,4,0,-0.164,-0.168,-0.972,0.043,0.029,-0.028
AIRPOT,1648114412558,1648114413146,4,0,-0.160,-0.165,-0.973,0.022,0.007,0.009
AIRPOT,1648114412601,1648114413189,4,0,-0.157,-0.165,-0.974,0.013,0.014,0.009
AIRPOT,1648114412643,1648114413231,4,0,-0.157,-0.167,-0.973,-0.051,0.187,-0.012
AIRPOT,1648114412679,1648114413267,4,0,-0.160,-0.175,-0.971,-0.055,0.585,-0.224
AIRPOT,1648114412723,1648114413311,4,0,-0.133,-0.186,-0.974,-0.052,0.195,-0.139
AIRPOT,1648114412760,1648114413348,4,0,-0.089,-0.201,-0.976,-0.085,-0.567,0.429
AIRPOT,1648114412798,1648114413386,4,0,-0.102,-0.222,-0.970,-0.060,-0.676,0.421
AIRPOT,1648114412838,1648114413426,4,0,-0.158,-0.231,-0.960,-0.222,-0.067,0.212
AIRPOT,1648114412881,1648114413469,4,0,-0.219,-0.239,-0.946,0.094,0.584,-0.511
AIRPOT,1648114412920,1648114413508,4,0,-0.209,-0.236,-0.949,-0.013,0.350,-0.292
AIRPOT,1648114412960,1648114413548,4,0,-0.169,-0.223,-0.960,-0.112,-0.429,0.252
AIRPOT,1648114412995,1648114413583,4,0,-0.166,-0.221,-0.961,-0.086,-0.337,0.283
AIRPOT,1648114413062,1648114413650,4,0,-0.193,-0.221,-0.956,0.045,0.147,-0.156
AIRPOT,1648114413079,1648114413667,4,0,-0.196,-0.220,-0.955,0.023,0.188,-0.144
AIRPOT,1648114413122,1648114413710,4,0,-0.182,-0.217,-0.959,-0.019,-0.059,0.039
AIRPOT,1648114413160,1648114413748,4,0,-0.173,-0.216,-0.961,-0.027,-0.084,0.071
AIRPOT,1648114413206,1648114413794,4,0,-0.172,-0.211,-0.962,-0.014,-0.045,0.023
AIRPOT,1648114413240,1648114413828,4,0,-0.172,-0.209,-0.963,-0.006,-0.000,0.001
AIRPOT,1648114413282,1648114413870,4,0,-0.171,-0.210,-0.963,-0.006,0.010,-0.012
AIRPOT,1648114413321,1648114413909,4,0,-0.168,-0.210,-0.963,-0.003,0.005,-0.001
AIRPOT,1648114413359,1648114413947,4,0,-0.165,-0.207,-0.964,-0.002,-0.007,0.006
AIRPOT,1648114413400,1648114413988,4,0,-0.163,-0.203,-0.966,-0.013,-0.001,0.021
AIRPOT,1648114413444,1648114414032,4,0,-0.162,-0.195,-0.967,-0.003,-0.017,0.009
AIRPOT,1648114413479,1648114414067,4,0,-0.161,-0.183,-0.970,-0.001,-0.014,0.003
AIRPOT,1648114413527,1648114414115,4,0,-0.158,-0.160,-0.974,-0.001,-0.039,0.021
AIRPOT,1648114413559,1648114414147,4,0,-0.155,-0.121,-0.980,-0.005,-0.078,0.057
AIRPOT,1648114413599,1648114414187,4,0,-0.156,-0.071,-0.985,-0.013,-0.045,0.028
AIRPOT,1648114413646,1648114414234,4,0,-0.156,-0.014,-0.988,-0.008,-0.006,0.023
AIRPOT,1648114413679,1648114414267,4,0,-0.155,0.039,-0.987,0.013,-0.036,0.002
AIRPOT,1648114413719,1648114414307,4,0,-0.152,0.075,-0.986,0.008,-0.015,-0.000
AIRPOT,1648114413769,1648114414357,4,0,-0.150,0.099,-0.984,0.004,0.034,-0.031
AIRPOT,1648114413802,1648114414390,4,0,-0.148,0.123,-0.981,0.006,0.005,-0.032
AIRPOT,1648114413839,1648114414427,4,0,-0.144,0.141,-0.979,0.009,-0.015,-0.014
AIRPOT,1648114413880,1648114414468,4,0,-0.140,0.154,-0.978,0.009,-0.020,0.009
AIRPOT,1648114413920,1648114414508,4,0,-0.137,0.166,-0.977,0.016,-0.009,0.005
AIRPOT,1648114413961,1648114414549,4,0,-0.134,0.179,-0.975,0.016,-0.004,0.010
AIRPOT,1648114413999,1648114414587,4,0,-0.132,0.192,-0.972,0.017,-0.003,0.019
AIRPOT,1648114414062,1648114414650,4,0,-0.132,0.203,-0.970,0.015,0.021,-0.009
AIRPOT,1648114414082,1648114414670,4,0,-0.131,0.212,-0.968,0.011,0.013,-0.000
AIRPOT,1648114414125,1648114414713,4,0,-0.129,0.219,-0.967,0.005,0.008,0.010
AIRPOT,1648114414162,1648114414750,4,0,-0.128,0.226,-0.966,-0.006,0.014,0.006
AIRPOT,1648114414201,1648114414789,4,0,-0.127,0.232,-0.964,-0.015,0.017,-0.009
AIRPOT,1648114414239,1648114414827,4,0,-0.127,0.238,-0.963,-0.014,0.024,-0.022
AIRPOT,1648114414280,1648114414868,4,0,-0.127,0.242,-0.962,-0.010,0.014,-0.018
AIRPOT,1648114414319,1648114414907,4,0,-0.127,0.241,-0.962,-0.004,-0.004,0.011
AIRPOT,1648114414368,1648114414956,4,0,-0.126,0.236,-0.963,-0.002,0.000,0.027
AIRPOT,1648114414401,1648114414989,4,0,-0.128,0.224,-0.966,-0.025,-0.043,0.027
AIRPOT,1648114414439,1648114415027,4,0,-0.136,0.197,-0.971,-0.054,-0.095,0.010
AIRPOT,1648114414480,1648114415068,4,0,-0.153,0.142,-0.978,-0.106,-0.094,-0.013
AIRPOT,1648114414522,1648114415110,4,0,-0.173,0.069,-0.982,-0.105,-0.030,-0.067
AIRPOT,1648114414559,1648114415147,4,0,-0.188,-0.004,-0.982,-0.097,0.015,-0.046
AIRPOT,1648114414600,1648114415188,4,0,-0.196,-0.064,-0.979,-0.066,0.032,-0.002
AIRPOT,1648114414644,1648114415232,4,0,-0.198,-0.108,-0.974,-0.032,0.028,0.036
AIRPOT,1648114414682,1648114415270,4,0,-0.196,-0.138,-0.971,-0.026,0.001,0.033
AIRPOT,1648114414743,1648114415331,4,0,-0.190,-0.155,-0.969,-0.042,-0.026,0.040
AIRPOT,1648114414763,1648114415351,4,0,-0.184,-0.163,-0.969,-0.058,-0.027,0.036
AIRPOT,1648114414800,1648114415388,4,0,-0.177,-0.164,-0.970,-0.071,-0.051,0.049
AIRPOT,1648114414841,1648114415429,4,0,-0.173,-0.164,-0.971,-0.078,-0.049,0.046
AIRPOT,1648114414882,1648114415470,4,0,-0.171,-0.164,-0.971,-0.076,-0.048,0.033
AIRPOT,1648114414944,1648114415532,4,0,-0.171,-0.164,-0.971,-0.087,-0.005,0.053
AIRPOT,1648114414961,1648114415549,4,0,-0.176,-0.160,-0.971,-0.085,-0.022,-0.058
AIRPOT,1648114415007,1648114415595,4,0,-0.180,-0.155,-0.971,-0.080,0.018,-0.003
AIRPOT,1648114415059,1648114415647,4,0,-0.182,-0.150,-0.972,-0.051,0.062,0.086
AIRPOT,1648114415082,1648114415670,4,0,-0.190,-0.141,-0.972,-0.040,0.020,-0.041
AIRPOT,1648114415140,1648114415728,4,0,-0.194,-0.131,-0.972,-0.027,0.086,-0.048
AIRPOT,1648114415160,1648114415748,4,0,-0.199,-0.116,-0.973,0.057,0.052,-0.081
AIRPOT,1648114415220,1648114415808,4,0,-0.196,-0.101,-0.975,0.118,-0.004,-0.050
AIRPOT,1648114415241,1648114415829,4,0,-0.188,-0.094,-0.978,0.114,-0.013,0.064
AIRPOT,1648114415280,1648114415868,4,0,-0.187,-0.093,-0.978,0.126,0.004,0.002
AIRPOT,1648114415338,1648114415926,4,0,-0.189,-0.087,-0.978,0.148,-0.025,-0.049
AIRPOT,1648114415393,1648114415981,4,0,-0.190,-0.079,-0.979,0.139,-0.037,-0.033
AIRPOT,1648114415419,1648114416007,4,0,-0.191,-0.069,-0.979,0.138,-0.008,-0.011
AIRPOT,1648114415453,1648114416041,4,0,-0.193,-0.059,-0.979,0.135,-0.018,-0.018
AIRPOT,1648114415499,1648114416087,4,0,-0.191,-0.052,-0.980,0.137,-0.020,0.038
AIRPOT,1648114415541,1648114416129,4,0,-0.188,-0.051,-0.981,0.129,-0.015,0.021
AIRPOT,1648114415578,1648114416166,4,0,-0.185,-0.050,-0.982,0.121,-0.016,0.000
AIRPOT,1648114415606,1648114416194,4,0,-0.179,-0.047,-0.983,0.098,-0.028,-0.005
AIRPOT,1648114415654,1648114416242,4,0,-0.177,-0.042,-0.983,0.074,-0.028,-0.026
AIRPOT,1648114415692,1648114416280,4,0,-0.175,-0.037,-0.984,0.052,-0.028,-0.035
AIRPOT,1648114415723,1648114416311,4,0,-0.177,-0.033,-0.984,0.026,-0.020,-0.017
AIRPOT,1648114415762,1648114416350,4,0,-0.180,-0.031,-0.983,0.019,-0.028,-0.003
AIRPOT,1648114415819,1648114416407,4,0,-0.185,-0.030,-0.982,0.007,-0.024,0.012
AIRPOT,1648114415859,1648114416447,4,0,-0.189,-0.031,-0.982,0.009,-0.023,0.005
