DeviceName,PTPTime,UnixTime,protocool,CurrentDeviceTime,DistanceMM,DistanceCM,Weight,Count,DistanceADC,WeightADC,DeviceName(Current)
DEVICE,1647590909896,1647590910232,4,1647590910232,795,79,0,3,31931,0
DEVICE,1647590918981,1647590919317,4,1647590919317,793,79,0,3,32306,0
DEVICE,1647590919011,1647590919347,4,1647590919347,779,77,0,0,32306,0
DEVICE,1647590919044,1647590919380,4,1647590919380,807,80,0,0,32306,0
DEVICE,1647590919076,1647590919412,4,1647590919412,792,79,0,0,32306,0
DEVICE,1647590919108,1647590919444,4,1647590919444,797,79,0,0,32306,0
DEVICE,1647590919139,1647590919475,4,1647590919475,822,82,0,0,32306,0
DEVICE,1647590919172,1647590919508,4,1647590919508,809,80,0,0,32306,0
DEVICE,1647590919204,1647590919540,4,1647590919540,784,78,0,0,32306,0
DEVICE,1647590919235,1647590919571,4,1647590919571,792,79,0,0,32306,0
DEVICE,1647590919268,1647590919604,4,1647590919604,798,79,0,0,32306,0
DEVICE,1647590919299,1647590919635,4,1647590919635,799,79,0,0,32306,0
DEVICE,1647590919332,1647590919668,4,1647590919668,815,81,0,0,32306,0
DEVICE,1647590919363,1647590919699,4,1647590919699,782,78,0,0,32306,0
DEVICE,1647590919396,1647590919732,4,1647590919732,811,81,0,0,32306,0
DEVICE,1647590919427,1647590919763,4,1647590919763,790,79,0,0,32306,0
DEVICE,1647590919459,1647590919795,4,1647590919795,796,79,0,0,32306,0
DEVICE,1647590919491,1647590919827,4,1647590919827,808,80,0,0,32306,0
DEVICE,1647590919523,1647590919859,4,1647590919859,792,79,0,0,32306,0
DEVICE,1647590919556,1647590919892,4,1647590919892,809,80,0,0,32306,0
DEVICE,1647590919588,1647590919924,4,1647590919924,802,80,0,0,32306,0
DEVICE,1647590919620,1647590919956,4,1647590919956,812,81,0,0,32306,0
DEVICE,1647590919651,1647590919987,4,1647590919987,793,79,0,0,32306,0
DEVICE,1647590919684,1647590920020,4,1647590920020,795,79,0,0,32306,0
DEVICE,1647590919715,1647590920051,4,1647590920051,810,81,0,0,32306,0
DEVICE,1647590919747,1647590920083,4,1647590920083,799,79,0,0,32306,0
DEVICE,1647590919779,1647590920115,4,1647590920115,804,80,0,0,32306,0
DEVICE,1647590919812,1647590920148,4,1647590920148,790,79,0,0,32306,0
DEVICE,1647590919843,1647590920179,4,1647590920179,807,80,0,0,32306,0
DEVICE,1647590919891,1647590920227,4,1647590920227,793,79,0,0,32343,0
DEVICE,1647590919907,1647590920243,4,1647590920243,794,79,0,0,32343,0
DEVICE,1647590919940,1647590920276,4,1647590920276,782,78,0,0,32343,0
DEVICE,1647590919971,1647590920307,4,1647590920307,807,80,0,0,32343,0
DEVICE,1647590920004,1647590920340,4,1647590920340,796,79,0,0,32343,0
DEVICE,1647590920035,1647590920371,4,1647590920371,793,79,0,0,32343,0
DEVICE,1647590920067,1647590920403,4,1647590920403,816,81,0,0,32343,0
DEVICE,1647590920099,1647590920435,4,1647590920435,784,78,0,0,32343,0
DEVICE,1647590920132,1647590920468,4,1647590920468,761,76,0,0,32343,0
DEVICE,1647590920164,1647590920500,4,1647590920500,806,80,0,0,32343,0
DEVICE,1647590920195,1647590920531,4,1647590920531,795,79,0,0,32343,0
DEVICE,1647590920227,1647590920563,4,1647590920563,793,79,0,0,32343,0
DEVICE,1647590920259,1647590920595,4,1647590920595,801,80,0,0,32343,0
DEVICE,1647590920291,1647590920627,4,1647590920627,805,80,0,0,32343,0
DEVICE,1647590920323,1647590920659,4,1647590920659,798,79,0,0,32343,0
DEVICE,1647590920355,1647590920691,4,1647590920691,791,79,0,0,32343,0
DEVICE,1647590920387,1647590920723,4,1647590920723,802,80,0,0,32343,0
DEVICE,1647590920419,1647590920755,4,1647590920755,805,80,0,0,32343,0
DEVICE,1647590920451,1647590920787,4,1647590920787,793,79,0,0,32343,0
DEVICE,1647590920483,1647590920819,4,1647590920819,788,78,0,0,32343,0
DEVICE,1647590920514,1647590920850,4,1647590920850,792,79,0,0,32343,0
DEVICE,1647590920547,1647590920883,4,1647590920883,806,80,0,0,32343,0
DEVICE,1647590920579,1647590920915,4,1647590920915,801,80,0,0,32343,0
DEVICE,1647590920611,1647590920947,4,1647590920947,799,79,0,0,32343,0
DEVICE,1647590920643,1647590920979,4,1647590920979,804,80,0,0,32343,0
DEVICE,1647590920675,1647590921011,4,1647590921011,805,80,0,0,32343,0
DEVICE,1647590920706,1647590921042,4,1647590921042,811,81,0,0,32343,0
DEVICE,1647590920739,1647590921075,4,1647590921075,802,80,0,0,32343,0
DEVICE,1647590920771,1647590921107,4,1647590921107,804,80,0,0,32343,0
DEVICE,1647590920803,1647590921139,4,1647590921139,796,79,0,0,32343,0
DEVICE,1647590920835,1647590921171,4,1647590921171,786,78,0,0,32343,0
DEVICE,1647590920867,1647590921203,4,1647590921203,814,81,0,0,32381,0
DEVICE,1647590920899,1647590921235,4,1647590921235,790,79,0,0,32381,0
DEVICE,1647590920931,1647590921267,4,1647590921267,792,79,0,0,32381,0
DEVICE,1647590920963,1647590921299,4,1647590921299,806,80,0,0,32381,0
DEVICE,1647590920995,1647590921331,4,1647590921331,812,81,0,0,32381,0
DEVICE,1647590921026,1647590921362,4,1647590921362,806,80,0,0,32381,0
DEVICE,1647590921058,1647590921394,4,1647590921394,784,78,0,0,32381,0
DEVICE,1647590921091,1647590921427,4,1647590921427,797,79,0,0,32381,0
DEVICE,1647590921122,1647590921458,4,1647590921458,767,76,0,0,32381,0
DEVICE,1647590921155,1647590921491,4,1647590921491,774,77,0,0,32381,0
DEVICE,1647590921187,1647590921523,4,1647590921523,799,79,0,0,32381,0
DEVICE,1647590921219,1647590921555,4,1647590921555,799,79,0,0,32381,0
DEVICE,1647590921251,1647590921587,4,1647590921587,810,81,0,0,32381,0
DEVICE,1647590921282,1647590921618,4,1647590921618,784,78,0,0,32381,0
DEVICE,1647590921315,1647590921651,4,1647590921651,796,79,0,0,32381,0
DEVICE,1647590921346,1647590921682,4,1647590921682,814,81,0,0,32381,0
DEVICE,1647590921379,1647590921715,4,1647590921715,802,80,0,0,32381,0
DEVICE,1647590921411,1647590921747,4,1647590921747,806,80,0,0,32381,0
DEVICE,1647590921443,1647590921779,4,1647590921779,807,80,0,0,32381,0
DEVICE,1647590921474,1647590921810,4,1647590921810,805,80,0,0,32381,0
DEVICE,1647590921507,1647590921843,4,1647590921843,790,79,0,0,32381,0
DEVICE,1647590921539,1647590921875,4,1647590921875,778,77,0,0,32381,0
DEVICE,1647590921570,1647590921906,4,1647590921906,800,80,0,0,32381,0
DEVICE,1647590921603,1647590921939,4,1647590921939,804,80,0,0,32381,0
DEVICE,1647590921635,1647590921971,4,1647590921971,797,79,0,0,32381,0
DEVICE,1647590921667,1647590922003,4,1647590922003,791,79,0,0,32381,0
DEVICE,1647590921698,1647590922034,4,1647590922034,790,79,0,0,32381,0
DEVICE,1647590921730,1647590922066,4,1647590922066,796,79,0,0,32381,0
DEVICE,1647590921762,1647590922098,4,1647590922098,795,79,0,0,32381,0
DEVICE,1647590921795,1647590922131,4,1647590922131,813,81,0,0,32381,0
DEVICE,1647590921827,1647590922163,4,1647590922163,808,80,0,0,32381,0
DEVICE,1647590921859,1647590922195,4,1647590922195,797,79,0,0,32381,0
DEVICE,1647590921890,1647590922226,4,1647590922226,788,78,0,0,32393,0
DEVICE,1647590921922,1647590922258,4,1647590922258,793,79,0,0,32393,0
DEVICE,1647590921954,1647590922290,4,1647590922290,794,79,0,0,32393,0
DEVICE,1647590921987,1647590922323,4,1647590922323,791,79,0,0,32393,0
DEVICE,1647590922019,1647590922355,4,1647590922355,788,78,0,0,32393,0
DEVICE,1647590922050,1647590922386,4,1647590922386,795,79,0,0,32393,0
DEVICE,1647590922082,1647590922418,4,1647590922418,802,80,0,0,32393,0
DEVICE,1647590922114,1647590922450,4,1647590922450,786,78,0,0,32393,0
DEVICE,1647590922146,1647590922482,4,1647590922482,803,80,0,0,32393,0
DEVICE,1647590922178,1647590922514,4,1647590922514,797,79,0,0,32393,0
DEVICE,1647590922210,1647590922546,4,1647590922546,790,79,0,0,32393,0
DEVICE,1647590922242,1647590922578,4,1647590922578,796,79,0,0,32393,0
DEVICE,1647590922274,1647590922610,4,1647590922610,779,77,0,0,32393,0
DEVICE,1647590922306,1647590922642,4,1647590922642,808,80,0,0,32393,0
DEVICE,1647590922338,1647590922674,4,1647590922674,813,81,0,0,32393,0
DEVICE,1647590922370,1647590922706,4,1647590922706,782,78,0,0,32393,0
DEVICE,1647590922402,1647590922738,4,1647590922738,795,79,0,0,32393,0
DEVICE,1647590922434,1647590922770,4,1647590922770,799,79,0,0,32393,0
DEVICE,1647590922465,1647590922801,4,1647590922801,784,78,0,0,32393,0
DEVICE,1647590922498,1647590922834,4,1647590922834,796,79,0,0,32393,0
DEVICE,1647590922529,1647590922865,4,1647590922865,803,80,0,0,32393,0
DEVICE,1647590922562,1647590922898,4,1647590922898,799,79,0,0,32393,0
DEVICE,1647590922594,1647590922930,4,1647590922930,787,78,0,0,32393,0
DEVICE,1647590922626,1647590922962,4,1647590922962,795,79,0,0,32393,0
DEVICE,1647590922657,1647590922993,4,1647590922993,802,80,0,0,32393,0
DEVICE,1647590922675,1647590923011,4,1647590923011,791,79,0,0,32393,0
DEVICE,1647590922722,1647590923058,4,1647590923058,799,79,0,0,32393,0
DEVICE,1647590922738,1647590923074,4,1647590923074,789,78,0,0,32393,0
DEVICE,1647590922770,1647590923106,4,1647590923106,814,81,0,0,32393,0
DEVICE,1647590922802,1647590923138,4,1647590923138,807,80,0,0,32393,0
DEVICE,1647590922834,1647590923170,4,1647590923170,789,78,0,0,32393,0
DEVICE,1647590922882,1647590923218,4,1647590923218,805,80,0,0,32312,0
DEVICE,1647590922898,1647590923234,4,1647590923234,799,79,0,0,32312,0
DEVICE,1647590922930,1647590923266,4,1647590923266,793,79,0,0,32312,0
DEVICE,1647590922962,1647590923298,4,1647590923298,789,78,0,0,32312,0
DEVICE,1647590922994,1647590923330,4,1647590923330,795,79,0,0,32312,0
DEVICE,1647590923026,1647590923362,4,1647590923362,794,79,0,0,32312,0
DEVICE,1647590923058,1647590923394,4,1647590923394,776,77,0,0,32312,0
DEVICE,1647590923089,1647590923425,4,1647590923425,762,76,0,0,32312,0
DEVICE,1647590923122,1647590923458,4,1647590923458,762,76,0,0,32312,0
DEVICE,1647590923154,1647590923490,4,1647590923490,742,74,0,0,32312,0
DEVICE,1647590923186,1647590923522,4,1647590923522,722,72,5,0,32312,0
DEVICE,1647590923217,1647590923553,4,1647590923553,697,69,5,0,32312,0
DEVICE,1647590923249,1647590923585,4,1647590923585,677,67,5,0,32312,0
DEVICE,1647590923282,1647590923618,4,1647590923618,648,64,5,1,32312,0
DEVICE,1647590923314,1647590923650,4,1647590923650,621,62,5,1,32312,1012
DEVICE,1647590923346,1647590923682,4,1647590923682,603,60,5,1,32312,1012
DEVICE,1647590923378,1647590923714,4,1647590923714,569,56,5,1,32312,1012
DEVICE,1647590923409,1647590923745,4,1647590923745,546,54,5,1,32312,1012
DEVICE,1647590923441,1647590923777,4,1647590923777,516,51,5,1,32312,1102
DEVICE,1647590923474,1647590923810,4,1647590923810,500,50,5,1,32312,1279
DEVICE,1647590923506,1647590923842,4,1647590923842,485,48,10,1,32312,1535
DEVICE,1647590923538,1647590923874,4,1647590923874,463,46,10,1,32312,1762
DEVICE,1647590923570,1647590923906,4,1647590923906,452,45,10,1,32312,1943
DEVICE,1647590923601,1647590923937,4,1647590923937,445,44,10,1,32312,2075
DEVICE,1647590923633,1647590923969,4,1647590923969,440,44,10,1,32312,2166
DEVICE,1647590923665,1647590924001,4,1647590924001,432,43,10,1,32312,2229
DEVICE,1647590923697,1647590924033,4,1647590924033,431,43,10,1,32312,2268
DEVICE,1647590923729,1647590924065,4,1647590924065,418,41,10,1,32312,2293
DEVICE,1647590923761,1647590924097,4,1647590924097,414,41,10,1,32312,2312
DEVICE,1647590923793,1647590924129,4,1647590924129,415,41,10,1,32312,2329
DEVICE,1647590923825,1647590924161,4,1647590924161,409,40,10,1,32312,2341
DEVICE,1647590923857,1647590924193,4,1647590924193,402,40,10,1,32312,2347
DEVICE,1647590923890,1647590924226,4,1647590924226,393,39,10,1,32312,2350
DEVICE,1647590923921,1647590924257,4,1647590924257,388,38,10,1,32312,2350
DEVICE,1647590923953,1647590924289,4,1647590924289,384,38,10,1,32312,2354
DEVICE,1647590923985,1647590924321,4,1647590924321,381,38,10,1,32312,2364
DEVICE,1647590924018,1647590924354,4,1647590924354,377,37,10,1,32312,2379
DEVICE,1647590924049,1647590924385,4,1647590924385,369,36,10,1,32312,2393
DEVICE,1647590924081,1647590924417,4,1647590924417,368,36,10,1,32312,2406
DEVICE,1647590924114,1647590924450,4,1647590924450,367,36,10,1,32312,2422
DEVICE,1647590924145,1647590924481,4,1647590924481,367,36,10,1,32312,2450
DEVICE,1647590924178,1647590924514,4,1647590924514,364,36,10,1,32312,2487
DEVICE,1647590924209,1647590924545,4,1647590924545,363,36,15,1,32312,2527
DEVICE,1647590924242,1647590924578,4,1647590924578,362,36,15,1,32312,2560
DEVICE,1647590924274,1647590924610,4,1647590924610,363,36,15,1,32312,2585
DEVICE,1647590924305,1647590924641,4,1647590924641,358,35,15,1,32312,2604
DEVICE,1647590924338,1647590924674,4,1647590924674,360,36,15,1,32312,2616
DEVICE,1647590924369,1647590924705,4,1647590924705,360,36,15,1,32312,2622
DEVICE,1647590924401,1647590924737,4,1647590924737,363,36,15,1,32312,2625
DEVICE,1647590924434,1647590924770,4,1647590924770,358,35,15,1,32312,2625
DEVICE,1647590924465,1647590924801,4,1647590924801,363,36,15,1,32312,2625
DEVICE,1647590924497,1647590924833,4,1647590924833,366,36,15,1,32312,2625
DEVICE,1647590924529,1647590924865,4,1647590924865,370,37,15,1,32312,2625
DEVICE,1647590924562,1647590924898,4,1647590924898,373,37,15,1,32312,2622
DEVICE,1647590924593,1647590924929,4,1647590924929,381,38,15,1,32312,2618
DEVICE,1647590924625,1647590924961,4,1647590924961,388,38,15,1,32312,2614
DEVICE,1647590924657,1647590924993,4,1647590924993,392,39,15,1,32312,2610
DEVICE,1647590924689,1647590925025,4,1647590925025,401,40,15,1,32312,2606
DEVICE,1647590924721,1647590925057,4,1647590925057,409,40,15,1,32312,2602
DEVICE,1647590924753,1647590925089,4,1647590925089,414,41,15,1,32312,2597
DEVICE,1647590924785,1647590925121,4,1647590925121,426,42,15,1,32312,2591
DEVICE,1647590924817,1647590925153,4,1647590925153,432,43,15,1,32312,2581
DEVICE,1647590924849,1647590925185,4,1647590925185,438,43,15,1,32312,2568
DEVICE,1647590924881,1647590925217,4,1647590925217,435,43,15,1,32312,2558
DEVICE,1647590924913,1647590925249,4,1647590925249,440,44,15,1,32312,2552
DEVICE,1647590924945,1647590925281,4,1647590925281,441,44,15,1,32312,2547
DEVICE,1647590924977,1647590925313,4,1647590925313,436,43,15,1,32312,2545
DEVICE,1647590925009,1647590925345,4,1647590925345,432,43,15,1,32312,2541
DEVICE,1647590925041,1647590925377,4,1647590925377,422,42,15,1,32312,2539
DEVICE,1647590925074,1647590925410,4,1647590925410,422,42,15,1,32312,2535
DEVICE,1647590925105,1647590925441,4,1647590925441,408,40,15,1,32312,2531
DEVICE,1647590925137,1647590925473,4,1647590925473,400,40,15,1,32312,2527
DEVICE,1647590925169,1647590925505,4,1647590925505,392,39,15,1,32312,2525
DEVICE,1647590925201,1647590925537,4,1647590925537,385,38,15,1,32312,2525
DEVICE,1647590925233,1647590925569,4,1647590925569,376,37,15,1,32312,2520
DEVICE,1647590925265,1647590925601,4,1647590925601,370,37,15,1,32312,2512
DEVICE,1647590925297,1647590925633,4,1647590925633,370,37,15,1,32312,2502
DEVICE,1647590925329,1647590925665,4,1647590925665,366,36,10,1,32312,2493
DEVICE,1647590925361,1647590925697,4,1647590925697,366,36,10,1,32312,2489
DEVICE,1647590925393,1647590925729,4,1647590925729,362,36,10,1,32312,2487
DEVICE,1647590925425,1647590925761,4,1647590925761,365,36,10,1,32312,2487
DEVICE,1647590925457,1647590925793,4,1647590925793,365,36,10,1,32312,2487
DEVICE,1647590925488,1647590925824,4,1647590925824,366,36,10,1,32312,2487
DEVICE,1647590925520,1647590925856,4,1647590925856,363,36,10,1,32312,2487
DEVICE,1647590925553,1647590925889,4,1647590925889,362,36,10,1,32312,2491
DEVICE,1647590925585,1647590925921,4,1647590925921,360,36,15,1,32312,2502
DEVICE,1647590925617,1647590925953,4,1647590925953,362,36,15,1,32312,2516
DEVICE,1647590925649,1647590925985,4,1647590925985,365,36,15,1,32312,2531
DEVICE,1647590925680,1647590926016,4,1647590926016,366,36,15,1,32312,2541
DEVICE,1647590925713,1647590926049,4,1647590926049,367,36,15,1,32312,2552
DEVICE,1647590925745,1647590926081,4,1647590926081,373,37,15,1,32312,2564
DEVICE,1647590925777,1647590926113,4,1647590926113,374,37,15,1,32312,2577
DEVICE,1647590925808,1647590926144,4,1647590926144,383,38,15,1,32312,2585
DEVICE,1647590925841,1647590926177,4,1647590926177,384,38,15,1,32312,2587
DEVICE,1647590925874,1647590926210,4,1647590926210,388,38,15,1,32312,2587
DEVICE,1647590925905,1647590926241,4,1647590926241,391,39,15,1,32312,2587
DEVICE,1647590925937,1647590926273,4,1647590926273,397,39,15,1,32312,2587
DEVICE,1647590925969,1647590926305,4,1647590926305,408,40,15,1,32312,2587
DEVICE,1647590926000,1647590926336,4,1647590926336,411,41,15,1,32312,2585
DEVICE,1647590926032,1647590926368,4,1647590926368,415,41,15,1,32312,2581
DEVICE,1647590926064,1647590926400,4,1647590926400,419,41,15,1,32312,2577
DEVICE,1647590926097,1647590926433,4,1647590926433,418,41,15,1,32312,2572
DEVICE,1647590926128,1647590926464,4,1647590926464,431,43,15,1,32312,2566
DEVICE,1647590926161,1647590926497,4,1647590926497,425,42,15,1,32312,2556
DEVICE,1647590926192,1647590926528,4,1647590926528,420,42,15,1,32312,2545
DEVICE,1647590926225,1647590926561,4,1647590926561,422,42,15,1,32312,2539
DEVICE,1647590926256,1647590926592,4,1647590926592,424,42,15,1,32312,2537
DEVICE,1647590926289,1647590926625,4,1647590926625,414,41,15,1,32312,2537
DEVICE,1647590926320,1647590926656,4,1647590926656,409,40,15,1,32312,2537
DEVICE,1647590926352,1647590926688,4,1647590926688,401,40,15,1,32312,2537
DEVICE,1647590926384,1647590926720,4,1647590926720,397,39,15,1,32312,2537
DEVICE,1647590926416,1647590926752,4,1647590926752,387,38,15,1,32312,2535
DEVICE,1647590926448,1647590926784,4,1647590926784,380,38,15,1,32312,2531
DEVICE,1647590926480,1647590926816,4,1647590926816,373,37,15,1,32312,2527
DEVICE,1647590926513,1647590926849,4,1647590926849,367,36,15,1,32312,2525
DEVICE,1647590926544,1647590926880,4,1647590926880,366,36,15,1,32312,2522
DEVICE,1647590926576,1647590926912,4,1647590926912,366,36,15,1,32312,2518
DEVICE,1647590926609,1647590926945,4,1647590926945,362,36,15,1,32312,2514
DEVICE,1647590926640,1647590926976,4,1647590926976,358,35,15,1,32312,2510
DEVICE,1647590926673,1647590927009,4,1647590927009,357,35,15,1,32312,2508
DEVICE,1647590926704,1647590927040,4,1647590927040,355,35,15,1,32312,2506
DEVICE,1647590926736,1647590927072,4,1647590927072,356,35,15,1,32312,2506
DEVICE,1647590926768,1647590927104,4,1647590927104,353,35,15,1,32312,2508
DEVICE,1647590926800,1647590927136,4,1647590927136,355,35,15,1,32312,2510
DEVICE,1647590926832,1647590927168,4,1647590927168,347,34,15,1,32312,2512
DEVICE,1647590926864,1647590927200,4,1647590927200,343,34,15,1,32312,2514
DEVICE,1647590926895,1647590927231,4,1647590927231,349,34,15,1,32312,2518
DEVICE,1647590926928,1647590927264,4,1647590927264,342,34,15,1,32312,2522
DEVICE,1647590926960,1647590927296,4,1647590927296,345,34,15,1,32312,2525
DEVICE,1647590926991,1647590927327,4,1647590927327,346,34,15,1,32312,2525
DEVICE,1647590927024,1647590927360,4,1647590927360,340,34,15,1,32312,2525
DEVICE,1647590927056,1647590927392,4,1647590927392,348,34,15,1,32312,2525
DEVICE,1647590927088,1647590927424,4,1647590927424,349,34,15,1,32312,2522
DEVICE,1647590927120,1647590927456,4,1647590927456,346,34,15,1,32312,2518
DEVICE,1647590927136,1647590927472,4,1647590927472,352,35,15,1,32312,2514
DEVICE,1647590927168,1647590927504,4,1647590927504,358,35,15,1,32312,2512
DEVICE,1647590927199,1647590927535,4,1647590927535,363,36,15,1,32312,2510
DEVICE,1647590927232,1647590927568,4,1647590927568,367,36,15,1,32312,2508
DEVICE,1647590927264,1647590927600,4,1647590927600,369,36,15,1,32312,2504
DEVICE,1647590927296,1647590927632,4,1647590927632,372,37,15,1,32312,2502
DEVICE,1647590927328,1647590927664,4,1647590927664,371,37,15,1,32312,2500
DEVICE,1647590927360,1647590927696,4,1647590927696,369,36,15,1,32312,2500
DEVICE,1647590927392,1647590927728,4,1647590927728,371,37,15,1,32312,2500
DEVICE,1647590927424,1647590927760,4,1647590927760,373,37,10,1,32312,2497
DEVICE,1647590927456,1647590927792,4,1647590927792,363,36,10,1,32312,2491
DEVICE,1647590927488,1647590927824,4,1647590927824,365,36,10,1,32312,2483
DEVICE,1647590927520,1647590927856,4,1647590927856,362,36,10,1,32312,2475
DEVICE,1647590927552,1647590927888,4,1647590927888,360,36,10,1,32312,2464
DEVICE,1647590927584,1647590927920,4,1647590927920,353,35,10,1,32312,2452
DEVICE,1647590927616,1647590927952,4,1647590927952,353,35,10,1,32312,2439
DEVICE,1647590927648,1647590927984,4,1647590927984,349,34,10,1,32312,2431
DEVICE,1647590927680,1647590928016,4,1647590928016,342,34,10,1,32312,2425
DEVICE,1647590927712,1647590928048,4,1647590928048,338,33,10,1,32312,2418
DEVICE,1647590927744,1647590928080,4,1647590928080,337,33,10,1,32312,2414
DEVICE,1647590927776,1647590928112,4,1647590928112,339,33,10,1,32312,2412
DEVICE,1647590927807,1647590928143,4,1647590928143,337,33,10,1,32312,2412
DEVICE,1647590927839,1647590928175,4,1647590928175,335,33,10,1,32312,2412
DEVICE,1647590927872,1647590928208,4,1647590928208,337,33,10,1,32312,2410
DEVICE,1647590927904,1647590928240,4,1647590928240,332,33,10,1,32312,2408
DEVICE,1647590927935,1647590928271,4,1647590928271,337,33,10,1,32312,2406
DEVICE,1647590927967,1647590928303,4,1647590928303,338,33,10,1,32312,2406
DEVICE,1647590927999,1647590928335,4,1647590928335,342,34,10,1,32312,2408
DEVICE,1647590928031,1647590928367,4,1647590928367,345,34,10,1,32312,2410
DEVICE,1647590928063,1647590928399,4,1647590928399,347,34,10,1,32312,2414
DEVICE,1647590928096,1647590928432,4,1647590928432,354,35,10,1,32312,2418
DEVICE,1647590928128,1647590928464,4,1647590928464,365,36,10,1,32312,2425
DEVICE,1647590928160,1647590928496,4,1647590928496,371,37,10,1,32312,2433
DEVICE,1647590928192,1647590928528,4,1647590928528,366,36,10,1,32312,2443
DEVICE,1647590928224,1647590928560,4,1647590928560,386,38,10,1,32312,2456
DEVICE,1647590928256,1647590928592,4,1647590928592,391,39,10,1,32312,2468
DEVICE,1647590928287,1647590928623,4,1647590928623,390,39,10,1,32312,2483
DEVICE,1647590928319,1647590928655,4,1647590928655,397,39,15,1,32312,2502
DEVICE,1647590928352,1647590928688,4,1647590928688,398,39,15,1,32312,2522
DEVICE,1647590928383,1647590928719,4,1647590928719,393,39,15,1,32312,2539
DEVICE,1647590928416,1647590928752,4,1647590928752,394,39,15,1,32312,2547
DEVICE,1647590928448,1647590928784,4,1647590928784,392,39,15,1,32312,2550
DEVICE,1647590928480,1647590928816,4,1647590928816,385,38,15,1,32312,2550
DEVICE,1647590928511,1647590928847,4,1647590928847,380,38,15,1,32312,2550
DEVICE,1647590928543,1647590928879,4,1647590928879,377,37,15,1,32312,2550
DEVICE,1647590928575,1647590928911,4,1647590928911,365,36,15,1,32312,2550
DEVICE,1647590928608,1647590928944,4,1647590928944,361,36,15,1,32312,2543
DEVICE,1647590928639,1647590928975,4,1647590928975,353,35,15,1,32312,2529
DEVICE,1647590928672,1647590929008,4,1647590929008,346,34,15,1,32312,2510
DEVICE,1647590928703,1647590929039,4,1647590929039,344,34,10,1,32312,2495
DEVICE,1647590928735,1647590929071,4,1647590929071,342,34,10,1,32312,2489
DEVICE,1647590928767,1647590929103,4,1647590929103,341,34,10,1,32312,2487
DEVICE,1647590928799,1647590929135,4,1647590929135,337,33,10,1,32312,2487
DEVICE,1647590928832,1647590929168,4,1647590929168,337,33,10,1,32312,2489
DEVICE,1647590928863,1647590929199,4,1647590929199,337,33,10,1,32312,2493
DEVICE,1647590928895,1647590929231,4,1647590929231,335,33,10,1,32312,2497
DEVICE,1647590928927,1647590929263,4,1647590929263,334,33,15,1,32312,2502
DEVICE,1647590928959,1647590929295,4,1647590929295,332,33,15,1,32312,2508
DEVICE,1647590928991,1647590929327,4,1647590929327,333,33,15,1,32312,2516
DEVICE,1647590929023,1647590929359,4,1647590929359,333,33,15,1,32312,2522
DEVICE,1647590929055,1647590929391,4,1647590929391,334,33,15,1,32312,2529
DEVICE,1647590929087,1647590929423,4,1647590929423,330,33,15,1,32312,2541
DEVICE,1647590929120,1647590929456,4,1647590929456,324,32,15,1,32312,2558
DEVICE,1647590929151,1647590929487,4,1647590929487,330,33,15,1,32312,2570
DEVICE,1647590929183,1647590929519,4,1647590929519,329,32,15,1,32312,2575
DEVICE,1647590929215,1647590929551,4,1647590929551,322,32,15,1,32312,2575
DEVICE,1647590929247,1647590929583,4,1647590929583,318,31,15,1,32312,2575
DEVICE,1647590929279,1647590929615,4,1647590929615,321,32,15,1,32312,2575
DEVICE,1647590929311,1647590929647,4,1647590929647,319,31,15,1,32312,2572
DEVICE,1647590929343,1647590929679,4,1647590929679,320,32,15,1,32312,2566
DEVICE,1647590929375,1647590929711,4,1647590929711,322,32,15,1,32312,2560
DEVICE,1647590929407,1647590929743,4,1647590929743,326,32,15,1,32312,2556
DEVICE,1647590929439,1647590929775,4,1647590929775,322,32,15,1,32312,2556
DEVICE,1647590929471,1647590929807,4,1647590929807,324,32,15,1,32312,2556
DEVICE,1647590929503,1647590929839,4,1647590929839,320,32,15,1,32312,2556
DEVICE,1647590929535,1647590929871,4,1647590929871,323,32,15,1,32312,2556
DEVICE,1647590929567,1647590929903,4,1647590929903,324,32,15,1,32312,2556
DEVICE,1647590929599,1647590929935,4,1647590929935,320,32,15,1,32312,2556
DEVICE,1647590929630,1647590929966,4,1647590929966,320,32,15,1,32312,2556
DEVICE,1647590929663,1647590929999,4,1647590929999,321,32,15,1,32312,2556
DEVICE,1647590929695,1647590930031,4,1647590930031,325,32,15,1,32312,2554
DEVICE,1647590929727,1647590930063,4,1647590930063,319,31,15,1,32312,2552
DEVICE,1647590929759,1647590930095,4,1647590930095,322,32,15,1,32312,2550
DEVICE,1647590929791,1647590930127,4,1647590930127,325,32,15,1,32312,2550
DEVICE,1647590929823,1647590930159,4,1647590930159,320,32,15,1,32312,2552
DEVICE,1647590929854,1647590930190,4,1647590930190,321,32,15,1,32312,2554
DEVICE,1647590929887,1647590930223,4,1647590930223,319,31,15,1,32312,2564
DEVICE,1647590929919,1647590930255,4,1647590930255,321,32,15,1,32312,2585
DEVICE,1647590929950,1647590930286,4,1647590930286,321,32,15,1,32312,2620
DEVICE,1647590929983,1647590930319,4,1647590930319,323,32,15,1,32312,2662
DEVICE,1647590930014,1647590930350,4,1647590930350,325,32,15,1,32312,2706
DEVICE,1647590930047,1647590930383,4,1647590930383,319,31,15,1,32312,2750
DEVICE,1647590930078,1647590930414,4,1647590930414,322,32,15,1,32312,2785
DEVICE,1647590930110,1647590930446,4,1647590930446,320,32,15,1,32312,2806
DEVICE,1647590930143,1647590930479,4,1647590930479,319,31,15,1,32312,2812
DEVICE,1647590930175,1647590930511,4,1647590930511,319,31,15,1,32312,2812
DEVICE,1647590930207,1647590930543,4,1647590930543,323,32,15,1,32312,2812
DEVICE,1647590930240,1647590930576,4,1647590930576,321,32,15,1,32312,2808
DEVICE,1647590930271,1647590930607,4,1647590930607,323,32,15,1,32312,2797
DEVICE,1647590930303,1647590930639,4,1647590930639,319,31,15,1,32312,2781
DEVICE,1647590930334,1647590930670,4,1647590930670,322,32,15,1,32312,2762
DEVICE,1647590930366,1647590930702,4,1647590930702,323,32,15,1,32312,2745
DEVICE,1647590930398,1647590930734,4,1647590930734,321,32,15,1,32312,2729
DEVICE,1647590930430,1647590930766,4,1647590930766,326,32,15,1,32312,2712
DEVICE,1647590930463,1647590930799,4,1647590930799,323,32,15,1,32312,2695
DEVICE,1647590930495,1647590930831,4,1647590930831,321,32,15,1,32312,2683
DEVICE,1647590930526,1647590930862,4,1647590930862,319,31,15,1,32312,2675
DEVICE,1647590930558,1647590930894,4,1647590930894,321,32,15,1,32312,2666
DEVICE,1647590930591,1647590930927,4,1647590930927,323,32,15,1,32312,2656
DEVICE,1647590930622,1647590930958,4,1647590930958,322,32,15,1,32312,2645
DEVICE,1647590930655,1647590930991,4,1647590930991,319,31,15,1,32312,2635
DEVICE,1647590930686,1647590931022,4,1647590931022,323,32,15,1,32312,2622
DEVICE,1647590930718,1647590931054,4,1647590931054,320,32,15,1,32312,2610
DEVICE,1647590930750,1647590931086,4,1647590931086,322,32,15,1,32312,2600
DEVICE,1647590930767,1647590931103,4,1647590931103,323,32,15,1,32312,2593
DEVICE,1647590930798,1647590931134,4,1647590931134,322,32,15,1,32312,2587
DEVICE,1647590930830,1647590931166,4,1647590931166,320,32,15,1,32312,2581
DEVICE,1647590930862,1647590931198,4,1647590931198,320,32,15,1,32312,2577
DEVICE,1647590930894,1647590931230,4,1647590931230,324,32,15,1,32312,2575
DEVICE,1647590930926,1647590931262,4,1647590931262,325,32,15,1,32312,2575
DEVICE,1647590930958,1647590931294,4,1647590931294,320,32,15,1,32312,2575
DEVICE,1647590930991,1647590931327,4,1647590931327,322,32,15,1,32312,2572
DEVICE,1647590931023,1647590931359,4,1647590931359,318,31,15,1,32312,2570
DEVICE,1647590931054,1647590931390,4,1647590931390,321,32,15,1,32312,2568
DEVICE,1647590931086,1647590931422,4,1647590931422,323,32,15,1,32312,2568
DEVICE,1647590931118,1647590931454,4,1647590931454,322,32,15,1,32312,2568
DEVICE,1647590931150,1647590931486,4,1647590931486,317,31,15,1,32312,2568
DEVICE,1647590931182,1647590931518,4,1647590931518,318,31,15,1,32312,2566
DEVICE,1647590931214,1647590931550,4,1647590931550,318,31,15,1,32312,2562
DEVICE,1647590931246,1647590931582,4,1647590931582,321,32,15,1,32312,2556
DEVICE,1647590931278,1647590931614,4,1647590931614,322,32,15,1,32312,2552
DEVICE,1647590931310,1647590931646,4,1647590931646,322,32,15,1,32312,2550
DEVICE,1647590931342,1647590931678,4,1647590931678,322,32,15,1,32312,2550
DEVICE,1647590931374,1647590931710,4,1647590931710,321,32,15,1,32312,2550
DEVICE,1647590931407,1647590931743,4,1647590931743,322,32,15,1,32312,2550
DEVICE,1647590931438,1647590931774,4,1647590931774,321,32,15,1,32312,2547
DEVICE,1647590931470,1647590931806,4,1647590931806,318,31,15,1,32312,2543
DEVICE,1647590931502,1647590931838,4,1647590931838,322,32,15,1,32312,2539
DEVICE,1647590931535,1647590931871,4,1647590931871,321,32,15,1,32312,2537
DEVICE,1647590931566,1647590931902,4,1647590931902,322,32,15,1,32312,2537
DEVICE,1647590931598,1647590931934,4,1647590931934,322,32,15,1,32312,2537
DEVICE,1647590931629,1647590931965,4,1647590931965,320,32,15,1,32312,2537
DEVICE,1647590931662,1647590931998,4,1647590931998,322,32,15,1,32312,2537
DEVICE,1647590931694,1647590932030,4,1647590932030,319,31,15,1,32312,2539
DEVICE,1647590931726,1647590932062,4,1647590932062,316,31,15,1,32312,2545
DEVICE,1647590931758,1647590932094,4,1647590932094,321,32,15,1,32312,2554
DEVICE,1647590931790,1647590932126,4,1647590932126,320,32,15,1,32312,2564
DEVICE,1647590931822,1647590932158,4,1647590932158,321,32,15,1,32312,2572
DEVICE,1647590931854,1647590932190,4,1647590932190,322,32,15,1,32312,2579
DEVICE,1647590931886,1647590932222,4,1647590932222,320,32,15,1,32312,2581
DEVICE,1647590931918,1647590932254,4,1647590932254,321,32,15,1,32312,2581
DEVICE,1647590931950,1647590932286,4,1647590932286,319,31,15,1,32312,2581
DEVICE,1647590931982,1647590932318,4,1647590932318,319,31,15,1,32312,2579
DEVICE,1647590932014,1647590932350,4,1647590932350,320,32,15,1,32312,2575
DEVICE,1647590932046,1647590932382,4,1647590932382,321,32,15,1,32312,2566
DEVICE,1647590932078,1647590932414,4,1647590932414,317,31,15,1,32312,2552
DEVICE,1647590932110,1647590932446,4,1647590932446,322,32,15,1,32312,2533
DEVICE,1647590932143,1647590932479,4,1647590932479,321,32,15,1,32312,2516
DEVICE,1647590932174,1647590932510,4,1647590932510,316,31,15,1,32312,2506
DEVICE,1647590932206,1647590932542,4,1647590932542,318,31,15,1,32312,2502
DEVICE,1647590932237,1647590932573,4,1647590932573,318,31,10,1,32312,2497
DEVICE,1647590932270,1647590932606,4,1647590932606,319,31,10,1,32312,2493
DEVICE,1647590932302,1647590932638,4,1647590932638,324,32,10,1,32312,2489
DEVICE,1647590932333,1647590932669,4,1647590932669,320,32,10,1,32312,2487
DEVICE,1647590932365,1647590932701,4,1647590932701,321,32,10,1,32312,2487
DEVICE,1647590932398,1647590932734,4,1647590932734,320,32,10,1,32312,2485
DEVICE,1647590932430,1647590932766,4,1647590932766,319,31,10,1,32312,2483
DEVICE,1647590932462,1647590932798,4,1647590932798,323,32,10,1,32312,2481
DEVICE,1647590932493,1647590932829,4,1647590932829,320,32,10,1,32312,2481
DEVICE,1647590932526,1647590932862,4,1647590932862,319,31,10,1,32312,2481
DEVICE,1647590932557,1647590932893,4,1647590932893,323,32,10,1,32312,2483
DEVICE,1647590932590,1647590932926,4,1647590932926,320,32,10,1,32312,2485
DEVICE,1647590932621,1647590932957,4,1647590932957,322,32,10,1,32312,2493
DEVICE,1647590932653,1647590932989,4,1647590932989,318,31,15,1,32312,2508
DEVICE,1647590932685,1647590933021,4,1647590933021,319,31,15,1,32312,2527
DEVICE,1647590932717,1647590933053,4,1647590933053,319,31,15,1,32312,2543
DEVICE,1647590932749,1647590933085,4,1647590933085,318,31,15,1,32312,2554
DEVICE,1647590932782,1647590933118,4,1647590933118,321,32,15,1,32312,2560
DEVICE,1647590932813,1647590933149,4,1647590933149,320,32,15,1,32312,2562
DEVICE,1647590932845,1647590933181,4,1647590933181,319,31,15,1,32312,2562
DEVICE,1647590932878,1647590933214,4,1647590933214,323,32,15,1,32312,2562
DEVICE,1647590932909,1647590933245,4,1647590933245,321,32,15,1,32312,2560
DEVICE,1647590932941,1647590933277,4,1647590933277,319,31,15,1,32312,2554
DEVICE,1647590932973,1647590933309,4,1647590933309,318,31,15,1,32312,2545
DEVICE,1647590933006,1647590933342,4,1647590933342,322,32,15,1,32312,2539
DEVICE,1647590933038,1647590933374,4,1647590933374,320,32,15,1,32312,2537
